0, 0.274194,-0.252324,-0.128386,0,0,0,0;
0.01, 0.274212,-0.252281,-0.128386,0,0,0,0;
0.02, 0.274337,-0.229131,-0.128153,0,0,0,0;
0.03, 0.274635,-0.206112,-0.127488,0,0,0,0;
0.04, 0.275401,-0.186289,-0.126597,0,0,0,0;
0.05, 0.276584,-0.170102,-0.125658,0,0,0,0;
0.06, 0.278426,-0.157527,-0.124785,0,0,0,0;
0.07, 0.279985,-0.148444,-0.124074,0,0,0,0;
0.08, 0.281985,-0.142412,-0.123526,0,0,0,0;
0.09, 0.283974,-0.139007,-0.123146,0,0,0,0;
0.1, 0.285978,-0.137858,-0.122915,0,0,0,0;
0.11, 0.287884,-0.138627,-0.122812,0,0,0,0;
0.12, 0.289635,-0.140983,-0.122809,0,0,0,0;
0.13, 0.291223,-0.144682,-0.122879,0,0,0,0;
0.14, 0.292505,-0.149518,-0.123017,0,0,0,0;
0.15, 0.293572,-0.1553,-0.123187,0,0,0,0;
0.16, 0.294333,-0.161877,-0.123388,0,0,0,0;
0.17, 0.294807,-0.169101,-0.1236,0,0,0,0;
0.18, 0.295012,-0.176859,-0.12381,0,0,0,0;
0.19, 0.294992,-0.185019,-0.12399,0,0,0,0;
0.2, 0.294652,-0.193558,-0.12417,0,0,0,0;
0.21, 0.294083,-0.202333,-0.124315,0,0,0,0;
0.22, 0.293277,-0.211323,-0.124427,0,0,0,0;
0.23, 0.292245,-0.22043,-0.124514,0,0,0,0;
0.24, 0.29104,-0.229612,-0.124548,0,0,0,0;
0.25, 0.289625,-0.23892,-0.124587,0,0,0,0;
0.26, 0.288123,-0.248138,-0.124535,0,0,0,0;
0.27, 0.286497,-0.257349,-0.124478,0,0,0,0;
0.28, 0.284815,-0.266431,-0.124361,0,0,0,0;
0.29, 0.283093,-0.275463,-0.124234,0,0,0,0;
0.3, 0.281377,-0.284318,-0.124047,0,0,0,0;
0.31, 0.279692,-0.293032,-0.123825,0,0,0,0;
0.32, 0.278069,-0.301518,-0.123551,0,0,0,0;
0.33, 0.276538,-0.309796,-0.12324,0,0,0,0;
0.34, 0.275147,-0.317828,-0.122906,0,0,0,0;
0.35, 0.273898,-0.325571,-0.122526,0,0,0,0;
0.36, 0.272834,-0.333028,-0.122121,0,0,0,0;
0.37, 0.271983,-0.340176,-0.121695,0,0,0,0;
0.38, 0.27132,-0.346996,-0.121224,0,0,0,0;
0.39, 0.2709,-0.353475,-0.120735,0,0,0,0;
0.4, 0.270736,-0.359544,-0.120229,0,0,0,0;
0.41, 0.270763,-0.365201,-0.11968,0,0,0,0;
0.42, 0.271035,-0.370452,-0.119112,0,0,0,0;
0.43, 0.271527,-0.375264,-0.118517,0,0,0,0;
0.44, 0.272173,-0.379607,-0.117888,0,0,0,0;
0.45, 0.273043,-0.383346,-0.117269,0,0,0,0;
0.46, 0.27404,-0.386639,-0.116613,0,0,0,0;
0.47, 0.275192,-0.389337,-0.115951,0,0,0,0;
0.48, 0.276366,-0.391428,-0.115286,0,0,0,0;
0.49, 0.277562,-0.392977,-0.114602,0,0,0,0;
0.5, 0.278752,-0.393877,-0.113914,0,0,0,0;
0.51, 0.279852,-0.394254,-0.113211,0,0,0,0;
0.52, 0.28083,-0.394013,-0.112503,0,0,0,0;
0.53, 0.281648,-0.393147,-0.111773,0,0,0,0;
0.54, 0.28223,-0.391822,-0.111056,0,0,0,0;
0.55, 0.282568,-0.389823,-0.110299,0,0,0,0;
0.56, 0.282599,-0.387339,-0.109548,0,0,0,0;
0.57, 0.282304,-0.384364,-0.108788,0,0,0,0;
0.58, 0.281571,-0.380827,-0.108086,0,0,0,0;
0.59, 0.280451,-0.376853,-0.10739,0,0,0,0;
0.6, 0.278963,-0.372523,-0.106685,0,0,0,0;
0.61, 0.277051,-0.367783,-0.105988,0,0,0,0;
0.62, 0.274751,-0.362731,-0.105288,0,0,0,0;
0.63, 0.271997,-0.357306,-0.104608,0,0,0,0;
0.64, 0.268813,-0.35153,-0.103909,0,0,0,0;
0.65, 0.265277,-0.345591,-0.103232,0,0,0,0;
0.66, 0.261422,-0.339567,-0.102619,0,0,0,0;
0.67, 0.257192,-0.333296,-0.101991,0,0,0,0;
0.68, 0.252646,-0.326868,-0.101355,0,0,0,0;
0.69, 0.247833,-0.32037,-0.100751,0,0,0,0;
0.7, 0.242761,-0.313781,-0.100158,0,0,0,0;
0.71, 0.237415,-0.307049,-0.09954,0,0,0,0;
0.72, 0.231947,-0.300383,-0.0989628,0,0,0,0;
0.73, 0.226287,-0.293665,-0.0984007,0,0,0,0;
0.74, 0.220533,-0.286998,-0.097882,0,0,0,0;
0.75, 0.214657,-0.280313,-0.0973685,0,0,0,0;
0.76, 0.208691,-0.273625,-0.0968597,0,0,0,0;
0.77, 0.202778,-0.267084,-0.0964049,0,0,0,0;
0.78, 0.196733,-0.260448,-0.0959132,0,0,0,0;
0.79, 0.190818,-0.253995,-0.0954866,0,0,0,0;
0.8, 0.18504,-0.2477,-0.0951145,0,0,0,0;
0.81, 0.179225,-0.241356,-0.0947197,0,0,0,0;
0.82, 0.173532,-0.235113,-0.0943533,0,0,0,0;
0.83, 0.167863,-0.228861,-0.0939699,0,0,0,0;
0.84, 0.162255,-0.222615,-0.0935961,0,0,0,0;
0.85, 0.156952,-0.2166,-0.0932812,0,0,0,0;
0.86, 0.151929,-0.210762,-0.093021,0,0,0,0;
0.87, 0.147094,-0.204997,-0.0927861,0,0,0,0;
0.88, 0.142489,-0.199338,-0.092573,0,0,0,0;
0.89, 0.138064,-0.19372,-0.0923724,0,0,0,0;
0.9, 0.13395,-0.188239,-0.0922193,0,0,0,0;
0.91, 0.129949,-0.182732,-0.0920479,0,0,0,0;
0.92, 0.126249,-0.177316,-0.0919204,0,0,0,0;
0.93, 0.122931,-0.172053,-0.0918517,0,0,0,0;
0.94, 0.11992,-0.166874,-0.091816,0,0,0,0;
0.95, 0.11726,-0.161796,-0.0918245,0,0,0,0;
0.96, 0.114939,-0.15683,-0.091865,0,0,0,0;
0.97, 0.112801,-0.151849,-0.0918936,0,0,0,0;
0.98, 0.110951,-0.14693,-0.0919403,0,0,0,0;
0.99, 0.109469,-0.142097,-0.0920303,0,0,0,0;
1, 0.108332,-0.137325,-0.0921557,0,0,0,0;
1.01, 0.107423,-0.132572,-0.0922781,0,0,0,0;
1.02, 0.106799,-0.127866,-0.0924154,0,0,0,0;
1.03, 0.106731,-0.123309,-0.0926472,0,0,0,0;
1.04, 0.106918,-0.118763,-0.0928839,0,0,0,0;
1.05, 0.107438,-0.114265,-0.0931475,0,0,0,0;
1.06, 0.108499,-0.109898,-0.0934965,0,0,0,0;
1.07, 0.109871,-0.10557,-0.0938648,0,0,0,0;
1.08, 0.111673,-0.101345,-0.094285,0,0,0,0;
1.09, 0.113935,-0.0972019,-0.0947649,0,0,0,0;
1.1, 0.116503,-0.0931189,-0.0952632,0,0,0,0;
1.11, 0.119504,-0.0891072,-0.0958122,0,0,0,0;
1.12, 0.12266,-0.0851357,-0.0963438,0,0,0,0;
1.13, 0.126178,-0.0812195,-0.096909,0,0,0,0;
1.14, 0.129956,-0.0773978,-0.0974872,0,0,0,0;
1.15, 0.134046,-0.0736755,-0.0980911,0,0,0,0;
1.16, 0.138517,-0.0701394,-0.0987435,0,0,0,0;
1.17, 0.143383,-0.0667411,-0.099443,0,0,0,0;
1.18, 0.148212,-0.0634763,-0.100101,0,0,0,0;
1.19, 0.153616,-0.0604326,-0.100851,0,0,0,0;
1.2, 0.159103,-0.0575804,-0.101591,0,0,0,0;
1.21, 0.164713,-0.0549609,-0.102336,0,0,0,0;
1.22, 0.170626,-0.0526155,-0.103123,0,0,0,0;
1.23, 0.176462,-0.050535,-0.103884,0,0,0,0;
1.24, 0.182616,-0.0488032,-0.104698,0,0,0,0;
1.25, 0.188915,-0.0474264,-0.105535,0,0,0,0;
1.26, 0.195327,-0.0464204,-0.106388,0,0,0,0;
1.27, 0.201698,-0.0458173,-0.10724,0,0,0,0;
1.28, 0.208076,-0.0456624,-0.108101,0,0,0,0;
1.29, 0.214441,-0.046001,-0.108974,0,0,0,0;
1.3, 0.220586,-0.0467959,-0.109827,0,0,0,0;
1.31, 0.226715,-0.0480933,-0.110692,0,0,0,0;
1.32, 0.232585,-0.0499255,-0.111542,0,0,0,0;
1.33, 0.238516,-0.0523077,-0.112413,0,0,0,0;
1.34, 0.244115,-0.0552077,-0.11326,0,0,0,0;
1.35, 0.2495,-0.0586891,-0.114102,0,0,0,0;
1.36, 0.254562,-0.0626747,-0.114922,0,0,0,0;
1.37, 0.259323,-0.0671986,-0.115727,0,0,0,0;
1.38, 0.263968,-0.0722254,-0.116521,0,0,0,0;
1.39, 0.268207,-0.0777432,-0.117288,0,0,0,0;
1.4, 0.272239,-0.083734,-0.118034,0,0,0,0;
1.41, 0.275788,-0.0901811,-0.118752,0,0,0,0;
1.42, 0.279025,-0.0970508,-0.119445,0,0,0,0;
1.43, 0.282044,-0.104292,-0.120102,0,0,0,0;
1.44, 0.284587,-0.111862,-0.120728,0,0,0,0;
1.45, 0.286793,-0.119774,-0.121325,0,0,0,0;
1.46, 0.288734,-0.127973,-0.12188,0,0,0,0;
1.47, 0.29036,-0.136427,-0.122396,0,0,0,0;
1.48, 0.291611,-0.14509,-0.122877,0,0,0,0;
1.49, 0.292621,-0.153917,-0.123305,0,0,0,0;
1.5, 0.293276,-0.162921,-0.1237,0,0,0,0;
1.51, 0.293696,-0.172007,-0.124037,0,0,0,0;
1.52, 0.293807,-0.181184,-0.124336,0,0,0,0;
1.53, 0.293643,-0.190404,-0.124593,0,0,0,0;
1.54, 0.29326,-0.199618,-0.124797,0,0,0,0;
1.55, 0.292626,-0.20885,-0.124969,0,0,0,0;
1.56, 0.291804,-0.218064,-0.125092,0,0,0,0;
1.57, 0.29079,-0.227216,-0.125183,0,0,0,0;
1.58, 0.289654,-0.236297,-0.125214,0,0,0,0;
1.59, 0.288387,-0.245272,-0.125209,0,0,0,0;
1.6, 0.286997,-0.254209,-0.125187,0,0,0,0;
1.61, 0.285562,-0.262964,-0.125109,0,0,0,0;
1.62, 0.284096,-0.271528,-0.124982,0,0,0,0;
1.63, 0.282614,-0.279942,-0.124838,0,0,0,0;
1.64, 0.281149,-0.28817,-0.124647,0,0,0,0;
1.65, 0.279721,-0.2962,-0.124416,0,0,0,0;
1.66, 0.278359,-0.304055,-0.124163,0,0,0,0;
1.67, 0.277089,-0.311603,-0.123867,0,0,0,0;
1.68, 0.275943,-0.318889,-0.123557,0,0,0,0;
1.69, 0.274927,-0.326002,-0.123223,0,0,0,0;
1.7, 0.274067,-0.332783,-0.122862,0,0,0,0;
1.71, 0.273375,-0.339276,-0.122478,0,0,0,0;
1.72, 0.272848,-0.345415,-0.122064,0,0,0,0;
1.73, 0.272507,-0.351208,-0.121629,0,0,0,0;
1.74, 0.272337,-0.356618,-0.12117,0,0,0,0;
1.75, 0.272331,-0.361644,-0.120687,0,0,0,0;
1.76, 0.272509,-0.366259,-0.120193,0,0,0,0;
1.77, 0.27283,-0.370452,-0.119678,0,0,0,0;
1.78, 0.273299,-0.374216,-0.119148,0,0,0,0;
1.79, 0.273893,-0.377518,-0.118603,0,0,0,0;
1.8, 0.274568,-0.380365,-0.118039,0,0,0,0;
1.81, 0.2753,-0.382677,-0.117473,0,0,0,0;
1.82, 0.276084,-0.384492,-0.116888,0,0,0,0;
1.83, 0.276837,-0.385806,-0.116295,0,0,0,0;
1.84, 0.277554,-0.386578,-0.115692,0,0,0,0;
1.85, 0.278179,-0.386816,-0.115083,0,0,0,0;
1.86, 0.278675,-0.38653,-0.114468,0,0,0,0;
1.87, 0.279009,-0.385729,-0.113843,0,0,0,0;
1.88, 0.279137,-0.384421,-0.11322,0,0,0,0;
1.89, 0.279027,-0.382615,-0.112598,0,0,0,0;
1.9, 0.278673,-0.380398,-0.111974,0,0,0,0;
1.91, 0.278031,-0.377703,-0.111343,0,0,0,0;
1.92, 0.277079,-0.374582,-0.110718,0,0,0,0;
1.93, 0.275797,-0.371044,-0.1101,0,0,0,0;
1.94, 0.274175,-0.367111,-0.109479,0,0,0,0;
1.95, 0.272229,-0.362877,-0.108879,0,0,0,0;
1.96, 0.26993,-0.358302,-0.108283,0,0,0,0;
1.97, 0.267312,-0.353464,-0.107692,0,0,0,0;
1.98, 0.264367,-0.348372,-0.107109,0,0,0,0;
1.99, 0.261118,-0.343067,-0.106539,0,0,0,0;
2, 0.257587,-0.337592,-0.105985,0,0,0,0;
2.01, 0.25372,-0.331849,-0.10541,0,0,0,0;
2.02, 0.249674,-0.326092,-0.10489,0,0,0,0;
2.03, 0.245384,-0.320193,-0.104371,0,0,0,0;
2.04, 0.240835,-0.314126,-0.103844,0,0,0,0;
2.05, 0.236147,-0.308046,-0.103344,0,0,0,0;
2.06, 0.231366,-0.301993,-0.102894,0,0,0,0;
2.07, 0.226468,-0.29591,-0.102459,0,0,0,0;
2.08, 0.221464,-0.289793,-0.10204,0,0,0,0;
2.09, 0.216357,-0.283629,-0.101625,0,0,0,0;
2.1, 0.211239,-0.27751,-0.101231,0,0,0,0;
2.11, 0.206023,-0.271321,-0.100827,0,0,0,0;
2.12, 0.20079,-0.265139,-0.100433,0,0,0,0;
2.13, 0.19558,-0.258991,-0.100055,0,0,0,0;
2.14, 0.190503,-0.252964,-0.0997329,0,0,0,0;
2.15, 0.18546,-0.24695,-0.0994095,0,0,0,0;
2.16, 0.180532,-0.241009,-0.0991117,0,0,0,0;
2.17, 0.175691,-0.2351,-0.0988268,0,0,0,0;
2.18, 0.170996,-0.229264,-0.0985672,0,0,0,0;
2.19, 0.16645,-0.223493,-0.0983239,0,0,0,0;
2.2, 0.162118,-0.21783,-0.098116,0,0,0,0;
2.21, 0.158083,-0.212309,-0.0979736,0,0,0,0;
2.22, 0.154227,-0.206842,-0.0978422,0,0,0,0;
2.23, 0.150574,-0.201433,-0.0977283,0,0,0,0;
2.24, 0.147102,-0.196064,-0.0976202,0,0,0,0;
2.25, 0.143743,-0.190675,-0.0974966,0,0,0,0;
2.26, 0.14077,-0.185467,-0.0974367,0,0,0,0;
2.27, 0.137895,-0.180223,-0.0973515,0,0,0,0;
2.28, 0.135265,-0.175045,-0.0972847,0,0,0,0;
2.29, 0.132986,-0.169969,-0.0972704,0,0,0,0;
2.3, 0.13122,-0.165085,-0.0973525,0,0,0,0;
2.31, 0.129616,-0.1602,-0.0974195,0,0,0,0;
2.32, 0.12848,-0.155463,-0.0975638,0,0,0,0;
2.33, 0.127566,-0.150757,-0.0977088,0,0,0,0;
2.34, 0.126973,-0.146119,-0.0978841,0,0,0,0;
2.35, 0.126702,-0.141553,-0.0980884,0,0,0,0;
2.36, 0.126804,-0.137067,-0.0983363,0,0,0,0;
2.37, 0.127128,-0.132602,-0.0985843,0,0,0,0;
2.38, 0.127746,-0.128207,-0.0988524,0,0,0,0;
2.39, 0.128743,-0.123906,-0.0991644,0,0,0,0;
2.4, 0.130028,-0.119661,-0.099495,0,0,0,0;
2.41, 0.131627,-0.115501,-0.0998518,0,0,0,0;
2.42, 0.133603,-0.111438,-0.100251,0,0,0,0;
2.43, 0.135947,-0.107479,-0.100691,0,0,0,0;
2.44, 0.138612,-0.103613,-0.101159,0,0,0,0;
2.45, 0.141583,-0.0998485,-0.101652,0,0,0,0;
2.46, 0.144773,-0.0961743,-0.102152,0,0,0,0;
2.47, 0.14831,-0.0926499,-0.102691,0,0,0,0;
2.48, 0.151997,-0.0892395,-0.103225,0,0,0,0;
2.49, 0.155962,-0.0859787,-0.103786,0,0,0,0;
2.5, 0.160174,-0.082892,-0.104369,0,0,0,0;
2.51, 0.164563,-0.0799816,-0.104961,0,0,0,0;
2.52, 0.169206,-0.0772868,-0.105581,0,0,0,0;
2.53, 0.173915,-0.0747988,-0.106196,0,0,0,0;
2.54, 0.178851,-0.072567,-0.106839,0,0,0,0;
2.55, 0.184064,-0.0706279,-0.107522,0,0,0,0;
2.56, 0.189145,-0.0689426,-0.108173,0,0,0,0;
2.57, 0.194488,-0.0675984,-0.108867,0,0,0,0;
2.58, 0.199847,-0.0665679,-0.10956,0,0,0,0;
2.59, 0.205269,-0.0659112,-0.110268,0,0,0,0;
2.6, 0.210663,-0.0656182,-0.110975,0,0,0,0;
2.61, 0.216158,-0.0657351,-0.111705,0,0,0,0;
2.62, 0.221508,-0.0662474,-0.112421,0,0,0,0;
2.63, 0.226975,-0.0672097,-0.113163,0,0,0,0;
2.64, 0.2322,-0.0686056,-0.113885,0,0,0,0;
2.65, 0.237364,-0.0704613,-0.114611,0,0,0,0;
2.66, 0.242382,-0.0727577,-0.115328,0,0,0,0;
2.67, 0.24723,-0.0755351,-0.116039,0,0,0,0;
2.68, 0.251918,-0.0787513,-0.11674,0,0,0,0;
2.69, 0.25632,-0.0824045,-0.117421,0,0,0,0;
2.7, 0.260509,-0.0865063,-0.118089,0,0,0,0;
2.71, 0.264504,-0.09103,-0.118741,0,0,0,0;
2.72, 0.268134,-0.0959516,-0.11937,0,0,0,0;
2.73, 0.271529,-0.101292,-0.119983,0,0,0,0;
2.74, 0.274664,-0.106984,-0.120573,0,0,0,0;
2.75, 0.277615,-0.113028,-0.121138,0,0,0,0;
2.76, 0.280172,-0.119401,-0.121679,0,0,0,0;
2.77, 0.282482,-0.12606,-0.122193,0,0,0,0;
2.78, 0.284635,-0.13299,-0.122671,0,0,0,0;
2.79, 0.28635,-0.140182,-0.123129,0,0,0,0;
2.8, 0.287917,-0.147579,-0.123545,0,0,0,0;
2.81, 0.289197,-0.155162,-0.123929,0,0,0,0;
2.82, 0.290171,-0.1629,-0.124282,0,0,0,0;
2.83, 0.290929,-0.170769,-0.124596,0,0,0,0;
2.84, 0.29135,-0.178766,-0.124891,0,0,0,0;
2.85, 0.291602,-0.186814,-0.12514,0,0,0,0;
2.86, 0.291587,-0.194963,-0.125367,0,0,0,0;
2.87, 0.291393,-0.203148,-0.125554,0,0,0,0;
2.88, 0.291019,-0.211346,-0.125705,0,0,0,0;
2.89, 0.290472,-0.219532,-0.125823,0,0,0,0;
2.9, 0.289768,-0.227696,-0.12591,0,0,0,0;
2.91, 0.288949,-0.235795,-0.125958,0,0,0,0;
2.92, 0.288018,-0.243827,-0.125973,0,0,0,0;
2.93, 0.28701,-0.251761,-0.125946,0,0,0,0;
2.94, 0.28592,-0.259596,-0.125896,0,0,0,0;
2.95, 0.284778,-0.267333,-0.125816,0,0,0,0;
2.96, 0.283598,-0.274968,-0.125717,0,0,0,0;
2.97, 0.282426,-0.282421,-0.125574,0,0,0,0;
2.98, 0.281265,-0.289711,-0.125408,0,0,0,0;
2.99, 0.280132,-0.296848,-0.125228,0,0,0,0;
3, 0.279058,-0.303754,-0.125005,0,0,0,0;
3.01, 0.278048,-0.310476,-0.124764,0,0,0,0;
3.02, 0.277126,-0.316952,-0.124504,0,0,0,0;
3.03, 0.276302,-0.323204,-0.124225,0,0,0,0;
3.04, 0.27558,-0.329178,-0.123911,0,0,0,0;
3.05, 0.27498,-0.334871,-0.123586,0,0,0,0;
3.06, 0.274497,-0.340258,-0.123237,0,0,0,0;
3.07, 0.274136,-0.345345,-0.122871,0,0,0,0;
3.08, 0.273897,-0.350118,-0.122487,0,0,0,0;
3.09, 0.273776,-0.35455,-0.122086,0,0,0,0;
3.1, 0.273768,-0.358624,-0.12167,0,0,0,0;
3.11, 0.273864,-0.362311,-0.121243,0,0,0,0;
3.12, 0.274042,-0.365604,-0.120799,0,0,0,0;
3.13, 0.274282,-0.368501,-0.12034,0,0,0,0;
3.14, 0.274577,-0.37098,-0.119869,0,0,0,0;
3.15, 0.27489,-0.373014,-0.11939,0,0,0,0;
3.16, 0.275204,-0.374634,-0.118899,0,0,0,0;
3.17, 0.275495,-0.375819,-0.118394,0,0,0,0;
3.18, 0.27573,-0.376552,-0.11789,0,0,0,0;
3.19, 0.275885,-0.37682,-0.11737,0,0,0,0;
3.2, 0.275928,-0.376651,-0.116856,0,0,0,0;
3.21, 0.275836,-0.376046,-0.116337,0,0,0,0;
3.22, 0.275583,-0.375005,-0.115804,0,0,0,0;
3.23, 0.275156,-0.373579,-0.11528,0,0,0,0;
3.24, 0.274535,-0.371771,-0.114747,0,0,0,0;
3.25, 0.273671,-0.369514,-0.114224,0,0,0,0;
3.26, 0.272538,-0.366808,-0.113687,0,0,0,0;
3.27, 0.271182,-0.363818,-0.113166,0,0,0,0;
3.28, 0.269556,-0.36047,-0.112641,0,0,0,0;
3.29, 0.26769,-0.356854,-0.112124,0,0,0,0;
3.3, 0.265566,-0.35296,-0.111624,0,0,0,0;
3.31, 0.26319,-0.348811,-0.111117,0,0,0,0;
3.32, 0.260541,-0.344386,-0.110618,0,0,0,0;
3.33, 0.257592,-0.339658,-0.110107,0,0,0,0;
3.34, 0.254479,-0.334844,-0.10964,0,0,0,0;
3.35, 0.251136,-0.329841,-0.109179,0,0,0,0;
3.36, 0.247609,-0.324713,-0.108728,0,0,0,0;
3.37, 0.243894,-0.319448,-0.108295,0,0,0,0;
3.38, 0.240047,-0.314112,-0.107884,0,0,0,0;
3.39, 0.236023,-0.30864,-0.107475,0,0,0,0;
3.4, 0.231851,-0.303065,-0.107064,0,0,0,0;
3.41, 0.227602,-0.297461,-0.106675,0,0,0,0;
3.42, 0.223228,-0.291764,-0.106278,0,0,0,0;
3.43, 0.218823,-0.286063,-0.105913,0,0,0,0;
3.44, 0.214346,-0.280311,-0.105544,0,0,0,0;
3.45, 0.209895,-0.274592,-0.105206,0,0,0,0;
3.46, 0.205431,-0.26886,-0.104873,0,0,0,0;
3.47, 0.200984,-0.263129,-0.104554,0,0,0,0;
3.48, 0.196655,-0.25748,-0.104278,0,0,0,0;
3.49, 0.192308,-0.251772,-0.103995,0,0,0,0;
3.5, 0.188186,-0.246214,-0.103777,0,0,0,0;
3.51, 0.184071,-0.240615,-0.10354,0,0,0,0;
3.52, 0.179955,-0.234958,-0.10328,0,0,0,0;
3.53, 0.176134,-0.229475,-0.103093,0,0,0,0;
3.54, 0.172438,-0.224019,-0.102916,0,0,0,0;
3.55, 0.168844,-0.21857,-0.102736,0,0,0,0;
3.56, 0.165593,-0.213285,-0.10263,0,0,0,0;
3.57, 0.162552,-0.208064,-0.102549,0,0,0,0;
3.58, 0.159663,-0.202866,-0.10247,0,0,0,0;
3.59, 0.156957,-0.197702,-0.102402,0,0,0,0;
3.6, 0.154572,-0.192656,-0.102385,0,0,0,0;
3.61, 0.152406,-0.187657,-0.102383,0,0,0,0;
3.62, 0.150532,-0.182736,-0.102418,0,0,0,0;
3.63, 0.148884,-0.177861,-0.102467,0,0,0,0;
3.64, 0.147397,-0.172999,-0.102508,0,0,0,0;
3.65, 0.146264,-0.168246,-0.102598,0,0,0,0;
3.66, 0.145367,-0.163547,-0.102701,0,0,0,0;
3.67, 0.144656,-0.158874,-0.102802,0,0,0,0;
3.68, 0.144347,-0.154329,-0.10296,0,0,0,0;
3.69, 0.144295,-0.149843,-0.103136,0,0,0,0;
3.7, 0.144616,-0.145462,-0.103358,0,0,0,0;
3.71, 0.145056,-0.141089,-0.10356,0,0,0,0;
3.72, 0.145769,-0.136798,-0.103783,0,0,0,0;
3.73, 0.14694,-0.132663,-0.104075,0,0,0,0;
3.74, 0.148194,-0.128544,-0.104339,0,0,0,0;
3.75, 0.149839,-0.124557,-0.104654,0,0,0,0;
3.76, 0.151814,-0.12069,-0.105006,0,0,0,0;
3.77, 0.154139,-0.116954,-0.105398,0,0,0,0;
3.78, 0.156721,-0.113315,-0.105808,0,0,0,0;
3.79, 0.15952,-0.109805,-0.10623,0,0,0,0;
3.8, 0.162596,-0.106447,-0.106679,0,0,0,0;
3.81, 0.165743,-0.103205,-0.107112,0,0,0,0;
3.82, 0.169255,-0.100163,-0.107594,0,0,0,0;
3.83, 0.172941,-0.0972718,-0.108085,0,0,0,0;
3.84, 0.176767,-0.0945708,-0.108583,0,0,0,0;
3.85, 0.180752,-0.0920697,-0.109092,0,0,0,0;
3.86, 0.185034,-0.0898151,-0.109642,0,0,0,0;
3.87, 0.189447,-0.0877874,-0.110201,0,0,0,0;
3.88, 0.193892,-0.0860137,-0.110757,0,0,0,0;
3.89, 0.198397,-0.0845017,-0.111316,0,0,0,0;
3.9, 0.20308,-0.0833056,-0.111903,0,0,0,0;
3.91, 0.207722,-0.082409,-0.112481,0,0,0,0;
3.92, 0.21255,-0.0818408,-0.113088,0,0,0,0;
3.93, 0.2173,-0.0816155,-0.113688,0,0,0,0;
3.94, 0.222166,-0.0817646,-0.114308,0,0,0,0;
3.95, 0.22693,-0.0822882,-0.114922,0,0,0,0;
3.96, 0.23159,-0.0831717,-0.115527,0,0,0,0;
3.97, 0.236304,-0.0844565,-0.116146,0,0,0,0;
3.98, 0.240768,-0.0861276,-0.116746,0,0,0,0;
3.99, 0.245182,-0.0882039,-0.117347,0,0,0,0;
4, 0.249355,-0.0906724,-0.117932,0,0,0,0;
4.01, 0.253369,-0.0935364,-0.11851,0,0,0,0;
4.02, 0.257339,-0.0968003,-0.119086,0,0,0,0;
4.03, 0.261026,-0.100445,-0.119645,0,0,0,0;
4.04, 0.264489,-0.104463,-0.120189,0,0,0,0;
4.05, 0.26778,-0.108832,-0.12072,0,0,0,0;
4.06, 0.270867,-0.113553,-0.121235,0,0,0,0;
4.07, 0.273696,-0.118607,-0.121732,0,0,0,0;
4.08, 0.276364,-0.123975,-0.122209,0,0,0,0;
4.09, 0.278798,-0.129627,-0.122664,0,0,0,0;
4.1, 0.281071,-0.135556,-0.123094,0,0,0,0;
4.11, 0.28301,-0.141739,-0.123502,0,0,0,0;
4.12, 0.284724,-0.148145,-0.123883,0,0,0,0;
4.13, 0.286122,-0.154753,-0.124245,0,0,0,0;
4.14, 0.287376,-0.161553,-0.124573,0,0,0,0;
4.15, 0.288313,-0.168531,-0.124884,0,0,0,0;
4.16, 0.289085,-0.175622,-0.12516,0,0,0,0;
4.17, 0.289675,-0.182832,-0.125403,0,0,0,0;
4.18, 0.29003,-0.190128,-0.125621,0,0,0,0;
4.19, 0.290173,-0.197499,-0.125813,0,0,0,0;
4.2, 0.290143,-0.204919,-0.125975,0,0,0,0;
4.21, 0.289936,-0.212376,-0.12611,0,0,0,0;
4.22, 0.289556,-0.219853,-0.126222,0,0,0,0;
4.23, 0.289072,-0.227319,-0.126296,0,0,0,0;
4.24, 0.288429,-0.234782,-0.126353,0,0,0,0;
4.25, 0.2877,-0.24219,-0.126376,0,0,0,0;
4.26, 0.286875,-0.249546,-0.126374,0,0,0,0;
4.27, 0.285964,-0.256849,-0.126352,0,0,0,0;
4.28, 0.285018,-0.264041,-0.126294,0,0,0,0;
4.29, 0.284039,-0.271115,-0.126207,0,0,0,0;
4.3, 0.283032,-0.278094,-0.126099,0,0,0,0;
4.31, 0.282022,-0.284913,-0.125971,0,0,0,0;
4.32, 0.281017,-0.291628,-0.125822,0,0,0,0;
4.33, 0.280058,-0.29812,-0.125636,0,0,0,0;
4.34, 0.279135,-0.304447,-0.125433,0,0,0,0;
4.35, 0.278267,-0.310588,-0.125207,0,0,0,0;
4.36, 0.277462,-0.316537,-0.124963,0,0,0,0;
4.37, 0.276737,-0.322245,-0.124702,0,0,0,0;
4.38, 0.276098,-0.327716,-0.124423,0,0,0,0;
4.39, 0.27555,-0.332912,-0.124125,0,0,0,0;
4.4, 0.275097,-0.337842,-0.123809,0,0,0,0;
4.41, 0.274735,-0.342501,-0.123473,0,0,0,0;
4.42, 0.274467,-0.346844,-0.123123,0,0,0,0;
4.43, 0.274289,-0.350874,-0.122759,0,0,0,0;
4.44, 0.274191,-0.354576,-0.122381,0,0,0,0;
4.45, 0.274164,-0.357962,-0.121985,0,0,0,0;
4.46, 0.2742,-0.360966,-0.121582,0,0,0,0;
4.47, 0.27428,-0.363595,-0.121167,0,0,0,0;
4.48, 0.274388,-0.365838,-0.120741,0,0,0,0;
4.49, 0.274505,-0.367718,-0.120301,0,0,0,0;
4.5, 0.27461,-0.369177,-0.119852,0,0,0,0;
4.51, 0.274678,-0.370216,-0.119399,0,0,0,0;
4.52, 0.274687,-0.370846,-0.118937,0,0,0,0;
4.53, 0.274612,-0.37105,-0.118469,0,0,0,0;
4.54, 0.274432,-0.370847,-0.117997,0,0,0,0;
4.55, 0.274126,-0.370248,-0.117514,0,0,0,0;
4.56, 0.273676,-0.36927,-0.117021,0,0,0,0;
4.57, 0.273054,-0.367886,-0.116528,0,0,0,0;
4.58, 0.272267,-0.366164,-0.116045,0,0,0,0;
4.59, 0.271252,-0.364013,-0.115544,0,0,0,0;
4.6, 0.27003,-0.361524,-0.115052,0,0,0,0;
4.61, 0.268605,-0.358733,-0.114569,0,0,0,0;
4.62, 0.266957,-0.355639,-0.114089,0,0,0,0;
4.63, 0.265086,-0.352261,-0.113611,0,0,0,0;
4.64, 0.262953,-0.348556,-0.113126,0,0,0,0;
4.65, 0.260644,-0.344684,-0.11266,0,0,0,0;
4.66, 0.258074,-0.340506,-0.112207,0,0,0,0;
4.67, 0.255307,-0.336149,-0.111755,0,0,0,0;
4.68, 0.25235,-0.331617,-0.111317,0,0,0,0;
4.69, 0.249119,-0.326801,-0.110855,0,0,0,0;
4.7, 0.245757,-0.321899,-0.110424,0,0,0,0;
4.71, 0.242227,-0.316857,-0.110002,0,0,0,0;
4.72, 0.238569,-0.31172,-0.109597,0,0,0,0;
4.73, 0.234831,-0.306547,-0.109211,0,0,0,0;
4.74, 0.230963,-0.301261,-0.10883,0,0,0,0;
4.75, 0.227007,-0.295903,-0.108468,0,0,0,0;
4.76, 0.222994,-0.290503,-0.10812,0,0,0,0;
4.77, 0.218883,-0.285008,-0.107769,0,0,0,0;
4.78, 0.214762,-0.279504,-0.107436,0,0,0,0;
4.79, 0.210623,-0.273967,-0.10712,0,0,0,0;
4.8, 0.206484,-0.268413,-0.106813,0,0,0,0;
4.81, 0.202334,-0.262833,-0.1065,0,0,0,0;
4.82, 0.19822,-0.257254,-0.1062,0,0,0,0;
4.83, 0.19418,-0.251693,-0.105922,0,0,0,0;
4.84, 0.190226,-0.246161,-0.10566,0,0,0,0;
4.85, 0.186456,-0.240729,-0.105442,0,0,0,0;
4.86, 0.182719,-0.235263,-0.105214,0,0,0,0;
4.87, 0.179136,-0.229842,-0.105015,0,0,0,0;
4.88, 0.17573,-0.224486,-0.104844,0,0,0,0;
4.89, 0.172552,-0.21922,-0.104712,0,0,0,0;
4.9, 0.169546,-0.213993,-0.104599,0,0,0,0;
4.91, 0.166686,-0.208788,-0.104493,0,0,0,0;
4.92, 0.163986,-0.203615,-0.104393,0,0,0,0;
4.93, 0.161427,-0.198459,-0.104293,0,0,0,0;
4.94, 0.159238,-0.193449,-0.104261,0,0,0,0;
4.95, 0.157167,-0.188437,-0.104217,0,0,0,0;
4.96, 0.155484,-0.183572,-0.104238,0,0,0,0;
4.97, 0.153989,-0.178729,-0.104265,0,0,0,0;
4.98, 0.152889,-0.174017,-0.104355,0,0,0,0;
4.99, 0.151793,-0.169252,-0.104395,0,0,0,0;
5, 0.151114,-0.164625,-0.104501,0,0,0,0;
5.01, 0.150541,-0.159985,-0.104587,0,0,0,0;
5.02, 0.150302,-0.155458,-0.104713,0,0,0,0;
5.03, 0.150448,-0.151039,-0.104892,0,0,0,0;
5.04, 0.150792,-0.14668,-0.105074,0,0,0,0;
5.05, 0.151478,-0.142434,-0.105296,0,0,0,0;
5.06, 0.152506,-0.138279,-0.105558,0,0,0,0;
5.07, 0.15364,-0.134151,-0.1058,0,0,0,0;
5.08, 0.155142,-0.130146,-0.106088,0,0,0,0;
5.09, 0.156916,-0.126251,-0.106399,0,0,0,0;
5.1, 0.158967,-0.122466,-0.106734,0,0,0,0;
5.11, 0.16126,-0.118793,-0.107087,0,0,0,0;
5.12, 0.163638,-0.115201,-0.107423,0,0,0,0;
5.13, 0.166367,-0.11177,-0.107804,0,0,0,0;
5.14, 0.169471,-0.108533,-0.108236,0,0,0,0;
5.15, 0.172713,-0.105431,-0.108667,0,0,0,0;
5.16, 0.176186,-0.102497,-0.10912,0,0,0,0;
5.17, 0.17984,-0.0997565,-0.109586,0,0,0,0;
5.18, 0.183553,-0.0971921,-0.110046,0,0,0,0;
5.19, 0.187498,-0.0948495,-0.110532,0,0,0,0;
5.2, 0.191535,-0.0927327,-0.111023,0,0,0,0;
5.21, 0.195798,-0.0908742,-0.111544,0,0,0,0;
5.22, 0.200164,-0.0892904,-0.112075,0,0,0,0;
5.23, 0.20464,-0.0879878,-0.11262,0,0,0,0;
5.24, 0.209076,-0.086963,-0.113155,0,0,0,0;
5.25, 0.213617,-0.0862549,-0.113707,0,0,0,0;
5.26, 0.218164,-0.0858775,-0.114263,0,0,0,0;
5.27, 0.222728,-0.085845,-0.114825,0,0,0,0;
5.28, 0.227233,-0.0861646,-0.115385,0,0,0,0;
5.29, 0.231763,-0.0868494,-0.115955,0,0,0,0;
5.3, 0.236178,-0.0878984,-0.116518,0,0,0,0;
5.31, 0.240506,-0.0893217,-0.117078,0,0,0,0;
5.32, 0.244696,-0.0911407,-0.117633,0,0,0,0;
5.33, 0.248742,-0.0933406,-0.118181,0,0,0,0;
5.34, 0.2527,-0.0959304,-0.118728,0,0,0,0;
5.35, 0.256496,-0.0988933,-0.119266,0,0,0,0;
5.36, 0.260082,-0.102248,-0.119794,0,0,0,0;
5.37, 0.263525,-0.105974,-0.120314,0,0,0,0;
5.38, 0.266809,-0.110062,-0.120823,0,0,0,0;
5.39, 0.26991,-0.114507,-0.121319,0,0,0,0;
5.4, 0.272853,-0.119272,-0.121797,0,0,0,0;
5.41, 0.275461,-0.12435,-0.122257,0,0,0,0;
5.42, 0.277894,-0.129735,-0.122699,0,0,0,0;
5.43, 0.280114,-0.135401,-0.12312,0,0,0,0;
5.44, 0.282098,-0.141335,-0.12352,0,0,0,0;
5.45, 0.283786,-0.14751,-0.123901,0,0,0,0;
5.46, 0.285301,-0.153901,-0.124256,0,0,0,0;
5.47, 0.28663,-0.160475,-0.124582,0,0,0,0;
5.48, 0.287727,-0.167223,-0.124882,0,0,0,0;
5.49, 0.288599,-0.174122,-0.125155,0,0,0,0;
5.5, 0.289256,-0.181151,-0.125401,0,0,0,0;
5.51, 0.289677,-0.188317,-0.125625,0,0,0,0;
5.52, 0.289957,-0.19554,-0.12581,0,0,0,0;
5.53, 0.290031,-0.202832,-0.12597,0,0,0,0;
5.54, 0.289915,-0.210179,-0.126105,0,0,0,0;
5.55, 0.289595,-0.217571,-0.126225,0,0,0,0;
5.56, 0.289137,-0.224987,-0.126317,0,0,0,0;
5.57, 0.288557,-0.232376,-0.12638,0,0,0,0;
5.58, 0.28785,-0.239768,-0.126423,0,0,0,0;
5.59, 0.287068,-0.247085,-0.126432,0,0,0,0;
5.6, 0.28621,-0.254385,-0.126411,0,0,0,0;
5.61, 0.285304,-0.261584,-0.126355,0,0,0,0;
5.62, 0.284353,-0.268686,-0.12627,0,0,0,0;
5.63, 0.283363,-0.275682,-0.126167,0,0,0,0;
5.64, 0.282366,-0.282539,-0.126037,0,0,0,0;
5.65, 0.28137,-0.28928,-0.12588,0,0,0,0;
5.66, 0.280398,-0.29585,-0.125695,0,0,0,0;
5.67, 0.279454,-0.302268,-0.125493,0,0,0,0;
5.68, 0.278557,-0.308514,-0.125273,0,0,0,0;
5.69, 0.277721,-0.314569,-0.125028,0,0,0,0;
5.7, 0.276958,-0.320415,-0.124767,0,0,0,0;
5.71, 0.276278,-0.326029,-0.124486,0,0,0,0;
5.72, 0.275688,-0.331403,-0.124187,0,0,0,0;
5.73, 0.275195,-0.336516,-0.12387,0,0,0,0;
5.74, 0.2748,-0.341348,-0.123535,0,0,0,0;
5.75, 0.274501,-0.345882,-0.123181,0,0,0,0;
5.76, 0.274296,-0.35011,-0.122809,0,0,0,0;
5.77, 0.274183,-0.353978,-0.122427,0,0,0,0;
5.78, 0.274148,-0.357499,-0.122029,0,0,0,0;
5.79, 0.274181,-0.360692,-0.121613,0,0,0,0;
5.8, 0.274266,-0.363506,-0.121184,0,0,0,0;
5.81, 0.274389,-0.365951,-0.12074,0,0,0,0;
5.82, 0.274531,-0.367989,-0.120287,0,0,0,0;
5.83, 0.27467,-0.369615,-0.119827,0,0,0,0;
5.84, 0.274784,-0.370831,-0.119353,0,0,0,0;
5.85, 0.27485,-0.371632,-0.118867,0,0,0,0;
5.86, 0.274842,-0.37201,-0.118376,0,0,0,0;
5.87, 0.274744,-0.371993,-0.117879,0,0,0,0;
5.88, 0.274524,-0.371552,-0.117376,0,0,0,0;
5.89, 0.274161,-0.370699,-0.116868,0,0,0,0;
5.9, 0.273634,-0.369437,-0.116365,0,0,0,0;
5.91, 0.272925,-0.367789,-0.115851,0,0,0,0;
5.92, 0.272017,-0.365767,-0.115334,0,0,0,0;
5.93, 0.270896,-0.363387,-0.114805,0,0,0,0;
5.94, 0.269544,-0.360641,-0.114293,0,0,0,0;
5.95, 0.267949,-0.357547,-0.11378,0,0,0,0;
5.96, 0.266094,-0.354114,-0.113247,0,0,0,0;
5.97, 0.264022,-0.350439,-0.112729,0,0,0,0;
5.98, 0.261705,-0.346484,-0.11223,0,0,0,0;
5.99, 0.259155,-0.342289,-0.111734,0,0,0,0;
6, 0.256404,-0.337917,-0.11125,0,0,0,0;
6.01, 0.253369,-0.333244,-0.110753,0,0,0,0;
6.02, 0.250135,-0.328406,-0.110269,0,0,0,0;
6.03, 0.246713,-0.323416,-0.1098,0,0,0,0;
6.04, 0.243099,-0.318267,-0.109338,0,0,0,0;
6.05, 0.239344,-0.313033,-0.108881,0,0,0,0;
6.06, 0.235502,-0.307757,-0.108466,0,0,0,0;
6.07, 0.231364,-0.302196,-0.107987,0,0,0,0;
6.08, 0.227208,-0.296664,-0.107561,0,0,0,0;
6.09, 0.222972,-0.291074,-0.107158,0,0,0,0;
6.1, 0.218684,-0.285455,-0.106771,0,0,0,0;
6.11, 0.21435,-0.2798,-0.106397,0,0,0,0;
6.12, 0.210056,-0.274182,-0.106062,0,0,0,0;
6.13, 0.205673,-0.268473,-0.105704,0,0,0,0;
6.14, 0.201389,-0.262844,-0.105388,0,0,0,0;
6.15, 0.197133,-0.257203,-0.105086,0,0,0,0;
6.16, 0.192957,-0.251594,-0.104809,0,0,0,0;
6.17, 0.188852,-0.246004,-0.104545,0,0,0,0;
6.18, 0.184831,-0.240432,-0.104293,0,0,0,0;
6.19, 0.180818,-0.234807,-0.104025,0,0,0,0;
6.2, 0.176903,-0.229197,-0.103768,0,0,0,0;
6.21, 0.173264,-0.223732,-0.103571,0,0,0,0;
6.22, 0.169562,-0.218163,-0.10332,0,0,0,0;
6.23, 0.166148,-0.212721,-0.103129,0,0,0,0;
6.24, 0.163035,-0.207404,-0.102996,0,0,0,0;
6.25, 0.160013,-0.202102,-0.102842,0,0,0,0;
6.26, 0.157292,-0.196864,-0.102749,0,0,0,0;
6.27, 0.15484,-0.191724,-0.102688,0,0,0,0;
6.28, 0.152607,-0.186638,-0.102644,0,0,0,0;
6.29, 0.15059,-0.181601,-0.102613,0,0,0,0;
6.3, 0.148798,-0.176613,-0.102598,0,0,0,0;
6.31, 0.147298,-0.171697,-0.102618,0,0,0,0;
6.32, 0.145959,-0.166802,-0.10263,0,0,0,0;
6.33, 0.144943,-0.162002,-0.102682,0,0,0,0;
6.34, 0.144173,-0.157255,-0.10275,0,0,0,0;
6.35, 0.143704,-0.152585,-0.102849,0,0,0,0;
6.36, 0.143656,-0.148041,-0.10301,0,0,0,0;
6.37, 0.14368,-0.143482,-0.103138,0,0,0,0;
6.38, 0.144021,-0.139012,-0.1033,0,0,0,0;
6.39, 0.144691,-0.134637,-0.103498,0,0,0,0;
6.4, 0.145803,-0.130394,-0.103759,0,0,0,0;
6.41, 0.147237,-0.126247,-0.104053,0,0,0,0;
6.42, 0.14875,-0.122127,-0.104319,0,0,0,0;
6.43, 0.150711,-0.118151,-0.10465,0,0,0,0;
6.44, 0.152857,-0.114258,-0.104982,0,0,0,0;
6.45, 0.155288,-0.11049,-0.105341,0,0,0,0;
6.46, 0.157951,-0.106826,-0.105715,0,0,0,0;
6.47, 0.161037,-0.103333,-0.106147,0,0,0,0;
6.48, 0.164176,-0.0999486,-0.106559,0,0,0,0;
6.49, 0.167426,-0.0967038,-0.106966,0,0,0,0;
6.5, 0.171114,-0.0936736,-0.107439,0,0,0,0;
6.51, 0.175055,-0.0908386,-0.10794,0,0,0,0;
6.52, 0.179179,-0.0881884,-0.108454,0,0,0,0;
6.53, 0.183542,-0.0857737,-0.108997,0,0,0,0;
6.54, 0.18791,-0.0835924,-0.109529,0,0,0,0;
6.55, 0.192626,-0.0816829,-0.110111,0,0,0,0;
6.56, 0.197234,-0.0800183,-0.110666,0,0,0,0;
6.57, 0.202077,-0.0786621,-0.111256,0,0,0,0;
6.58, 0.206898,-0.0776163,-0.111841,0,0,0,0;
6.59, 0.211819,-0.0769219,-0.112444,0,0,0,0;
6.6, 0.216532,-0.0765503,-0.113021,0,0,0,0;
6.61, 0.221477,-0.0765472,-0.113635,0,0,0,0;
6.62, 0.2262,-0.0769098,-0.114227,0,0,0,0;
6.63, 0.230982,-0.0776838,-0.114837,0,0,0,0;
6.64, 0.235689,-0.0788651,-0.115448,0,0,0,0;
6.65, 0.240352,-0.0804474,-0.116062,0,0,0,0;
6.66, 0.244824,-0.0824504,-0.116666,0,0,0,0;
6.67, 0.249148,-0.084863,-0.117264,0,0,0,0;
6.68, 0.253421,-0.0877087,-0.117865,0,0,0,0;
6.69, 0.257521,-0.0909778,-0.118457,0,0,0,0;
6.7, 0.261394,-0.0946537,-0.119035,0,0,0,0;
6.71, 0.265073,-0.0987368,-0.119602,0,0,0,0;
6.72, 0.26855,-0.103206,-0.120154,0,0,0,0;
6.73, 0.271726,-0.108055,-0.120688,0,0,0,0;
6.74, 0.274701,-0.11327,-0.121207,0,0,0,0;
6.75, 0.277386,-0.11882,-0.121706,0,0,0,0;
6.76, 0.279831,-0.124709,-0.122187,0,0,0,0;
6.77, 0.282056,-0.130878,-0.122643,0,0,0,0;
6.78, 0.284058,-0.137335,-0.123075,0,0,0,0;
6.79, 0.285834,-0.144044,-0.123478,0,0,0,0;
6.8, 0.287311,-0.150992,-0.123859,0,0,0,0;
6.81, 0.288575,-0.158144,-0.124207,0,0,0,0;
6.82, 0.289561,-0.165478,-0.124528,0,0,0,0;
6.83, 0.290294,-0.172965,-0.124822,0,0,0,0;
6.84, 0.290831,-0.180571,-0.125078,0,0,0,0;
6.85, 0.291103,-0.18831,-0.125312,0,0,0,0;
6.86, 0.291174,-0.196124,-0.125512,0,0,0,0;
6.87, 0.291006,-0.204032,-0.125692,0,0,0,0;
6.88, 0.290653,-0.211987,-0.125843,0,0,0,0;
6.89, 0.290184,-0.219946,-0.125946,0,0,0,0;
6.9, 0.289558,-0.227902,-0.126017,0,0,0,0;
6.91, 0.288787,-0.235844,-0.126062,0,0,0,0;
6.92, 0.287908,-0.243737,-0.126071,0,0,0,0;
6.93, 0.286953,-0.251568,-0.126035,0,0,0,0;
6.94, 0.285887,-0.259366,-0.125987,0,0,0,0;
6.95, 0.284791,-0.26702,-0.125891,0,0,0,0;
6.96, 0.283655,-0.274564,-0.125763,0,0,0,0;
6.97, 0.282485,-0.282031,-0.125624,0,0,0,0;
6.98, 0.281328,-0.289335,-0.125444,0,0,0,0;
6.99, 0.280192,-0.296496,-0.12524,0,0,0,0;
7, 0.279101,-0.303481,-0.125019,0,0,0,0;
7.01, 0.278068,-0.31032,-0.124772,0,0,0,0;
7.02, 0.277116,-0.316932,-0.124493,0,0,0,0;
7.03, 0.276265,-0.323247,-0.124186,0,0,0,0;
7.04, 0.275521,-0.329357,-0.123864,0,0,0,0;
7.05, 0.274886,-0.335224,-0.123511,0,0,0,0;
7.06, 0.274379,-0.340807,-0.12314,0,0,0,0;
7.07, 0.273994,-0.346107,-0.122741,0,0,0,0;
7.08, 0.273752,-0.351096,-0.122331,0,0,0,0;
7.09, 0.273638,-0.355678,-0.121904,0,0,0,0;
7.1, 0.273649,-0.359936,-0.121457,0,0,0,0;
7.11, 0.273769,-0.36378,-0.120995,0,0,0,0;
7.12, 0.273981,-0.367251,-0.120513,0,0,0,0;
7.13, 0.274285,-0.370357,-0.120008,0,0,0,0;
7.14, 0.274642,-0.373021,-0.119493,0,0,0,0;
7.15, 0.275044,-0.375243,-0.118964,0,0,0,0;
7.16, 0.275459,-0.376981,-0.118428,0,0,0,0;
7.17, 0.275861,-0.378276,-0.117876,0,0,0,0;
7.18, 0.276217,-0.379111,-0.117314,0,0,0,0;
7.19, 0.2765,-0.379485,-0.116741,0,0,0,0;
7.2, 0.276671,-0.379332,-0.116153,0,0,0,0;
7.21, 0.276703,-0.378743,-0.115569,0,0,0,0;
7.22, 0.276569,-0.377691,-0.114974,0,0,0,0;
7.23, 0.276245,-0.376207,-0.114373,0,0,0,0;
7.24, 0.275695,-0.374262,-0.113773,0,0,0,0;
7.25, 0.274898,-0.371887,-0.113176,0,0,0,0;
7.26, 0.273849,-0.369125,-0.112567,0,0,0,0;
7.27, 0.272496,-0.365912,-0.111948,0,0,0,0;
7.28, 0.270891,-0.362422,-0.111345,0,0,0,0;
7.29, 0.268976,-0.358557,-0.110741,0,0,0,0;
7.3, 0.266754,-0.354365,-0.110151,0,0,0,0;
7.31, 0.264224,-0.349868,-0.10957,0,0,0,0;
7.32, 0.261405,-0.345113,-0.108989,0,0,0,0;
7.33, 0.25832,-0.340152,-0.108419,0,0,0,0;
7.34, 0.254954,-0.33496,-0.107844,0,0,0,0;
7.35, 0.251364,-0.329635,-0.107292,0,0,0,0;
7.36, 0.247519,-0.324124,-0.106751,0,0,0,0;
7.37, 0.243371,-0.318358,-0.106187,0,0,0,0;
7.38, 0.239026,-0.312485,-0.105635,0,0,0,0;
7.39, 0.234512,-0.306535,-0.105098,0,0,0,0;
7.4, 0.229877,-0.300553,-0.104588,0,0,0,0;
7.41, 0.225112,-0.29451,-0.104096,0,0,0,0;
7.42, 0.220247,-0.288434,-0.103614,0,0,0,0;
7.43, 0.215172,-0.282188,-0.103092,0,0,0,0;
7.44, 0.210106,-0.276008,-0.102613,0,0,0,0;
7.45, 0.204975,-0.269797,-0.102137,0,0,0,0;
7.46, 0.199965,-0.263734,-0.101721,0,0,0,0;
7.47, 0.194999,-0.257713,-0.101336,0,0,0,0;
7.48, 0.189957,-0.251609,-0.100925,0,0,0,0;
7.49, 0.185124,-0.245676,-0.100589,0,0,0,0;
7.5, 0.180311,-0.239728,-0.100245,0,0,0,0;
7.51, 0.175579,-0.233804,-0.0999145,0,0,0,0;
7.52, 0.171025,-0.227978,-0.0996238,0,0,0,0;
7.53, 0.166586,-0.222188,-0.0993426,0,0,0,0;
7.54, 0.162333,-0.216476,-0.0990923,0,0,0,0;
7.55, 0.158241,-0.210808,-0.0988597,0,0,0,0;
7.56, 0.154194,-0.205105,-0.0985987,0,0,0,0;
7.57, 0.150557,-0.199611,-0.09843,0,0,0,0;
7.58, 0.146995,-0.194091,-0.0982352,0,0,0,0;
7.59, 0.14368,-0.188638,-0.0980733,0,0,0,0;
7.6, 0.140679,-0.183306,-0.0979563,0,0,0,0;
7.61, 0.137804,-0.177965,-0.0978237,0,0,0,0;
7.62, 0.135269,-0.17274,-0.0977407,0,0,0,0;
7.63, 0.132965,-0.167561,-0.0976713,0,0,0,0;
7.64, 0.13103,-0.162496,-0.0976554,0,0,0,0;
7.65, 0.129308,-0.157457,-0.0976436,0,0,0,0;
7.66, 0.127956,-0.152518,-0.0976816,0,0,0,0;
7.67, 0.126824,-0.147612,-0.0977226,0,0,0,0;
7.68, 0.12608,-0.142802,-0.0978163,0,0,0,0;
7.69, 0.125583,-0.138037,-0.0979189,0,0,0,0;
7.7, 0.125608,-0.133412,-0.0981086,0,0,0,0;
7.71, 0.12601,-0.12887,-0.0983415,0,0,0,0;
7.72, 0.126534,-0.124322,-0.0985478,0,0,0,0;
7.73, 0.127503,-0.119877,-0.0988152,0,0,0,0;
7.74, 0.128709,-0.115474,-0.0990881,0,0,0,0;
7.75, 0.130297,-0.111168,-0.0994048,0,0,0,0;
7.76, 0.132129,-0.106915,-0.09973,0,0,0,0;
7.77, 0.134239,-0.102735,-0.100073,0,0,0,0;
7.78, 0.136692,-0.0986547,-0.100452,0,0,0,0;
7.79, 0.139515,-0.0946953,-0.100874,0,0,0,0;
7.8, 0.142483,-0.0908065,-0.101285,0,0,0,0;
7.81, 0.145801,-0.0870569,-0.101738,0,0,0,0;
7.82, 0.149593,-0.0834642,-0.102258,0,0,0,0;
7.83, 0.153388,-0.0799738,-0.102744,0,0,0,0;
7.84, 0.157523,-0.0766495,-0.103272,0,0,0,0;
7.85, 0.161934,-0.073521,-0.103831,0,0,0,0;
7.86, 0.166706,-0.0706135,-0.10444,0,0,0,0;
7.87, 0.171552,-0.0679079,-0.105043,0,0,0,0;
7.88, 0.176841,-0.0654863,-0.105715,0,0,0,0;
7.89, 0.182064,-0.0632947,-0.106361,0,0,0,0;
7.9, 0.187463,-0.0614102,-0.107032,0,0,0,0;
7.91, 0.193061,-0.0598431,-0.107731,0,0,0,0;
7.92, 0.198609,-0.0586105,-0.108422,0,0,0,0;
7.93, 0.204352,-0.0577564,-0.109147,0,0,0,0;
7.94, 0.210086,-0.0572827,-0.109874,0,0,0,0;
7.95, 0.215682,-0.0572126,-0.110589,0,0,0,0;
7.96, 0.221246,-0.0575757,-0.111312,0,0,0,0;
7.97, 0.226801,-0.0584004,-0.112046,0,0,0,0;
7.98, 0.232161,-0.0596894,-0.112771,0,0,0,0;
7.99, 0.237476,-0.0614501,-0.113503,0,0,0,0;
8, 0.242727,-0.0637093,-0.114241,0,0,0,0;
8.01, 0.2478,-0.0664749,-0.114974,0,0,0,0;
8.02, 0.252613,-0.0697304,-0.115693,0,0,0,0;
8.03, 0.257318,-0.073492,-0.116411,0,0,0,0;
8.04, 0.261665,-0.0777312,-0.117108,0,0,0,0;
8.05, 0.2658,-0.0824546,-0.117795,0,0,0,0;
8.06, 0.269619,-0.0876271,-0.118462,0,0,0,0;
8.07, 0.273182,-0.0932445,-0.119112,0,0,0,0;
8.08, 0.276542,-0.099288,-0.119741,0,0,0,0;
8.09, 0.279567,-0.105731,-0.120345,0,0,0,0;
8.1, 0.282314,-0.112549,-0.120923,0,0,0,0;
8.11, 0.284678,-0.119706,-0.121476,0,0,0,0;
8.12, 0.28683,-0.127178,-0.121992,0,0,0,0;
8.13, 0.288641,-0.134922,-0.122477,0,0,0,0;
8.14, 0.290148,-0.142946,-0.122929,0,0,0,0;
8.15, 0.291336,-0.151183,-0.123347,0,0,0,0;
8.16, 0.29221,-0.15961,-0.123731,0,0,0,0;
8.17, 0.292863,-0.168184,-0.124064,0,0,0,0;
8.18, 0.29319,-0.1769,-0.124368,0,0,0,0;
8.19, 0.293299,-0.185705,-0.12462,0,0,0,0;
8.2, 0.293125,-0.194596,-0.12484,0,0,0,0;
8.21, 0.292719,-0.20353,-0.125019,0,0,0,0;
8.22, 0.292124,-0.212471,-0.125145,0,0,0,0;
8.23, 0.291311,-0.221423,-0.12524,0,0,0,0;
8.24, 0.29035,-0.230312,-0.125281,0,0,0,0;
8.25, 0.289222,-0.239181,-0.125289,0,0,0,0;
8.26, 0.287976,-0.247976,-0.125249,0,0,0,0;
8.27, 0.286621,-0.256686,-0.125181,0,0,0,0;
8.28, 0.285175,-0.265362,-0.125101,0,0,0,0;
8.29, 0.28371,-0.273842,-0.12496,0,0,0,0;
8.3, 0.282226,-0.282209,-0.124787,0,0,0,0;
8.31, 0.28076,-0.290402,-0.124583,0,0,0,0;
8.32, 0.279338,-0.298414,-0.124347,0,0,0,0;
8.33, 0.277981,-0.306238,-0.124073,0,0,0,0;
8.34, 0.276713,-0.313842,-0.123762,0,0,0,0;
8.35, 0.275569,-0.321217,-0.123429,0,0,0,0;
8.36, 0.274552,-0.328313,-0.123056,0,0,0,0;
8.37, 0.273707,-0.335177,-0.122669,0,0,0,0;
8.38, 0.273007,-0.341666,-0.122235,0,0,0,0;
8.39, 0.272504,-0.347859,-0.121789,0,0,0,0;
8.4, 0.272177,-0.353714,-0.12131,0,0,0,0;
8.41, 0.272047,-0.359201,-0.120812,0,0,0,0;
8.42, 0.272112,-0.364352,-0.120289,0,0,0,0;
8.43, 0.272359,-0.369023,-0.119752,0,0,0,0;
8.44, 0.272777,-0.373308,-0.119188,0,0,0,0;
8.45, 0.273355,-0.377145,-0.118603,0,0,0,0;
8.46, 0.274042,-0.380452,-0.118007,0,0,0,0;
8.47, 0.274862,-0.383311,-0.117385,0,0,0,0;
8.48, 0.275746,-0.385612,-0.116752,0,0,0,0;
8.49, 0.276658,-0.387383,-0.116103,0,0,0,0;
8.5, 0.277557,-0.388631,-0.115439,0,0,0,0;
8.51, 0.278411,-0.389304,-0.114763,0,0,0,0;
8.52, 0.27916,-0.389399,-0.114086,0,0,0,0;
8.53, 0.27978,-0.388975,-0.113392,0,0,0,0;
8.54, 0.280222,-0.387973,-0.112683,0,0,0,0;
8.55, 0.280436,-0.386444,-0.111978,0,0,0,0;
8.56, 0.280391,-0.38442,-0.111281,0,0,0,0;
8.57, 0.280062,-0.381864,-0.110558,0,0,0,0;
8.58, 0.2794,-0.378812,-0.109843,0,0,0,0;
8.59, 0.278387,-0.375295,-0.109132,0,0,0,0;
8.6, 0.277021,-0.371387,-0.108429,0,0,0,0;
8.61, 0.275292,-0.367118,-0.107743,0,0,0,0;
8.62, 0.273132,-0.362348,-0.10702,0,0,0,0;
8.63, 0.270617,-0.357322,-0.106319,0,0,0,0;
8.64, 0.267702,-0.351949,-0.105607,0,0,0,0;
8.65, 0.264443,-0.346378,-0.104931,0,0,0,0;
8.66, 0.260843,-0.340595,-0.104259,0,0,0,0;
8.67, 0.256909,-0.33461,-0.103594,0,0,0,0;
8.68, 0.252602,-0.328368,-0.102925,0,0,0,0;
8.69, 0.248038,-0.322041,-0.102278,0,0,0,0;
8.7, 0.243187,-0.315576,-0.10164,0,0,0,0;
8.71, 0.23816,-0.309106,-0.101029,0,0,0,0;
8.72, 0.23293,-0.302579,-0.10044,0,0,0,0;
8.73, 0.227462,-0.295929,-0.0998499,0,0,0,0;
8.74, 0.221876,-0.289287,-0.0992727,0,0,0,0;
8.75, 0.21614,-0.282597,-0.0987005,0,0,0,0;
8.76, 0.210352,-0.27596,-0.0981564,0,0,0,0;
8.77, 0.204503,-0.269341,-0.0976245,0,0,0,0;
8.78, 0.198699,-0.262838,-0.0971441,0,0,0,0;
8.79, 0.192897,-0.256379,-0.096675,0,0,0,0;
8.8, 0.187108,-0.249955,-0.0962228,0,0,0,0;
8.81, 0.181382,-0.243601,-0.0957872,0,0,0,0;
8.82, 0.175796,-0.23737,-0.095399,0,0,0,0;
8.83, 0.17011,-0.231015,-0.0949611,0,0,0,0;
8.84, 0.164592,-0.224783,-0.0945602,0,0,0,0;
8.85, 0.159215,-0.218632,-0.0941803,0,0,0,0;
8.86, 0.154148,-0.212687,-0.093877,0,0,0,0;
8.87, 0.149222,-0.206789,-0.0935806,0,0,0,0;
8.88, 0.144599,-0.201048,-0.0933455,0,0,0,0;
8.89, 0.140037,-0.195273,-0.0930778,0,0,0,0;
8.9, 0.135821,-0.189665,-0.0928758,0,0,0,0;
8.91, 0.131796,-0.184099,-0.0926794,0,0,0,0;
8.92, 0.127944,-0.178555,-0.0924829,0,0,0,0;
8.93, 0.124492,-0.173181,-0.0923557,0,0,0,0;
8.94, 0.121374,-0.167918,-0.0922726,0,0,0,0;
8.95, 0.118379,-0.162626,-0.0921631,0,0,0,0;
8.96, 0.115781,-0.157459,-0.0921154,0,0,0,0;
8.97, 0.113488,-0.152362,-0.0920944,0,0,0,0;
8.98, 0.111526,-0.147348,-0.0921069,0,0,0,0;
8.99, 0.109905,-0.142407,-0.0921553,0,0,0,0;
9, 0.108503,-0.137484,-0.0921996,0,0,0,0;
9.01, 0.107608,-0.1327,-0.0923275,0,0,0,0;
9.02, 0.106958,-0.127928,-0.0924586,0,0,0,0;
9.03, 0.106499,-0.123158,-0.0925762,0,0,0,0;
9.04, 0.106512,-0.118498,-0.0927631,0,0,0,0;
9.05, 0.106979,-0.113932,-0.0930117,0,0,0,0;
9.06, 0.107646,-0.109365,-0.0932496,0,0,0,0;
9.07, 0.10878,-0.104892,-0.0935517,0,0,0,0;
9.08, 0.110411,-0.100513,-0.093924,0,0,0,0;
9.09, 0.112195,-0.0961352,-0.0942739,0,0,0,0;
9.1, 0.114401,-0.091831,-0.0946738,0,0,0,0;
9.11, 0.117034,-0.0876048,-0.0951243,0,0,0,0;
9.12, 0.11988,-0.0834284,-0.0955723,0,0,0,0;
9.13, 0.12321,-0.0793659,-0.0960866,0,0,0,0;
9.14, 0.126984,-0.0754089,-0.0966563,0,0,0,0;
9.15, 0.131001,-0.0715243,-0.0972336,0,0,0,0;
9.16, 0.13536,-0.0677693,-0.0978455,0,0,0,0;
9.17, 0.139823,-0.0641129,-0.0984399,0,0,0,0;
9.18, 0.144608,-0.0606134,-0.0990701,0,0,0,0;
9.19, 0.149781,-0.057307,-0.099752,0,0,0,0;
9.2, 0.155109,-0.0541841,-0.100439,0,0,0,0;
9.21, 0.16084,-0.0513015,-0.101184,0,0,0,0;
9.22, 0.166665,-0.0486558,-0.10193,0,0,0,0;
9.23, 0.172714,-0.0462759,-0.102702,0,0,0,0;
9.24, 0.178842,-0.0442132,-0.103483,0,0,0,0;
9.25, 0.185138,-0.0425027,-0.10429,0,0,0,0;
9.26, 0.191586,-0.0411651,-0.105124,0,0,0,0;
9.27, 0.198019,-0.0402069,-0.105957,0,0,0,0;
9.28, 0.204565,-0.0397008,-0.106818,0,0,0,0;
9.29, 0.211047,-0.0396684,-0.107681,0,0,0,0;
9.3, 0.217466,-0.0401189,-0.108548,0,0,0,0;
9.31, 0.223779,-0.0410926,-0.109417,0,0,0,0;
9.32, 0.229855,-0.0425925,-0.110275,0,0,0,0;
9.33, 0.235786,-0.0446602,-0.111136,0,0,0,0;
9.34, 0.24175,-0.0473069,-0.112017,0,0,0,0;
9.35, 0.247379,-0.0505189,-0.112879,0,0,0,0;
9.36, 0.252825,-0.0543231,-0.113738,0,0,0,0;
9.37, 0.25801,-0.0586958,-0.114583,0,0,0,0;
9.38, 0.262928,-0.0636114,-0.115411,0,0,0,0;
9.39, 0.267541,-0.0690979,-0.116221,0,0,0,0;
9.4, 0.271717,-0.0750949,-0.117006,0,0,0,0;
9.41, 0.275541,-0.0815978,-0.117768,0,0,0,0;
9.42, 0.279026,-0.0885676,-0.118504,0,0,0,0;
9.43, 0.282245,-0.095969,-0.119207,0,0,0,0;
9.44, 0.285024,-0.103771,-0.119881,0,0,0,0;
9.45, 0.287517,-0.111939,-0.120515,0,0,0,0;
9.46, 0.28961,-0.120449,-0.121116,0,0,0,0;
9.47, 0.291379,-0.129246,-0.121672,0,0,0,0;
9.48, 0.292769,-0.138277,-0.122187,0,0,0,0;
9.49, 0.293839,-0.147515,-0.122653,0,0,0,0;
9.5, 0.294613,-0.156926,-0.123064,0,0,0,0;
9.51, 0.295002,-0.166498,-0.12344,0,0,0,0;
9.52, 0.295081,-0.176178,-0.123768,0,0,0,0;
9.53, 0.294867,-0.185936,-0.124047,0,0,0,0;
9.54, 0.294396,-0.195713,-0.12427,0,0,0,0;
9.55, 0.29368,-0.205493,-0.124439,0,0,0,0;
9.56, 0.2927,-0.215298,-0.124576,0,0,0,0;
9.57, 0.291522,-0.225056,-0.124665,0,0,0,0;
9.58, 0.290203,-0.234696,-0.124681,0,0,0,0;
9.59, 0.288724,-0.244247,-0.124665,0,0,0,0;
9.6, 0.287129,-0.253724,-0.124594,0,0,0,0;
9.61, 0.285448,-0.263072,-0.124491,0,0,0,0;
9.62, 0.283727,-0.272216,-0.124328,0,0,0,0;
9.63, 0.28199,-0.281216,-0.124139,0,0,0,0;
9.64, 0.280271,-0.290015,-0.123903,0,0,0,0;
9.65, 0.278604,-0.298595,-0.123627,0,0,0,0;
9.66, 0.277027,-0.307011,-0.123332,0,0,0,0;
9.67, 0.275565,-0.315167,-0.122996,0,0,0,0;
9.68, 0.274247,-0.323072,-0.122625,0,0,0,0;
9.69, 0.273109,-0.33069,-0.122227,0,0,0,0;
9.7, 0.272159,-0.337998,-0.121794,0,0,0,0;
9.71, 0.271421,-0.344957,-0.121331,0,0,0,0;
9.72, 0.2709,-0.351581,-0.120836,0,0,0,0;
9.73, 0.270628,-0.35787,-0.120319,0,0,0,0;
9.74, 0.270588,-0.363729,-0.119773,0,0,0,0;
9.75, 0.270778,-0.369153,-0.119203,0,0,0,0;
9.76, 0.271165,-0.374106,-0.118605,0,0,0,0;
9.77, 0.271801,-0.378597,-0.117997,0,0,0,0;
9.78, 0.272623,-0.382582,-0.11737,0,0,0,0;
9.79, 0.273606,-0.386082,-0.116717,0,0,0,0;
9.8, 0.274726,-0.389042,-0.116045,0,0,0,0;
9.81, 0.275964,-0.391407,-0.115359,0,0,0,0;
9.82, 0.277224,-0.393193,-0.114659,0,0,0,0;
9.83, 0.27849,-0.394342,-0.113949,0,0,0,0;
9.84, 0.279679,-0.394924,-0.11323,0,0,0,0;
9.85, 0.280755,-0.394902,-0.112507,0,0,0,0;
9.86, 0.281684,-0.394281,-0.111773,0,0,0,0;
9.87, 0.282423,-0.393043,-0.111012,0,0,0,0;
9.88, 0.282893,-0.391269,-0.110261,0,0,0,0;
9.89, 0.283047,-0.388891,-0.10952,0,0,0,0;
9.9, 0.282879,-0.386011,-0.108768,0,0,0,0;
9.91, 0.282332,-0.382581,-0.108012,0,0,0,0;
9.92, 0.281397,-0.378707,-0.107262,0,0,0,0;
9.93, 0.280032,-0.374338,-0.106506,0,0,0,0;
9.94, 0.278235,-0.369582,-0.10577,0,0,0,0;
9.95, 0.275991,-0.364398,-0.105016,0,0,0,0;
9.96, 0.273324,-0.358922,-0.104285,0,0,0,0;
9.97, 0.270271,-0.353238,-0.103581,0,0,0,0;
9.98, 0.266832,-0.347331,-0.102896,0,0,0,0;
9.99, 0.263005,-0.341179,-0.1022,0,0,0,0;
