0, -1.52951, -0.141465, 0.717801; 
0.01, -1.52949, -0.141451, 0.717818; 
0.02, -1.52428, -0.143261, 0.719915; 
0.03, -1.51948, -0.144888, 0.722297; 
0.04, -1.51549, -0.145908, 0.724195; 
0.05, -1.51223, -0.146418, 0.72557; 
0.06, -1.50958, -0.146284, 0.726606; 
0.07, -1.50767, -0.146125, 0.727346; 
0.08, -1.50622, -0.145468, 0.727872; 
0.09, -1.50525, -0.144615, 0.728261; 
0.1, -1.50468, -0.143543, 0.728574; 
0.11, -1.50446, -0.142327, 0.728823; 
0.12, -1.50455, -0.141012, 0.729035; 
0.13, -1.50489, -0.139601, 0.729222; 
0.14, -1.50548, -0.138211, 0.729371; 
0.15, -1.50627, -0.136773, 0.729509; 
0.16, -1.50725, -0.135374, 0.729621; 
0.17, -1.50838, -0.134009, 0.729695; 
0.18, -1.50964, -0.132671, 0.72974; 
0.19, -1.51102, -0.131328, 0.729827; 
0.2, -1.51253, -0.130105, 0.729878; 
0.21, -1.51413, -0.128921, 0.72995; 
0.22, -1.51583, -0.127802, 0.730013; 
0.23, -1.5176, -0.126794, 0.730061; 
0.24, -1.51944, -0.125822, 0.730127; 
0.25, -1.52138, -0.125055, 0.730149; 
0.26, -1.52332, -0.124236, 0.730176; 
0.27, -1.52534, -0.123607, 0.730175; 
0.28, -1.52738, -0.123026, 0.730195; 
0.29, -1.52949, -0.122624, 0.730186; 
0.3, -1.5316, -0.122263, 0.73018; 
0.31, -1.53374, -0.122013, 0.730166; 
0.32, -1.53588, -0.121824, 0.730163; 
0.33, -1.53804, -0.121731, 0.730156; 
0.34, -1.5402, -0.121772, 0.73013; 
0.35, -1.54235, -0.121877, 0.730118; 
0.36, -1.5445, -0.122097, 0.730094; 
0.37, -1.54664, -0.122446, 0.730065; 
0.38, -1.54877, -0.122842, 0.730026; 
0.39, -1.55087, -0.123382, 0.730023; 
0.4, -1.55296, -0.124049, 0.729999; 
0.41, -1.555, -0.124732, 0.72997; 
0.42, -1.55701, -0.125549, 0.729953; 
0.43, -1.55901, -0.12646, 0.729922; 
0.44, -1.56094, -0.12738, 0.729903; 
0.45, -1.56281, -0.128476, 0.729877; 
0.46, -1.56465, -0.129617, 0.729861; 
0.47, -1.56644, -0.13093, 0.729839; 
0.48, -1.56814, -0.132249, 0.729783; 
0.49, -1.56975, -0.13364, 0.729787; 
0.5, -1.57132, -0.13517, 0.729766; 
0.51, -1.57281, -0.136713, 0.729747; 
0.52, -1.57423, -0.138346, 0.729704; 
0.53, -1.5756, -0.140104, 0.729674; 
0.54, -1.57687, -0.14181, 0.729631; 
0.55, -1.57809, -0.143702, 0.729615; 
0.56, -1.57922, -0.145595, 0.729601; 
0.57, -1.58027, -0.147531, 0.729588; 
0.58, -1.58116, -0.149496, 0.729529; 
0.59, -1.58195, -0.151495, 0.729479; 
0.6, -1.58267, -0.15352, 0.729429; 
0.61, -1.58329, -0.15559, 0.729375; 
0.62, -1.58382, -0.157679, 0.729336; 
0.63, -1.58424, -0.159812, 0.729283; 
0.64, -1.58456, -0.162, 0.729263; 
0.65, -1.58479, -0.164171, 0.729228; 
0.66, -1.58487, -0.166285, 0.729161; 
0.67, -1.58486, -0.168445, 0.72911; 
0.68, -1.58478, -0.170618, 0.72907; 
0.69, -1.58458, -0.172765, 0.729021; 
0.7, -1.58429, -0.174905, 0.728973; 
0.71, -1.58392, -0.177069, 0.728957; 
0.72, -1.58344, -0.179173, 0.728918; 
0.73, -1.58286, -0.181265, 0.728879; 
0.74, -1.58217, -0.183303, 0.72882; 
0.75, -1.58139, -0.185326, 0.728763; 
0.76, -1.58051, -0.187319, 0.728726; 
0.77, -1.57954, -0.189229, 0.728657; 
0.78, -1.5785, -0.191149, 0.728635; 
0.79, -1.57735, -0.192966, 0.728582; 
0.8, -1.57611, -0.194697, 0.728491; 
0.81, -1.5748, -0.196414, 0.728439; 
0.82, -1.5734, -0.198053, 0.728388; 
0.83, -1.57195, -0.199667, 0.728365; 
0.84, -1.57042, -0.201233, 0.728352; 
0.85, -1.56882, -0.202675, 0.728313; 
0.86, -1.56715, -0.204012, 0.728241; 
0.87, -1.56542, -0.205281, 0.728159; 
0.88, -1.56364, -0.206457, 0.72809; 
0.89, -1.5618, -0.207563, 0.728033; 
0.9, -1.55991, -0.208559, 0.72796; 
0.91, -1.55799, -0.209522, 0.727916; 
0.92, -1.556, -0.210372, 0.727868; 
0.93, -1.55397, -0.211101, 0.727792; 
0.94, -1.5519, -0.211733, 0.727712; 
0.95, -1.54981, -0.212251, 0.727625; 
0.96, -1.5477, -0.212668, 0.727535; 
0.97, -1.54558, -0.213027, 0.727485; 
0.98, -1.54346, -0.213303, 0.727443; 
0.99, -1.54133, -0.213473, 0.72739; 
1, -1.53918, -0.213539, 0.727339; 
1.01, -1.53705, -0.213539, 0.727321; 
1.02, -1.53493, -0.213461, 0.727317; 
1.03, -1.53281, -0.213223, 0.727266; 
1.04, -1.5307, -0.212919, 0.727239; 
1.05, -1.52861, -0.212518, 0.727225; 
1.06, -1.52653, -0.211978, 0.727159; 
1.07, -1.52449, -0.211354, 0.727109; 
1.08, -1.52247, -0.210606, 0.727055; 
1.09, -1.52048, -0.209744, 0.726969; 
1.1, -1.51854, -0.208807, 0.726893; 
1.11, -1.51663, -0.207755, 0.726802; 
1.12, -1.51479, -0.206666, 0.726755; 
1.13, -1.51299, -0.205489, 0.726698; 
1.14, -1.51126, -0.204248, 0.726655; 
1.15, -1.50958, -0.202917, 0.726628; 
1.16, -1.50798, -0.201487, 0.726581; 
1.17, -1.50642, -0.199956, 0.726509; 
1.18, -1.50497, -0.198455, 0.726475; 
1.19, -1.50355, -0.196794, 0.726377; 
1.2, -1.50222, -0.195105, 0.726313; 
1.21, -1.50099, -0.193379, 0.726259; 
1.22, -1.49983, -0.191545, 0.726202; 
1.23, -1.49878, -0.18973, 0.72618; 
1.24, -1.49779, -0.187808, 0.726118; 
1.25, -1.49689, -0.185824, 0.726046; 
1.26, -1.49607, -0.183775, 0.725976; 
1.27, -1.49535, -0.181712, 0.72591; 
1.28, -1.49472, -0.179611, 0.725837; 
1.29, -1.4942, -0.177465, 0.725763; 
1.3, -1.49378, -0.175349, 0.725704; 
1.31, -1.49345, -0.173179, 0.725635; 
1.32, -1.49325, -0.171042, 0.72557; 
1.33, -1.49311, -0.1688, 0.725495; 
1.34, -1.49309, -0.166608, 0.725431; 
1.35, -1.49318, -0.16441, 0.725356; 
1.36, -1.49338, -0.162253, 0.725286; 
1.37, -1.49368, -0.160123, 0.725221; 
1.38, -1.49406, -0.157929, 0.725154; 
1.39, -1.49456, -0.155809, 0.725087; 
1.4, -1.49514, -0.153656, 0.725029; 
1.41, -1.49585, -0.151622, 0.724959; 
1.42, -1.49665, -0.149616, 0.724877; 
1.43, -1.49752, -0.147583, 0.724807; 
1.44, -1.49851, -0.145685, 0.724742; 
1.45, -1.4996, -0.14384, 0.724656; 
1.46, -1.50076, -0.142005, 0.724582; 
1.47, -1.50201, -0.140216, 0.724516; 
1.48, -1.50335, -0.138533, 0.724443; 
1.49, -1.50475, -0.136856, 0.724377; 
1.5, -1.50625, -0.135291, 0.724301; 
1.51, -1.5078, -0.133743, 0.724231; 
1.52, -1.50943, -0.1323, 0.724158; 
1.53, -1.51113, -0.130955, 0.724079; 
1.54, -1.51288, -0.129665, 0.724004; 
1.55, -1.5147, -0.128503, 0.723926; 
1.56, -1.51657, -0.127407, 0.723845; 
1.57, -1.5185, -0.126443, 0.723753; 
1.58, -1.52046, -0.125504, 0.723664; 
1.59, -1.52247, -0.124682, 0.723575; 
1.6, -1.52454, -0.124029, 0.723479; 
1.61, -1.52663, -0.12342, 0.723388; 
1.62, -1.52872, -0.122872, 0.723302; 
1.63, -1.53085, -0.122486, 0.723218; 
1.64, -1.53299, -0.12216, 0.723132; 
1.65, -1.53514, -0.121912, 0.723062; 
1.66, -1.53731, -0.121799, 0.722981; 
1.67, -1.53946, -0.121736, 0.722912; 
1.68, -1.54161, -0.12182, 0.722838; 
1.69, -1.54379, -0.122031, 0.722745; 
1.7, -1.54594, -0.122332, 0.722654; 
1.71, -1.54809, -0.122749, 0.722554; 
1.72, -1.5502, -0.123232, 0.722473; 
1.73, -1.55229, -0.123829, 0.72239; 
1.74, -1.55434, -0.124497, 0.72231; 
1.75, -1.55635, -0.125226, 0.722224; 
1.76, -1.55833, -0.126087, 0.722119; 
1.77, -1.56026, -0.12701, 0.722034; 
1.78, -1.56215, -0.128047, 0.721947; 
1.79, -1.564, -0.129196, 0.721864; 
1.8, -1.5658, -0.130396, 0.721776; 
1.81, -1.56751, -0.131676, 0.721689; 
1.82, -1.5692, -0.133112, 0.721604; 
1.83, -1.5708, -0.134554, 0.721517; 
1.84, -1.57233, -0.136117, 0.72143; 
1.85, -1.57379, -0.13775, 0.721345; 
1.86, -1.57517, -0.139446, 0.721262; 
1.87, -1.57648, -0.141218, 0.721178; 
1.88, -1.57769, -0.143033, 0.721093; 
1.89, -1.57881, -0.144907, 0.721006; 
1.9, -1.57985, -0.146798, 0.720924; 
1.91, -1.5808, -0.148763, 0.720849; 
1.92, -1.58165, -0.150764, 0.720764; 
1.93, -1.58242, -0.15281, 0.720665; 
1.94, -1.58308, -0.154903, 0.720582; 
1.95, -1.58363, -0.156992, 0.720487; 
1.96, -1.58409, -0.159122, 0.720391; 
1.97, -1.58444, -0.161261, 0.720308; 
1.98, -1.58469, -0.163418, 0.720219; 
1.99, -1.58485, -0.16558, 0.720124; 
2, -1.58489, -0.167732, 0.72003; 
2.01, -1.58486, -0.169942, 0.719955; 
2.02, -1.5847, -0.172077, 0.719847; 
2.03, -1.58445, -0.174221, 0.719744; 
2.04, -1.58411, -0.176387, 0.71966; 
2.05, -1.58366, -0.178505, 0.719568; 
2.06, -1.58309, -0.180557, 0.719445; 
2.07, -1.58242, -0.18258, 0.719325; 
2.08, -1.58166, -0.184572, 0.719208; 
2.09, -1.5808, -0.186548, 0.719097; 
2.1, -1.57986, -0.188463, 0.718991; 
2.11, -1.57884, -0.190376, 0.718905; 
2.12, -1.57774, -0.192251, 0.71882; 
2.13, -1.57655, -0.19407, 0.718743; 
2.14, -1.57525, -0.195791, 0.718631; 
2.15, -1.57389, -0.197471, 0.71854; 
2.16, -1.57246, -0.199077, 0.718445; 
2.17, -1.57095, -0.200628, 0.718354; 
2.18, -1.56936, -0.202102, 0.718259; 
2.19, -1.56772, -0.203503, 0.718171; 
2.2, -1.56601, -0.20481, 0.71807; 
2.21, -1.56422, -0.205991, 0.71793; 
2.22, -1.56238, -0.207102, 0.7178; 
2.23, -1.5605, -0.208129, 0.71768; 
2.24, -1.55857, -0.209092, 0.717573; 
2.25, -1.55662, -0.210012, 0.717503; 
2.26, -1.55463, -0.210788, 0.717404; 
2.27, -1.55261, -0.211531, 0.717352; 
2.28, -1.55057, -0.212186, 0.717311; 
2.29, -1.54849, -0.21272, 0.717246; 
2.3, -1.54636, -0.213076, 0.717122; 
2.31, -1.54423, -0.213383, 0.717038; 
2.32, -1.54207, -0.213531, 0.716914; 
2.33, -1.53993, -0.213614, 0.716811; 
2.34, -1.53777, -0.213593, 0.716711; 
2.35, -1.53563, -0.213476, 0.716607; 
2.36, -1.53348, -0.213238, 0.716495; 
2.37, -1.53135, -0.212936, 0.716408; 
2.38, -1.52925, -0.212548, 0.716328; 
2.39, -1.52716, -0.212044, 0.716235; 
2.4, -1.52511, -0.211454, 0.716155; 
2.41, -1.52308, -0.210772, 0.716074; 
2.42, -1.52109, -0.209975, 0.715984; 
2.43, -1.51912, -0.209067, 0.715882; 
2.44, -1.5172, -0.208065, 0.715778; 
2.45, -1.51532, -0.20697, 0.715676; 
2.46, -1.5135, -0.205816, 0.715586; 
2.47, -1.51174, -0.204554, 0.715485; 
2.48, -1.51004, -0.203252, 0.715407; 
2.49, -1.50841, -0.201867, 0.715318; 
2.5, -1.50684, -0.200401, 0.715233; 
2.51, -1.50534, -0.198878, 0.715158; 
2.52, -1.50392, -0.197268, 0.715072; 
2.53, -1.50258, -0.195636, 0.715005; 
2.54, -1.50132, -0.193919, 0.714927; 
2.55, -1.50012, -0.192092, 0.714828; 
2.56, -1.49905, -0.190302, 0.714767; 
2.57, -1.49803, -0.188395, 0.714682; 
2.58, -1.49711, -0.186463, 0.714602; 
2.59, -1.49629, -0.184479, 0.714514; 
2.6, -1.49556, -0.182472, 0.714431; 
2.61, -1.4949, -0.180385, 0.71433; 
2.62, -1.49436, -0.178308, 0.714246; 
2.63, -1.49389, -0.176124, 0.714143; 
2.64, -1.49355, -0.173983, 0.714051; 
2.65, -1.4933, -0.171797, 0.713953; 
2.66, -1.49314, -0.169598, 0.713865; 
2.67, -1.49309, -0.167395, 0.71376; 
2.68, -1.49313, -0.165177, 0.713653; 
2.69, -1.49329, -0.163, 0.71356; 
2.7, -1.49356, -0.160825, 0.713469; 
2.71, -1.49391, -0.158642, 0.713368; 
2.72, -1.49438, -0.156543, 0.713276; 
2.73, -1.49496, -0.154454, 0.713183; 
2.74, -1.49563, -0.152394, 0.71309; 
2.75, -1.49637, -0.150311, 0.712996; 
2.76, -1.49725, -0.148344, 0.712907; 
2.77, -1.4982, -0.146402, 0.71282; 
2.78, -1.49922, -0.144417, 0.712737; 
2.79, -1.50037, -0.142606, 0.712647; 
2.8, -1.50157, -0.140748, 0.712562; 
2.81, -1.50286, -0.138963, 0.712478; 
2.82, -1.50424, -0.13728, 0.71239; 
2.83, -1.50568, -0.135625, 0.712305; 
2.84, -1.50723, -0.13414, 0.712205; 
2.85, -1.50883, -0.132666, 0.712117; 
2.86, -1.51052, -0.13133, 0.712018; 
2.87, -1.51227, -0.130049, 0.711928; 
2.88, -1.51407, -0.128843, 0.711833; 
2.89, -1.51593, -0.127733, 0.711741; 
2.9, -1.51785, -0.126729, 0.711642; 
2.91, -1.5198, -0.12579, 0.711549; 
2.92, -1.52179, -0.124945, 0.711455; 
2.93, -1.52381, -0.124157, 0.711368; 
2.94, -1.52587, -0.123504, 0.71128; 
2.95, -1.52797, -0.122944, 0.711188; 
2.96, -1.5301, -0.122524, 0.711087; 
2.97, -1.53223, -0.122142, 0.710994; 
2.98, -1.53438, -0.12188, 0.7109; 
2.99, -1.53656, -0.12177, 0.710793; 
3, -1.53872, -0.121685, 0.710709; 
3.01, -1.54089, -0.121738, 0.710618; 
3.02, -1.54306, -0.121905, 0.710526; 
3.03, -1.54523, -0.122196, 0.710426; 
3.04, -1.54736, -0.122518, 0.710334; 
3.05, -1.54948, -0.12298, 0.710236; 
3.06, -1.55157, -0.123517, 0.71015; 
3.07, -1.55363, -0.124154, 0.710057; 
3.08, -1.55567, -0.124889, 0.709965; 
3.09, -1.55767, -0.125721, 0.709869; 
3.1, -1.55963, -0.126662, 0.709775; 
3.11, -1.56156, -0.12773, 0.709688; 
3.12, -1.56343, -0.128861, 0.709596; 
3.13, -1.56523, -0.130043, 0.709506; 
3.14, -1.567, -0.131367, 0.709426; 
3.15, -1.56868, -0.132734, 0.709337; 
3.16, -1.57031, -0.134165, 0.709246; 
3.17, -1.57188, -0.135698, 0.709154; 
3.18, -1.57335, -0.137265, 0.709077; 
3.19, -1.57477, -0.138963, 0.709002; 
3.2, -1.57608, -0.140672, 0.708916; 
3.21, -1.57732, -0.142447, 0.708831; 
3.22, -1.57848, -0.144311, 0.708753; 
3.23, -1.57955, -0.146176, 0.708669; 
3.24, -1.58054, -0.148095, 0.708587; 
3.25, -1.58142, -0.150077, 0.708486; 
3.26, -1.58222, -0.152161, 0.708419; 
3.27, -1.5829, -0.154217, 0.708336; 
3.28, -1.5835, -0.156327, 0.708251; 
3.29, -1.584, -0.158434, 0.708175; 
3.3, -1.58438, -0.160547, 0.708079; 
3.31, -1.58469, -0.162689, 0.707994; 
3.32, -1.58488, -0.164853, 0.707913; 
3.33, -1.58498, -0.167077, 0.707852; 
3.34, -1.58495, -0.169221, 0.707764; 
3.35, -1.58482, -0.171375, 0.707672; 
3.36, -1.5846, -0.173511, 0.707585; 
3.37, -1.58426, -0.175632, 0.707487; 
3.38, -1.58382, -0.177713, 0.707382; 
3.39, -1.58328, -0.179793, 0.707294; 
3.4, -1.58266, -0.18187, 0.707211; 
3.41, -1.58193, -0.183898, 0.707119; 
3.42, -1.58114, -0.185924, 0.707048; 
3.43, -1.58023, -0.187887, 0.706957; 
3.44, -1.57924, -0.189831, 0.706886; 
3.45, -1.57816, -0.191699, 0.706802; 
3.46, -1.57701, -0.19353, 0.706725; 
3.47, -1.57576, -0.195308, 0.706654; 
3.48, -1.57443, -0.196984, 0.706565; 
3.49, -1.57301, -0.198639, 0.706497; 
3.5, -1.57151, -0.200158, 0.706383; 
3.51, -1.56995, -0.201656, 0.706308; 
3.52, -1.56835, -0.203138, 0.706274; 
3.53, -1.56665, -0.204468, 0.706187; 
3.54, -1.5649, -0.20573, 0.706115; 
3.55, -1.56311, -0.206941, 0.706065; 
3.56, -1.56123, -0.207995, 0.705961; 
3.57, -1.55931, -0.208955, 0.705858; 
3.58, -1.55735, -0.209849, 0.705778; 
3.59, -1.55536, -0.210669, 0.705707; 
3.6, -1.55333, -0.211357, 0.70561; 
3.61, -1.55126, -0.21196, 0.70552; 
3.62, -1.54916, -0.212449, 0.705419; 
3.63, -1.54704, -0.212852, 0.705331; 
3.64, -1.54492, -0.213201, 0.705272; 
3.65, -1.54277, -0.213416, 0.705191; 
3.66, -1.54063, -0.213548, 0.705124; 
3.67, -1.53849, -0.213616, 0.705085; 
3.68, -1.53634, -0.213539, 0.705013; 
3.69, -1.5342, -0.213375, 0.704951; 
3.7, -1.53206, -0.213077, 0.704868; 
3.71, -1.52996, -0.212748, 0.70483; 
3.72, -1.52788, -0.212326, 0.704797; 
3.73, -1.5258, -0.211739, 0.704725; 
3.74, -1.52378, -0.211137, 0.704701; 
3.75, -1.52178, -0.210401, 0.704647; 
3.76, -1.51981, -0.209548, 0.704588; 
3.77, -1.51787, -0.208576, 0.704508; 
3.78, -1.51597, -0.207511, 0.704441; 
3.79, -1.51413, -0.20638, 0.704375; 
3.8, -1.51235, -0.205158, 0.704292; 
3.81, -1.51065, -0.203913, 0.704251; 
3.82, -1.50899, -0.202529, 0.704187; 
3.83, -1.5074, -0.201078, 0.704138; 
3.84, -1.50588, -0.199576, 0.704097; 
3.85, -1.50444, -0.198017, 0.704052; 
3.86, -1.50306, -0.196332, 0.703986; 
3.87, -1.50175, -0.194589, 0.703922; 
3.88, -1.50054, -0.192823, 0.703871; 
3.89, -1.49942, -0.191018, 0.703826; 
3.9, -1.49837, -0.189119, 0.703765; 
3.91, -1.49743, -0.187217, 0.703713; 
3.92, -1.49655, -0.185201, 0.703647; 
3.93, -1.49578, -0.183187, 0.703588; 
3.94, -1.49509, -0.181074, 0.70352; 
3.95, -1.49451, -0.17896, 0.703457; 
3.96, -1.49403, -0.176843, 0.703399; 
3.97, -1.49362, -0.174637, 0.70333; 
3.98, -1.49335, -0.172489, 0.70327; 
3.99, -1.49316, -0.170291, 0.703207; 
4, -1.49309, -0.168141, 0.703154; 
4.01, -1.49313, -0.165992, 0.703101; 
4.02, -1.49324, -0.163774, 0.703039; 
4.03, -1.49348, -0.161621, 0.702982; 
4.04, -1.49383, -0.159497, 0.702926; 
4.05, -1.49426, -0.157371, 0.702873; 
4.06, -1.49479, -0.15526, 0.70282; 
4.07, -1.49544, -0.153199, 0.70277; 
4.08, -1.49616, -0.151122, 0.702719; 
4.09, -1.49697, -0.14908, 0.70267; 
4.1, -1.49786, -0.147017, 0.702623; 
4.11, -1.49886, -0.14507, 0.702576; 
4.12, -1.49995, -0.143159, 0.702532; 
4.13, -1.50115, -0.141376, 0.702481; 
4.14, -1.50241, -0.139567, 0.702437; 
4.15, -1.50379, -0.137909, 0.702386; 
4.16, -1.50522, -0.136264, 0.70234; 
4.17, -1.50671, -0.134652, 0.7023; 
4.18, -1.50829, -0.133148, 0.702255; 
4.19, -1.50994, -0.131744, 0.70221; 
4.2, -1.51165, -0.13041, 0.702166; 
4.21, -1.51343, -0.129172, 0.702123; 
4.22, -1.51527, -0.128052, 0.702074; 
4.23, -1.51715, -0.126962, 0.702032; 
4.24, -1.5191, -0.126027, 0.701986; 
4.25, -1.52108, -0.125146, 0.701942; 
4.26, -1.5231, -0.124379, 0.701902; 
4.27, -1.52518, -0.123738, 0.701861; 
4.28, -1.52726, -0.123153, 0.70182; 
4.29, -1.52937, -0.122648, 0.701785; 
4.3, -1.5315, -0.12226, 0.701737; 
4.31, -1.53365, -0.121992, 0.701681; 
4.32, -1.53583, -0.121843, 0.701634; 
4.33, -1.53798, -0.121716, 0.701597; 
4.34, -1.54014, -0.121722, 0.701554; 
4.35, -1.54229, -0.121812, 0.701514; 
4.36, -1.54445, -0.122028, 0.701481; 
4.37, -1.5466, -0.122348, 0.701432; 
4.38, -1.54873, -0.122784, 0.701391; 
4.39, -1.55083, -0.123295, 0.701348; 
4.4, -1.55291, -0.123908, 0.701302; 
4.41, -1.55495, -0.124596, 0.701267; 
4.42, -1.55695, -0.125381, 0.701232; 
4.43, -1.55892, -0.126269, 0.701199; 
4.44, -1.56084, -0.127241, 0.701164; 
4.45, -1.56272, -0.128289, 0.701132; 
4.46, -1.56455, -0.129452, 0.701097; 
4.47, -1.56632, -0.1307, 0.701059; 
4.48, -1.56804, -0.132056, 0.701026; 
4.49, -1.56969, -0.133462, 0.700999; 
4.5, -1.57129, -0.134983, 0.700973; 
4.51, -1.57279, -0.136558, 0.700947; 
4.52, -1.57422, -0.138208, 0.700918; 
4.53, -1.57558, -0.139935, 0.70089; 
4.54, -1.57684, -0.141714, 0.700861; 
4.55, -1.57804, -0.143567, 0.700833; 
4.56, -1.57917, -0.145472, 0.700806; 
4.57, -1.58019, -0.147428, 0.700789; 
4.58, -1.5811, -0.149375, 0.700766; 
4.59, -1.58195, -0.151442, 0.700753; 
4.6, -1.58268, -0.153515, 0.700729; 
4.61, -1.5833, -0.155588, 0.700718; 
4.62, -1.58382, -0.157684, 0.700695; 
4.63, -1.58425, -0.159801, 0.70067; 
4.64, -1.58459, -0.161975, 0.700658; 
4.65, -1.58482, -0.164104, 0.700631; 
4.66, -1.58493, -0.166268, 0.700586; 
4.67, -1.58495, -0.168424, 0.70056; 
4.68, -1.58486, -0.170563, 0.700534; 
4.69, -1.58468, -0.172775, 0.70054; 
4.7, -1.58439, -0.174925, 0.70052; 
4.71, -1.58401, -0.177065, 0.700489; 
4.72, -1.58351, -0.179165, 0.700467; 
4.73, -1.58292, -0.181211, 0.700433; 
4.74, -1.58223, -0.183241, 0.700414; 
4.75, -1.58144, -0.185237, 0.700377; 
4.76, -1.58056, -0.187186, 0.700342; 
4.77, -1.57959, -0.189125, 0.700322; 
4.78, -1.57853, -0.191002, 0.700305; 
4.79, -1.57738, -0.192833, 0.700278; 
4.8, -1.57615, -0.194614, 0.700262; 
4.81, -1.57486, -0.196365, 0.700262; 
4.82, -1.57349, -0.198053, 0.700274; 
4.83, -1.57204, -0.199667, 0.700283; 
4.84, -1.57052, -0.201214, 0.700284; 
4.85, -1.56892, -0.202643, 0.700262; 
4.86, -1.56726, -0.204037, 0.700273; 
4.87, -1.56553, -0.205339, 0.700272; 
4.88, -1.56374, -0.206545, 0.700266; 
4.89, -1.56189, -0.207635, 0.700237; 
4.9, -1.55998, -0.208641, 0.70021; 
4.91, -1.55804, -0.209577, 0.700201; 
4.92, -1.55607, -0.210439, 0.700207; 
4.93, -1.55407, -0.211239, 0.700238; 
4.94, -1.55201, -0.21188, 0.700219; 
4.95, -1.54995, -0.212475, 0.700235; 
4.96, -1.54784, -0.212906, 0.700211; 
4.97, -1.54572, -0.213264, 0.700205; 
4.98, -1.54356, -0.213457, 0.700168; 
4.99, -1.54143, -0.213668, 0.700194; 
5, -1.53928, -0.21371, 0.700183; 
5.01, -1.53714, -0.213722, 0.700216; 
5.02, -1.535, -0.213605, 0.700236; 
5.03, -1.53286, -0.213344, 0.700226; 
5.04, -1.53074, -0.213017, 0.700237; 
5.05, -1.52864, -0.212564, 0.700232; 
5.06, -1.52654, -0.211986, 0.700213; 
5.07, -1.52449, -0.211379, 0.700239; 
5.08, -1.52246, -0.210638, 0.700241; 
5.09, -1.52047, -0.209801, 0.700244; 
5.1, -1.51852, -0.208867, 0.700243; 
5.11, -1.51661, -0.207848, 0.700249; 
5.12, -1.51478, -0.206812, 0.700287; 
5.13, -1.51298, -0.205643, 0.700303; 
5.14, -1.51122, -0.204332, 0.700286; 
5.15, -1.50954, -0.202972, 0.700293; 
5.16, -1.50791, -0.201525, 0.700294; 
5.17, -1.50635, -0.200005, 0.7003; 
5.18, -1.50489, -0.198465, 0.700328; 
5.19, -1.50348, -0.196829, 0.70034; 
5.2, -1.50217, -0.195148, 0.700364; 
5.21, -1.50092, -0.19336, 0.70038; 
5.22, -1.49975, -0.191519, 0.700386; 
5.23, -1.49867, -0.189612, 0.700392; 
5.24, -1.49769, -0.187704, 0.700414; 
5.25, -1.49679, -0.185721, 0.700432; 
5.26, -1.49599, -0.183705, 0.70045; 
5.27, -1.49528, -0.181643, 0.700466; 
5.28, -1.49467, -0.179572, 0.700477; 
5.29, -1.49414, -0.177438, 0.700485; 
5.3, -1.49372, -0.175308, 0.700495; 
5.31, -1.49341, -0.17316, 0.700514; 
5.32, -1.4932, -0.171016, 0.700538; 
5.33, -1.49311, -0.168877, 0.700568; 
5.34, -1.4931, -0.166709, 0.700592; 
5.35, -1.4932, -0.164549, 0.700619; 
5.36, -1.49341, -0.162422, 0.70064; 
5.37, -1.49371, -0.160285, 0.700657; 
5.38, -1.49411, -0.158144, 0.700678; 
5.39, -1.49461, -0.156009, 0.700705; 
5.4, -1.49519, -0.153864, 0.700734; 
5.41, -1.4959, -0.151831, 0.70076; 
5.42, -1.49669, -0.149799, 0.700786; 
5.43, -1.49757, -0.147795, 0.700813; 
5.44, -1.49855, -0.145841, 0.700842; 
5.45, -1.49964, -0.143992, 0.700864; 
5.46, -1.5008, -0.14215, 0.700891; 
5.47, -1.50203, -0.140329, 0.700924; 
5.48, -1.50334, -0.138575, 0.700959; 
5.49, -1.50474, -0.13689, 0.700992; 
5.5, -1.50621, -0.135276, 0.701029; 
5.51, -1.50777, -0.133765, 0.701057; 
5.52, -1.50938, -0.132268, 0.701095; 
5.53, -1.51106, -0.130871, 0.70113; 
5.54, -1.51281, -0.129579, 0.701167; 
5.55, -1.51464, -0.128442, 0.701192; 
5.56, -1.51652, -0.127386, 0.701215; 
5.57, -1.51845, -0.126422, 0.701243; 
5.58, -1.52044, -0.125579, 0.701268; 
5.59, -1.52245, -0.124801, 0.701299; 
5.6, -1.52451, -0.124098, 0.701327; 
5.61, -1.52658, -0.123453, 0.701364; 
5.62, -1.52867, -0.122894, 0.701405; 
5.63, -1.53079, -0.122467, 0.701436; 
5.64, -1.53292, -0.122128, 0.701472; 
5.65, -1.53507, -0.121879, 0.701511; 
5.66, -1.53721, -0.121701, 0.701554; 
5.67, -1.53937, -0.121652, 0.701595; 
5.68, -1.54154, -0.121724, 0.701629; 
5.69, -1.54369, -0.121882, 0.70167; 
5.7, -1.54584, -0.122162, 0.701707; 
5.71, -1.54798, -0.122545, 0.701744; 
5.72, -1.5501, -0.123039, 0.70178; 
5.73, -1.5522, -0.123637, 0.701814; 
5.74, -1.55427, -0.124341, 0.701852; 
5.75, -1.5563, -0.125122, 0.701898; 
5.76, -1.5583, -0.125994, 0.701943; 
5.77, -1.56024, -0.126985, 0.701975; 
5.78, -1.56214, -0.12805, 0.70201; 
5.79, -1.564, -0.129218, 0.702054; 
5.8, -1.56579, -0.130444, 0.702094; 
5.81, -1.56753, -0.131737, 0.702143; 
5.82, -1.5692, -0.133136, 0.702188; 
5.83, -1.57079, -0.134584, 0.702237; 
5.84, -1.57232, -0.136145, 0.702292; 
5.85, -1.57379, -0.137789, 0.702344; 
5.86, -1.57517, -0.139479, 0.702398; 
5.87, -1.57647, -0.141211, 0.70245; 
5.88, -1.57768, -0.143013, 0.702508; 
5.89, -1.57881, -0.144873, 0.702562; 
5.9, -1.57984, -0.146765, 0.702605; 
5.91, -1.58078, -0.148723, 0.702663; 
5.92, -1.58164, -0.150722, 0.702719; 
5.93, -1.58243, -0.152774, 0.702782; 
5.94, -1.58308, -0.154839, 0.702829; 
5.95, -1.58364, -0.156943, 0.702881; 
5.96, -1.58412, -0.159114, 0.702968; 
5.97, -1.5845, -0.161263, 0.70303; 
5.98, -1.58475, -0.163411, 0.703072; 
5.99, -1.58491, -0.165566, 0.703127; 
6, -1.58496, -0.167702, 0.703169; 
6.01, -1.58492, -0.169897, 0.70323; 
6.02, -1.58478, -0.172073, 0.703281; 
6.03, -1.58452, -0.174225, 0.703334; 
6.04, -1.58416, -0.176369, 0.70339; 
6.05, -1.58372, -0.178484, 0.703451; 
6.06, -1.58316, -0.180526, 0.703475; 
6.07, -1.58254, -0.182671, 0.703577; 
6.08, -1.5818, -0.18471, 0.70364; 
6.09, -1.58095, -0.186699, 0.703696; 
6.1, -1.58001, -0.188642, 0.703745; 
6.11, -1.57898, -0.19054, 0.703795; 
6.12, -1.57785, -0.192349, 0.703821; 
6.13, -1.57665, -0.194159, 0.703885; 
6.14, -1.57536, -0.195864, 0.703924; 
6.15, -1.57399, -0.197508, 0.703974; 
6.16, -1.57253, -0.199079, 0.704009; 
6.17, -1.57101, -0.20059, 0.704041; 
6.18, -1.56942, -0.20203, 0.704086; 
6.19, -1.56779, -0.203448, 0.704164; 
6.2, -1.56609, -0.2048, 0.704248; 
6.21, -1.56431, -0.206006, 0.704296; 
6.22, -1.56251, -0.207236, 0.704415; 
6.23, -1.56065, -0.208322, 0.704494; 
6.24, -1.55871, -0.209269, 0.704539; 
6.25, -1.55677, -0.210177, 0.704626; 
6.26, -1.55474, -0.210948, 0.704676; 
6.27, -1.55269, -0.211605, 0.704722; 
6.28, -1.55061, -0.212173, 0.704774; 
6.29, -1.54851, -0.212658, 0.704835; 
6.3, -1.5464, -0.213056, 0.704904; 
6.31, -1.54426, -0.21334, 0.704966; 
6.32, -1.54213, -0.21357, 0.705056; 
6.33, -1.53999, -0.213679, 0.705133; 
6.34, -1.53785, -0.213702, 0.70522; 
6.35, -1.53571, -0.213617, 0.705301; 
6.36, -1.53356, -0.213375, 0.705353; 
6.37, -1.53145, -0.213121, 0.705462; 
6.38, -1.52935, -0.212756, 0.705563; 
6.39, -1.52727, -0.212281, 0.705652; 
6.4, -1.5252, -0.211647, 0.705711; 
6.41, -1.52315, -0.210905, 0.705762; 
6.42, -1.52117, -0.210153, 0.705859; 
6.43, -1.5192, -0.209241, 0.705923; 
6.44, -1.51728, -0.208274, 0.706008; 
6.45, -1.51542, -0.207216, 0.706088; 
6.46, -1.51361, -0.206083, 0.706177; 
6.47, -1.51183, -0.204797, 0.706237; 
6.48, -1.51015, -0.203505, 0.706337; 
6.49, -1.50854, -0.202187, 0.706452; 
6.5, -1.50697, -0.200707, 0.706527; 
6.51, -1.50546, -0.199136, 0.706594; 
6.52, -1.50402, -0.197503, 0.706657; 
6.53, -1.50265, -0.195771, 0.706718; 
6.54, -1.50138, -0.194037, 0.7068; 
6.55, -1.50016, -0.192156, 0.706851; 
6.56, -1.49906, -0.19031, 0.706936; 
6.57, -1.49803, -0.188354, 0.707; 
6.58, -1.4971, -0.186385, 0.707081; 
6.59, -1.49626, -0.184348, 0.707154; 
6.6, -1.49554, -0.182377, 0.70725; 
6.61, -1.49488, -0.180268, 0.70732; 
6.62, -1.49435, -0.17822, 0.707413; 
6.63, -1.4939, -0.176096, 0.707492; 
6.64, -1.49356, -0.173955, 0.70757; 
6.65, -1.4933, -0.171777, 0.70764; 
6.66, -1.49316, -0.169622, 0.707728; 
6.67, -1.49312, -0.167469, 0.707815; 
6.68, -1.49316, -0.165262, 0.707894; 
6.69, -1.49331, -0.163056, 0.707979; 
6.7, -1.49357, -0.160881, 0.708066; 
6.71, -1.49393, -0.158714, 0.708155; 
6.72, -1.49438, -0.156558, 0.708241; 
6.73, -1.49495, -0.154473, 0.708326; 
6.74, -1.49561, -0.152395, 0.708415; 
6.75, -1.49638, -0.150387, 0.708502; 
6.76, -1.49724, -0.148414, 0.708584; 
6.77, -1.49819, -0.146465, 0.70867; 
6.78, -1.49923, -0.144541, 0.708758; 
6.79, -1.50034, -0.142645, 0.70885; 
6.8, -1.50156, -0.140841, 0.708939; 
6.81, -1.50284, -0.139064, 0.70903; 
6.82, -1.50422, -0.13738, 0.70912; 
6.83, -1.50568, -0.135778, 0.709208; 
6.84, -1.5072, -0.134211, 0.709302; 
6.85, -1.50881, -0.132766, 0.70939; 
6.86, -1.51048, -0.131391, 0.709484; 
6.87, -1.51224, -0.130153, 0.709564; 
6.88, -1.51406, -0.129011, 0.70964; 
6.89, -1.51591, -0.127881, 0.709729; 
6.9, -1.51781, -0.126849, 0.70982; 
6.91, -1.51977, -0.125931, 0.709906; 
6.92, -1.52176, -0.125092, 0.709991; 
6.93, -1.52378, -0.124287, 0.710081; 
6.94, -1.52585, -0.123662, 0.710166; 
6.95, -1.52793, -0.123059, 0.710262; 
6.96, -1.53002, -0.122548, 0.710356; 
6.97, -1.53217, -0.122213, 0.710433; 
6.98, -1.53431, -0.121921, 0.710527; 
6.99, -1.53647, -0.121743, 0.710608; 
7, -1.53864, -0.12171, 0.71069; 
7.01, -1.54083, -0.121791, 0.710778; 
7.02, -1.543, -0.121944, 0.710876; 
7.03, -1.54513, -0.122157, 0.710968; 
7.04, -1.54727, -0.12252, 0.711052; 
7.05, -1.54939, -0.122948, 0.711139; 
7.06, -1.55149, -0.123493, 0.711231; 
7.07, -1.55357, -0.124107, 0.711328; 
7.08, -1.55563, -0.124884, 0.711419; 
7.09, -1.55761, -0.12572, 0.711507; 
7.1, -1.55958, -0.126678, 0.711596; 
7.11, -1.56148, -0.127705, 0.711684; 
7.12, -1.56333, -0.128786, 0.711777; 
7.13, -1.56516, -0.13, 0.711866; 
7.14, -1.56691, -0.13124, 0.711957; 
7.15, -1.5686, -0.132587, 0.712046; 
7.16, -1.57021, -0.134033, 0.71214; 
7.17, -1.57176, -0.135549, 0.712235; 
7.18, -1.57325, -0.137133, 0.71232; 
7.19, -1.57466, -0.138776, 0.712411; 
7.2, -1.576, -0.140555, 0.71251; 
7.21, -1.57724, -0.142328, 0.712606; 
7.22, -1.5784, -0.144172, 0.712704; 
7.23, -1.57947, -0.146055, 0.712802; 
7.24, -1.58045, -0.14799, 0.712896; 
7.25, -1.58132, -0.149965, 0.712984; 
7.26, -1.58212, -0.151985, 0.713082; 
7.27, -1.58283, -0.154084, 0.713186; 
7.28, -1.58344, -0.156149, 0.713279; 
7.29, -1.58394, -0.158261, 0.713369; 
7.3, -1.58433, -0.160388, 0.713455; 
7.31, -1.58461, -0.162534, 0.713535; 
7.32, -1.58479, -0.164693, 0.713622; 
7.33, -1.58488, -0.166845, 0.7137; 
7.34, -1.58487, -0.169012, 0.713798; 
7.35, -1.58475, -0.171146, 0.71388; 
7.36, -1.58452, -0.17328, 0.713962; 
7.37, -1.58421, -0.175463, 0.714072; 
7.38, -1.5838, -0.177621, 0.714183; 
7.39, -1.58328, -0.17975, 0.714281; 
7.4, -1.58266, -0.181826, 0.714371; 
7.41, -1.58194, -0.183865, 0.714461; 
7.42, -1.58112, -0.18587, 0.714549; 
7.43, -1.58025, -0.187912, 0.71468; 
7.44, -1.57927, -0.189867, 0.714785; 
7.45, -1.5782, -0.191788, 0.714907; 
7.46, -1.57704, -0.193591, 0.714984; 
7.47, -1.57578, -0.19532, 0.715055; 
7.48, -1.57446, -0.197046, 0.715163; 
7.49, -1.57303, -0.198633, 0.715221; 
7.5, -1.57154, -0.200184, 0.715304; 
7.51, -1.56998, -0.201673, 0.71539; 
7.52, -1.56834, -0.203063, 0.715458; 
7.53, -1.56665, -0.204386, 0.715537; 
7.54, -1.56489, -0.205617, 0.715608; 
7.55, -1.56307, -0.206768, 0.715687; 
7.56, -1.56123, -0.207894, 0.715808; 
7.57, -1.5593, -0.208849, 0.715867; 
7.58, -1.55736, -0.209776, 0.715967; 
7.59, -1.55537, -0.210602, 0.71606; 
7.6, -1.55334, -0.211308, 0.716138; 
7.61, -1.55129, -0.211963, 0.716258; 
7.62, -1.54921, -0.212494, 0.716357; 
7.63, -1.54712, -0.212945, 0.716467; 
7.64, -1.54499, -0.213267, 0.716554; 
7.65, -1.54286, -0.213519, 0.716662; 
7.66, -1.54072, -0.213645, 0.716754; 
7.67, -1.53858, -0.2137, 0.716872; 
7.68, -1.53643, -0.213627, 0.716971; 
7.69, -1.5343, -0.213481, 0.717085; 
7.7, -1.53216, -0.213167, 0.71715; 
7.71, -1.53002, -0.212735, 0.717206; 
7.72, -1.52793, -0.212277, 0.717311; 
7.73, -1.52585, -0.211681, 0.717388; 
7.74, -1.52381, -0.211019, 0.717488; 
7.75, -1.5218, -0.210243, 0.717577; 
7.76, -1.51983, -0.209403, 0.717682; 
7.77, -1.51791, -0.208486, 0.717798; 
7.78, -1.51604, -0.207468, 0.717911; 
7.79, -1.51421, -0.20635, 0.718003; 
7.8, -1.51245, -0.205195, 0.718132; 
7.81, -1.51075, -0.203941, 0.718247; 
7.82, -1.50908, -0.202539, 0.718335; 
7.83, -1.50751, -0.201158, 0.718461; 
7.84, -1.50599, -0.199682, 0.718562; 
7.85, -1.50454, -0.198115, 0.718669; 
7.86, -1.50316, -0.196429, 0.718761; 
7.87, -1.50187, -0.194721, 0.718879; 
7.88, -1.50063, -0.192868, 0.718946; 
7.89, -1.4995, -0.19104, 0.719043; 
7.9, -1.49845, -0.189143, 0.719133; 
7.91, -1.49748, -0.187165, 0.719212; 
7.92, -1.49662, -0.18519, 0.719308; 
7.93, -1.49583, -0.183121, 0.719386; 
7.94, -1.49514, -0.181027, 0.719471; 
7.95, -1.49456, -0.178953, 0.719571; 
7.96, -1.49407, -0.176858, 0.719653; 
7.97, -1.49369, -0.174716, 0.719739; 
7.98, -1.49342, -0.172595, 0.719845; 
7.99, -1.49324, -0.170437, 0.719938; 
8, -1.49314, -0.168236, 0.720027; 
8.01, -1.49316, -0.166032, 0.720125; 
8.02, -1.49328, -0.163865, 0.720215; 
8.03, -1.49349, -0.161653, 0.720307; 
8.04, -1.49382, -0.159517, 0.720394; 
8.05, -1.49425, -0.157379, 0.720483; 
8.06, -1.49479, -0.155294, 0.720572; 
8.07, -1.49542, -0.153226, 0.720665; 
8.08, -1.49614, -0.151144, 0.720759; 
8.09, -1.49695, -0.149122, 0.720847; 
8.1, -1.49786, -0.147126, 0.720941; 
8.11, -1.49888, -0.14523, 0.721032; 
8.12, -1.49997, -0.143319, 0.721126; 
8.13, -1.50115, -0.141488, 0.721219; 
8.14, -1.50242, -0.139712, 0.72131; 
8.15, -1.50378, -0.138017, 0.721401; 
8.16, -1.50522, -0.13641, 0.721486; 
8.17, -1.50672, -0.134814, 0.72158; 
8.18, -1.5083, -0.133342, 0.721668; 
8.19, -1.50994, -0.131898, 0.721761; 
8.2, -1.51166, -0.130572, 0.721849; 
8.21, -1.51343, -0.129333, 0.721938; 
8.22, -1.51525, -0.128141, 0.722033; 
8.23, -1.51714, -0.127075, 0.722118; 
8.24, -1.51905, -0.126056, 0.72221; 
8.25, -1.52103, -0.125157, 0.722296; 
8.26, -1.52303, -0.124323, 0.722389; 
8.27, -1.52508, -0.123622, 0.722474; 
8.28, -1.52719, -0.123103, 0.72254; 
8.29, -1.5293, -0.122605, 0.722621; 
8.3, -1.53144, -0.12222, 0.7227; 
8.31, -1.53359, -0.12195, 0.722779; 
8.32, -1.53575, -0.121787, 0.722853; 
8.33, -1.53792, -0.121708, 0.722929; 
8.34, -1.54009, -0.121714, 0.723005; 
8.35, -1.54227, -0.121852, 0.723077; 
8.36, -1.54442, -0.122048, 0.723157; 
8.37, -1.54659, -0.122412, 0.723226; 
8.38, -1.54869, -0.122775, 0.723312; 
8.39, -1.55079, -0.123294, 0.723394; 
8.4, -1.55286, -0.123878, 0.723476; 
8.41, -1.5549, -0.12457, 0.723556; 
8.42, -1.55692, -0.125382, 0.723639; 
8.43, -1.55888, -0.126271, 0.723705; 
8.44, -1.56082, -0.127258, 0.723779; 
8.45, -1.56272, -0.128351, 0.723855; 
8.46, -1.56452, -0.129482, 0.723931; 
8.47, -1.56632, -0.130769, 0.724013; 
8.48, -1.56804, -0.132131, 0.724089; 
8.49, -1.56969, -0.133565, 0.724175; 
8.5, -1.57127, -0.135052, 0.724257; 
8.51, -1.57278, -0.136632, 0.724334; 
8.52, -1.5742, -0.138273, 0.724421; 
8.53, -1.57556, -0.139974, 0.724494; 
8.54, -1.57685, -0.141771, 0.724572; 
8.55, -1.57803, -0.143595, 0.724645; 
8.56, -1.57912, -0.145443, 0.724703; 
8.57, -1.58015, -0.147387, 0.724779; 
8.58, -1.58107, -0.14937, 0.724846; 
8.59, -1.58189, -0.151391, 0.724927; 
8.6, -1.5826, -0.153427, 0.724996; 
8.61, -1.58321, -0.155471, 0.725054; 
8.62, -1.58375, -0.15763, 0.72514; 
8.63, -1.58419, -0.159766, 0.725209; 
8.64, -1.58453, -0.161949, 0.725296; 
8.65, -1.58475, -0.164102, 0.725362; 
8.66, -1.58487, -0.166261, 0.725428; 
8.67, -1.5849, -0.168427, 0.725494; 
8.68, -1.58482, -0.170625, 0.725578; 
8.69, -1.58463, -0.172791, 0.725657; 
8.7, -1.58435, -0.174962, 0.725725; 
8.71, -1.58397, -0.177084, 0.725784; 
8.72, -1.58348, -0.179183, 0.725831; 
8.73, -1.58289, -0.181285, 0.725896; 
8.74, -1.58221, -0.183345, 0.725968; 
8.75, -1.58143, -0.185381, 0.726058; 
8.76, -1.58056, -0.187365, 0.72613; 
8.77, -1.5796, -0.189312, 0.726202; 
8.78, -1.57853, -0.191173, 0.726248; 
8.79, -1.57739, -0.19299, 0.726293; 
8.8, -1.57617, -0.194756, 0.726341; 
8.81, -1.57486, -0.196458, 0.726395; 
8.82, -1.57347, -0.198074, 0.72642; 
8.83, -1.57202, -0.1997, 0.726508; 
8.84, -1.57049, -0.201236, 0.726582; 
8.85, -1.56889, -0.202697, 0.726658; 
8.86, -1.56721, -0.204029, 0.726686; 
8.87, -1.56548, -0.205297, 0.726729; 
8.88, -1.56367, -0.206442, 0.726745; 
8.89, -1.56183, -0.20756, 0.726806; 
8.9, -1.55992, -0.208549, 0.726836; 
8.91, -1.55798, -0.209467, 0.726883; 
8.92, -1.55601, -0.210324, 0.72695; 
8.93, -1.55399, -0.211046, 0.726982; 
8.94, -1.55193, -0.211659, 0.727001; 
8.95, -1.54986, -0.212229, 0.727068; 
8.96, -1.54775, -0.212673, 0.727106; 
8.97, -1.54562, -0.213019, 0.727153; 
8.98, -1.54349, -0.213263, 0.727199; 
8.99, -1.54134, -0.213407, 0.72724; 
9, -1.53921, -0.213488, 0.727311; 
9.01, -1.53705, -0.21342, 0.727341; 
9.02, -1.53491, -0.213282, 0.727399; 
9.03, -1.5328, -0.213094, 0.727495; 
9.04, -1.53069, -0.212772, 0.727565; 
9.05, -1.52859, -0.212322, 0.727616; 
9.06, -1.52652, -0.211824, 0.727703; 
9.07, -1.52448, -0.211199, 0.727767; 
9.08, -1.52245, -0.210441, 0.727803; 
9.09, -1.52048, -0.209651, 0.727886; 
9.1, -1.51855, -0.208754, 0.727953; 
9.11, -1.51665, -0.207747, 0.728006; 
9.12, -1.51481, -0.206693, 0.728089; 
9.13, -1.51302, -0.205514, 0.728144; 
9.14, -1.51127, -0.204223, 0.72818; 
9.15, -1.50959, -0.202874, 0.728236; 
9.16, -1.50797, -0.201442, 0.728286; 
9.17, -1.50645, -0.199991, 0.728375; 
9.18, -1.50499, -0.198465, 0.728449; 
9.19, -1.50359, -0.196838, 0.7285; 
9.2, -1.50228, -0.195174, 0.728567; 
9.21, -1.50103, -0.193393, 0.728612; 
9.22, -1.49987, -0.191596, 0.728661; 
9.23, -1.49879, -0.189722, 0.728717; 
9.24, -1.49782, -0.18782, 0.728782; 
9.25, -1.49693, -0.185853, 0.728842; 
9.26, -1.49612, -0.183827, 0.728889; 
9.27, -1.49541, -0.181789, 0.728937; 
9.28, -1.49478, -0.179687, 0.72897; 
9.29, -1.49426, -0.177567, 0.729016; 
9.3, -1.49383, -0.17543, 0.729055; 
9.31, -1.49351, -0.173276, 0.729101; 
9.32, -1.4933, -0.171156, 0.729143; 
9.33, -1.49319, -0.169023, 0.729186; 
9.34, -1.49316, -0.1668, 0.729214; 
9.35, -1.49324, -0.164625, 0.729251; 
9.36, -1.49342, -0.162428, 0.72929; 
9.37, -1.49371, -0.160238, 0.729329; 
9.38, -1.49408, -0.158054, 0.729368; 
9.39, -1.49456, -0.155886, 0.729405; 
9.4, -1.49516, -0.1538, 0.729445; 
9.41, -1.49587, -0.151755, 0.729483; 
9.42, -1.49667, -0.149747, 0.729522; 
9.43, -1.49754, -0.147734, 0.72956; 
9.44, -1.49853, -0.145817, 0.729596; 
9.45, -1.4996, -0.143905, 0.729634; 
9.46, -1.50076, -0.142075, 0.729666; 
9.47, -1.502, -0.140282, 0.729703; 
9.48, -1.50333, -0.138574, 0.729739; 
9.49, -1.50474, -0.136913, 0.729774; 
9.5, -1.50621, -0.135284, 0.729814; 
9.51, -1.50777, -0.133782, 0.72985; 
9.52, -1.5094, -0.132359, 0.729877; 
9.53, -1.51111, -0.131016, 0.729907; 
9.54, -1.51286, -0.129738, 0.729937; 
9.55, -1.51467, -0.128533, 0.729967; 
9.56, -1.51655, -0.127469, 0.729988; 
9.57, -1.51849, -0.126497, 0.730006; 
9.58, -1.52044, -0.125548, 0.730036; 
9.59, -1.52244, -0.12474, 0.730057; 
9.6, -1.52449, -0.123999, 0.730084; 
9.61, -1.52657, -0.12339, 0.730102; 
9.62, -1.52866, -0.122834, 0.730137; 
9.63, -1.53078, -0.122421, 0.730152; 
9.64, -1.53292, -0.122083, 0.73017; 
9.65, -1.53506, -0.121836, 0.730182; 
9.66, -1.53724, -0.121743, 0.730191; 
9.67, -1.53941, -0.121734, 0.730203; 
9.68, -1.54158, -0.121826, 0.730219; 
9.69, -1.54375, -0.122032, 0.730232; 
9.7, -1.5459, -0.122325, 0.730245; 
9.71, -1.54803, -0.122709, 0.730253; 
9.72, -1.55014, -0.123182, 0.730267; 
9.73, -1.55224, -0.123788, 0.730289; 
9.74, -1.5543, -0.124468, 0.730303; 
9.75, -1.55633, -0.125232, 0.730312; 
9.76, -1.55829, -0.126036, 0.730321; 
9.77, -1.56023, -0.126998, 0.730331; 
9.78, -1.56212, -0.128041, 0.73034; 
9.79, -1.56397, -0.129166, 0.730353; 
9.8, -1.56577, -0.130387, 0.730366; 
9.81, -1.56752, -0.131745, 0.73038; 
9.82, -1.5692, -0.133143, 0.730394; 
9.83, -1.5708, -0.134653, 0.730406; 
9.84, -1.57233, -0.136183, 0.730417; 
9.85, -1.57377, -0.137773, 0.730427; 
9.86, -1.57514, -0.139449, 0.730432; 
9.87, -1.57646, -0.141237, 0.730453; 
9.88, -1.57768, -0.143029, 0.730465; 
9.89, -1.5788, -0.144889, 0.730462; 
9.9, -1.57984, -0.146795, 0.730465; 
9.91, -1.58079, -0.148772, 0.730477; 
9.92, -1.58165, -0.150771, 0.730486; 
9.93, -1.58242, -0.152838, 0.730492; 
9.94, -1.58308, -0.15492, 0.730488; 
9.95, -1.58365, -0.157065, 0.730511; 
9.96, -1.58411, -0.159209, 0.730524; 
9.97, -1.58446, -0.161336, 0.730511; 
9.98, -1.5847, -0.163461, 0.730508; 
9.99, -1.58486, -0.165619, 0.730509; 
