0, 0.117355,6.02311,-0.179452,-2.56336,-0.116805,6.02018,0;
0.01, 0.422589,5.7992,-0.179066,-2.5634,-0.423325,5.79736,0;
0.02, 0.692277,4.86359,-0.120837,-2.42519,-0.411976,4.87936,0;
0.03, 0.961132,3.88881,-0.070763,-2.31846,-0.436748,3.93451,0;
0.04, 1.18128,2.96383,-0.039238,-2.22458,-0.506361,3.04813,0;
0.05, 1.35253,2.12508,-0.0228232,-2.13513,-0.603668,2.25445,0;
0.06, 1.43933,1.39028,-0.0152179,-2.03944,-0.693934,1.56891,0;
0.07, 1.54664,0.762061,-0.0138645,-1.94566,-0.819703,0.991106,0;
0.08, 1.57923,0.228865,-0.0155644,-1.83853,-0.921829,0.506557,0;
0.09, 1.58718,-0.22344,-0.0184721,-1.72325,-1.01762,0.100923,0;
0.1, 1.56207,-0.607065,-0.0212063,-1.59838,-1.0988,-0.240916,0;
0.11, 1.5135,-0.933441,-0.0234709,-1.46585,-1.16625,-0.531672,0;
0.12, 1.44626,-1.21309,-0.0249083,-1.3276,-1.21993,-0.78235,0;
0.13, 1.3579,-1.45295,-0.0254368,-1.18453,-1.25634,-1.00157,0;
0.14, 1.26841,-1.65908,-0.0253463,-1.04122,-1.28423,-1.19394,0;
0.15, 1.16255,-1.83582,-0.0244382,-0.896813,-1.29462,-1.36605,0;
0.16, 1.05529,-1.98719,-0.0230103,-0.754802,-1.29407,-1.52024,0;
0.17, 0.944326,-2.11591,-0.0214142,-0.616274,-1.28078,-1.65927,0;
0.18, 0.827518,-2.22402,-0.0196222,-0.48213,-1.25312,-1.7855,0;
0.19, 0.696111,-2.3152,-0.0168276,-0.35241,-1.20701,-1.90336,0;
0.2, 0.574894,-2.38944,-0.0139765,-0.231395,-1.15501,-2.00906,0;
0.21, 0.445918,-2.44979,-0.0105683,-0.118137,-1.08872,-2.10699,0;
0.22, 0.314468,-2.49528,-0.00701192,-0.0142383,-1.01039,-2.19559,0;
0.23, 0.188109,-2.5295,-0.00339982,0.0788481,-0.92512,-2.27503,0;
0.24, 0.0515577,-2.55108,0.00050936,0.161233,-0.825235,-2.34683,0;
0.25, -0.0613554,-2.56125,0.00432121,0.230209,-0.729167,-2.40538,0;
0.26, -0.201523,-2.55929,0.00777819,0.287407,-0.610775,-2.45763,0;
0.27, -0.322827,-2.54915,0.0112106,0.331089,-0.495314,-2.49828,0;
0.28, -0.454294,-2.53065,0.0147934,0.361388,-0.369235,-2.53145,0;
0.29, -0.568942,-2.50383,0.0182813,0.377905,-0.247021,-2.55224,0;
0.3, -0.693986,-2.4682,0.0215701,0.380402,-0.115494,-2.56423,0;
0.31, -0.815906,-2.42409,0.0247744,0.369157,0.0177565,-2.56551,0;
0.32, -0.945101,-2.3728,0.0279184,0.344068,0.156631,-2.55824,0;
0.33, -1.07395,-2.31396,0.0309326,0.305583,0.296316,-2.54107,0;
0.34, -1.19492,-2.24973,0.0337297,0.255145,0.43142,-2.51383,0;
0.35, -1.32202,-2.17917,0.0365125,0.192431,0.568547,-2.47882,0;
0.36, -1.44412,-2.10281,0.03909,0.119374,0.701409,-2.43482,0;
0.37, -1.55856,-2.02156,0.0416325,0.0376727,0.827736,-2.38248,0;
0.38, -1.67877,-1.93222,0.0437276,-0.0535624,0.954311,-2.32251,0;
0.39, -1.78961,-1.83841,0.046435,-0.150501,1.0732,-2.25604,0;
0.4, -1.89057,-1.74117,0.0488575,-0.25104,1.1832,-2.18349,0;
0.41, -2.00078,-1.6367,0.0508069,-0.357412,1.29438,-2.1065,0;
0.42, -2.09925,-1.52688,0.0529515,-0.464663,1.39657,-2.02396,0;
0.43, -2.19006,-1.41083,0.0547425,-0.571845,1.49129,-1.93625,0;
0.44, -2.29011,-1.28896,0.0563282,-0.680718,1.58725,-1.84729,0;
0.45, -2.36889,-1.17064,0.0581046,-0.782001,1.66896,-1.75795,0;
0.46, -2.4459,-1.04339,0.0596917,-0.880813,1.74713,-1.66494,0;
0.47, -2.49788,-0.915743,0.0613054,-0.969179,1.81063,-1.56918,0;
0.48, -2.55519,-0.789559,0.0622125,-1.052,1.87351,-1.47702,0;
0.49, -2.60715,-0.660048,0.0639415,-1.12799,1.93339,-1.38508,0;
0.5, -2.63611,-0.532045,0.0653146,-1.19048,1.9805,-1.29192,0;
0.51, -2.66551,-0.40068,0.0664495,-1.24563,2.02689,-1.1994,0;
0.52, -2.67977,-0.270847,0.067134,-1.28823,2.06529,-1.10709,0;
0.53, -2.67148,-0.140847,0.0678443,-1.31625,2.09289,-1.01259,0;
0.54, -2.67519,-0.0111172,0.0681941,-1.33882,2.12587,-0.922732,0;
0.55, -2.64282,0.118146,0.0686654,-1.34297,2.14303,-0.827789,0;
0.56, -2.61114,0.245646,0.0690192,-1.33845,2.16037,-0.735464,0;
0.57, -2.57046,0.372008,0.0691362,-1.3232,2.17441,-0.64333,0;
0.58, -2.52962,0.483346,0.0690004,-1.29854,2.18604,-0.560055,0;
0.59, -2.4824,0.591023,0.0689466,-1.26472,2.19475,-0.478141,0;
0.6, -2.42842,0.698655,0.0685523,-1.22226,2.20067,-0.394733,0;
0.61, -2.36605,0.800425,0.0680226,-1.17061,2.20184,-0.31192,0;
0.62, -2.29848,0.900173,0.0675077,-1.11158,2.20047,-0.228355,0;
0.63, -2.22418,0.990724,0.0668073,-1.04483,2.19396,-0.146792,0;
0.64, -2.13783,1.07704,0.0663074,-0.969628,2.18113,-0.0630568,0;
0.65, -2.05389,1.1596,0.0654694,-0.89088,2.16814,0.0198318,0;
0.66, -1.98179,1.23434,0.0646334,-0.812292,2.15835,0.0972967,0;
0.67, -1.89926,1.30452,0.0636597,-0.727286,2.14216,0.177275,0;
0.68, -1.81108,1.37191,0.0624784,-0.637358,2.12155,0.259959,0;
0.69, -1.72655,1.43364,0.061282,-0.546074,2.10002,0.341358,0;
0.7, -1.64085,1.49062,0.0599528,-0.452375,2.07552,0.423292,0;
0.71, -1.54599,1.54481,0.0585527,-0.353834,2.04477,0.509406,0;
0.72, -1.45877,1.59561,0.0569378,-0.256023,2.01484,0.594406,0;
0.73, -1.37083,1.6405,0.0552309,-0.157061,1.9814,0.679442,0;
0.74, -1.28928,1.67992,0.0534335,-0.0592717,1.94734,0.762604,0;
0.75, -1.20568,1.71522,0.0514072,0.0398076,1.90912,0.847177,0;
0.76, -1.12052,1.74714,0.0494702,0.140059,1.86708,0.933619,0;
0.77, -1.04444,1.77577,0.0473652,0.237938,1.82585,1.0183,0;
0.78, -0.957698,1.80114,0.0452356,0.339147,1.77659,1.10757,0;
0.79, -0.881931,1.82347,0.0430965,0.437169,1.72875,1.19443,0;
0.8, -0.814123,1.84261,0.0406975,0.532339,1.68109,1.27918,0;
0.81, -0.738468,1.85834,0.0383026,0.629237,1.62613,1.36708,0;
0.82, -0.665488,1.87175,0.0359672,0.72492,1.56872,1.45511,0;
0.83, -0.585996,1.88234,0.033467,0.821171,1.50461,1.54547,0;
0.84, -0.504617,1.88734,0.0309313,0.915472,1.43506,1.63476,0;
0.85, -0.431604,1.89319,0.0283587,1.00619,1.36685,1.7224,0;
0.86, -0.365059,1.89757,0.0255656,1.09278,1.2985,1.80722,0;
0.87, -0.298895,1.89856,0.0225409,1.17592,1.22638,1.88978,0;
0.88, -0.232675,1.89912,0.0196569,1.25639,1.15107,1.97165,0;
0.89, -0.164112,1.89642,0.0167504,1.33309,1.07073,2.05128,0;
0.9, -0.0994411,1.89219,0.0138619,1.40445,0.988827,2.12689,0;
0.91, -0.0264567,1.8844,0.0107051,1.47147,0.899218,2.20026,0;
0.92, 0.0438379,1.87352,0.00775077,1.53136,0.80739,2.26774,0;
0.93, 0.109111,1.86143,0.00474237,1.5834,0.71531,2.32864,0;
0.94, 0.174257,1.8474,0.00166989,1.62769,0.62066,2.38347,0;
0.95, 0.237494,1.83175,-0.00130789,1.66355,0.524455,2.43138,0;
0.96, 0.301365,1.81637,-0.00435968,1.69156,0.426104,2.4736,0;
0.97, 0.37361,1.79849,-0.00737511,1.71094,0.321559,2.50992,0;
0.98, 0.449277,1.7795,-0.0105014,1.72067,0.213737,2.53891,0;
0.99, 0.524109,1.75865,-0.013667,1.7192,0.105164,2.5583,0;
1, 0.599587,1.73561,-0.016735,1.70615,-0.0044093,2.56785,0;
1.01, 0.682817,1.71126,-0.0197742,1.68222,-0.117878,2.56955,0;
1.02, 0.770764,1.68553,-0.0228771,1.64684,-0.233366,2.56233,0;
1.03, 0.849229,1.65799,-0.0257857,1.59911,-0.343537,2.54284,0;
1.04, 0.93418,1.62808,-0.0287118,1.5397,-0.455539,2.5142,0;
1.05, 1.02175,1.59607,-0.0314485,1.46918,-0.567434,2.47644,0;
1.06, 1.10102,1.56197,-0.0342326,1.38806,-0.673432,2.42783,0;
1.07, 1.18403,1.5255,-0.0368893,1.29709,-0.778912,2.37121,0;
1.08, 1.26496,1.48774,-0.0391966,1.19802,-0.881066,2.30738,0;
1.09, 1.34113,1.44651,-0.0415452,1.09076,-0.97841,2.23501,0;
1.1, 1.42051,1.40284,-0.043872,0.976589,-1.07449,2.15698,0;
1.11, 1.49591,1.35502,-0.0459838,0.856263,-1.16611,2.07222,0;
1.12, 1.58128,1.3045,-0.0480078,0.730458,-1.25942,1.98435,0;
1.13, 1.66479,1.24853,-0.0499979,0.599831,-1.34906,1.89088,0;
1.14, 1.75151,1.18932,-0.0518623,0.466119,-1.43692,1.79463,0;
1.15, 1.83806,1.12564,-0.0532945,0.330253,-1.52169,1.69544,0;
1.16, 1.91958,1.05936,-0.0545941,0.194973,-1.6009,1.59449,0;
1.17, 1.99341,0.987298,-0.055807,0.0603177,-1.67352,1.49019,0;
1.18, 2.08107,0.912014,-0.0573116,-0.0744758,-1.74951,1.38709,0;
1.19, 2.14832,0.830669,-0.058618,-0.204597,-1.81387,1.28046,0;
1.2, 2.22036,0.745179,-0.0596703,-0.331951,-1.87793,1.17458,0;
1.21, 2.29288,0.655473,-0.0606298,-0.45506,-1.94045,1.0695,0;
1.22, 2.35447,0.560645,-0.0610169,-0.571561,-1.9966,0.96371,0;
1.23, 2.42391,0.461847,-0.0613527,-0.683383,-2.05479,0.860039,0;
1.24, 2.47578,0.358192,-0.061562,-0.785516,-2.10394,0.755322,0;
1.25, 2.51767,0.250047,-0.0615936,-0.878342,-2.14747,0.65055,0;
1.26, 2.54893,0.137288,-0.0612788,-0.961308,-2.18589,0.545694,0;
1.27, 2.5756,0.0210839,-0.0609224,-1.03459,-2.2221,0.442001,0;
1.28, 2.59229,-0.0979763,-0.0604526,-1.09654,-2.254,0.339087,0;
1.29, 2.59766,-0.218875,-0.0597066,-1.14626,-2.28109,0.23707,0;
1.3, 2.60285,-0.342083,-0.058913,-1.18616,-2.30857,0.136851,0;
1.31, 2.59178,-0.467515,-0.0579182,-1.21293,-2.32926,0.0360397,0;
1.32, 2.57902,-0.592721,-0.0569072,-1.2287,-2.34934,-0.0624848,0;
1.33, 2.5394,-0.71901,-0.0554135,-1.22905,-2.35766,-0.163309,0;
1.34, 2.49951,-0.844879,-0.0538669,-1.21933,-2.36586,-0.262398,0;
1.35, 2.44869,-0.968225,-0.0522653,-1.19738,-2.36902,-0.360487,0;
1.36, 2.39468,-1.09048,-0.0505993,-1.1658,-2.37044,-0.457604,0;
1.37, 2.33528,-1.20989,-0.0487265,-1.12439,-2.36877,-0.553676,0;
1.38, 2.25275,-1.32739,-0.0465274,-1.07042,-2.35516,-0.652517,0;
1.39, 2.17193,-1.44089,-0.0443374,-1.0092,-2.34047,-0.749458,0;
1.4, 2.07384,-1.55062,-0.0417702,-0.938193,-2.3159,-0.848069,0;
1.41, 1.98521,-1.65458,-0.0394004,-0.862998,-2.29295,-0.943069,0;
1.42, 1.88943,-1.75296,-0.0370735,-0.78155,-2.26354,-1.03754,0;
1.43, 1.77621,-1.84652,-0.0343949,-0.692889,-2.22212,-1.13431,0;
1.44, 1.67554,-1.9351,-0.0316176,-0.603479,-2.18286,-1.22796,0;
1.45, 1.57195,-2.01622,-0.0290233,-0.511231,-2.13747,-1.31985,0;
1.46, 1.45736,-2.09091,-0.0261199,-0.415657,-2.08159,-1.41239,0;
1.47, 1.33842,-2.15858,-0.0229936,-0.318883,-2.01797,-1.50402,0;
1.48, 1.2257,-2.2198,-0.0198969,-0.223713,-1.95183,-1.59267,0;
1.49, 1.10005,-2.27387,-0.0166891,-0.128203,-1.87336,-1.68154,0;
1.5, 0.981371,-2.31996,-0.0135088,-0.0360739,-1.7919,-1.76607,0;
1.51, 0.851403,-2.35902,-0.0103104,0.053951,-1.69872,-1.84982,0;
1.52, 0.726398,-2.39094,-0.00707403,0.138925,-1.60183,-1.92926,0;
1.53, 0.604357,-2.41617,-0.00389888,0.218119,-1.50067,-2.00429,0;
1.54, 0.476835,-2.43484,-0.000743783,0.291695,-1.39096,-2.07624,0;
1.55, 0.357279,-2.44668,0.00248382,0.357584,-1.27971,-2.14179,0;
1.56, 0.234129,-2.45067,0.00560875,0.415927,-1.16115,-2.20195,0;
1.57, 0.118673,-2.44933,0.00866331,0.465434,-1.04177,-2.25525,0;
1.58, -0.00797741,-2.43945,0.0115732,0.506352,-0.911731,-2.30317,0;
1.59, -0.130532,-2.42428,0.014485,0.537474,-0.7799,-2.34397,0;
1.6, -0.239071,-2.40204,0.0175394,0.557781,-0.652036,-2.37428,0;
1.61, -0.356816,-2.3741,0.0204129,0.567919,-0.516832,-2.39866,0;
1.62, -0.481049,-2.3408,0.0231611,0.567549,-0.375955,-2.41668,0;
1.63, -0.594033,-2.30319,0.0260867,0.556471,-0.239758,-2.42526,0;
1.64, -0.712882,-2.25863,0.0287928,0.534173,-0.09979,-2.42564,0;
1.65, -0.835069,-2.20797,0.0315887,0.500918,0.0421809,-2.41806,0;
1.66, -0.949301,-2.15097,0.0342834,0.457236,0.179513,-2.40013,0;
1.67, -1.07228,-2.09059,0.0368736,0.403382,0.319472,-2.37659,0;
1.68, -1.18605,-2.02718,0.0394722,0.341093,0.452523,-2.34489,0;
1.69, -1.2908,-1.95474,0.0418259,0.27014,0.578958,-2.30186,0;
1.7, -1.39592,-1.87914,0.044078,0.191995,0.702503,-2.25292,0;
1.71, -1.49473,-1.79818,0.0461661,0.107965,0.819993,-2.19649,0;
1.72, -1.59723,-1.7132,0.0483206,0.0182854,0.936038,-2.13568,0;
1.73, -1.69346,-1.62412,0.0504089,-0.0748135,1.04557,-2.06929,0;
1.74, -1.79031,-1.53115,0.0523858,-0.171019,1.1517,-1.9991,0;
1.75, -1.88791,-1.43341,0.0540688,-0.269453,1.25464,-1.92517,0;
1.76, -1.97316,-1.33279,0.0555146,-0.366495,1.34758,-1.84679,0;
1.77, -2.05887,-1.22845,0.057081,-0.463228,1.43714,-1.76653,0;
1.78, -2.13389,-1.12026,0.0585755,-0.556628,1.51832,-1.68281,0;
1.79, -2.19784,-1.00915,0.0600749,-0.645209,1.59102,-1.59642,0;
1.8, -2.26004,-0.894028,0.0612985,-0.729909,1.66027,-1.50879,0;
1.81, -2.31624,-0.780067,0.0625099,-0.808144,1.72396,-1.42238,0;
1.82, -2.35004,-0.662599,0.0636993,-0.876457,1.7751,-1.3319,0;
1.83, -2.38833,-0.54447,0.0646712,-0.939389,1.82645,-1.2437,0;
1.84, -2.40968,-0.426096,0.0655619,-0.99175,1.86865,-1.15432,0;
1.85, -2.42277,-0.308503,0.0663913,-1.03481,1.90562,-1.0658,0;
1.86, -2.42797,-0.191704,0.0671384,-1.0685,1.93812,-0.978111,0;
1.87, -2.42169,-0.0750633,0.067701,-1.09187,1.96479,-0.890056,0;
1.88, -2.41041,0.038778,0.0681833,-1.10615,1.98847,-0.80409,0;
1.89, -2.39051,0.150091,0.068523,-1.1106,2.00771,-0.719144,0;
1.9, -2.36805,0.26121,0.0687746,-1.10729,2.02583,-0.635011,0;
1.91, -2.33293,0.369763,0.0689762,-1.09346,2.03783,-0.55041,0;
1.92, -2.2922,0.474347,0.0689231,-1.07102,2.04638,-0.467287,0;
1.93, -2.24415,0.574284,0.068551,-1.03991,2.05064,-0.38532,0;
1.94, -2.18783,0.670532,0.0682822,-1.00047,2.05057,-0.303463,0;
1.95, -2.13225,0.762452,0.0678461,-0.955572,2.04997,-0.223777,0;
1.96, -2.06957,0.849302,0.0672549,-0.903533,2.04499,-0.144511,0;
1.97, -2.00396,0.933148,0.0667527,-0.846005,2.03787,-0.0652675,0;
1.98, -1.93423,1.0126,0.0660174,-0.783028,2.02746,0.0138363,0;
1.99, -1.86264,1.08767,0.0650917,-0.715682,2.01461,0.0924491,0;
2, -1.79097,1.15857,0.0641683,-0.644942,2.00015,0.170416,0;
2.01, -1.70722,1.22498,0.0630694,-0.567728,1.97821,0.251026,0;
2.02, -1.63503,1.28674,0.061812,-0.491205,1.95929,0.327984,0;
2.03, -1.55828,1.34473,0.0603919,-0.411276,1.93639,0.406093,0;
2.04, -1.47477,1.39804,0.058939,-0.327451,1.90781,0.485912,0;
2.05, -1.39528,1.44825,0.0573776,-0.243102,1.87878,0.565184,0;
2.06, -1.32426,1.49328,0.0556949,-0.160079,1.85077,0.641498,0;
2.07, -1.25303,1.53512,0.053974,-0.0759383,1.82016,0.718379,0;
2.08, -1.18168,1.57264,0.0522352,0.00910819,1.7863,0.795457,0;
2.09, -1.10751,1.60622,0.0503507,0.0955567,1.74786,0.873658,0;
2.1, -1.03553,1.63798,0.0485382,0.18204,1.70778,0.952532,0;
2.11, -0.957382,1.66561,0.0465686,0.270144,1.66146,1.03327,0;
2.12, -0.87821,1.68989,0.044416,0.358265,1.61131,1.11454,0;
2.13, -0.799545,1.71125,0.0422819,0.445588,1.55838,1.19581,0;
2.14, -0.729483,1.72864,0.0400409,0.529453,1.50608,1.27377,0;
2.15, -0.655839,1.74396,0.0377512,0.613084,1.44925,1.35288,0;
2.16, -0.584161,1.75682,0.0354107,0.694845,1.39012,1.43116,0;
2.17, -0.511392,1.76634,0.032938,0.774775,1.32704,1.50861,0;
2.18, -0.440095,1.77326,0.0303928,0.852036,1.26139,1.58449,0;
2.19, -0.368331,1.7783,0.0278309,0.926824,1.19256,1.65938,0;
2.2, -0.299674,1.78143,0.0251753,0.997874,1.12219,1.7317,0;
2.21, -0.239481,1.78132,0.0224681,1.06323,1.05254,1.79866,0;
2.22, -0.177039,1.77953,0.0196885,1.12524,0.978937,1.86387,0;
2.23, -0.113438,1.77586,0.0169506,1.18334,0.901738,1.92673,0;
2.24, -0.0462505,1.77022,0.0140741,1.23723,0.819888,1.98714,0;
2.25, 0.0287449,1.76178,0.0111549,1.28663,0.731362,2.04519,0;
2.26, 0.0966449,1.75323,0.00829075,1.32924,0.644222,2.09757,0;
2.27, 0.174658,1.74188,0.0053746,1.3661,0.550006,2.14667,0;
2.28, 0.254609,1.7289,0.00247945,1.39581,0.452889,2.19047,0;
2.29, 0.330263,1.71298,-0.000424925,1.41627,0.356128,2.22575,0;
2.3, 0.393552,1.69546,-0.00322069,1.42681,0.264233,2.25094,0;
2.31, 0.465646,1.67617,-0.00604297,1.42974,0.167138,2.27111,0;
2.32, 0.529124,1.65516,-0.00873449,1.42331,0.0731126,2.28213,0;
2.33, 0.598581,1.63261,-0.0115265,1.40861,-0.0242642,2.28709,0;
2.34, 0.668439,1.60805,-0.0142249,1.38498,-0.122356,2.28449,0;
2.35, 0.73898,1.58173,-0.0169899,1.35241,-0.220747,2.27429,0;
2.36, 0.807292,1.55306,-0.019584,1.31067,-0.317786,2.25568,0;
2.37, 0.881728,1.52187,-0.0221914,1.26012,-0.417158,2.23025,0;
2.38, 0.958617,1.489,-0.0247973,1.20127,-0.516736,2.19806,0;
2.39, 1.03302,1.45385,-0.0273062,1.13423,-0.613725,2.15808,0;
2.4, 1.10976,1.416,-0.0297045,1.0593,-0.710167,2.11132,0;
2.41, 1.1873,1.37589,-0.0320548,0.977344,-0.805078,2.05824,0;
2.42, 1.26181,1.33288,-0.0342334,0.88897,-0.896455,1.9985,0;
2.43, 1.33342,1.28697,-0.0362763,0.795051,-0.984156,1.93269,0;
2.44, 1.40397,1.2378,-0.0382086,0.696295,-1.06904,1.86166,0;
2.45, 1.47375,1.18543,-0.0399906,0.593631,-1.15125,1.78617,0;
2.46, 1.54651,1.12961,-0.0417632,0.487529,-1.23249,1.70722,0;
2.47, 1.61478,1.07071,-0.0433473,0.379716,-1.30922,1.62469,0;
2.48, 1.68806,1.00853,-0.0448958,0.270086,-1.38576,1.54026,0;
2.49, 1.75812,0.942319,-0.0463988,0.159997,-1.45844,1.45294,0;
2.5, 1.82588,0.872624,-0.047681,0.0505175,-1.52762,1.36373,0;
2.51, 1.89369,0.799179,-0.0488225,-0.0578763,-1.59454,1.27324,0;
2.52, 1.95574,0.721999,-0.0498051,-0.163566,-1.65668,1.18122,0;
2.53, 2.02108,0.641352,-0.0507383,-0.266866,-1.71825,1.08928,0;
2.54, 2.0789,0.556876,-0.0514548,-0.365671,-1.77464,0.996235,0;
2.55, 2.12432,0.468721,-0.0519098,-0.458338,-1.82358,0.901766,0;
2.56, 2.1795,0.377664,-0.0523749,-0.547359,-1.87555,0.809297,0;
2.57, 2.21906,0.283114,-0.0525093,-0.628462,-1.91945,0.715518,0;
2.58, 2.25562,0.185163,-0.0525729,-0.702975,-1.96075,0.62201,0;
2.59, 2.28408,0.0848642,-0.0524895,-0.769279,-1.99757,0.528765,0;
2.6, 2.30831,-0.0179938,-0.0522821,-0.827747,-2.03183,0.436193,0;
2.61, 2.31741,-0.123199,-0.0518853,-0.876121,-2.05867,0.3428,0;
2.62, 2.32578,-0.230027,-0.051315,-0.916543,-2.08483,0.250788,0;
2.63, 2.31336,-0.338412,-0.0504139,-0.945347,-2.10131,0.157286,0;
2.64, 2.30277,-0.446818,-0.0495577,-0.966077,-2.11822,0.0659904,0;
2.65, 2.27955,-0.555458,-0.048475,-0.976501,-2.12935,-0.0254395,0;
2.66, 2.24827,-0.664296,-0.0471406,-0.977588,-2.13651,-0.116695,0;
2.67, 2.20861,-0.771335,-0.0459051,-0.96899,-2.13916,-0.207052,0;
2.68, 2.15851,-0.877637,-0.0445572,-0.951103,-2.1364,-0.297661,0;
2.69, 2.1076,-0.982189,-0.0430123,-0.925981,-2.13266,-0.386854,0;
2.7, 2.04869,-1.08417,-0.0412931,-0.892643,-2.12425,-0.475581,0;
2.71, 1.97884,-1.18361,-0.0395751,-0.851039,-2.10916,-0.56467,0;
2.72, 1.91372,-1.27994,-0.0377603,-0.804566,-2.09474,-0.651506,0;
2.73, 1.84089,-1.37187,-0.0357754,-0.751465,-2.07466,-0.737677,0;
2.74, 1.76252,-1.46056,-0.0336924,-0.69289,-2.04949,-0.823736,0;
2.75, 1.67011,-1.54488,-0.0314763,-0.627989,-2.01465,-0.910823,0;
2.76, 1.58636,-1.62442,-0.0291561,-0.561279,-1.98093,-0.994818,0;
2.77, 1.49589,-1.69954,-0.026722,-0.491138,-1.94084,-1.07861,0;
2.78, 1.38719,-1.76926,-0.0241336,-0.416293,-1.88789,-1.16408,0;
2.79, 1.296,-1.83336,-0.0215699,-0.343022,-1.83945,-1.2444,0;
2.8, 1.18556,-1.89172,-0.0189267,-0.266856,-1.77759,-1.32616,0;
2.81, 1.07507,-1.94445,-0.0162266,-0.191136,-1.71104,-1.40594,0;
2.82, 0.969282,-1.99184,-0.0135341,-0.117471,-1.64263,-1.48259,0;
2.83, 0.855652,-2.033,-0.0108376,-0.0449079,-1.56577,-1.5579,0;
2.84, 0.7573,-2.0686,-0.00818033,0.023174,-1.49197,-1.62746,0;
2.85, 0.647638,-2.09883,-0.00544577,0.0891295,-1.40814,-1.69621,0;
2.86, 0.547335,-2.12249,-0.002714,0.150317,-1.324,-1.75937,0;
2.87, 0.442419,-2.14006,0.000125735,0.207374,-1.23304,-1.81944,0;
2.88, 0.33603,-2.15165,0.00286341,0.259436,-1.13666,-1.87551,0;
2.89, 0.23086,-2.15795,0.005666,0.305666,-1.03681,-1.92707,0;
2.9, 0.128407,-2.1586,0.00838075,0.345399,-0.934454,-1.9731,0;
2.91, 0.0218704,-2.15391,0.011089,0.378595,-0.826478,-2.01473,0;
2.92, -0.084273,-2.1439,0.0137607,0.404563,-0.715436,-2.05081,0;
2.93, -0.196186,-2.12826,0.0163763,0.423003,-0.598646,-2.08184,0;
2.94, -0.301963,-2.1082,0.0190308,0.433349,-0.482884,-2.10592,0;
2.95, -0.407351,-2.08213,0.0215893,0.435346,-0.365537,-2.12291,0;
2.96, -0.505133,-2.05067,0.0241141,0.42904,-0.250689,-2.13166,0;
2.97, -0.612085,-2.0141,0.026473,0.414444,-0.130281,-2.13528,0;
2.98, -0.715049,-1.97321,0.0288257,0.391871,-0.0114335,-2.13186,0;
2.99, -0.808595,-1.9276,0.0311029,0.361658,0.102377,-2.12005,0;
3, -0.913273,-1.87722,0.0333779,0.323432,0.221284,-2.10371,0;
3.01, -1.0105,-1.82193,0.0356106,0.278332,0.335765,-2.07961,0;
3.02, -1.10419,-1.76347,0.0377812,0.226994,0.446713,-2.04946,0;
3.03, -1.1918,-1.70021,0.0398413,0.170055,0.552997,-2.01225,0;
3.04, -1.28774,-1.63213,0.0417075,0.107019,0.661675,-1.97083,0;
3.05, -1.37493,-1.56114,0.0435434,0.0403978,0.763785,-1.92369,0;
3.06, -1.46337,-1.48658,0.0454081,-0.030093,0.86393,-1.87256,0;
3.07, -1.5475,-1.40782,0.0470871,-0.103144,0.959495,-1.81649,0;
3.08, -1.6273,-1.325,0.0486888,-0.177842,1.0503,-1.75596,0;
3.09, -1.70251,-1.23865,0.0501517,-0.253122,1.13617,-1.69164,0;
3.1, -1.77064,-1.14927,0.0515851,-0.327623,1.21593,-1.62382,0;
3.11, -1.82879,-1.05775,0.053124,-0.399815,1.28825,-1.55292,0;
3.12, -1.88532,-0.963567,0.0544082,-0.470189,1.35745,-1.48035,0;
3.13, -1.9415,-0.866595,0.0555573,-0.538358,1.42456,-1.40666,0;
3.14, -1.98293,-0.767491,0.0568299,-0.601027,1.4827,-1.32992,0;
3.15, -2.02398,-0.668009,0.0578254,-0.659665,1.53843,-1.25363,0;
3.16, -2.06052,-0.566336,0.058651,-0.713415,1.5906,-1.17647,0;
3.17, -2.08521,-0.462799,0.0593174,-0.760218,1.63575,-1.09719,0;
3.18, -2.11031,-0.360353,0.060161,-0.801745,1.67955,-1.01981,0;
3.19, -2.11785,-0.25719,0.0609205,-0.834177,1.71403,-0.939992,0;
3.2, -2.1273,-0.155764,0.0614326,-0.86097,1.74793,-0.862518,0;
3.21, -2.12879,-0.0549002,0.0618475,-0.880203,1.77736,-0.784989,0;
3.22, -2.11783,0.0460236,0.0621665,-0.890737,1.80021,-0.705897,0;
3.23, -2.10818,0.145431,0.0623573,-0.895537,1.82284,-0.628715,0;
3.24, -2.09041,0.244947,0.062347,-0.892732,1.84135,-0.550648,0;
3.25, -2.06492,0.338643,0.0620813,-0.881837,1.85455,-0.474466,0;
3.26, -2.02399,0.429296,0.0621428,-0.86158,1.85973,-0.396974,0;
3.27, -1.98735,0.517926,0.061928,-0.837035,1.86612,-0.321569,0;
3.28, -1.94192,0.603515,0.0615001,-0.805377,1.86772,-0.24576,0;
3.29, -1.89576,0.68734,0.0611164,-0.768873,1.86833,-0.170461,0;
3.3, -1.84869,0.766505,0.0604534,-0.727675,1.86709,-0.0969083,0;
3.31, -1.79457,0.844591,0.0596597,-0.68066,1.86179,-0.0217196,0;
3.32, -1.73626,0.917513,0.0588943,-0.628721,1.85273,0.0527512,0;
3.33, -1.66693,0.985943,0.0581101,-0.57058,1.83681,0.128566,0;
3.34, -1.60816,1.05057,0.0572144,-0.512125,1.82408,0.200935,0;
3.35, -1.54552,1.11119,0.0561215,-0.450182,1.8079,0.273361,0;
3.36, -1.48203,1.16943,0.0549824,-0.385549,1.78961,0.346222,0;
3.37, -1.41835,1.22265,0.0537024,-0.318852,1.76873,0.418085,0;
3.38, -1.35673,1.27287,0.0523438,-0.250866,1.74667,0.489387,0;
3.39, -1.2908,1.31908,0.051062,-0.1803,1.72016,0.561479,0;
3.4, -1.22057,1.36225,0.0495435,-0.107354,1.68911,0.634867,0;
3.41, -1.15256,1.40231,0.0479311,-0.0340075,1.65658,0.707727,0;
3.42, -1.07872,1.43969,0.0462107,0.0414167,1.61897,0.782376,0;
3.43, -1.00927,1.47255,0.044372,0.115929,1.58038,0.855047,0;
3.44, -0.935377,1.50324,0.0424523,0.191571,1.53738,0.929163,0;
3.45, -0.865678,1.5309,0.040483,0.265958,1.49361,1.00188,0;
3.46, -0.793882,1.55596,0.0383738,0.340262,1.44625,1.07489,0;
3.47, -0.721731,1.57803,0.03624,0.413798,1.39587,1.14745,0;
3.48, -0.655977,1.59728,0.0341358,0.484713,1.34573,1.21748,0;
3.49, -0.584516,1.61252,0.0319451,0.555121,1.28976,1.2875,0;
3.5, -0.52395,1.62552,0.0296458,0.621531,1.23605,1.35357,0;
3.51, -0.455404,1.63646,0.0273326,0.687626,1.17597,1.42083,0;
3.52, -0.378291,1.64442,0.0249742,0.753003,1.10865,1.48881,0;
3.53, -0.312839,1.65041,0.0225112,0.81324,1.04421,1.55178,0;
3.54, -0.245403,1.65402,0.0200794,0.870409,0.97644,1.61283,0;
3.55, -0.17323,1.65545,0.0175634,0.924819,0.903746,1.67264,0;
3.56, -0.112265,1.65455,0.0149821,0.973159,0.833855,1.72633,0;
3.57, -0.0518544,1.65157,0.0124332,1.01697,0.762012,1.77649,0;
3.58, 0.0127077,1.6468,0.00990314,1.05691,0.685805,1.82441,0;
3.59, 0.0797434,1.63964,0.00728753,1.09199,0.605992,1.8688,0;
3.6, 0.141383,1.63065,0.00466672,1.1208,0.526788,1.90747,0;
3.61, 0.204665,1.61953,0.00202827,1.14382,0.445028,1.94162,0;
3.62, 0.265567,1.60603,-0.000584779,1.16023,0.362627,1.96989,0;
3.63, 0.328836,1.59059,-0.00317445,1.1704,0.277661,1.99335,0;
3.64, 0.398779,1.57311,-0.00583387,1.17435,0.188173,2.01261,0;
3.65, 0.464138,1.55369,-0.00844473,1.17081,0.0999637,2.02485,0;
3.66, 0.532414,1.53253,-0.0110371,1.16023,0.00992433,2.03157,0;
3.67, 0.606551,1.5092,-0.0136083,1.14251,-0.0833517,2.03305,0;
3.68, 0.674246,1.48392,-0.0161514,1.117,-0.173506,2.02667,0;
3.69, 0.74404,1.45651,-0.0186568,1.08413,-0.264257,2.01409,0;
3.7, 0.809315,1.42675,-0.0210578,1.04391,-0.352395,1.9941,0;
3.71, 0.884366,1.39442,-0.0234964,0.99672,-0.44453,1.9694,0;
3.72, 0.960495,1.35996,-0.0258599,0.942892,-0.536305,1.93892,0;
3.73, 1.02735,1.32358,-0.0280397,0.882949,-0.622181,1.90109,0;
3.74, 1.10536,1.28432,-0.0302816,0.816708,-0.711819,1.85919,0;
3.75, 1.17697,1.24236,-0.0324551,0.745191,-0.796927,1.81085,0;
3.76, 1.24552,1.19787,-0.034402,0.669059,-0.878591,1.75716,0;
3.77, 1.30909,1.15047,-0.036267,0.589049,-0.955981,1.69814,0;
3.78, 1.37234,1.09962,-0.037864,0.505479,-1.03146,1.63483,0;
3.79, 1.43671,1.04634,-0.039529,0.41936,-1.10558,1.56844,0;
3.8, 1.49788,0.990149,-0.0412789,0.33154,-1.17626,1.49853,0;
3.81, 1.56692,0.931371,-0.0428717,0.241894,-1.24871,1.4274,0;
3.82, 1.62623,0.869548,-0.044139,0.152488,-1.31477,1.35273,0;
3.83, 1.68535,0.803899,-0.0451839,0.0628526,-1.37873,1.27565,0;
3.84, 1.74505,0.735547,-0.0461819,-0.0259602,-1.44112,1.19737,0;
3.85, 1.80281,0.663857,-0.047195,-0.11324,-1.5008,1.11749,0;
3.86, 1.8493,0.58881,-0.0479224,-0.197157,-1.5535,1.03509,0;
3.87, 1.89259,0.510371,-0.0485331,-0.278003,-1.60308,0.951508,0;
3.88, 1.93714,0.429592,-0.0491053,-0.355435,-1.65193,0.868229,0;
3.89, 1.97964,0.345805,-0.0495752,-0.428777,-1.69872,0.784629,0;
3.9, 2.01121,0.259546,-0.0498404,-0.496051,-1.73922,0.699881,0;
3.91, 2.04372,0.171179,-0.0501134,-0.558382,-1.77897,0.615823,0;
3.92, 2.06091,0.0797065,-0.0500283,-0.613385,-1.81093,0.529843,0;
3.93, 2.07796,-0.0129903,-0.049948,-0.662327,-1.84183,0.444931,0;
3.94, 2.08017,-0.10745,-0.0495171,-0.702968,-1.86542,0.358836,0;
3.95, 2.08032,-0.202495,-0.0490367,-0.736733,-1.88734,0.273803,0;
3.96, 2.07698,-0.298774,-0.0485035,-0.763652,-1.90734,0.189282,0;
3.97, 2.05723,-0.395861,-0.0477,-0.781451,-1.91927,0.103371,0;
3.98, 2.04142,-0.492411,-0.0469818,-0.793105,-1.93232,0.0196234,0;
3.99, 2.0136,-0.588793,-0.0460266,-0.796383,-1.93942,-0.064646,0;
4, 1.98727,-0.684152,-0.0450267,-0.793415,-1.94642,-0.147209,0;
4.01, 1.95492,-0.778435,-0.043903,-0.783278,-1.94984,-0.229338,0;
4.02, 1.90581,-0.871488,-0.0425704,-0.764389,-1.94417,-0.312991,0;
4.03, 1.85891,-0.962344,-0.041221,-0.740062,-1.93813,-0.394849,0;
4.04, 1.80884,-1.05087,-0.0397812,-0.709975,-1.92936,-0.475758,0;
4.05, 1.75031,-1.13731,-0.0381815,-0.673698,-1.91495,-0.55702,0;
4.06, 1.68566,-1.2207,-0.036438,-0.631906,-1.89557,-0.637949,0;
4.07, 1.61984,-1.30069,-0.0345984,-0.585914,-1.87346,-0.717657,0;
4.08, 1.5425,-1.3771,-0.0326401,-0.534706,-1.84337,-0.79793,0;
4.09, 1.46094,-1.44998,-0.0305866,-0.479987,-1.80855,-0.877727,0;
4.1, 1.36655,-1.51838,-0.0284176,-0.421144,-1.76461,-0.958077,0;
4.11, 1.27967,-1.58236,-0.026244,-0.361787,-1.72135,-1.03539,0;
4.12, 1.18789,-1.64188,-0.0239965,-0.300894,-1.6728,-1.11174,0;
4.13, 1.10434,-1.69712,-0.0217948,-0.240671,-1.62498,-1.18485,0;
4.14, 1.00666,-1.7468,-0.0194566,-0.178744,-1.56652,-1.25816,0;
4.15, 0.920277,-1.79149,-0.0171348,-0.118808,-1.50968,-1.32715,0;
4.16, 0.824262,-1.83171,-0.0147548,-0.0591345,-1.44447,-1.39574,0;
4.17, 0.721748,-1.86638,-0.0123157,-0.000582933,-1.3718,-1.46281,0;
4.18, 0.623129,-1.89645,-0.00990484,0.0549935,-1.29727,-1.52646,0;
4.19, 0.527064,-1.92168,-0.00745603,0.107167,-1.22045,-1.58654,0;
4.2, 0.42906,-1.94176,-0.00500076,0.155892,-1.13891,-1.64348,0;
4.21, 0.332289,-1.95683,-0.00250959,0.200444,-1.05429,-1.69655,0;
4.22, 0.240105,-1.96702,-4.92584e-05,0.240122,-0.968506,-1.74477,0;
4.23, 0.139299,-1.97157,0.00240286,0.275311,-0.874856,-1.79003,0;
4.24, 0.047755,-1.97152,0.00492361,0.304642,-0.782702,-1.82924,0;
4.25, -0.0492103,-1.96646,0.00734458,0.328384,-0.685034,-1.86449,0;
4.26, -0.143557,-1.95678,0.00986017,0.345987,-0.586038,-1.8944,0;
4.27, -0.233105,-1.94213,0.012415,0.357104,-0.48724,-1.91803,0;
4.28, -0.328472,-1.92282,0.0148064,0.361798,-0.383548,-1.93722,0;
4.29, -0.426182,-1.89907,0.0171791,0.35984,-0.277001,-1.95137,0;
4.3, -0.520142,-1.86998,0.0193717,0.350959,-0.171097,-1.9586,0;
4.31, -0.610744,-1.83782,0.0214451,0.335511,-0.0665549,-1.96003,0;
4.32, -0.697719,-1.79979,0.0236635,0.313378,0.036739,-1.95439,0;
4.33, -0.795225,-1.75842,0.0257012,0.28462,0.145233,-1.94536,0;
4.34, -0.887031,-1.71275,0.0276963,0.249876,0.25064,-1.92974,0;
4.35, -0.979535,-1.6623,0.0296197,0.209082,0.355541,-1.90836,0;
4.36, -1.06686,-1.60757,0.0316437,0.163117,0.456778,-1.88076,0;
4.37, -1.15138,-1.54949,0.0333706,0.112575,0.555009,-1.84786,0;
4.38, -1.23184,-1.4878,0.0351874,0.0581404,0.649634,-1.80986,0;
4.39, -1.31316,-1.42288,0.0368203,9.02172e-05,0.742877,-1.76795,0;
4.4, -1.39087,-1.3542,0.038352,-0.0606093,0.832557,-1.72144,0;
4.41, -1.46859,-1.28105,0.0399073,-0.123811,0.920406,-1.67094,0;
4.42, -1.54266,-1.20551,0.0413807,-0.188051,1.00424,-1.61718,0;
4.43, -1.61172,-1.12683,0.0428412,-0.252533,1.08342,-1.55991,0;
4.44, -1.6776,-1.04507,0.0441591,-0.316734,1.15886,-1.4997,0;
4.45, -1.74028,-0.959005,0.0453755,-0.38017,1.2309,-1.43627,0;
4.46, -1.79451,-0.871944,0.0465292,-0.440777,1.29656,-1.3707,0;
4.47, -1.84366,-0.783053,0.0475594,-0.498495,1.3577,-1.30342,0;
4.48, -1.88366,-0.692389,0.0485984,-0.552052,1.4127,-1.23397,0;
4.49, -1.9219,-0.59866,0.0495489,-0.602345,1.46553,-1.16314,0;
4.5, -1.94892,-0.504604,0.0504635,-0.646802,1.51152,-1.09079,0;
4.51, -1.97284,-0.410824,0.0512741,-0.686336,1.5545,-1.0188,0;
4.52, -1.9898,-0.316485,0.0519424,-0.720063,1.59309,-0.946077,0;
4.53, -1.99918,-0.222776,0.0525401,-0.74741,1.62693,-0.873061,0;
4.54, -2.0039,-0.129575,0.0530052,-0.76879,1.65758,-0.800227,0;
4.55, -1.99951,-0.03577,0.0533205,-0.783283,1.6833,-0.726044,0;
4.56, -1.98874,0.058482,0.0534252,-0.79131,1.70542,-0.651034,0;
4.57, -1.97233,0.150502,0.0536214,-0.792797,1.72413,-0.576664,0;
4.58, -1.95821,0.240888,0.0537029,-0.78963,1.7432,-0.504237,0;
4.59, -1.92696,0.329301,0.0536526,-0.77752,1.75348,-0.429611,0;
4.6, -1.89524,0.414588,0.0534237,-0.760184,1.76227,-0.356636,0;
4.61, -1.86329,0.497968,0.0533571,-0.738202,1.77046,-0.284751,0;
4.62, -1.82725,0.578914,0.0529955,-0.710766,1.77576,-0.213125,0;
4.63, -1.78682,0.657732,0.0524595,-0.677992,1.77793,-0.141321,0;
4.64, -1.73708,0.73287,0.0519266,-0.638924,1.77435,-0.0687865,0;
4.65, -1.69146,0.806887,0.05116,-0.597079,1.77166,0.0027538,0;
4.66, -1.64084,0.873671,0.050136,-0.550585,1.76433,0.0725524,0;
4.67, -1.58771,0.939487,0.0492376,-0.500346,1.75475,0.143238,0;
4.68, -1.53438,1.00201,0.0483438,-0.447191,1.74343,0.213394,0;
4.69, -1.46761,1.06053,0.0474582,-0.388268,1.72387,0.285986,0;
4.7, -1.40651,1.11572,0.0463155,-0.328393,1.70486,0.356749,0;
4.71, -1.34359,1.16724,0.0448958,-0.266312,1.68306,0.427271,0;
4.72, -1.28176,1.21565,0.0436212,-0.202872,1.65982,0.497262,0;
4.73, -1.22241,1.26258,0.0421723,-0.138511,1.63597,0.567183,0;
4.74, -1.16009,1.30585,0.0407824,-0.0723266,1.60832,0.637431,0;
4.75, -1.09802,1.34499,0.0391092,-0.00536838,1.57789,0.70686,0;
4.76, -1.03632,1.38135,0.0374254,0.0621662,1.54518,0.776107,0;
4.77, -0.969781,1.41421,0.0356655,0.131098,1.50745,0.846175,0;
4.78, -0.904447,1.44465,0.0339221,0.199922,1.46776,0.915934,0;
4.79, -0.83922,1.47109,0.031987,0.268258,1.42519,0.984633,0;
4.8, -0.772722,1.49507,0.0300386,0.336361,1.37946,1.05332,0;
4.81, -0.701929,1.51718,0.0279447,0.404667,1.32919,1.12297,0;
4.82, -0.630437,1.53684,0.0259052,0.471984,1.27602,1.19215,0;
4.83, -0.560492,1.55318,0.02385,0.537229,1.22085,1.25939,0;
4.84, -0.49074,1.56708,0.0215533,0.600456,1.16318,1.32517,0;
4.85, -0.427111,1.57915,0.0192386,0.660405,1.10604,1.38804,0;
4.86, -0.357365,1.58851,0.0169419,0.718893,1.0434,1.45057,0;
4.87, -0.29004,1.59463,0.0145804,0.77389,0.97901,1.50996,0;
4.88, -0.224566,1.59873,0.0122035,0.825321,0.913141,1.56651,0;
4.89, -0.163632,1.60064,0.00973373,0.872421,0.847058,1.61919,0;
4.9, -0.102321,1.60005,0.00724601,0.915628,0.77838,1.66884,0;
4.91, -0.0378805,1.59735,0.00477311,0.95513,0.705834,1.71609,0;
4.92, 0.0294083,1.59271,0.00227624,0.990481,0.629727,1.76056,0;
4.93, 0.101478,1.58607,-0.000239027,1.0214,0.54935,1.80226,0;
4.94, 0.164087,1.57733,-0.00282662,1.0456,0.47179,1.8371,0;
4.95, 0.234092,1.56654,-0.00545836,1.06476,0.38927,1.86881,0;
4.96, 0.295389,1.55425,-0.00801618,1.07722,0.309563,1.89386,0;
4.97, 0.360455,1.5393,-0.0105626,1.08353,0.226839,1.91406,0;
4.98, 0.417391,1.52253,-0.012915,1.08297,0.14695,1.92726,0;
4.99, 0.490085,1.50361,-0.0155432,1.07691,0.0586205,1.9381,0;
5, 0.553997,1.48269,-0.0180115,1.06371,-0.0262713,1.94148,0;
5.01, 0.627572,1.45895,-0.0205443,1.0438,-0.116019,1.9403,0;
5.02, 0.697958,1.43373,-0.0229662,1.01716,-0.204219,1.93287,0;
5.03, 0.762087,1.40574,-0.0253226,0.983334,-0.289046,1.91774,0;
5.04, 0.831142,1.37614,-0.0276813,0.943318,-0.375579,1.89795,0;
5.05, 0.89662,1.34455,-0.0299677,0.897184,-0.459777,1.87197,0;
5.06, 0.958238,1.30986,-0.0321231,0.844886,-0.541319,1.8393,0;
5.07, 1.0293,1.27252,-0.0342599,0.786834,-0.626411,1.80283,0;
5.08, 1.09462,1.23245,-0.0363044,0.723686,-0.707729,1.76024,0;
5.09, 1.15947,1.19009,-0.0382382,0.655993,-0.787254,1.71294,0;
5.1, 1.22295,1.14491,-0.0401196,0.58419,-0.864624,1.6609,0;
5.11, 1.28662,1.097,-0.0418732,0.50884,-0.940507,1.60489,0;
5.12, 1.35847,1.04625,-0.0437225,0.429932,-1.01858,1.54635,0;
5.13, 1.42294,0.992339,-0.0453719,0.348983,-1.09147,1.48323,0;
5.14, 1.47792,0.935938,-0.0468597,0.267243,-1.15775,1.41596,0;
5.15, 1.5358,0.876412,-0.0482125,0.184194,-1.22356,1.34648,0;
5.16, 1.59017,0.813551,-0.0494577,0.100979,-1.28622,1.27423,0;
5.17, 1.6429,0.748129,-0.0505522,0.0183883,-1.34642,1.20023,0;
5.18, 1.69986,0.679789,-0.0516345,-0.0637503,-1.40701,1.1254,0;
5.19, 1.74963,0.608105,-0.0526038,-0.143731,-1.46277,1.04823,0;
5.2, 1.79922,0.533727,-0.053417,-0.221498,-1.5168,0.970253,0;
5.21, 1.83922,0.456163,-0.0539129,-0.295478,-1.56505,0.890237,0;
5.22, 1.87502,0.376272,-0.0544314,-0.365425,-1.60988,0.809464,0;
5.23, 1.90479,0.293683,-0.054769,-0.430761,-1.65086,0.727748,0;
5.24, 1.93634,0.208806,-0.0550605,-0.492028,-1.69172,0.646495,0;
5.25, 1.95892,0.121481,-0.0551173,-0.547402,-1.72769,0.564221,0;
5.26, 1.97702,0.0324416,-0.0550836,-0.596886,-1.76063,0.4819,0;
5.27, 1.98826,-0.0582389,-0.0548993,-0.639861,-1.78967,0.399277,0;
5.28, 1.99592,-0.150086,-0.0547758,-0.676461,-1.81626,0.317002,0;
5.29, 1.99274,-0.243351,-0.0544097,-0.70555,-1.83728,0.233858,0;
5.3, 1.98681,-0.337292,-0.0540375,-0.72807,-1.85631,0.151273,0;
5.31, 1.97497,-0.431796,-0.053413,-0.743582,-1.87214,0.0687758,0;
5.32, 1.95954,-0.525797,-0.0526271,-0.752207,-1.88562,-0.0129287,0;
5.33, 1.93985,-0.619534,-0.0516861,-0.754042,-1.89637,-0.09418,0;
5.34, 1.91016,-0.712657,-0.0506225,-0.74823,-1.90148,-0.175934,0;
5.35, 1.87517,-0.804955,-0.0494307,-0.735723,-1.90298,-0.257524,0;
5.36, 1.83796,-0.895114,-0.0482466,-0.71707,-1.90213,-0.337955,0;
5.37, 1.79193,-0.983468,-0.0469715,-0.691673,-1.89572,-0.418615,0;
5.38, 1.73781,-1.06972,-0.045453,-0.660004,-1.88384,-0.499541,0;
5.39, 1.67664,-1.15315,-0.0437357,-0.622609,-1.86681,-0.580345,0;
5.4, 1.6053,-1.23424,-0.0418623,-0.579654,-1.84304,-0.661923,0;
5.41, 1.54111,-1.31197,-0.0400861,-0.534152,-1.82052,-0.740871,0;
5.42, 1.46803,-1.386,-0.0381708,-0.484261,-1.7915,-0.819851,0;
5.43, 1.38957,-1.45628,-0.0361535,-0.430933,-1.75708,-0.898432,0;
5.44, 1.30847,-1.52228,-0.0340636,-0.375168,-1.71844,-0.975847,0;
5.45, 1.23253,-1.58415,-0.0320069,-0.318651,-1.67929,-1.05073,0;
5.46, 1.14734,-1.64161,-0.0298261,-0.259993,-1.63236,-1.12556,0;
5.47, 1.05434,-1.69493,-0.0275249,-0.199969,-1.578,-1.20032,0;
5.48, 0.960121,-1.74355,-0.0251808,-0.140107,-1.5194,-1.27328,0;
5.49, 0.864583,-1.78737,-0.022847,-0.0810854,-1.45658,-1.34418,0;
5.5, 0.767999,-1.82641,-0.0204284,-0.0235237,-1.38963,-1.41284,0;
5.51, 0.674915,-1.85977,-0.0180532,0.0315712,-1.32056,-1.47773,0;
5.52, 0.571449,-1.8886,-0.0156442,0.0849496,-1.24266,-1.5418,0;
5.53, 0.470246,-1.91258,-0.0132587,0.134874,-1.16207,-1.60232,0;
5.54, 0.371754,-1.93164,-0.0108113,0.180705,-1.07944,-1.65878,0;
5.55, 0.282786,-1.94614,-0.00838261,0.221602,-0.998279,-1.70977,0;
5.56, 0.192701,-1.95514,-0.00598106,0.257963,-0.913084,-1.75658,0;
5.57, 0.102226,-1.96015,-0.00352045,0.28951,-0.824382,-1.79968,0;
5.58, 0.0160026,-1.95983,-0.00102703,0.315562,-0.734515,-1.83726,0;
5.59, -0.0750584,-1.95555,0.00144731,0.336231,-0.639415,-1.87136,0;
5.6, -0.168304,-1.94442,0.0038422,0.350794,-0.540015,-1.89978,0;
5.61, -0.26721,-1.92887,0.00619822,0.359094,-0.435532,-1.92406,0;
5.62, -0.3677,-1.90871,0.00854278,0.360695,-0.328464,-1.94314,0;
5.63, -0.463303,-1.88449,0.010782,0.355455,-0.222747,-1.95582,0;
5.64, -0.560228,-1.85629,0.012988,0.343371,-0.115696,-1.96315,0;
5.65, -0.657753,-1.82251,0.0151795,0.324296,-0.00758847,-1.96417,0;
5.66, -0.758877,-1.78464,0.0172753,0.298391,0.102401,-1.96008,0;
5.67, -0.855014,-1.74236,0.0193603,0.266096,0.209596,-1.94926,0;
5.68, -0.946799,-1.69566,0.021356,0.227765,0.313847,-1.93184,0;
5.69, -1.03948,-1.64432,0.0233318,0.183539,0.417659,-1.90891,0;
5.7, -1.12728,-1.58893,0.0252379,0.134377,0.517891,-1.87993,0;
5.71, -1.21276,-1.52973,0.0271016,0.0807257,0.61547,-1.84576,0;
5.72, -1.29431,-1.46643,0.0288788,0.0233169,0.709562,-1.80629,0;
5.73, -1.37236,-1.39931,0.0305762,-0.0371539,0.800202,-1.76202,0;
5.74, -1.44658,-1.32872,0.0322674,-0.0998794,0.88715,-1.71346,0;
5.75, -1.52034,-1.25446,0.0339544,-0.164574,0.972056,-1.66145,0;
5.76, -1.59079,-1.17653,0.0355123,-0.230205,1.0535,-1.60576,0;
5.77, -1.65385,-1.09721,0.0368717,-0.295057,1.12902,-1.54711,0;
5.78, -1.71497,-1.01518,0.0381605,-0.359382,1.20157,-1.48618,0;
5.79, -1.76893,-0.928718,0.0394609,-0.422033,1.26915,-1.42145,0;
5.8, -1.82189,-0.840287,0.0405732,-0.482832,1.33434,-1.3554,0;
5.81, -1.87197,-0.749079,0.0416779,-0.541066,1.39662,-1.28774,0;
5.82, -1.9128,-0.656633,0.0426729,-0.594757,1.45269,-1.21818,0;
5.83, -1.95248,-0.56372,0.0436439,-0.644671,1.50642,-1.14877,0;
5.84, -1.98011,-0.469008,0.0446062,-0.688565,1.55318,-1.07697,0;
5.85, -1.99939,-0.373002,0.0453943,-0.726497,1.59463,-1.00361,0;
5.86, -2.01568,-0.277341,0.0461187,-0.759021,1.63349,-0.93073,0;
5.87, -2.02846,-0.180854,0.04668,-0.785972,1.6699,-0.857668,0;
5.88, -2.03347,-0.0849521,0.0472197,-0.806109,1.70173,-0.78425,0;
5.89, -2.03158,0.010285,0.0476034,-0.819396,1.72932,-0.710564,0;
5.9, -2.02688,0.102932,0.047788,-0.826483,1.7544,-0.638309,0;
5.91, -2.01276,0.195643,0.0480271,-0.826264,1.77458,-0.564724,0;
5.92, -1.99271,0.287139,0.048088,-0.819344,1.79114,-0.490883,0;
5.93, -1.96398,0.378411,0.0480101,-0.805293,1.80315,-0.415622,0;
5.94, -1.93438,0.464556,0.0477816,-0.78573,1.8133,-0.342921,0;
5.95, -1.89826,0.547912,0.0475106,-0.759803,1.81951,-0.270287,0;
5.96, -1.85024,0.63055,0.0474133,-0.726536,1.81971,-0.195126,0;
5.97, -1.80414,0.710657,0.0469199,-0.689305,1.81965,-0.121233,0;
5.98, -1.75769,0.785162,0.0462063,-0.647962,1.81781,-0.0496738,0;
5.99, -1.70773,0.857362,0.0455579,-0.602073,1.8133,0.0221704,0;
6, -1.6579,0.927564,0.0446481,-0.552718,1.80754,0.0938554,0;
6.01, -1.59713,0.99296,0.0437294,-0.497515,1.79474,0.166842,0;
6.02, -1.53621,1.05506,0.0426077,-0.439348,1.77996,0.23939,0;
6.03, -1.47537,1.11358,0.0415165,-0.378751,1.76349,0.311345,0;
6.04, -1.41218,1.16818,0.0403629,-0.315423,1.7439,0.383269,0;
6.05, -1.34785,1.2218,0.0390837,-0.249734,1.72227,0.45641,0;
6.06, -1.29068,1.27088,0.0375642,-0.184193,1.70142,0.526862,0;
6.07, -1.21213,1.31742,0.0361672,-0.112036,1.66861,0.603194,0;
6.08, -1.14431,1.36002,0.034623,-0.0412888,1.63792,0.676326,0;
6.09, -1.07834,1.39814,0.0330628,0.0294616,1.60567,0.747997,0;
6.1, -1.01285,1.43343,0.0313045,0.100608,1.57113,0.819457,0;
6.11, -0.947133,1.46545,0.0294992,0.172084,1.53379,0.890776,0;
6.12, -0.88708,1.49443,0.0275749,0.242305,1.49631,0.960321,0;
6.13, -0.818341,1.52105,0.0256405,0.314359,1.45213,1.03229,0;
6.14, -0.756127,1.54561,0.0236106,0.384701,1.40819,1.10258,0;
6.15, -0.693511,1.5668,0.0216862,0.454217,1.36121,1.17214,0;
6.16, -0.632754,1.58509,0.0195734,0.522252,1.312,1.24037,0;
6.17, -0.57099,1.60117,0.0172578,0.589207,1.25942,1.30819,0;
6.18, -0.508402,1.6148,0.0150252,0.654726,1.20351,1.37529,0;
6.19, -0.438433,1.62537,0.0127203,0.719463,1.14101,1.44275,0;
6.2, -0.366805,1.63314,0.0103165,0.781841,1.07473,1.50875,0;
6.21, -0.304402,1.63917,0.00793995,0.839612,1.01044,1.57044,0;
6.22, -0.22625,1.64293,0.00542035,0.896582,0.936181,1.63379,0;
6.23, -0.156685,1.64404,0.00287616,0.948127,0.863259,1.69185,0;
6.24, -0.0946894,1.64283,0.000310437,0.993926,0.791852,1.74438,0;
6.25, -0.0239164,1.64157,-0.00233391,1.03698,0.714513,1.79672,0;
6.26, 0.0391775,1.63484,-0.0049191,1.07292,0.637788,1.84137,0;
6.27, 0.100493,1.62726,-0.00746198,1.10353,0.56026,1.88183,0;
6.28, 0.163356,1.6179,-0.0100196,1.12876,0.480117,1.91829,0;
6.29, 0.228524,1.60679,-0.0126432,1.1483,0.397084,1.95055,0;
6.3, 0.295745,1.5937,-0.0153044,1.16163,0.31148,1.97802,0;
6.31, 0.361226,1.57812,-0.0178931,1.16784,0.225335,1.99914,0;
6.32, 0.43366,1.56083,-0.0205933,1.1676,0.134916,2.01595,0;
6.33, 0.50364,1.54173,-0.0232438,1.15996,0.044925,2.02617,0;
6.34, 0.575869,1.52043,-0.0259009,1.14486,-0.0464912,2.03027,0;
6.35, 0.647466,1.49694,-0.0285244,1.12213,-0.137774,2.02759,0;
6.36, 0.711884,1.47139,-0.0309625,1.09175,-0.225437,2.01702,0;
6.37, 0.789013,1.44344,-0.0334671,1.05424,-0.318837,2.00221,0;
6.38, 0.864874,1.41322,-0.0359304,1.00951,-0.411234,1.98079,0;
6.39, 0.938925,1.38061,-0.0383598,0.957701,-0.501725,1.95256,0;
6.4, 1.00489,1.34551,-0.0405374,0.89939,-0.58717,1.91681,0;
6.41, 1.06922,1.30789,-0.0426432,0.835091,-0.670503,1.87501,0;
6.42, 1.14494,1.2677,-0.0448751,0.764914,-0.757966,1.82975,0;
6.43, 1.21141,1.22454,-0.0468455,0.689984,-0.839762,1.77794,0;
6.44, 1.28276,1.17881,-0.0487883,0.610394,-0.921966,1.72226,0;
6.45, 1.35287,1.13042,-0.050672,0.527098,-1.00185,1.66226,0;
6.46, 1.42391,1.07859,-0.0524501,0.440306,-1.08029,1.59827,0;
6.47, 1.48475,1.02338,-0.0539142,0.351698,-1.15207,1.52923,0;
6.48, 1.55507,0.965477,-0.0554025,0.260639,-1.22618,1.45873,0;
6.49, 1.63054,0.904648,-0.057,0.168012,-1.30089,1.38653,0;
6.5, 1.69195,0.84008,-0.0582705,0.0761972,-1.36709,1.30994,0;
6.51, 1.74843,0.772042,-0.0593794,-0.0147563,-1.42883,1.23064,0;
6.52, 1.80237,0.700038,-0.0604964,-0.104532,-1.4877,1.14922,0;
6.53, 1.84944,0.624802,-0.0612814,-0.191592,-1.54199,1.06597,0;
6.54, 1.90165,0.547253,-0.0621026,-0.276466,-1.59719,0.983205,0;
6.55, 1.93702,0.465453,-0.0625928,-0.356326,-1.64362,0.897285,0;
6.56, 1.98121,0.381086,-0.0631356,-0.433508,-1.6928,0.812528,0;
6.57, 2.0117,0.293271,-0.0634441,-0.504625,-1.73501,0.725824,0;
6.58, 2.04255,0.203215,-0.0636131,-0.570766,-1.77639,0.63965,0;
6.59, 2.06418,0.110904,-0.0635939,-0.630103,-1.8129,0.55284,0;
6.6, 2.09468,0.0168864,-0.0637229,-0.684945,-1.85273,0.468122,0;
6.61, 2.10341,-0.0805534,-0.0635176,-0.730702,-1.88222,0.380383,0;
6.62, 2.11907,-0.178956,-0.0633135,-0.770875,-1.91401,0.29472,0;
6.63, 2.12053,-0.27874,-0.0628869,-0.802081,-1.93896,0.208029,0;
6.64, 2.11535,-0.379351,-0.0623329,-0.825198,-1.96013,0.121398,0;
6.65, 2.09924,-0.481145,-0.0616954,-0.839666,-1.97576,0.0339071,0;
6.66, 2.08194,-0.582674,-0.0608008,-0.846895,-1.99041,-0.0524585,0;
6.67, 2.05867,-0.684291,-0.0598021,-0.846331,-2.00183,-0.138725,0;
6.68, 2.02017,-0.785261,-0.0586092,-0.836351,-2.00535,-0.226237,0;
6.69, 1.97468,-0.88491,-0.0572054,-0.818524,-2.00461,-0.313633,0;
6.7, 1.92572,-0.983002,-0.0557303,-0.793893,-2.00129,-0.400407,0;
6.71, 1.86964,-1.07898,-0.0540865,-0.762185,-1.99347,-0.487073,0;
6.72, 1.80613,-1.17272,-0.0524039,-0.723759,-1.98059,-0.573882,0;
6.73, 1.74407,-1.2633,-0.0507089,-0.680479,-1.96657,-0.659041,0;
6.74, 1.67373,-1.35075,-0.0487923,-0.631347,-1.94664,-0.744433,0;
6.75, 1.60385,-1.4349,-0.046875,-0.578237,-1.92442,-0.828639,0;
6.76, 1.52923,-1.51466,-0.0448926,-0.520817,-1.89708,-0.912119,0;
6.77, 1.44757,-1.59118,-0.0427667,-0.459482,-1.86332,-0.996033,0;
6.78, 1.35881,-1.66295,-0.040512,-0.394753,-1.82262,-1.07974,0;
6.79, 1.26317,-1.73008,-0.0381439,-0.327471,-1.77492,-1.16322,0;
6.8, 1.17048,-1.79223,-0.0357372,-0.259755,-1.72488,-1.24443,0;
6.81, 1.0701,-1.84918,-0.0332718,-0.190913,-1.66717,-1.3251,0;
6.82, 0.972059,-1.90115,-0.0307546,-0.122897,-1.60644,-1.40341,0;
6.83, 0.874531,-1.9481,-0.0282204,-0.0561872,-1.54184,-1.47942,0;
6.84, 0.7695,-1.98983,-0.0256135,0.00951521,-1.46911,-1.55442,0;
6.85, 0.670765,-2.02581,-0.0229859,0.0720522,-1.39492,-1.62524,0;
6.86, 0.56946,-2.05678,-0.0202638,0.131641,-1.31522,-1.69364,0;
6.87, 0.476194,-2.08194,-0.0175767,0.186784,-1.23495,-1.75686,0;
6.88, 0.383959,-2.10167,-0.0149059,0.237574,-1.15082,-1.81606,0;
6.89, 0.279443,-2.11539,-0.0122013,0.284436,-1.05588,-1.87329,0;
6.9, 0.17537,-2.12407,-0.00944513,0.325797,-0.95691,-1.92628,0;
6.91, 0.0745848,-2.1275,-0.00671694,0.360774,-0.855934,-1.97375,0;
6.92, -0.0287383,-2.12572,-0.00406774,0.389184,-0.750292,-2.01641,0;
6.93, -0.141509,-2.11744,-0.00152294,0.410626,-0.636439,-2.05458,0;
6.94, -0.241452,-2.10416,0.0011649,0.424144,-0.526471,-2.08457,0;
6.95, -0.35329,-2.0861,0.00372857,0.429889,-0.408597,-2.11056,0;
6.96, -0.466157,-2.06277,0.0062041,0.427413,-0.288241,-2.13019,0;
6.97, -0.566518,-2.03406,0.0086319,0.416589,-0.173082,-2.14058,0;
6.98, -0.675528,-2.00004,0.0110733,0.397259,-0.0529482,-2.14556,0;
6.99, -0.781416,-1.96056,0.0133119,0.369733,0.0662033,-2.14284,0;
7, -0.880549,-1.91745,0.0156561,0.334687,0.181475,-2.1329,0;
7.01, -0.976102,-1.86779,0.0180595,0.291995,0.294648,-2.11489,0;
7.02, -1.07541,-1.81342,0.0204493,0.241983,0.408912,-2.09123,0;
7.03, -1.18027,-1.75683,0.0225546,0.185338,0.524404,-2.06368,0;
7.04, -1.27505,-1.69492,0.0246313,0.123281,0.633373,-2.02826,0;
7.05, -1.37255,-1.62671,0.0265731,0.055237,0.741811,-1.98675,0;
7.06, -1.46504,-1.55483,0.028567,-0.0168054,0.845589,-1.93985,0;
7.07, -1.5588,-1.47727,0.0304474,-0.0930456,0.947732,-1.88793,0;
7.08, -1.63886,-1.39607,0.0323504,-0.170382,1.04061,-1.82995,0;
7.09, -1.72163,-1.31416,0.0340875,-0.249313,1.1316,-1.77063,0;
7.1, -1.79519,-1.22685,0.0357801,-0.328213,1.21605,-1.70609,0;
7.11, -1.86827,-1.13802,0.0373617,-0.406721,1.2975,-1.64001,0;
7.12, -1.94144,-1.04482,0.0388413,-0.484685,1.37693,-1.57155,0;
7.13, -2.00053,-0.945822,0.040173,-0.559108,1.44772,-1.49765,0;
7.14, -2.06334,-0.845595,0.0413822,-0.63139,1.5178,-1.42418,0;
7.15, -2.11569,-0.743209,0.042506,-0.698441,1.58102,-1.34863,0;
7.16, -2.1589,-0.640784,0.0437046,-0.759368,1.63771,-1.2724,0;
7.17, -2.19534,-0.535823,0.0447649,-0.814413,1.68974,-1.19473,0;
7.18, -2.22485,-0.429406,0.0455505,-0.862838,1.73716,-1.11617,0;
7.19, -2.2483,-0.32202,0.0462994,-0.904385,1.78069,-1.0373,0;
7.2, -2.253,-0.215414,0.0470999,-0.935609,1.81437,-0.956545,0;
7.21, -2.26133,-0.109474,0.0477724,-0.961264,1.84878,-0.878087,0;
7.22, -2.25949,-0.00352409,0.0483084,-0.978337,1.87816,-0.798862,0;
7.23, -2.25193,0.102215,0.048709,-0.987648,1.90434,-0.719613,0;
7.24, -2.23725,0.204961,0.0489903,-0.988592,1.92634,-0.641334,0;
7.25, -2.21677,0.304885,0.0491252,-0.981623,1.94481,-0.564025,0;
7.26, -2.18764,0.404887,0.0491827,-0.966488,1.95911,-0.485331,0;
7.27, -2.14553,0.501189,0.0491231,-0.941914,1.96649,-0.405857,0;
7.28, -2.10766,0.595976,0.0488979,-0.912751,1.97532,-0.328223,0;
7.29, -2.06138,0.686654,0.0484903,-0.876014,1.97941,-0.250661,0;
7.3, -2.01223,0.772151,0.04805,-0.833339,1.98071,-0.174673,0;
7.31, -1.95901,0.852835,0.0474751,-0.784881,1.97868,-0.0995303,0;
7.32, -1.90127,0.930802,0.0468327,-0.730926,1.9735,-0.0237295,0;
7.33, -1.84216,1.00576,0.0459771,-0.672645,1.96635,0.0520462,0;
7.34, -1.77734,1.07776,0.0452016,-0.609239,1.9553,0.129113,0;
7.35, -1.71485,1.14628,0.044226,-0.543148,1.94354,0.205304,0;
7.36, -1.64988,1.20958,0.0431967,-0.473541,1.92844,0.281098,0;
7.37, -1.57327,1.26828,0.0421431,-0.398205,1.90566,0.359543,0;
7.38, -1.49641,1.32345,0.0410183,-0.320506,1.88056,0.438283,0;
7.39, -1.42029,1.37474,0.0396041,-0.241253,1.85353,0.516784,0;
7.4, -1.34771,1.42248,0.038144,-0.161458,1.82592,0.594494,0;
7.41, -1.27586,1.46584,0.0366869,-0.0806948,1.79605,0.671835,0;
7.42, -1.20339,1.50648,0.0350345,0.00138037,1.76336,0.750055,0;
7.43, -1.11813,1.54361,0.0332497,0.0876166,1.72194,0.832364,0;
7.44, -1.04035,1.57733,0.0313203,0.172396,1.68099,0.912818,0;
7.45, -0.96024,1.60785,0.0293929,0.257763,1.63641,0.994103,0;
7.46, -0.890913,1.63634,0.0272416,0.340428,1.59416,1.07284,0;
7.47, -0.825036,1.66115,0.0251427,0.421741,1.5505,1.15022,0;
7.48, -0.749935,1.68294,0.0229271,0.504836,1.49927,1.23032,0;
7.49, -0.687521,1.70174,0.020685,0.584141,1.4505,1.3065,0;
7.5, -0.619964,1.71819,0.0183718,0.663541,1.39633,1.38393,0;
7.51, -0.55161,1.73147,0.0159768,0.741683,1.33816,1.46088,0;
7.52, -0.487597,1.74226,0.0135107,0.817041,1.27873,1.5357,0;
7.53, -0.421695,1.75088,0.0109989,0.890654,1.21527,1.61004,0;
7.54, -0.357942,1.75704,0.00844402,0.961206,1.14949,1.68222,0;
7.55, -0.293482,1.76058,0.00591777,1.02872,1.08012,1.75252,0;
7.56, -0.219278,1.76196,0.00324815,1.09452,1.00298,1.82331,0;
7.57, -0.158497,1.76133,0.000571051,1.15366,0.929176,1.88744,0;
7.58, -0.0879924,1.75871,-0.00226493,1.20964,0.848137,1.95075,0;
7.59, -0.0189646,1.75312,-0.00511027,1.25982,0.7647,2.0093,0;
7.6, 0.046575,1.74634,-0.0079378,1.30378,0.680671,2.06281,0;
7.61, 0.120327,1.73742,-0.0107515,1.34239,0.590404,2.11336,0;
7.62, 0.190135,1.7268,-0.0135598,1.37353,0.499855,2.15748,0;
7.63, 0.263063,1.71422,-0.0164343,1.39734,0.406059,2.19611,0;
7.64, 0.331747,1.69973,-0.0192955,1.41261,0.312663,2.22706,0;
7.65, 0.405668,1.68321,-0.0222084,1.41984,0.215472,2.25209,0;
7.66, 0.476363,1.66473,-0.0250335,1.41802,0.118705,2.26906,0;
7.67, 0.552836,1.64463,-0.0278418,1.40764,0.0185682,2.27981,0;
7.68, 0.625734,1.62222,-0.0305818,1.38765,-0.0803918,2.28172,0;
7.69, 0.703572,1.59826,-0.0333848,1.35868,-0.181606,2.27684,0;
7.7, 0.771193,1.57182,-0.0360328,1.31997,-0.277804,2.2617,0;
7.71, 0.837038,1.54335,-0.0385692,1.27231,-0.37249,2.23843,0;
7.72, 0.914649,1.51282,-0.0412057,1.21617,-0.47211,2.20985,0;
7.73, 0.986695,1.47955,-0.0437159,1.15152,-0.568318,2.17275,0;
7.74, 1.06422,1.44393,-0.0461788,1.07875,-0.665612,2.1294,0;
7.75, 1.1395,1.40593,-0.0485088,0.998659,-0.760278,2.0791,0;
7.76, 1.21942,1.36512,-0.0508576,0.911366,-0.855168,2.02302,0;
7.77, 1.30191,1.32133,-0.053119,0.817562,-0.949214,1.96134,0;
7.78, 1.38319,1.27453,-0.0551878,0.718253,-1.04036,1.89411,0;
7.79, 1.46115,1.2246,-0.057284,0.61445,-1.12736,1.82147,0;
7.8, 1.54718,1.1714,-0.0592581,0.506044,-1.21555,1.74569,0;
7.81, 1.62967,1.11473,-0.0611089,0.394893,-1.2996,1.66574,0;
7.82, 1.70123,1.05354,-0.0625536,0.282393,-1.37601,1.58073,0;
7.83, 1.78565,0.989159,-0.064245,0.167457,-1.45559,1.49493,0;
7.84, 1.86372,0.9201,-0.0659075,0.0526032,-1.53004,1.40587,0;
7.85, 1.9382,0.847308,-0.0671814,-0.0611089,-1.60044,1.31491,0;
7.86, 2.00285,0.770167,-0.0680366,-0.172069,-1.6643,1.22154,0;
7.87, 2.07166,0.689237,-0.0687606,-0.281145,-1.72813,1.12812,0;
7.88, 2.12175,0.603621,-0.0693265,-0.384379,-1.78192,1.03173,0;
7.89, 2.18014,0.514216,-0.0700007,-0.484761,-1.83787,0.936332,0;
7.9, 2.23132,0.421143,-0.0704606,-0.579185,-1.88973,0.840581,0;
7.91, 2.27161,0.323593,-0.070707,-0.666557,-1.93573,0.743546,0;
7.92, 2.31373,0.223069,-0.0708846,-0.747887,-1.98181,0.647759,0;
7.93, 2.34042,0.118591,-0.0708022,-0.820006,-2.02062,0.550597,0;
7.94, 2.36191,0.0108783,-0.0705508,-0.883934,-2.05672,0.453632,0;
7.95, 2.38428,-0.0991399,-0.0702581,-0.940204,-2.09322,0.358155,0;
7.96, 2.39815,-0.211504,-0.0700956,-0.986737,-2.12578,0.262831,0;
7.97, 2.40058,-0.325906,-0.069534,-1.02272,-2.15323,0.167167,0;
7.98, 2.40218,-0.441422,-0.0687156,-1.04981,-2.1804,0.0728927,0;
7.99, 2.3899,-0.558659,-0.0678059,-1.06568,-2.20131,-0.0223628,0;
8, 2.36298,-0.676575,-0.0666354,-1.06988,-2.21535,-0.118587,0;
8.01, 2.32795,-0.794072,-0.0651733,-1.0637,-2.22557,-0.214538,0;
8.02, 2.28928,-0.910653,-0.0638362,-1.04821,-2.23375,-0.309515,0;
8.03, 2.23365,-1.02621,-0.0621281,-1.02135,-2.23375,-0.405965,0;
8.04, 2.1803,-1.13954,-0.0605553,-0.986932,-2.23376,-0.500547,0;
8.05, 2.11626,-1.25049,-0.0587626,-0.943209,-2.22786,-0.595602,0;
8.06, 2.05027,-1.3588,-0.0569001,-0.892289,-2.21945,-0.689943,0;
8.07, 1.97613,-1.46388,-0.0548162,-0.833636,-2.20533,-0.784621,0;
8.08, 1.88764,-1.56516,-0.0525089,-0.766704,-2.18188,-0.880751,0;
8.09, 1.79753,-1.66192,-0.0502061,-0.694527,-2.1546,-0.975989,0;
8.1, 1.6999,-1.75386,-0.0476984,-0.617032,-2.1206,-1.0714,0;
8.11, 1.60729,-1.84096,-0.0451584,-0.537146,-2.0854,-1.16482,0;
8.12, 1.49917,-1.92245,-0.0424703,-0.452232,-2.03857,-1.25973,0;
8.13, 1.39199,-1.9987,-0.0397087,-0.365802,-1.98757,-1.3534,0;
8.14, 1.28163,-2.06789,-0.0368814,-0.278114,-1.93005,-1.44551,0;
8.15, 1.17181,-2.13144,-0.0339794,-0.190665,-1.86775,-1.53598,0;
8.16, 1.06362,-2.18884,-0.0310732,-0.104413,-1.80088,-1.62416,0;
8.17, 0.94293,-2.23963,-0.028063,-0.0182976,-1.72205,-1.71239,0;
8.18, 0.82986,-2.28408,-0.0250238,0.0641918,-1.64113,-1.79655,0;
8.19, 0.706752,-2.32156,-0.021963,0.144121,-1.54941,-1.8793,0;
8.2, 0.589538,-2.35254,-0.0188618,0.21891,-1.45477,-1.95739,0;
8.21, 0.472062,-2.37716,-0.0157356,0.288287,-1.35451,-2.03153,0;
8.22, 0.346863,-2.39483,-0.0125995,0.35209,-1.24467,-2.10239,0;
8.23, 0.227961,-2.40617,-0.00951712,0.408336,-1.13269,-2.16696,0;
8.24, 0.100637,-2.41124,-0.0064884,0.457189,-1.01164,-2.22745,0;
8.25, -0.022089,-2.40955,-0.00347349,0.497113,-0.888259,-2.28066,0;
8.26, -0.150009,-2.40089,-0.000453529,0.527779,-0.758215,-2.32766,0;
8.27, -0.272052,-2.38683,0.00251395,0.548392,-0.627826,-2.36664,0;
8.28, -0.378448,-2.36609,0.00549143,0.55835,-0.502575,-2.39465,0;
8.29, -0.499302,-2.33992,0.00836839,0.558122,-0.367688,-2.41766,0;
8.3, -0.617519,-2.3069,0.0112253,0.547175,-0.231731,-2.43173,0;
8.31, -0.733344,-2.26906,0.014068,0.52559,-0.0960862,-2.43746,0;
8.32, -0.847658,-2.2256,0.0168167,0.493361,0.0392442,-2.43453,0;
8.33, -0.96409,-2.17548,0.0194748,0.450377,0.175732,-2.42304,0;
8.34, -1.08248,-2.11927,0.0220139,0.397004,0.312587,-2.40333,0;
8.35, -1.19433,-2.05816,0.0245307,0.334498,0.444636,-2.3748,0;
8.36, -1.31271,-1.99142,0.0269277,0.262438,0.577928,-2.33963,0;
8.37, -1.41696,-1.91908,0.0293485,0.183454,0.701866,-2.29481,0;
8.38, -1.53756,-1.8427,0.0315795,0.0958197,0.830736,-2.24669,0;
8.39, -1.64582,-1.76163,0.0338835,0.00340782,0.950531,-2.19086,0;
8.4, -1.75619,-1.67466,0.0359984,-0.0945747,1.06771,-2.12934,0;
8.41, -1.8609,-1.58345,0.0380477,-0.195572,1.17844,-2.06251,0;
8.42, -1.9564,-1.48508,0.0401058,-0.298329,1.28128,-1.98886,0;
8.43, -2.05017,-1.38591,0.0418387,-0.401213,1.379,-1.91349,0;
8.44, -2.13682,-1.2798,0.0435489,-0.503454,1.47031,-1.83318,0;
8.45, -2.21406,-1.16919,0.0452303,-0.602859,1.55397,-1.74917,0;
8.46, -2.29495,-1.05854,0.0467773,-0.699776,1.6359,-1.66667,0;
8.47, -2.3544,-0.94102,0.0483608,-0.789653,1.70562,-1.57818,0;
8.48, -2.40769,-0.82327,0.0497868,-0.872993,1.76951,-1.48987,0;
8.49, -2.45423,-0.703198,0.051245,-0.949393,1.82854,-1.40116,0;
8.5, -2.49586,-0.580597,0.0524503,-1.01854,1.88383,-1.31226,0;
8.51, -2.52456,-0.457839,0.053507,-1.07752,1.93168,-1.22299,0;
8.52, -2.54691,-0.336821,0.0546921,-1.12716,1.97525,-1.13568,0;
8.53, -2.55926,-0.213425,0.0554401,-1.16679,2.01365,-1.04723,0;
8.54, -2.55574,-0.0907029,0.0561071,-1.19424,2.04416,-0.957897,0;
8.55, -2.54918,0.029695,0.0566288,-1.21246,2.07263,-0.870996,0;
8.56, -2.5395,0.147507,0.0568809,-1.22161,2.09929,-0.786529,0;
8.57, -2.5112,0.265436,0.0570894,-1.21799,2.11767,-0.699443,0;
8.58, -2.47687,0.378607,0.0571568,-1.20448,2.13245,-0.614451,0;
8.59, -2.4358,0.487794,0.0573898,-1.1816,2.14398,-0.530888,0;
8.6, -2.39127,0.593908,0.0573244,-1.15067,2.15356,-0.448577,0;
8.61, -2.34513,0.695516,0.0571166,-1.11258,2.16172,-0.368311,0;
8.62, -2.27616,0.793387,0.0568808,-1.06163,2.15893,-0.284163,0;
8.63, -2.21034,0.887418,0.0563752,-1.0057,2.15645,-0.201993,0;
8.64, -2.13437,0.977425,0.0558729,-0.941738,2.14883,-0.118485,0;
8.65, -2.06343,1.06146,0.0552134,-0.874518,2.14188,-0.0380878,0;
8.66, -1.98919,1.14204,0.0543651,-0.802206,2.1324,0.0427581,0;
8.67, -1.91147,1.21836,0.0533694,-0.724998,2.11971,0.12416,0;
8.68, -1.82624,1.28807,0.0524539,-0.642177,2.1013,0.206342,0;
8.69, -1.74384,1.35396,0.0514478,-0.557226,2.08223,0.28799,0;
8.7, -1.65877,1.41422,0.0501122,-0.469038,2.0594,0.369921,0;
8.71, -1.57826,1.47187,0.0486419,-0.379902,2.03668,0.451701,0;
8.72, -1.49889,1.52413,0.0470019,-0.28931,2.01162,0.533038,0;
8.73, -1.41484,1.5706,0.0453941,-0.195771,1.98124,0.615671,0;
8.74, -1.33194,1.61491,0.0437754,-0.100933,1.949,0.699741,0;
8.75, -1.24707,1.65485,0.0422498,-0.00440288,1.91292,0.785195,0;
8.76, -1.16589,1.69129,0.0404503,0.091938,1.87538,0.870505,0;
8.77, -1.08464,1.72435,0.0384738,0.18894,1.8347,0.956852,0;
8.78, -1.01148,1.75356,0.0364495,0.284007,1.79431,1.0414,0;
8.79, -0.937925,1.78025,0.0341941,0.379543,1.75057,1.12729,0;
8.8, -0.864677,1.80316,0.03192,0.475067,1.70323,1.21376,0;
8.81, -0.792082,1.82411,0.0296015,0.570548,1.6529,1.30142,0;
8.82, -0.725563,1.8416,0.0271128,0.663818,1.60151,1.3874,0;
8.83, -0.645826,1.85486,0.0246442,0.759583,1.54002,1.4774,0;
8.84, -0.57028,1.86583,0.0220946,0.853236,1.47672,1.56646,0;
8.85, -0.495408,1.87431,0.0194854,0.944895,1.41033,1.65493,0;
8.86, -0.431257,1.88051,0.0167824,1.03174,1.34544,1.73928,0;
8.87, -0.36448,1.8844,0.0140342,1.11669,1.27587,1.82337,0;
8.88, -0.304855,1.88602,0.011349,1.19718,1.20592,1.90387,0;
8.89, -0.234953,1.88547,0.00850656,1.27656,1.12753,1.98565,0;
8.9, -0.172438,1.883,0.00569468,1.35044,1.04894,2.06284,0;
8.91, -0.106141,1.87854,0.00283189,1.42024,0.965266,2.13791,0;
8.92, -0.0348035,1.87147,-0.000138594,1.4853,0.875652,2.21027,0;
8.93, 0.0295084,1.86308,-0.00313618,1.54291,0.786378,2.27619,0;
8.94, 0.091635,1.85313,-0.0061556,1.59312,0.695448,2.33616,0;
8.95, 0.164157,1.8409,-0.00922077,1.63711,0.596729,2.39276,0;
8.96, 0.23182,1.82652,-0.0123224,1.6717,0.497638,2.44104,0;
8.97, 0.301085,1.8107,-0.0153277,1.69725,0.395884,2.48229,0;
8.98, 0.371053,1.79364,-0.0183593,1.71321,0.292087,2.5159,0;
8.99, 0.441433,1.7748,-0.0214231,1.71867,0.186625,2.54083,0;
9, 0.519491,1.75453,-0.0245494,1.71393,0.0764857,2.55847,0;
9.01, 0.589936,1.73258,-0.0275998,1.69724,-0.0307257,2.56478,0;
9.02, 0.667032,1.70857,-0.030608,1.66916,-0.141217,2.56242,0;
9.03, 0.753978,1.68302,-0.0337047,1.6299,-0.256246,2.55228,0;
9.04, 0.836158,1.65571,-0.0366779,1.57872,-0.368324,2.53116,0;
9.05, 0.914841,1.62642,-0.0394831,1.51589,-0.477378,2.49931,0;
9.06, 1.00315,1.59503,-0.0423422,1.44196,-0.589393,2.45958,0;
9.07, 1.08729,1.56126,-0.0450523,1.35749,-0.697697,2.40996,0;
9.08, 1.16582,1.5248,-0.0475951,1.26325,-0.801021,2.35063,0;
9.09, 1.25622,1.48614,-0.0501618,1.15975,-0.907359,2.2855,0;
9.1, 1.34426,1.44414,-0.0526466,1.04801,-1.01007,2.21254,0;
9.11, 1.42959,1.39871,-0.0549695,0.929087,-1.10849,2.13245,0;
9.12, 1.52276,1.35069,-0.0572349,0.803743,-1.20732,2.04816,0;
9.13, 1.60936,1.29891,-0.0592924,0.673845,-1.30003,1.95804,0;
9.14, 1.69064,1.2429,-0.0611623,0.540362,-1.38695,1.86277,0;
9.15, 1.77608,1.18266,-0.0628921,0.403535,-1.47266,1.7646,0;
9.16, 1.8597,1.11852,-0.0644816,0.265396,-1.55463,1.66383,0;
9.17, 1.95278,1.05039,-0.0659955,0.125467,-1.63794,1.56241,0;
9.18, 2.04246,0.977422,-0.0674652,-0.0138444,-1.71688,1.45898,0;
9.19, 2.12403,0.899468,-0.0687445,-0.150658,-1.78928,1.35351,0;
9.2, 2.20821,0.816902,-0.0698878,-0.285365,-1.86026,1.248,0;
9.21, 2.2799,0.728803,-0.070653,-0.414853,-1.92366,1.14086,0;
9.22, 2.35318,0.635965,-0.0715405,-0.540039,-1.98566,1.03426,0;
9.23, 2.41958,0.537412,-0.0719837,-0.659126,-2.04344,0.927242,0;
9.24, 2.48456,0.434738,-0.0722768,-0.771449,-2.09944,0.821433,0;
9.25, 2.54059,0.327314,-0.0722852,-0.875087,-2.15073,0.715784,0;
9.26, 2.58547,0.21482,-0.0721497,-0.968912,-2.19645,0.609793,0;
9.27, 2.6262,0.0976233,-0.0720332,-1.05352,-2.24003,0.504507,0;
9.28, 2.65222,-0.0235816,-0.0717226,-1.12599,-2.27723,0.398963,0;
9.29, 2.67212,-0.147772,-0.0711155,-1.18728,-2.31215,0.294592,0;
9.3, 2.68248,-0.275208,-0.0704753,-1.23652,-2.34341,0.190644,0;
9.31, 2.68397,-0.404865,-0.0695797,-1.27337,-2.37152,0.0873921,0;
9.32, 2.68267,-0.536065,-0.0688019,-1.29879,-2.39897,-0.0142897,0;
9.33, 2.67062,-0.668089,-0.0677819,-1.31102,-2.42233,-0.115443,0;
9.34, 2.63182,-0.801504,-0.0663804,-1.30691,-2.43405,-0.219232,0;
9.35, 2.59145,-0.934281,-0.0648939,-1.29167,-2.44522,-0.321477,0;
9.36, 2.53619,-1.06589,-0.0630897,-1.26309,-2.45006,-0.42427,0;
9.37, 2.47023,-1.19582,-0.0611315,-1.22243,-2.44974,-0.52727,0;
9.38, 2.39259,-1.32391,-0.0590253,-1.1703,-2.4435,-0.631053,0;
9.39, 2.30551,-1.44786,-0.0567761,-1.10746,-2.43171,-0.734582,0;
9.4, 2.2211,-1.56793,-0.0544852,-1.03752,-2.41966,-0.836311,0;
9.41, 2.13169,-1.68334,-0.0520642,-0.959654,-2.40321,-0.937569,0;
9.42, 2.03581,-1.79393,-0.0494852,-0.874354,-2.38078,-1.03893,0;
9.43, 1.92502,-1.89941,-0.0467322,-0.780899,-2.34759,-1.14221,0;
9.44, 1.81926,-1.99891,-0.0439299,-0.6841,-2.31258,-1.24353,0;
9.45, 1.70054,-2.09202,-0.0409557,-0.581741,-2.26671,-1.34612,0;
9.46, 1.58364,-2.17798,-0.0379474,-0.477367,-2.21622,-1.44701,0;
9.47, 1.45945,-2.25692,-0.0347784,-0.370652,-2.15653,-1.54794,0;
9.48, 1.33715,-2.32945,-0.0315464,-0.264178,-2.09171,-1.64743,0;
9.49, 1.20917,-2.39445,-0.0282636,-0.157769,-2.01754,-1.74612,0;
9.5, 1.07211,-2.45138,-0.0249076,-0.052002,-1.93178,-1.84422,0;
9.51, 0.94451,-2.50065,-0.0214471,0.0492507,-1.84382,-1.93783,0;
9.52, 0.816547,-2.54181,-0.018078,0.146239,-1.74867,-2.02799,0;
9.53, 0.688055,-2.57518,-0.0146135,0.238145,-1.64608,-2.11462,0;
9.54, 0.555469,-2.60104,-0.0111843,0.324289,-1.53429,-2.1979,0;
9.55, 0.42003,-2.61912,-0.00778761,0.403394,-1.41408,-2.27678,0;
9.56, 0.295078,-2.62946,-0.00434733,0.473192,-1.29276,-2.34784,0;
9.57, 0.170101,-2.63249,-0.000942071,0.533767,-1.16547,-2.4126,0;
9.58, 0.0312906,-2.62805,0.00238065,0.585171,-1.02518,-2.47308,0;
9.59, -0.0990176,-2.61777,0.00566773,0.625255,-0.88431,-2.52499,0;
9.6, -0.233972,-2.59807,0.0089579,0.653332,-0.736487,-2.5682,0;
9.61, -0.362425,-2.57255,0.0121891,0.668916,-0.588605,-2.60176,0;
9.62, -0.500327,-2.54105,0.0154157,0.671833,-0.433358,-2.62825,0;
9.63, -0.629277,-2.50329,0.0184606,0.661568,-0.280745,-2.6434,0;
9.64, -0.762472,-2.45893,0.0214111,0.637874,-0.125058,-2.64921,0;
9.65, -0.896854,-2.40845,0.0241539,0.60093,0.0314829,-2.6452,0;
9.66, -1.02033,-2.35136,0.0270173,0.551432,0.18179,-2.62917,0;
9.67, -1.14626,-2.28842,0.0297817,0.48953,0.33176,-2.60391,0;
9.68, -1.27122,-2.21913,0.0325272,0.416066,0.479356,-2.56911,0;
9.69, -1.39209,-2.14472,0.0351931,0.33242,0.622049,-2.52522,0;
9.7, -1.51352,-2.06436,0.0377204,0.239074,0.761743,-2.47312,0;
9.71, -1.63405,-1.97926,0.0400618,0.137596,0.897128,-2.41385,0;
9.72, -1.75381,-1.88775,0.0423754,0.0288382,1.02814,-2.34741,0;
9.73, -1.86324,-1.78986,0.0448193,-0.0845271,1.14982,-2.27298,0;
9.74, -1.97277,-1.68776,0.0469734,-0.20179,1.26673,-2.19408,0;
9.75, -2.07953,-1.58102,0.048938,-0.321151,1.37778,-2.11098,0;
9.76, -2.191,-1.47012,0.0506521,-0.442383,1.48653,-2.02591,0;
9.77, -2.28426,-1.35553,0.0525095,-0.559913,1.58213,-1.93614,0;
9.78, -2.37218,-1.23724,0.0542409,-0.674415,1.67077,-1.84421,0;
9.79, -2.45288,-1.11292,0.0558506,-0.784743,1.75272,-1.74926,0;
9.8, -2.52281,-0.984893,0.0573651,-0.888299,1.82647,-1.65233,0;
9.81, -2.57348,-0.855376,0.0589148,-0.981423,1.88831,-1.55359,0;
9.82, -2.62251,-0.723938,0.0602544,-1.06716,1.94715,-1.45617,0;
9.83, -2.65525,-0.592974,0.061546,-1.14094,1.99674,-1.3589,0;
9.84, -2.68811,-0.460586,0.0626189,-1.20651,2.0452,-1.26374,0;
9.85, -2.71291,-0.32912,0.0636102,-1.26114,2.08909,-1.17042,0;
9.86, -2.72281,-0.197402,0.064376,-1.30279,2.12539,-1.07672,0;
9.87, -2.7113,-0.0646347,0.0651594,-1.32955,2.15178,-0.980616,0;
9.88, -2.70089,0.0654633,0.0657153,-1.34696,2.17826,-0.88838,0;
9.89, -2.67878,0.18979,0.0660537,-1.35137,2.19894,-0.798827,0;
9.9, -2.64738,0.313714,0.0662621,-1.34443,2.21577,-0.709226,0;
9.91, -2.60256,0.433274,0.066464,-1.32483,2.2264,-0.62012,0;
9.92, -2.55309,0.549531,0.0665164,-1.29567,2.2349,-0.532576,0;
9.93, -2.49021,0.660765,0.0663279,-1.25473,2.237,-0.444954,0;
9.94, -2.42521,0.765821,0.0659807,-1.20589,2.23733,-0.360062,0;
9.95, -2.34682,0.867149,0.0657384,-1.14669,2.23167,-0.27349,0;
9.96, -2.26885,0.962659,0.0653603,-1.08171,2.22521,-0.189184,0;
9.97, -2.19411,1.05331,0.0645833,-1.0126,2.21922,-0.107205,0;
9.98, -2.11865,1.13916,0.0639596,-0.938722,2.21196,-0.0261756,0;
9.99, -2.03496,1.22147,0.0630626,-0.85797,2.19967,0.0570287,0;
