0, 6.29377,323.019,-9.62403,-137.473,-6.26427,322.862,0;
0.01, 20.9119,221.116,-6.92499,-99.2168,-20.9596,221.061,0;
0.02, 27.0283,-20.3077,1.98964,-8.98956,-12.0025,-19.3397,0;
0.03, 26.934,-83.5526,4.75192,8.36181,-2.97386,-81.2625,0;
0.04, 24.2815,-92.5054,3.97039,9.60168,-4.96413,-89.1634,0;
0.05, 19.7669,-87.8746,2.47734,9.18579,-8.11643,-83.7534,0;
0.06, 13.0328,-78.9615,1.30719,9.31976,-9.08622,-74.2936,0;
0.07, 10.4993,-68.6702,0.515602,9.42508,-10.9405,-63.7247,0;
0.08, 6.68524,-58.6925,0.0344497,10.1015,-11.0384,-53.7617,0;
0.09, 2.50406,-49.8695,-0.20097,11.0494,-10.0092,-45.0999,0;
0.1, -0.695363,-42.314,-0.266623,11.963,-8.86666,-37.8919,0;
0.11, -3.4691,-35.9454,-0.247113,12.8112,-7.50549,-32.0573,0;
0.12, -5.62915,-30.6787,-0.18551,13.4869,-6.13211,-27.4191,0;
0.13, -7.67545,-26.2794,-0.101898,14.0278,-4.56833,-23.7695,0;
0.14, -8.70488,-22.5562,-0.0277608,14.2738,-3.33765,-20.7874,0;
0.15, -9.78678,-19.358,0.0468127,14.3801,-1.94085,-18.4068,0;
0.16, -10.5287,-16.5915,0.111414,14.302,-0.601319,-16.4473,0;
0.17, -10.8919,-14.1627,0.146621,14.031,0.629504,-14.7762,0;
0.18, -11.376,-11.9803,0.167968,13.6471,1.98415,-13.3611,0;
0.19, -12.4133,-10.0965,0.231117,13.2156,3.62622,-12.2961,0;
0.2, -12.474,-8.37103,0.274501,12.5454,4.76424,-11.2177,0;
0.21, -12.596,-6.83577,0.313229,11.7589,5.89445,-10.2601,0;
0.22, -12.9804,-5.37036,0.344206,10.8954,7.15339,-9.36996,0;
0.23, -12.8448,-4.08001,0.356738,9.89356,8.09274,-8.45331,0;
0.24, -13.217,-2.85321,0.376403,8.8314,9.2389,-7.6185,0;
0.25, -12.315,-1.6609,0.383299,7.61736,9.65986,-6.54185,0;
0.26, -12.9222,-0.472978,0.362503,6.38491,10.8128,-5.63054,0;
0.27, -12.8241,0.523998,0.347159,5.1049,11.5124,-4.67017,0;
0.28, -12.7901,1.38125,0.351952,3.77227,12.1099,-3.764,0;
0.29, -12.1857,2.21884,0.352147,2.41349,12.3183,-2.72689,0;
0.3, -12.1415,3.0783,0.338664,1.02569,12.7368,-1.71383,0;
0.31, -12.2769,3.93733,0.325963,-0.359031,13.1764,-0.709648,0;
0.32, -12.5962,4.71796,0.318113,-1.74043,13.6021,0.234101,0;
0.33, -12.8476,5.46581,0.308053,-3.10028,13.8837,1.17668,0;
0.34, -12.4562,6.10391,0.290874,-4.36584,13.7088,2.16796,0;
0.35, -12.4851,6.70956,0.28079,-5.5901,13.6517,3.04847,0;
0.36, -12.4045,7.30997,0.26768,-6.71347,13.4739,3.90799,0;
0.37, -11.8311,7.84463,0.257513,-7.67139,12.9667,4.76632,0;
0.38, -11.8177,8.51253,0.230799,-8.59899,12.7012,5.56578,0;
0.39, -11.4851,9.10365,0.245866,-9.34267,12.2524,6.27451,0;
0.4, -10.6201,9.51935,0.25135,-9.82892,11.4723,6.91137,0;
0.41, -10.6787,10.0779,0.218379,-10.3295,11.1413,7.4361,0;
0.42, -10.3348,10.6729,0.209284,-10.6335,10.6396,7.95341,0;
0.43, -9.51691,11.2648,0.194641,-10.7062,9.8879,8.48174,0;
0.44, -9.64839,11.8609,0.170659,-10.807,9.60757,8.79017,0;
0.45, -8.80536,11.9431,0.170797,-10.467,8.83358,8.89902,0;
0.46, -7.93661,12.329,0.166357,-10.0517,8.09038,9.12474,0;
0.47, -6.39772,12.6808,0.161398,-9.34916,7.07533,9.41944,0;
0.48, -5.6819,12.6725,0.123482,-8.62412,6.4371,9.35709,0;
0.49, -5.43616,12.8057,0.140208,-7.97215,6.152,9.22759,0;
0.5, -4.00243,12.8462,0.148405,-6.93667,5.32978,9.26475,0;
0.51, -3.10202,12.9882,0.126369,-5.96914,4.77473,9.27312,0;
0.52, -2.15456,13.0298,0.0914657,-4.91698,4.233,9.24419,0;
0.53, -0.337226,12.9999,0.0736357,-3.58637,3.32568,9.35046,0;
0.54, -0.00761473,12.9855,0.0521264,-2.63933,3.14224,9.18478,0;
0.55, 1.62381,12.95,0.0443306,-1.33267,2.42367,9.29152,0;
0.56, 2.93341,12.8357,0.0403674,-0.101504,1.84249,9.32036,0;
0.57, 3.61203,12.7031,0.0235065,0.935762,1.575,9.23677,0;
0.58, 4.0014,11.8415,9.37916e-05,1.93207,1.30302,8.74218,0;
0.59, 4.41253,11.0544,-0.00692117,2.86914,1.02962,8.32307,0;
0.6, 5.03356,10.8127,-0.0238991,3.7609,0.747686,8.29325,0;
0.61, 5.78746,10.457,-0.0441264,4.65842,0.36295,8.30103,0;
0.62, 6.44141,10.1148,-0.0507141,5.47692,0.021515,8.32492,0;
0.63, 7.06562,9.50469,-0.0613079,6.24648,-0.386315,8.24392,0;
0.64, 8.01616,8.90229,-0.0578444,7.05759,-0.946276,8.28725,0;
0.65, 8.40345,8.47506,-0.0694187,7.63407,-1.23608,8.31384,0;
0.66, 7.76049,7.87294,-0.081313,7.82645,-1.11683,8.00212,0;
0.67, 7.86044,7.29518,-0.0906092,8.19765,-1.34493,7.92351,0;
0.68, 8.49129,6.91422,-0.107386,8.71447,-1.81112,8.13064,0;
0.69, 8.56838,6.46466,-0.117164,9.0195,-2.06919,8.17672,0;
0.7, 8.53487,5.96634,-0.126351,9.2399,-2.29846,8.17469,0;
0.71, 9.05536,5.59263,-0.135639,9.6081,-2.76004,8.41449,0;
0.72, 9.00503,5.26599,-0.150807,9.77428,-2.97872,8.51913,0;
0.73, 8.80715,4.79368,-0.164657,9.84168,-3.17878,8.50509,0;
0.74, 8.45373,4.24614,-0.174547,9.82429,-3.34973,8.40334,0;
0.75, 8.31456,3.77129,-0.191156,9.85561,-3.62004,8.40628,0;
0.76, 8.436,3.38856,-0.195945,9.96213,-3.99335,8.5491,0;
0.77, 8.01553,3.04799,-0.203079,9.88751,-4.12559,8.53396,0;
0.78, 8.24717,2.71862,-0.210591,9.98297,-4.55449,8.72528,0;
0.79, 8.01509,2.40378,-0.213082,9.92715,-4.78824,8.7643,0;
0.8, 7.22231,2.09008,-0.227712,9.66986,-4.77526,8.58555,0;
0.81, 7.27457,1.76039,-0.237663,9.63494,-5.15922,8.66211,0;
0.82, 7.37398,1.47987,-0.235995,9.61557,-5.57132,8.77617,0;
0.83, 7.65978,1.21273,-0.242787,9.60656,-6.07215,8.92336,0;
0.84, 8.00253,0.784697,-0.250728,9.51746,-6.64693,8.95991,0;
0.85, 7.66687,0.592482,-0.255077,9.25261,-6.8324,8.84567,0;
0.86, 7.01483,0.507481,-0.268725,8.8801,-6.83051,8.62646,0;
0.87, 6.69367,0.267565,-0.289982,8.51035,-7.03652,8.38472,0;
0.88, 6.63217,0.103975,-0.29286,8.20344,-7.35368,8.24036,0;
0.89, 6.7493,-0.111091,-0.290341,7.87067,-7.77115,8.07541,0;
0.9, 6.62989,-0.325698,-0.289637,7.41692,-8.07457,7.76621,0;
0.91, 6.93987,-0.59778,-0.303369,6.94978,-8.58454,7.47489,0;
0.92, 7.09491,-0.914887,-0.302785,6.36062,-9.01769,7.04396,0;
0.93, 6.77098,-1.1245,-0.299548,5.62924,-9.16901,6.44379,0;
0.94, 6.56077,-1.29904,-0.304063,4.85877,-9.33939,5.82266,0;
0.95, 6.41983,-1.47274,-0.301642,4.04794,-9.52767,5.16838,0;
0.96, 6.3736,-1.5351,-0.302386,3.2414,-9.72021,4.54829,0;
0.97, 6.83397,-1.67149,-0.302767,2.41073,-10.1483,3.95912,0;
0.98, 7.34346,-1.8281,-0.307691,1.49839,-10.5797,3.29288,0;
0.99, 7.48503,-1.9872,-0.31392,0.459395,-10.789,2.44945,0;
1, 7.51813,-2.18626,-0.310888,-0.667811,-10.8996,1.49591,0;
1.01, 7.95862,-2.35479,-0.305933,-1.783,-11.1567,0.623137,0;
1.02, 8.51574,-2.49577,-0.30767,-2.90611,-11.4237,-0.233239,0;
1.03, 8.2401,-2.65735,-0.299437,-4.09591,-11.243,-1.2992,0;
1.04, 8.25941,-2.86511,-0.293213,-5.28767,-11.1526,-2.33264,0;
1.05, 8.59663,-3.08277,-0.282551,-6.42874,-11.1866,-3.26506,0;
1.06, 8.28528,-3.2938,-0.277682,-7.51734,-10.8728,-4.27339,0;
1.07, 8.18695,-3.51781,-0.271457,-8.54211,-10.6171,-5.19352,0;
1.08, 8.17044,-3.69472,-0.247886,-9.43959,-10.3811,-5.97107,0;
1.09, 7.85037,-3.94857,-0.235783,-10.269,-9.98483,-6.77293,0;
1.1, 7.82803,-4.22489,-0.233842,-11.0212,-9.70797,-7.46379,0;
1.11, 7.70656,-4.56597,-0.22134,-11.6818,-9.38519,-8.10779,0;
1.12, 8.102,-4.89125,-0.208153,-12.2685,-9.28959,-8.58225,0;
1.13, 8.36544,-5.31764,-0.201535,-12.7875,-9.12734,-9.05366,0;
1.14, 8.5256,-5.72489,-0.192685,-13.1826,-8.89569,-9.44757,0;
1.15, 8.63839,-6.12815,-0.164292,-13.4555,-8.63856,-9.75339,0;
1.16, 8.38249,-6.46758,-0.139591,-13.5335,-8.20516,-9.98584,0;
1.17, 7.77792,-6.91178,-0.126903,-13.4954,-7.61482,-10.2564,0;
1.18, 8.18966,-7.33044,-0.137864,-13.4779,-7.50122,-10.3368,0;
1.19, 7.57611,-7.82073,-0.137747,-13.2285,-6.95916,-10.504,0;
1.2, 7.12256,-8.30496,-0.118188,-12.8995,-6.50632,-10.5964,0;
1.21, 7.21615,-8.73473,-0.102394,-12.5348,-6.33982,-10.5465,0;
1.22, 6.66005,-9.2063,-0.0663172,-11.9936,-5.92503,-10.5525,0;
1.23, 6.66269,-9.65002,-0.0405229,-11.4559,-5.77554,-10.461,0;
1.24, 5.95518,-10.1023,-0.0279454,-10.7078,-5.327,-10.4387,0;
1.25, 4.77903,-10.5628,-0.0125607,-9.79593,-4.6818,-10.4692,0;
1.26, 3.71626,-11.0203,0.0138683,-8.83862,-4.13299,-10.4804,0;
1.27, 2.97739,-11.4184,0.0308026,-7.86671,-3.77172,-10.4223,0;
1.28, 2.18343,-11.7402,0.0409199,-6.80961,-3.41466,-10.3363,0;
1.29, 1.14664,-11.9772,0.0607911,-5.64092,-2.96901,-10.2507,0;
1.3, 0.627977,-12.1951,0.0748675,-4.55608,-2.77277,-10.1134,0;
1.31, -0.335039,-12.4193,0.0894063,-3.37918,-2.38795,-10.0688,0;
1.32, -1.07009,-12.5106,0.0986868,-2.20285,-2.08931,-9.95644,0;
1.33, -2.68246,-12.577,0.126586,-0.853548,-1.39105,-9.99296,0;
1.34, -3.76479,-12.5978,0.148442,0.369709,-0.917843,-9.9746,0;
1.35, -4.53817,-12.4534,0.156582,1.52817,-0.566011,-9.86614,0;
1.36, -5.16306,-12.2955,0.16302,2.60116,-0.264077,-9.7662,0;
1.37, -5.65042,-12.0844,0.177098,3.59311,0.00388011,-9.66467,0;
1.38, -7.13239,-11.8626,0.203099,4.72423,0.780284,-9.76518,0;
1.39, -7.97639,-11.5544,0.216644,5.67487,1.32314,-9.76253,0;
1.4, -8.99074,-11.1812,0.238841,6.57282,1.97449,-9.79496,0;
1.41, -9.1662,-10.6979,0.243175,7.23794,2.29012,-9.65653,0;
1.42, -9.29647,-10.1468,0.235703,7.80831,2.64087,-9.49734,0;
1.43, -10.4671,-9.63055,0.252049,8.47601,3.53548,-9.57892,0;
1.44, -10.5078,-9.13424,0.27054,8.84179,3.92623,-9.49364,0;
1.45, -10.2962,-8.50373,0.266729,9.07678,4.25495,-9.2918,0;
1.46, -10.9383,-7.83205,0.277214,9.37869,5.05445,-9.24078,0;
1.47, -11.6064,-7.15265,0.300125,9.59223,5.91481,-9.20279,0;
1.48, -11.5131,-6.48485,0.308974,9.5773,6.42315,-9.00981,0;
1.49, -12.005,-5.79824,0.315513,9.54517,7.24395,-8.90104,0;
1.5, -12.0986,-5.04368,0.318436,9.36872,7.90739,-8.65624,0;
1.51, -12.5116,-4.30366,0.319065,9.12582,8.7348,-8.4447,0;
1.52, -12.6504,-3.58864,0.321747,8.75197,9.42073,-8.15539,0;
1.53, -12.3663,-2.89891,0.320042,8.2295,9.87376,-7.74255,0;
1.54, -12.5248,-2.23349,0.316857,7.6694,10.5344,-7.37751,0;
1.55, -12.2874,-1.56139,0.319621,6.99687,10.9815,-6.88187,0;
1.56, -12.2032,-0.825542,0.316735,6.25166,11.4935,-6.31984,0;
1.57, -11.8839,-0.183733,0.30942,5.42944,11.84,-5.69819,0;
1.58, -12.2019,0.539544,0.29835,4.56916,12.4934,-5.10254,0;
1.59, -12.3688,1.1976,0.292311,3.64534,13.0156,-4.46159,0;
1.6, -11.5225,1.84374,0.299016,2.62033,12.9427,-3.58041,0;
1.61, -11.4582,2.46703,0.294676,1.58278,13.2059,-2.80374,0;
1.62, -12.0701,3.02722,0.281838,0.544301,13.7727,-2.15748,0;
1.63, -11.7616,3.51071,0.285491,-0.515135,13.7846,-1.35428,0;
1.64, -11.6895,4.09249,0.279623,-1.61154,13.8492,-0.500177,0;
1.65, -12.0316,4.72322,0.276916,-2.71525,14.0798,0.312424,0;
1.66, -11.7612,5.34906,0.273719,-3.78382,13.9289,1.23914,0;
1.67, -11.948,5.82326,0.26457,-4.81712,13.9064,2.00208,0;
1.68, -11.7463,6.16521,0.260389,-5.74385,13.6106,2.73381,0;
1.69, -10.9541,6.79607,0.246814,-6.61336,13.0008,3.70571,0;
1.7, -10.5742,7.33923,0.231813,-7.40134,12.5475,4.5211,0;
1.71, -10.1838,7.8112,0.217503,-8.0618,12.0617,5.23405,0;
1.72, -10.129,8.26485,0.213809,-8.64959,11.7232,5.8101,0;
1.73, -9.89354,8.67946,0.211628,-9.09872,11.2749,6.3354,0;
1.74, -9.70099,9.07846,0.203318,-9.44157,10.8239,6.79279,0;
1.75, -9.72818,9.5168,0.182856,-9.71048,10.4766,7.18242,0;
1.76, -9.09265,9.88589,0.157985,-9.74676,9.7879,7.59658,0;
1.77, -8.64318,10.2325,0.153266,-9.69466,9.19421,7.89889,0;
1.78, -8.00945,10.6071,0.152226,-9.49809,8.54623,8.19085,0;
1.79, -6.99223,10.9403,0.15017,-9.1077,7.73388,8.48492,0;
1.8, -6.39984,11.298,0.135186,-8.69121,7.16188,8.6798,0;
1.81, -5.92826,11.4146,0.123828,-8.15986,6.66577,8.68411,0;
1.82, -4.46953,11.5873,0.120406,-7.34697,5.7452,8.86669,0;
1.83, -3.80083,11.7559,0.107516,-6.62796,5.22952,8.89555,0;
1.84, -2.91613,11.8166,0.0945406,-5.7816,4.65983,8.89565,0;
1.85, -1.82078,11.792,0.0866893,-4.82765,4.01208,8.885,0;
1.86, -0.970671,11.7221,0.0791471,-3.8895,3.50936,8.81283,0;
1.87, 0.0212513,11.6784,0.0655453,-2.90126,2.98012,8.79573,0;
1.88, 0.795958,11.5163,0.0534917,-1.94284,2.55838,8.69184,0;
1.89, 1.53563,11.2704,0.041455,-0.986101,2.16144,8.55767,0;
1.9, 2.05188,11.1439,0.030478,-0.118103,1.90355,8.4614,0;
1.91, 2.89257,10.9796,0.0233546,0.820775,1.49903,8.44635,0;
1.92, 3.71059,10.663,0.00703099,1.75163,1.06421,8.37858,0;
1.93, 4.40578,10.243,-0.0203743,2.62769,0.659604,8.26122,0;
1.94, 5.18281,9.83708,-0.0288904,3.47814,0.232404,8.20144,0;
1.95, 5.51785,9.42776,-0.0361846,4.15955,0.00388695,8.07187,0;
1.96, 5.93211,8.95906,-0.0507006,4.81805,-0.284269,7.96318,0;
1.97, 6.36963,8.5692,-0.0529575,5.43448,-0.577328,7.93144,0;
1.98, 6.75034,8.17922,-0.0631704,5.99242,-0.866246,7.91802,0;
1.99, 7.03595,7.74885,-0.0820286,6.48156,-1.14302,7.88531,0;
2, 7.14279,7.3234,-0.0907035,6.87479,-1.34805,7.83062,0;
2.01, 7.81114,6.8879,-0.101481,7.38825,-1.83085,7.94403,0;
2.02, 7.6616,6.43266,-0.117003,7.6293,-1.97216,7.84583,0;
2.03, 7.53693,6.0162,-0.133021,7.83117,-2.1187,7.78234,0;
2.04, 8.01477,5.58355,-0.142284,8.17509,-2.566,7.89785,0;
2.05, 8.07948,5.20648,-0.150608,8.37632,-2.83391,7.93866,0;
2.06, 7.51645,4.77406,-0.161733,8.3541,-2.8367,7.77048,0;
2.07, 7.18174,4.37653,-0.169236,8.3708,-2.94634,7.68479,0;
2.08, 7.13909,3.9844,-0.172575,8.45549,-3.21663,7.69809,0;
2.09, 7.28691,3.57896,-0.181482,8.57171,-3.60357,7.76644,0;
2.1, 7.27797,3.29719,-0.183437,8.63461,-3.89222,7.84729,0;
2.11, 7.5421,2.97459,-0.190037,8.73299,-4.32348,7.98059,0;
2.12, 7.82475,2.61826,-0.20563,8.7985,-4.78615,8.08701,0;
2.13, 7.87474,2.30281,-0.212677,8.76705,-5.12614,8.12037,0;
2.14, 7.40647,1.95048,-0.219022,8.55261,-5.23188,7.94822,0;
2.15, 7.26446,1.66292,-0.22587,8.4014,-5.47312,7.88278,0;
2.16, 7.24244,1.42163,-0.231182,8.26912,-5.77199,7.8621,0;
2.17, 7.23862,1.12954,-0.240666,8.0933,-6.10167,7.78924,0;
2.18, 7.19163,0.841686,-0.250067,7.86646,-6.4115,7.66792,0;
2.19, 7.16498,0.615819,-0.254678,7.61664,-6.71029,7.54788,0;
2.2, 7.00787,0.420177,-0.260965,7.30113,-6.93723,7.36127,0;
2.21, 6.4353,0.157307,-0.267571,6.83182,-6.98188,6.96578,0;
2.22, 6.20865,-0.073237,-0.27408,6.40506,-7.17959,6.64683,0;
2.23, 6.30048,-0.262417,-0.275084,6.0251,-7.52319,6.41591,0;
2.24, 6.5426,-0.455224,-0.281434,5.61982,-7.93684,6.17617,0;
2.25, 7.10837,-0.696497,-0.288914,5.18655,-8.502,5.93669,0;
2.26, 7.05435,-0.825417,-0.288471,4.61664,-8.72031,5.52262,0;
2.27, 7.37607,-1.00034,-0.289542,4.01115,-9.0945,5.10906,0;
2.28, 7.83496,-1.20047,-0.290146,3.35634,-9.5231,4.65885,0;
2.29, 7.73817,-1.43917,-0.290114,2.5385,-9.66143,3.96921,0;
2.3, 6.9308,-1.65273,-0.284559,1.59554,-9.41272,3.05968,0;
2.31, 6.90059,-1.83062,-0.281822,0.735441,-9.50528,2.33909,0;
2.32, 6.69628,-2.00468,-0.275148,-0.135831,-9.51112,1.57925,0;
2.33, 6.7261,-2.16751,-0.275531,-1.00277,-9.60022,0.855955,0;
2.34, 6.93089,-2.34828,-0.273576,-1.8715,-9.75331,0.150316,0;
2.35, 7.01334,-2.53253,-0.274031,-2.76129,-9.816,-0.599595,0;
2.36, 6.92782,-2.74193,-0.266925,-3.66663,-9.76274,-1.4016,0;
2.37, 7.17559,-2.98173,-0.261364,-4.56286,-9.83874,-2.15075,0;
2.38, 7.53083,-3.18629,-0.260761,-5.4186,-9.93195,-2.84094,0;
2.39, 7.5292,-3.39268,-0.255418,-6.24718,-9.81467,-3.57447,0;
2.4, 7.5806,-3.63977,-0.245706,-7.05154,-9.68873,-4.29158,0;
2.41, 7.70152,-3.88219,-0.238226,-7.79688,-9.56944,-4.95106,0;
2.42, 7.58273,-4.14519,-0.226352,-8.47399,-9.3145,-5.60645,0;
2.43, 7.31727,-4.43075,-0.211984,-9.07469,-8.96978,-6.23859,0;
2.44, 7.13022,-4.73908,-0.199628,-9.59885,-8.65219,-6.80429,0;
2.45, 7.02612,-5.05895,-0.186226,-10.0394,-8.37215,-7.29282,0;
2.46, 7.14535,-5.39298,-0.179026,-10.4133,-8.19361,-7.69204,0;
2.47, 7.01346,-5.71606,-0.167444,-10.6694,-7.89355,-8.05344,0;
2.48, 7.12679,-6.0367,-0.157995,-10.8602,-7.69944,-8.3221,0;
2.49, 7.12215,-6.40423,-0.152927,-10.9706,-7.45459,-8.57797,0;
2.5, 6.90204,-6.77226,-0.138895,-10.9699,-7.1113,-8.80785,0;
2.51, 6.79915,-7.13801,-0.122439,-10.8933,-6.82887,-8.97115,0;
2.52, 6.47501,-7.51064,-0.106999,-10.7033,-6.45782,-9.11823,0;
2.53, 6.42613,-7.86965,-0.0970523,-10.463,-6.2239,-9.18374,0;
2.54, 6.11307,-8.23783,-0.0823146,-10.1109,-5.89007,-9.25159,0;
2.55, 5.1716,-8.61022,-0.0593894,-9.58939,-5.28091,-9.37216,0;
2.56, 5.16957,-8.9372,-0.0483402,-9.1245,-5.12079,-9.3273,0;
2.57, 4.62293,-9.26519,-0.0290767,-8.51422,-4.75171,-9.33047,0;
2.58, 3.90549,-9.60603,-0.0122277,-7.82365,-4.31037,-9.3555,0;
2.59, 3.26278,-9.88973,0.000552283,-7.0726,-3.9196,-9.33746,0;
2.6, 2.68761,-10.1439,0.0137036,-6.28327,-3.58381,-9.29053,0;
2.61, 1.65527,-10.3882,0.0297347,-5.37761,-3.05412,-9.30676,0;
2.62, 0.994372,-10.5857,0.0473402,-4.50022,-2.70856,-9.25987,0;
2.63, -0.251959,-10.7503,0.0731732,-3.49483,-2.1123,-9.29081,0;
2.64, -0.980373,-10.825,0.0848999,-2.54894,-1.74787,-9.22204,0;
2.65, -1.72316,-10.8506,0.0976502,-1.59899,-1.39033,-9.15203,0;
2.66, -2.65523,-10.8724,0.120013,-0.633652,-0.946095,-9.13511,0;
2.67, -3.49924,-10.7854,0.125915,0.323914,-0.511822,-9.07894,0;
2.68, -4.44896,-10.6779,0.129972,1.2694,-0.0155699,-9.05637,0;
2.69, -4.9607,-10.5443,0.14456,2.09087,0.280137,-8.98419,0;
2.7, -5.49851,-10.3323,0.162192,2.88317,0.609102,-8.90504,0;
2.71, -6.41302,-10.0838,0.170246,3.70263,1.16073,-8.89748,0;
2.72, -6.63658,-9.8004,0.176737,4.34587,1.41571,-8.78618,0;
2.73, -6.94608,-9.42441,0.189819,4.95292,1.74105,-8.66485,0;
2.74, -7.52455,-9.05753,0.202316,5.54463,2.23682,-8.61898,0;
2.75, -8.53829,-8.66607,0.214448,6.14503,2.98917,-8.66318,0;
2.76, -8.66019,-8.2145,0.226009,6.53004,3.34246,-8.53536,0;
2.77, -8.78284,-7.75965,0.237138,6.83169,3.70847,-8.41135,0;
2.78, -9.98077,-7.26322,0.25065,7.23625,4.64916,-8.4745,0;
2.79, -9.78372,-6.71879,0.256158,7.35907,4.94627,-8.25844,0;
2.8, -10.2614,-6.1535,0.260596,7.48761,5.58079,-8.14675,0;
2.81, -10.9173,-5.58653,0.266757,7.57137,6.33736,-8.06516,0;
2.82, -10.7751,-5.03813,0.269064,7.46167,6.7021,-7.82469,0;
2.83, -11.0319,-4.45438,0.269436,7.32314,7.27152,-7.61919,0;
2.84, -10.4889,-3.87394,0.267511,7.02704,7.45322,-7.23728,0;
2.85, -10.5498,-3.32383,0.270166,6.73032,7.92996,-6.95888,0;
2.86, -10.3954,-2.72018,0.272763,6.36211,8.32499,-6.58885,0;
2.87, -10.3381,-2.09781,0.278899,5.93748,8.76504,-6.19538,0;
2.88, -10.5452,-1.4927,0.277661,5.47614,9.33173,-5.82394,0;
2.89, -10.558,-0.930514,0.277893,4.93804,9.77336,-5.40086,0;
2.9, -10.3781,-0.376878,0.275157,4.32664,10.0845,-4.89972,0;
2.91, -10.4862,0.169849,0.271732,3.68111,10.5121,-4.41644,0;
2.92, -10.6049,0.705002,0.269018,2.99171,10.9149,-3.9071,0;
2.93, -10.9222,1.25402,0.264465,2.25835,11.3812,-3.38636,0;
2.94, -10.8178,1.74974,0.264125,1.47839,11.5746,-2.77739,0;
2.95, -10.5965,2.28582,0.260084,0.660203,11.6609,-2.0892,0;
2.96, -10.1404,2.84324,0.254742,-0.169459,11.5885,-1.32158,0;
2.97, -10.3299,3.37009,0.243957,-0.99897,11.8001,-0.673398,0;
2.98, -10.4209,3.84112,0.23689,-1.81126,11.9173,-0.0358713,0;
2.99, -9.81191,4.30129,0.231491,-2.59329,11.62,0.72954,0;
3, -10.0272,4.77354,0.228227,-3.38031,11.6938,1.34947,0;
3.01, -9.99522,5.25777,0.225348,-4.11814,11.6208,2.00275,0;
3.02, -9.57787,5.65415,0.220284,-4.77973,11.2872,2.66724,0;
3.03, -9.07738,6.0718,0.211669,-5.37568,10.8764,3.33599,0;
3.04, -9.26041,6.5422,0.196543,-5.96829,10.7978,3.88329,0;
3.05, -9.0695,6.92023,0.186633,-6.44043,10.504,4.4061,0;
3.06, -8.84373,7.26122,0.185638,-6.83299,10.1541,4.87698,0;
3.07, -8.61274,7.64875,0.176374,-7.15068,9.79191,5.33883,0;
3.08, -8.21404,8.05614,0.165159,-7.36791,9.34019,5.80173,0;
3.09, -7.77277,8.4338,0.153552,-7.48415,8.85862,6.215,0;
3.1, -7.18275,8.76421,0.145904,-7.47897,8.30408,6.58363,0;
3.11, -6.33869,9.02434,0.149424,-7.33104,7.63153,6.91426,0;
3.12, -5.8149,9.27374,0.139493,-7.14018,7.13069,7.1505,0;
3.13, -5.66112,9.54388,0.123004,-6.93612,6.84268,7.2998,0;
3.14, -4.83422,9.78617,0.122872,-6.54163,6.25191,7.52126,0;
3.15, -4.23653,9.91017,0.111672,-6.09617,5.75685,7.62426,0;
3.16, -3.88475,10.0594,0.0924405,-5.64005,5.41268,7.67499,0;
3.17, -3.05703,10.2494,0.0756584,-5.04625,4.87264,7.82315,0;
3.18, -2.58817,10.278,0.0776344,-4.45784,4.5017,7.80882,0;
3.19, -1.58119,10.2886,0.0787374,-3.71539,3.90049,7.88034,0;
3.2, -0.993019,10.2185,0.063143,-3.0188,3.4915,7.83922,0;
3.21, -0.526041,10.125,0.047967,-2.32997,3.16696,7.76551,0;
3.22, 0.456511,10.096,0.0374178,-1.524,2.62747,7.83879,0;
3.23, 0.920204,10.0116,0.0259364,-0.823667,2.32981,7.79514,0;
3.24, 1.39314,9.95831,0.00942922,-0.128928,2.05283,7.77839,0;
3.25, 2.12712,9.64059,-0.0129957,0.646677,1.59986,7.70094,0;
3.26, 3.3072,9.25117,-0.00677825,1.51836,0.936276,7.70214,0;
3.27, 3.7331,8.98753,-0.0108056,2.17181,0.651778,7.6295,0;
3.28, 4.14714,8.72048,-0.0311469,2.78926,0.38398,7.57684,0;
3.29, 4.51644,8.49101,-0.0384933,3.36345,0.144154,7.55289,0;
3.3, 4.64842,8.15054,-0.0533677,3.85467,-0.0244227,7.44005,0;
3.31, 5.07569,7.89732,-0.0711718,4.38794,-0.325351,7.45701,0;
3.32, 5.58112,7.54628,-0.0764988,4.91374,-0.697833,7.47014,0;
3.33, 6.3807,7.0933,-0.0775447,5.48021,-1.23952,7.52297,0;
3.34, 6.27541,6.68017,-0.0842562,5.77573,-1.36285,7.387,0;
3.35, 6.15013,6.28366,-0.0992665,6.02104,-1.47279,7.26479,0;
3.36, 6.29072,5.97145,-0.11011,6.30991,-1.70716,7.26961,0;
3.37, 6.34974,5.57939,-0.120837,6.54863,-1.94783,7.22981,0;
3.38, 6.25417,5.20319,-0.131032,6.71884,-2.12813,7.16338,0;
3.39, 6.40851,4.83661,-0.130942,6.92377,-2.43159,7.17809,0;
3.4, 6.79308,4.49412,-0.141328,7.16228,-2.85825,7.27354,0;
3.41, 6.86564,4.17966,-0.155147,7.29422,-3.14336,7.29971,0;
3.42, 7.12475,3.89073,-0.166029,7.43939,-3.50739,7.38419,0;
3.43, 7.10568,3.52093,-0.177393,7.47647,-3.77189,7.3455,0;
3.44, 7.20974,3.20858,-0.187139,7.51598,-4.08126,7.35757,0;
3.45, 7.1347,2.9296,-0.193832,7.48892,-4.30492,7.32743,0;
3.46, 7.1096,2.65361,-0.203921,7.44255,-4.55758,7.29668,0;
3.47, 7.18707,2.36999,-0.211083,7.39122,-4.8682,7.27651,0;
3.48, 6.86739,2.08241,-0.211413,7.21926,-4.9971,7.12335,0;
3.49, 6.92974,1.73589,-0.21522,7.08545,-5.32382,7.02237,0;
3.5, 6.52605,1.43922,-0.22426,6.83378,-5.43057,6.79367,0;
3.51, 6.56216,1.21233,-0.229741,6.65593,-5.72248,6.70147,0;
3.52, 7.2657,0.953617,-0.233484,6.57868,-6.34919,6.76045,0;
3.53, 7.01226,0.716311,-0.241056,6.26881,-6.5144,6.52304,0;
3.54, 6.72878,0.490711,-0.243758,5.89966,-6.63422,6.23149,0;
3.55, 6.99522,0.265663,-0.247791,5.59912,-7.01744,6.0598,0;
3.56, 6.57952,0.0382282,-0.254471,5.14162,-7.07744,5.66595,0;
3.57, 6.14659,-0.180376,-0.255787,4.64207,-7.10837,5.22866,0;
3.58, 6.28114,-0.374208,-0.25403,4.21642,-7.40576,4.93099,0;
3.59, 6.55993,-0.588321,-0.257764,3.77005,-7.77857,4.62563,0;
3.6, 6.39045,-0.793321,-0.261212,3.21539,-7.91514,4.16299,0;
3.61, 6.28945,-0.995669,-0.262883,2.62588,-8.0566,3.67344,0;
3.62, 6.19413,-1.22019,-0.262324,2.00105,-8.19063,3.14246,0;
3.63, 6.23433,-1.43263,-0.26022,1.36573,-8.36951,2.6211,0;
3.64, 6.66956,-1.63487,-0.262915,0.740948,-8.7181,2.16639,0;
3.65, 6.69476,-1.8334,-0.262837,0.0502143,-8.84207,1.58939,0;
3.66, 6.71859,-2.01726,-0.260383,-0.664684,-8.92257,0.988439,0;
3.67, 7.12394,-2.21624,-0.25829,-1.37573,-9.16407,0.442837,0;
3.68, 7.02032,-2.41804,-0.255805,-2.12405,-9.13317,-0.224703,0;
3.69, 6.9235,-2.62427,-0.252536,-2.87503,-9.06689,-0.902146,0;
3.7, 6.72781,-2.84766,-0.245273,-3.61314,-8.9336,-1.59642,0;
3.71, 7.08492,-3.09256,-0.24297,-4.32839,-9.04792,-2.18527,0;
3.72, 7.49342,-3.32422,-0.239683,-5.01052,-9.16684,-2.73305,0;
3.73, 7.09594,-3.52898,-0.227054,-5.64923,-8.85938,-3.38999,0;
3.74, 7.35172,-3.77426,-0.22281,-6.27498,-8.83426,-3.93649,0;
3.75, 7.38351,-4.0455,-0.220294,-6.84932,-8.69944,-4.49319,0;
3.76, 7.03366,-4.3071,-0.205682,-7.34921,-8.35729,-5.06448,0;
3.77, 6.61716,-4.58176,-0.192117,-7.77758,-7.96877,-5.60483,0;
3.78, 6.38278,-4.89857,-0.173055,-8.155,-7.67444,-6.08289,0;
3.79, 6.39459,-5.18437,-0.165554,-8.46028,-7.49593,-6.45484,0;
3.8, 6.25822,-5.46043,-0.170895,-8.67803,-7.24149,-6.79722,0;
3.81, 6.56262,-5.73164,-0.165886,-8.86276,-7.19165,-7.02447,0;
3.82, 6.3256,-6.01697,-0.142914,-8.93489,-6.89357,-7.28855,0;
3.83, 5.98622,-6.36016,-0.117479,-8.95196,-6.54091,-7.56675,0;
3.84, 5.95544,-6.676,-0.104123,-8.91751,-6.3355,-7.74911,0;
3.85, 5.86355,-6.98789,-0.101327,-8.80503,-6.10936,-7.90093,0;
3.86, 5.18594,-7.31909,-0.0859906,-8.56037,-5.61721,-8.10849,0;
3.87, 4.5664,-7.65594,-0.0686696,-8.25488,-5.16038,-8.28153,0;
3.88, 4.43584,-7.93835,-0.060264,-7.92969,-4.95245,-8.3293,0;
3.89, 4.3418,-8.21616,-0.0522364,-7.55469,-4.7852,-8.34537,0;
3.9, 3.6791,-8.48436,-0.0368756,-7.04521,-4.35944,-8.41916,0;
3.91, 3.29367,-8.71556,-0.0286499,-6.51485,-4.06099,-8.42856,0;
3.92, 2.43645,-8.98323,-0.00831796,-5.88664,-3.57115,-8.51264,0;
3.93, 1.82988,-9.18579,0.0054711,-5.23909,-3.20135,-8.52664,0;
3.94, 0.929991,-9.35038,0.0264064,-4.50606,-2.71639,-8.56049,0;
3.95, 0.227478,-9.46154,0.0429856,-3.76839,-2.32846,-8.54445,0;
3.96, -0.137328,-9.56357,0.0500375,-3.07409,-2.1115,-8.48263,0;
3.97, -1.18123,-9.6606,0.0672768,-2.26596,-1.58554,-8.53168,0;
3.98, -1.63242,-9.67196,0.0736157,-1.5307,-1.31799,-8.46526,0;
3.99, -2.2338,-9.64878,0.0848242,-0.776612,-0.98828,-8.4177,0;
4, -2.61138,-9.58509,0.0961497,-0.0670186,-0.750681,-8.33391,0;
4.01, -2.95204,-9.48633,0.105993,0.62113,-0.516077,-8.24582,0;
4.02, -4.08723,-9.37189,0.12252,1.4182,0.116709,-8.30007,0;
4.03, -4.65655,-9.19847,0.132387,2.10273,0.512133,-8.25825,0;
4.04, -4.85462,-8.97942,0.139365,2.68704,0.735343,-8.14686,0;
4.05, -5.43523,-8.76189,0.151793,3.28752,1.1563,-8.11908,0;
4.06, -6.11209,-8.49951,0.166329,3.86723,1.66046,-8.10716,0;
4.07, -6.46949,-8.18309,0.178175,4.35288,2.03853,-8.02979,0;
4.08, -7.1811,-7.8378,0.189372,4.83824,2.61017,-8.01087,0;
4.09, -7.86903,-7.48436,0.19987,5.26237,3.19697,-7.99905,0;
4.1, -8.79674,-7.08006,0.210634,5.65841,3.92414,-8.01254,0;
4.11, -8.93013,-6.64258,0.216112,5.87455,4.27979,-7.8682,0;
4.12, -8.99079,-6.19913,0.221119,6.00794,4.60167,-7.70222,0;
4.13, -8.70551,-5.76328,0.221693,6.03993,4.77408,-7.4725,0;
4.14, -9.17058,-5.26559,0.227744,6.11661,5.35136,-7.34844,0;
4.15, -9.06343,-4.74927,0.231934,6.07334,5.6774,-7.10214,0;
4.16, -9.2252,-4.2754,0.235262,5.99269,6.13169,-6.91139,0;
4.17, -9.88782,-3.76663,0.240718,5.91136,6.85685,-6.78616,0;
4.18, -9.98241,-3.26996,0.241866,5.70489,7.29897,-6.53635,0;
4.19, -9.74488,-2.79061,0.243249,5.3995,7.55053,-6.20167,0;
4.2, -9.73336,-2.29084,0.244958,5.0625,7.91329,-5.87185,0;
4.21, -9.72319,-1.78619,0.247358,4.68009,8.27906,-5.516,0;
4.22, -9.43868,-1.2916,0.247172,4.23096,8.49428,-5.08161,0;
4.23, -9.7172,-0.761399,0.245781,3.77056,8.98649,-4.70599,0;
4.24, -9.52381,-0.259284,0.248987,3.24636,9.22221,-4.2313,0;
4.25, -9.5062,0.229926,0.246213,2.68514,9.51222,-3.76007,0;
4.26, -9.52461,0.708252,0.247852,2.09633,9.79593,-3.27711,0;
4.27, -9.19217,1.19149,0.253051,1.468,9.87182,-2.70141,0;
4.28, -9.30614,1.66962,0.246315,0.826145,10.1409,-2.18104,0;
4.29, -9.62422,2.12632,0.239324,0.171647,10.4846,-1.69208,0;
4.3, -9.54561,2.6205,0.227953,-0.50635,10.5921,-1.08985,0;
4.31, -9.24066,3.02581,0.214305,-1.1772,10.5176,-0.472669,0;
4.32, -8.89552,3.49915,0.216263,-1.84255,10.3978,0.181879,0;
4.33, -9.29499,3.93166,0.211225,-2.50732,10.6195,0.682547,0;
4.34, -9.36963,4.33393,0.202717,-3.13589,10.6459,1.22004,0;
4.35, -9.24926,4.78493,0.1962,-3.74293,10.531,1.81428,0;
4.36, -8.97248,5.23167,0.198372,-4.30108,10.3003,2.41807,0;
4.37, -8.62154,5.61262,0.185799,-4.79313,9.99166,2.98764,0;
4.38, -8.26222,5.96909,0.179677,-5.21981,9.65758,3.51386,0;
4.39, -8.12775,6.30919,0.171485,-5.60039,9.42063,3.96247,0;
4.4, -7.93775,6.66365,0.15922,-5.91327,9.14912,4.39993,0;
4.41, -7.79944,7.07388,0.155436,-6.17825,8.89976,4.82355,0;
4.42, -7.58055,7.40341,0.151121,-6.35238,8.58846,5.18705,0;
4.43, -7.16697,7.6976,0.147272,-6.42513,8.16767,5.53311,0;
4.44, -6.77849,8.00467,0.138606,-6.42932,7.75879,5.8526,0;
4.45, -6.44802,8.37856,0.127474,-6.38063,7.39718,6.16561,0;
4.46, -5.84462,8.62237,0.119241,-6.198,6.89392,6.42886,0;
4.47, -5.22019,8.79042,0.10939,-5.92842,6.37755,6.62738,0;
4.48, -4.47475,8.96788,0.104542,-5.57453,5.82839,6.82773,0;
4.49, -3.98435,9.21449,0.0992622,-5.21683,5.43787,6.99967,0;
4.5, -3.24877,9.36425,0.0938219,-4.74732,4.94192,7.15064,0;
4.51, -2.62606,9.38395,0.0862731,-4.23155,4.49415,7.20191,0;
4.52, -2.05747,9.40896,0.074291,-3.68792,4.09505,7.23875,0;
4.53, -1.34899,9.39596,0.0642727,-3.08264,3.6433,7.28242,0;
4.54, -0.756237,9.34776,0.0534036,-2.47224,3.25562,7.28865,0;
4.55, -0.0305976,9.35707,0.0396191,-1.82392,2.83229,7.35659,0;
4.56, 0.70387,9.40061,0.0215733,-1.16443,2.42216,7.45247,0;
4.57, 1.3179,9.30143,0.0172114,-0.511722,2.06356,7.45868,0;
4.58, 1.46452,9.1308,0.013068,0.0408583,1.92222,7.33636,0;
4.59, 2.33924,8.948,0.00189252,0.750705,1.43803,7.37612,0;
4.6, 3.02059,8.69131,-0.0134626,1.4152,1.01574,7.35976,0;
4.61, 3.1594,8.45329,-0.0126246,1.93013,0.869436,7.2493,0;
4.62, 3.40827,8.22654,-0.0234698,2.44641,0.672574,7.18466,0;
4.63, 3.80731,8.00231,-0.0434163,2.98076,0.385794,7.17582,0;
4.64, 4.50303,7.70432,-0.0517504,3.5659,-0.063597,7.2188,0;
4.65, 4.67532,7.48518,-0.0655705,3.99935,-0.261668,7.19439,0;
4.66, 4.8491,7.0276,-0.088629,4.40321,-0.51663,7.06729,0;
4.67, 5.16123,6.68421,-0.0933853,4.80956,-0.817913,7.04188,0;
4.68, 5.29838,6.422,-0.090179,5.14489,-1.02824,7.03575,0;
4.69, 6.04839,6.06566,-0.0890754,5.59663,-1.55658,7.14957,0;
4.7, 6.26916,5.70847,-0.102435,5.89449,-1.86069,7.14298,0;
4.71, 6.23351,5.3535,-0.12717,6.09041,-2.04379,7.07438,0;
4.72, 6.22383,5.01892,-0.131739,6.26151,-2.23478,7.0274,0;
4.73, 6.05687,4.7911,-0.137513,6.37975,-2.34226,7.00004,0;
4.74, 6.11418,4.51272,-0.140506,6.52458,-2.58142,7.01096,0;
4.75, 6.19919,4.13615,-0.154433,6.64443,-2.88362,6.97856,0;
4.76, 6.18611,3.80172,-0.165757,6.71823,-3.13905,6.93902,0;
4.77, 6.43215,3.47564,-0.172032,6.82258,-3.51825,6.97111,0;
4.78, 6.55259,3.18761,-0.174449,6.87572,-3.83621,6.98433,0;
4.79, 6.53085,2.85338,-0.184636,6.85513,-4.10144,6.92043,0;
4.8, 6.5922,2.54679,-0.19276,6.82463,-4.40099,6.87774,0;
4.81, 6.87063,2.32207,-0.202302,6.82354,-4.78781,6.92193,0;
4.82, 7.08229,2.0978,-0.205297,6.77641,-5.14281,6.93245,0;
4.83, 7.05518,1.81,-0.205012,6.62796,-5.39586,6.81646,0;
4.84, 6.99416,1.53227,-0.218388,6.43336,-5.63087,6.66115,0;
4.85, 6.64997,1.31541,-0.228771,6.16521,-5.71591,6.43537,0;
4.86, 6.7384,1.07933,-0.23006,5.94471,-6.00913,6.29351,0;
4.87, 6.8057,0.786087,-0.233213,5.67742,-6.31586,6.0911,0;
4.88, 6.64534,0.532296,-0.23649,5.33785,-6.49813,5.81198,0;
4.89, 6.32008,0.312441,-0.24247,4.943,-6.58372,5.47353,0;
4.9, 6.15107,0.0773629,-0.247194,4.53973,-6.74341,5.13938,0;
4.91, 6.30226,-0.149454,-0.247716,4.1582,-7.05465,4.86478,0;
4.92, 6.57338,-0.354269,-0.248646,3.76198,-7.41249,4.59929,0;
4.93, 6.9596,-0.55332,-0.250502,3.33491,-7.80697,4.32376,0;
4.94, 6.65869,-0.758222,-0.255236,2.77171,-7.84846,3.82719,0;
4.95, 6.7233,-0.964964,-0.260544,2.2076,-8.03729,3.37294,0;
4.96, 6.48767,-1.14082,-0.258775,1.60503,-8.06568,2.84706,0;
4.97, 6.391,-1.35697,-0.255664,0.975893,-8.14818,2.30157,0;
4.98, 6.05147,-1.56968,-0.244406,0.319476,-8.0998,1.69121,0;
4.99, 6.59783,-1.77467,-0.251547,-0.289139,-8.45989,1.25489,0;
5, 6.68743,-1.97971,-0.252383,-0.936553,-8.58692,0.712101,0;
5.01, 6.95842,-2.22448,-0.251207,-1.61656,-8.76574,0.15512,0;
5.02, 7.12048,-2.42878,-0.246988,-2.28984,-8.85724,-0.408016,0;
5.03, 6.71658,-2.65501,-0.239469,-2.98748,-8.64527,-1.10069,0;
5.04, 6.72729,-2.86174,-0.236399,-3.64934,-8.60103,-1.6949,0;
5.05, 6.68418,-3.0506,-0.232079,-4.27146,-8.51944,-2.26409,0;
5.06, 6.36331,-3.30732,-0.22218,-4.88747,-8.29384,-2.90114,0;
5.07, 6.70135,-3.58435,-0.215638,-5.4818,-8.36766,-3.41024,0;
5.08, 6.73132,-3.85576,-0.209053,-6.02504,-8.28339,-3.9361,0;
5.09, 6.5402,-4.10483,-0.199275,-6.51062,-8.0607,-4.45842,0;
5.1, 6.42075,-4.36523,-0.191546,-6.94696,-7.85484,-4.93911,0;
5.11, 6.36976,-4.63896,-0.18185,-7.33197,-7.6767,-5.37335,0;
5.12, 6.80619,-4.91833,-0.181567,-7.69222,-7.72054,-5.69923,0;
5.13, 6.72691,-5.21871,-0.173652,-7.96741,-7.51479,-6.07381,0;
5.14, 5.98436,-5.49616,-0.157712,-8.11627,-6.97189,-6.49492,0;
5.15, 5.73367,-5.78393,-0.143015,-8.23468,-6.65992,-6.80713,0;
5.16, 5.5906,-6.10355,-0.13079,-8.30219,-6.42485,-7.07344,0;
5.17, 5.37473,-6.39324,-0.117475,-8.28482,-6.16034,-7.29381,0;
5.18, 5.51657,-6.6741,-0.110122,-8.23908,-6.06428,-7.42701,0;
5.19, 5.28067,-6.98693,-0.10248,-8.10232,-5.80055,-7.59935,0;
5.2, 5.0176,-7.28289,-0.0894786,-7.89658,-5.52012,-7.74077,0;
5.21, 4.45413,-7.58303,-0.0656526,-7.59341,-5.11243,-7.89762,0;
5.22, 3.84986,-7.85252,-0.0534568,-7.21398,-4.68911,-8.02498,0;
5.23, 3.30152,-8.1112,-0.0424142,-6.78367,-4.31078,-8.11919,0;
5.24, 3.12609,-8.35717,-0.0327158,-6.35673,-4.12692,-8.13813,0;
5.25, 2.66892,-8.59742,-0.0171555,-5.84864,-3.8303,-8.18218,0;
5.26, 2.0857,-8.80213,-0.00272247,-5.27294,-3.47314,-8.22246,0;
5.27, 1.48762,-8.97513,0.0104395,-4.65301,-3.11438,-8.24671,0;
5.28, 0.99201,-9.11525,0.013848,-4.01439,-2.80754,-8.24102,0;
5.29, 0.222094,-9.24927,0.0256106,-3.31575,-2.38476,-8.27635,0;
5.3, -0.376076,-9.34998,0.0351209,-2.62386,-2.04184,-8.27812,0;
5.31, -0.874259,-9.41697,0.0504027,-1.93765,-1.75455,-8.25702,0;
5.32, -1.3253,-9.41788,0.0691147,-1.24573,-1.48512,-8.20842,0;
5.33, -1.73532,-9.38889,0.08534,-0.561691,-1.22445,-8.15242,0;
5.34, -2.46648,-9.34328,0.0992261,0.164135,-0.797097,-8.15661,0;
5.35, -3.17044,-9.27317,0.112054,0.871324,-0.364567,-8.1635,0;
5.36, -3.56375,-9.12226,0.11759,1.51757,-0.0597282,-8.09758,0;
5.37, -4.16804,-8.93667,0.123158,2.16947,0.359497,-8.06435,0;
5.38, -4.96505,-8.73952,0.139841,2.81488,0.887562,-8.07999,0;
5.39, -5.71608,-8.49293,0.160525,3.41582,1.41461,-8.08396,0;
5.4, -6.59592,-8.24239,0.178253,3.98415,2.01715,-8.1225,0;
5.41, -6.66186,-7.95042,0.180624,4.38065,2.25059,-8.01096,0;
5.42, -6.93604,-7.60397,0.185575,4.75756,2.60019,-7.91569,0;
5.43, -7.53505,-7.23514,0.196018,5.13513,3.14155,-7.87949,0;
5.44, -7.93594,-6.83241,0.204677,5.4308,3.6186,-7.7991,0;
5.45, -7.80427,-6.41695,0.206497,5.59275,3.85099,-7.61501,0;
5.46, -8.12504,-5.98855,0.212461,5.75679,4.32153,-7.50673,0;
5.47, -8.87286,-5.564,0.223607,5.92105,5.02995,-7.48313,0;
5.48, -9.29466,-5.11827,0.231345,5.98026,5.59618,-7.38063,0;
5.49, -9.47155,-4.64714,0.233355,5.94014,6.04277,-7.19975,0;
5.5, -9.59632,-4.16929,0.237925,5.83014,6.46399,-6.98797,0;
5.51, -9.46041,-3.64316,0.238877,5.6361,6.77061,-6.68378,0;
5.52, -9.89033,-3.1441,0.239556,5.43836,7.35819,-6.47717,0;
5.53, -10.1498,-2.66598,0.239417,5.16924,7.86259,-6.22829,0;
5.54, -9.97976,-2.17839,0.242013,4.80213,8.13585,-5.86311,0;
5.55, -9.36002,-1.70663,0.243287,4.35467,8.16328,-5.38886,0;
5.56, -9.03325,-1.19767,0.241484,3.89025,8.34024,-4.92294,0;
5.57, -9.03354,-0.735052,0.243542,3.41994,8.67794,-4.52164,0;
5.58, -8.81718,-0.253532,0.247404,2.90381,8.90091,-4.04883,0;
5.59, -8.91397,0.196944,0.247998,2.36585,9.25318,-3.61969,0;
5.6, -9.19151,0.757257,0.243266,1.78887,9.69815,-3.13979,0;
5.61, -9.60614,1.29108,0.238029,1.17541,10.1726,-2.66923,0;
5.62, -9.92853,1.75874,0.235388,0.527834,10.5414,-2.18894,0;
5.63, -9.76697,2.19141,0.228959,-0.145997,10.607,-1.61139,0;
5.64, -9.66536,2.59715,0.222972,-0.828588,10.649,-1.03793,0;
5.65, -9.72016,3.08238,0.220214,-1.52056,10.7525,-0.444703,0;
5.66, -9.94018,3.54859,0.214193,-2.20982,10.902,0.115544,0;
5.67, -9.81648,3.98401,0.209763,-2.87025,10.8331,0.721074,0;
5.68, -9.41382,4.42473,0.203922,-3.49381,10.5804,1.37633,0;
5.69, -9.26569,4.87821,0.199222,-4.09317,10.4272,1.97723,0;
5.7, -9.00604,5.30912,0.194114,-4.63288,10.1968,2.56525,0;
5.71, -8.69279,5.70549,0.188915,-5.11011,9.90963,3.12098,0;
5.72, -8.36106,6.1041,0.182149,-5.52447,9.59596,3.65241,0;
5.73, -8.00148,6.49762,0.174172,-5.86932,9.25496,4.15594,0;
5.74, -7.63218,6.86287,0.170141,-6.13862,8.89758,4.61218,0;
5.75, -7.43194,7.22302,0.169065,-6.35601,8.61878,5.00061,0;
5.76, -7.20775,7.58939,0.161837,-6.50093,8.32624,5.36514,0;
5.77, -6.67521,7.83382,0.146144,-6.51105,7.85672,5.69394,0;
5.78, -6.26282,8.06131,0.133838,-6.46122,7.44281,5.95886,0;
5.79, -5.75318,8.4172,0.130324,-6.34747,7.01942,6.27493,0;
5.8, -5.40159,8.7138,0.12,-6.17937,6.67312,6.5109,0;
5.81, -5.15918,8.97066,0.11227,-5.95877,6.3886,6.67583,0;
5.82, -4.53693,9.16235,0.104883,-5.60215,5.92151,6.85299,0;
5.83, -4.09607,9.25605,0.0991014,-5.20506,5.5337,6.93084,0;
5.84, -3.34285,9.38198,0.0969676,-4.70384,5.02553,7.06787,0;
5.85, -2.41126,9.52586,0.0870095,-4.12166,4.44889,7.24499,0;
5.86, -1.84768,9.56974,0.0767476,-3.55744,4.05632,7.29514,0;
5.87, -1.47665,9.61097,0.0644074,-3.00395,3.78274,7.299,0;
5.88, -0.894172,9.61107,0.0563416,-2.38075,3.41867,7.32411,0;
5.89, -0.195815,9.55799,0.0459949,-1.70699,2.99485,7.35322,0;
5.9, 0.275952,9.39046,0.0289527,-1.05869,2.66338,7.28932,0;
5.91, 0.942934,9.28893,0.0231186,-0.37477,2.27071,7.30736,0;
5.92, 1.65251,9.20888,0.0142189,0.315677,1.86557,7.3638,0;
5.93, 2.41253,9.1474,-1.11028e-05,1.01224,1.44685,7.45692,0;
5.94, 2.84351,8.85556,-0.0145796,1.6358,1.14182,7.37736,0;
5.95, 3.29016,8.50474,-0.0237617,2.24461,0.824803,7.28419,0;
5.96, 4.19688,8.32504,-0.0172324,2.92883,0.332202,7.40235,0;
5.97, 4.5993,8.13821,-0.0322135,3.47351,0.0575878,7.42933,0;
5.98, 4.62732,7.73136,-0.0583177,3.90236,-0.091049,7.27075,0;
5.99, 4.82994,7.37329,-0.0657076,4.33978,-0.311781,7.19017,0;
6, 4.9618,7.13818,-0.0790031,4.7336,-0.495006,7.17683,0;
6.01, 5.56645,6.78197,-0.089479,5.21572,-0.9398,7.23968,0;
6.02, 6.00021,6.40288,-0.102363,5.62891,-1.32989,7.2654,0;
6.03, 6.0723,6.04972,-0.108911,5.91598,-1.54457,7.22474,0;
6.04, 6.20831,5.67473,-0.112429,6.1824,-1.79747,7.19865,0;
6.05, 6.36183,5.443,-0.121613,6.43459,-2.0417,7.25871,0;
6.06, 6.03718,5.13187,-0.139766,6.53874,-2.10112,7.16074,0;
6.07, 6.9169,4.80884,-0.143363,6.9064,-2.72897,7.37962,0;
6.08, 7.12465,4.46826,-0.1482,7.08896,-3.07593,7.41968,0;
6.09, 6.7391,4.05404,-0.154251,7.07723,-3.15378,7.25244,0;
6.1, 6.59487,3.69995,-0.166351,7.09662,-3.33603,7.16989,0;
6.11, 6.56873,3.38175,-0.176785,7.12934,-3.58477,7.14239,0;
6.12, 6.26733,3.06879,-0.186295,7.0773,-3.71701,7.0385,0;
6.13, 6.51445,2.79983,-0.191959,7.1295,-4.10207,7.09854,0;
6.14, 6.46457,2.57452,-0.198313,7.10103,-4.35249,7.0907,0;
6.15, 6.28315,2.2949,-0.196556,7.00097,-4.55053,7.00003,0;
6.16, 6.16546,1.99245,-0.203227,6.88036,-4.79301,6.89191,0;
6.17, 6.14455,1.73763,-0.220824,6.75827,-5.0806,6.81207,0;
6.18, 6.21529,1.49817,-0.225337,6.62882,-5.40724,6.74825,0;
6.19, 6.64742,1.22115,-0.227481,6.52267,-5.91403,6.73581,0;
6.2, 7.02813,0.933532,-0.235296,6.35532,-6.39722,6.66626,0;
6.21, 6.64578,0.709438,-0.238077,6.01016,-6.48335,6.3796,0;
6.22, 7.15194,0.499132,-0.245396,5.77266,-6.97253,6.29271,0;
6.23, 7.24508,0.254308,-0.252193,5.41854,-7.27916,6.04463,0;
6.24, 6.59824,0.0103475,-0.255206,4.88996,-7.2088,5.54882,0;
6.25, 6.73618,-0.102058,-0.260563,4.48418,-7.47006,5.29158,0;
6.26, 6.60908,-0.41539,-0.260622,3.95351,-7.65737,4.83084,0;
6.27, 6.26355,-0.675845,-0.256597,3.36749,-7.71307,4.30063,0;
6.28, 6.23638,-0.839794,-0.25546,2.82294,-7.8865,3.8738,0;
6.29, 6.40166,-1.0142,-0.259253,2.26742,-8.14818,3.45846,0;
6.3, 6.60787,-1.20144,-0.263859,1.67293,-8.41552,3.00743,0;
6.31, 6.60988,-1.42465,-0.261857,1.00746,-8.56545,2.44941,0;
6.32, 6.93118,-1.62777,-0.265347,0.338695,-8.8356,1.93694,0;
6.33, 7.06017,-1.80905,-0.266581,-0.361162,-8.98484,1.36992,0;
6.34, 7.1289,-2.01123,-0.265656,-1.09751,-9.07318,0.751191,0;
6.35, 7.1735,-2.22789,-0.263897,-1.85107,-9.12314,0.103041,0;
6.36, 6.77696,-2.43973,-0.252663,-2.6134,-8.9333,-0.629957,0;
6.37, 7.17887,-2.66457,-0.248841,-3.35015,-9.10156,-1.2137,0;
6.38, 7.5566,-2.89496,-0.24798,-4.07177,-9.24681,-1.79116,0;
6.39, 7.48415,-3.12903,-0.244783,-4.78629,-9.13868,-2.44952,0;
6.4, 6.98471,-3.37272,-0.22974,-5.46444,-8.79329,-3.1645,0;
6.41, 6.57272,-3.62244,-0.21589,-6.09164,-8.47233,-3.83136,0;
6.42, 7.06713,-3.87717,-0.218221,-6.68921,-8.57778,-4.30793,0;
6.43, 6.99223,-4.15479,-0.208344,-7.21829,-8.41452,-4.84138,0;
6.44, 6.96582,-4.42679,-0.197426,-7.69748,-8.2403,-5.33264,0;
6.45, 7.04069,-4.6917,-0.191628,-8.11454,-8.09944,-5.76057,0;
6.46, 7.06591,-4.99942,-0.183245,-8.48153,-7.92923,-6.17449,0;
6.47, 6.55079,-5.33363,-0.16187,-8.74393,-7.5007,-6.63266,0;
6.48, 6.66919,-5.6344,-0.150263,-8.97292,-7.35651,-6.93756,0;
6.49, 7.24791,-5.92154,-0.154927,-9.16801,-7.43392,-7.12278,0;
6.5, 6.74397,-6.25675,-0.141418,-9.2035,-7.00866,-7.43945,0;
6.51, 5.97634,-6.60983,-0.120757,-9.13892,-6.44511,-7.76794,0;
6.52, 5.56589,-6.98442,-0.112952,-9.03938,-6.06478,-8.01674,0;
6.53, 5.05385,-7.33806,-0.0941013,-8.84212,-5.67067,-8.2193,0;
6.54, 5.04024,-7.61697,-0.0830191,-8.6113,-5.51761,-8.28157,0;
6.55, 4.28803,-7.96005,-0.0645197,-8.239,-5.04926,-8.44658,0;
6.56, 4.13399,-8.28133,-0.0544017,-7.8842,-4.85793,-8.50561,0;
6.57, 3.63736,-8.59594,-0.0417323,-7.42036,-4.53456,-8.58508,0;
6.58, 3.16552,-8.87103,-0.0251705,-6.89583,-4.22791,-8.62785,0;
6.59, 2.60396,-9.10428,-0.00817255,-6.29576,-3.89177,-8.65324,0;
6.6, 2.71164,-9.30165,-0.00769525,-5.75249,-3.86878,-8.56422,0;
6.61, 1.82654,-9.56874,0.00588688,-5.04134,-3.40959,-8.64909,0;
6.62, 1.40217,-9.76665,0.0180419,-4.35319,-3.14849,-8.6419,0;
6.63, 0.777345,-9.90215,0.0319498,-3.59193,-2.80693,-8.63394,0;
6.64, -0.105814,-10.0102,0.0477245,-2.7647,-2.34371,-8.66005,0;
6.65, -1.03608,-10.1161,0.0586132,-1.92272,-1.85769,-8.70871,0;
6.66, -1.57963,-10.1547,0.0766888,-1.13725,-1.55917,-8.68207,0;
6.67, -2.02533,-10.1579,0.0929317,-0.373422,-1.30746,-8.63876,0;
6.68, -3.09403,-10.1264,0.109137,0.490349,-0.745552,-8.69547,0;
6.69, -4.10008,-10.031,0.128919,1.33488,-0.188312,-8.73574,0;
6.7, -4.66109,-9.89231,0.142308,2.07356,0.168841,-8.7056,0;
6.71, -5.23895,-9.70948,0.1557,2.77828,0.546025,-8.67625,0;
6.72, -5.94557,-9.4964,0.165026,3.46617,1.01424,-8.67585,0;
6.73, -6.20603,-9.22483,0.168389,4.04072,1.3042,-8.5916,0;
6.74, -6.64985,-8.9176,0.181204,4.59434,1.70277,-8.54088,0;
6.75, -6.9457,-8.59627,0.18997,5.07381,2.06773,-8.47587,0;
6.76, -7.23536,-8.20975,0.194927,5.50297,2.47116,-8.39083,0;
6.77, -7.80231,-7.84073,0.205388,5.91246,3.03468,-8.37834,0;
6.78, -8.48635,-7.42858,0.218311,6.27893,3.69193,-8.37836,0;
6.79, -9.18066,-6.96995,0.23037,6.57776,4.38317,-8.35988,0;
6.8, -9.34253,-6.48805,0.237813,6.72661,4.8313,-8.22801,0;
6.81, -9.69376,-5.98132,0.243342,6.82452,5.38693,-8.10968,0;
6.82, -9.85556,-5.47543,0.248791,6.83005,5.86933,-7.94745,0;
6.83, -9.78492,-4.97394,0.252149,6.73626,6.24708,-7.72695,0;
6.84, -10.1605,-4.46113,0.257109,6.62774,6.8607,-7.56754,0;
6.85, -10.1088,-3.91222,0.26121,6.40998,7.28286,-7.28722,0;
6.86, -10.0502,-3.38132,0.267568,6.12144,7.69221,-6.98615,0;
6.87, -9.68612,-2.8324,0.269563,5.74732,7.9549,-6.58619,0;
6.88, -9.33075,-2.27699,0.267981,5.31937,8.22208,-6.14987,0;
6.89, -9.89986,-1.70071,0.269044,4.90806,8.9608,-5.85233,0;
6.9, -10.3366,-1.15582,0.272989,4.42785,9.62206,-5.51715,0;
6.91, -10.2193,-0.634188,0.273681,3.84195,9.95924,-5.03905,0;
6.92, -10.2379,-0.111787,0.268725,3.20241,10.3249,-4.53738,0;
6.93, -10.8234,0.478898,0.25995,2.52707,10.965,-4.06978,0;
6.94, -10.5141,1.0382,0.263055,1.7825,11.1075,-3.42017,0;
6.95, -10.7181,1.53626,0.261178,1.00611,11.4391,-2.85425,0;
6.96, -11.162,2.04438,0.252435,0.20498,11.8629,-2.3002,0;
6.97, -10.5954,2.57375,0.2458,-0.620492,11.7284,-1.52329,0;
6.98, -10.5924,3.10625,0.244011,-1.46224,11.8178,-0.828521,0;
6.99, -10.6825,3.64605,0.233239,-2.29475,11.9283,-0.13997,0;
7, -10.242,4.09317,0.231072,-3.08018,11.7093,0.590906,0;
7.01, -9.77562,4.62635,0.237044,-3.8445,11.4447,1.36015,0;
7.02, -9.79317,5.16231,0.239064,-4.5916,11.3969,2.03143,0;
7.03, -10.2055,5.51041,0.223736,-5.28919,11.4874,2.51915,0;
7.04, -9.89938,5.91991,0.211179,-5.89268,11.1891,3.13818,0;
7.05, -9.69335,6.48412,0.201016,-6.47506,10.9167,3.80212,0;
7.06, -9.47215,6.96198,0.198103,-6.9644,10.6059,4.3821,0;
7.07, -9.3542,7.45501,0.193089,-7.38972,10.3278,4.90848,0;
7.08, -8.63753,7.90172,0.19009,-7.6441,9.73618,5.47009,0;
7.09, -8.25549,8.12226,0.181367,-7.80433,9.26085,5.81554,0;
7.1, -7.7794,8.46918,0.172591,-7.87678,8.77475,6.19282,0;
7.11, -7.40035,8.76922,0.163857,-7.86679,8.33871,6.49335,0;
7.12, -7.32838,9.09862,0.153633,-7.82428,8.06847,6.71693,0;
7.13, -6.5636,9.59413,0.140968,-7.61109,7.50064,7.11614,0;
7.14, -6.21668,9.91507,0.127889,-7.35536,7.11087,7.32148,0;
7.15, -5.70953,10.1207,0.117492,-6.96869,6.65667,7.45434,0;
7.16, -4.82312,10.2212,0.117232,-6.42022,6.02733,7.57486,0;
7.17, -4.04093,10.375,0.112008,-5.83138,5.47828,7.69246,0;
7.18, -3.3381,10.5542,0.092286,-5.2035,5.0012,7.80252,0;
7.19, -2.68988,10.6792,0.0788616,-4.53332,4.57607,7.86364,0;
7.2, -1.39657,10.6869,0.0783125,-3.66369,3.86156,7.98426,0;
7.21, -0.81767,10.6292,0.0729,-2.91318,3.48888,7.93729,0;
7.22, -0.284792,10.6004,0.060867,-2.16274,3.17903,7.90203,0;
7.23, 0.413045,10.5845,0.0475403,-1.36633,2.80624,7.92039,0;
7.24, 1.08138,10.4152,0.0348966,-0.554312,2.42507,7.87215,0;
7.25, 1.71516,10.1465,0.0213932,0.253978,2.04773,7.78322,0;
7.26, 2.45683,10.022,0.0106444,1.06161,1.65661,7.81381,0;
7.27, 3.53348,9.80536,0.000280642,1.94502,1.09639,7.902,0;
7.28, 3.87138,9.57793,-0.0138103,2.6188,0.874897,7.84124,0;
7.29, 4.25232,9.27473,-0.0308603,3.27331,0.627299,7.7724,0;
7.3, 4.72002,8.82411,-0.0408787,3.92598,0.295528,7.67446,0;
7.31, 5.10099,8.33693,-0.0507246,4.52118,-0.0209292,7.56597,0;
7.32, 5.52772,7.96708,-0.0599931,5.08693,-0.341701,7.55811,0;
7.33, 5.80655,7.66333,-0.0749736,5.57651,-0.594779,7.5751,0;
7.34, 6.19985,7.36505,-0.0795121,6.06141,-0.904176,7.64641,0;
7.35, 6.3105,7.04091,-0.0886039,6.43844,-1.10961,7.64972,0;
7.36, 6.39232,6.60307,-0.0989623,6.76942,-1.34456,7.60286,0;
7.37, 7.10421,6.12859,-0.103576,7.23635,-1.89442,7.72547,0;
7.38, 7.58218,5.7235,-0.108885,7.61117,-2.33913,7.84063,0;
7.39, 7.62921,5.34278,-0.127408,7.82699,-2.58511,7.85567,0;
7.4, 7.42492,4.974,-0.141564,7.9381,-2.71436,7.80862,0;
7.41, 7.24623,4.57213,-0.145115,8.02459,-2.87482,7.75741,0;
7.42, 7.22835,4.22893,-0.156086,8.13814,-3.11971,7.7851,0;
7.43, 7.92986,3.90311,-0.170826,8.4192,-3.71248,8.03519,0;
7.44, 8.02649,3.56137,-0.184967,8.51173,-4.04605,8.09905,0;
7.45, 7.94409,3.23187,-0.191514,8.51502,-4.28145,8.09886,0;
7.46, 7.4216,2.97306,-0.204546,8.38821,-4.30375,7.98679,0;
7.47, 6.82847,2.67201,-0.210571,8.21412,-4.31344,7.81943,0;
7.48, 7.12218,2.35045,-0.216261,8.24056,-4.76347,7.8975,0;
7.49, 6.76558,2.04731,-0.222108,8.09483,-4.93168,7.78111,0;
7.5, 6.60383,1.78181,-0.227677,7.96275,-5.17562,7.71224,0;
7.51, 6.77334,1.49711,-0.235101,7.87627,-5.59138,7.71238,0;
7.52, 6.59234,1.2223,-0.242586,7.67513,-5.84725,7.58328,0;
7.53, 6.53416,0.986409,-0.248395,7.46524,-6.14369,7.47275,0;
7.54, 6.46568,0.750759,-0.253031,7.21432,-6.43686,7.32491,0;
7.55, 6.42819,0.497723,-0.253548,6.91868,-6.74684,7.13519,0;
7.56, 6.96564,0.261919,-0.260466,6.68688,-7.32244,7.07325,0;
7.57, 6.62535,0.0507146,-0.266289,6.24037,-7.4705,6.72092,0;
7.58, 6.69002,-0.150681,-0.275996,5.79851,-7.78333,6.42008,0;
7.59, 6.91167,-0.402764,-0.282843,5.32018,-8.17949,6.09046,0;
7.6, 6.71717,-0.597187,-0.283299,4.73455,-8.34828,5.62369,0;
7.61, 7.02135,-0.779469,-0.282104,4.16492,-8.7284,5.23724,0;
7.62, 7.10521,-0.964674,-0.281199,3.51044,-8.99255,4.73994,0;
7.63, 7.16869,-1.15102,-0.284443,2.78675,-9.21873,4.17174,0;
7.64, 7.04465,-1.34251,-0.286242,1.99019,-9.33156,3.50209,0;
7.65, 7.17842,-1.54037,-0.288913,1.17206,-9.54178,2.84484,0;
7.66, 7.18375,-1.73853,-0.286188,0.311715,-9.66704,2.12725,0;
7.67, 7.39827,-1.91664,-0.282215,-0.559009,-9.85583,1.43468,0;
7.68, 7.41439,-2.11867,-0.277394,-1.47396,-9.92447,0.660688,0;
7.69, 7.57532,-2.30429,-0.277941,-2.39388,-10.0216,-0.095826,0;
7.7, 7.2014,-2.51365,-0.271597,-3.33643,-9.83588,-0.973323,0;
7.71, 6.73947,-2.73114,-0.25994,-4.2626,-9.57442,-1.8608,0;
7.72, 7.24114,-2.93862,-0.260047,-5.13779,-9.75073,-2.53471,0;
7.73, 7.37672,-3.18087,-0.256281,-5.99174,-9.74412,-3.2614,0;
7.74, 7.52697,-3.4288,-0.249357,-6.8221,-9.69942,-3.97094,0;
7.75, 7.59498,-3.66772,-0.239666,-7.59437,-9.58348,-4.6477,0;
7.76, 7.78774,-3.92907,-0.23511,-8.32678,-9.49793,-5.27683,0;
7.77, 8.09622,-4.21568,-0.230229,-9.01196,-9.44519,-5.85341,0;
7.78, 8.15877,-4.51314,-0.216486,-9.61475,-9.25585,-6.41379,0;
7.79, 7.95463,-4.82021,-0.209941,-10.1196,-8.91583,-6.96169,0;
7.8, 8.25515,-5.1398,-0.203124,-10.5841,-8.79953,-7.38239,0;
7.81, 8.35581,-5.47628,-0.191743,-10.9454,-8.59337,-7.76969,0;
7.82, 7.68064,-5.87778,-0.1644,-11.1594,-8.02655,-8.22883,0;
7.83, 7.93252,-6.25042,-0.160995,-11.3656,-7.87467,-8.49821,0;
7.84, 8.01712,-6.65805,-0.166245,-11.4681,-7.66917,-8.74137,0;
7.85, 7.64921,-7.06515,-0.145409,-11.4213,-7.26501,-8.98062,0;
7.86, 6.95373,-7.47705,-0.107914,-11.2319,-6.7265,-9.2062,0;
7.87, 6.7691,-7.87814,-0.0821842,-11.0174,-6.44057,-9.31817,0;
7.88, 5.85858,-8.30877,-0.0655409,-10.6124,-5.85374,-9.49731,0;
7.89, 5.59457,-8.72301,-0.0638745,-10.2182,-5.57316,-9.56244,0;
7.9, 5.412,-9.10125,-0.0553415,-9.74846,-5.37243,-9.56256,0;
7.91, 4.58242,-9.51334,-0.0360871,-9.11478,-4.9026,-9.64189,0;
7.92, 4.21865,-9.87457,-0.0228402,-8.47555,-4.65402,-9.62636,0;
7.93, 3.38536,-10.2351,-0.00465863,-7.69562,-4.22548,-9.66031,0;
7.94, 2.50852,-10.5861,0.0151715,-6.85261,-3.79262,-9.69638,0;
7.95, 2.25585,-10.8643,0.0257058,-6.05811,-3.66203,-9.61667,0;
7.96, 1.78446,-11.1049,0.0216994,-5.17604,-3.44089,-9.55089,0;
7.97, 0.83917,-11.3239,0.0385549,-4.17374,-3.01208,-9.55371,0;
7.98, 0.296909,-11.4807,0.0670199,-3.21678,-2.77421,-9.48977,0;
7.99, -0.561853,-11.6322,0.0842898,-2.19135,-2.3909,-9.49035,0;
8, -1.90332,-11.745,0.103854,-1.06108,-1.77218,-9.5717,0;
8.01, -2.99631,-11.7614,0.130509,0.031101,-1.25997,-9.59937,0;
8.02, -3.61421,-11.7025,0.136907,1.02028,-0.951656,-9.54354,0;
8.03, -4.73499,-11.6106,0.154134,2.07149,-0.401313,-9.58428,0;
8.04, -5.30389,-11.4453,0.160799,2.98967,-0.0672605,-9.53478,0;
8.05, -5.903,-11.2237,0.169656,3.86594,0.304847,-9.49625,0;
8.06, -6.42607,-10.9747,0.181423,4.67456,0.677666,-9.46567,0;
8.07, -7.00752,-10.6817,0.197323,5.43773,1.12018,-9.45739,0;
8.08, -8.11632,-10.333,0.218541,6.23864,1.86422,-9.54395,0;
8.09, -8.81491,-9.9194,0.228474,6.89937,2.47118,-9.55372,0;
8.1, -9.38151,-9.45776,0.240974,7.45029,3.04568,-9.53781,0;
8.11, -9.43077,-8.97794,0.250884,7.82826,3.40556,-9.43367,0;
8.12, -10.121,-8.45338,0.261426,8.23171,4.12474,-9.43726,0;
8.13, -10.6471,-7.91821,0.271533,8.52977,4.81442,-9.41567,0;
8.14, -10.877,-7.29519,0.278916,8.69177,5.40262,-9.29118,0;
8.15, -10.9808,-6.67893,0.286105,8.74323,5.95055,-9.1367,0;
8.16, -10.8941,-6.07859,0.289747,8.68042,6.42883,-8.93877,0;
8.17, -11.5019,-5.44146,0.296056,8.62701,7.28603,-8.84078,0;
8.18, -11.5667,-4.79852,0.301757,8.41963,7.89645,-8.60787,0;
8.19, -11.8883,-4.12961,0.304717,8.13987,8.63906,-8.37215,0;
8.2, -11.9249,-3.46237,0.308019,7.74155,9.24058,-8.04121,0;
8.21, -11.7691,-2.81748,0.311116,7.23202,9.728,-7.63512,0;
8.22, -12.1653,-2.14784,0.312902,6.68742,10.4905,-7.27437,0;
8.23, -12.1236,-1.49037,0.310612,6.02579,11.0174,-6.78018,0;
8.24, -12.3804,-0.856588,0.305753,5.29444,11.6545,-6.29155,0;
8.25, -12.4276,-0.202276,0.302608,4.47405,12.1555,-5.69873,0;
8.26, -12.5768,0.481067,0.301946,3.57552,12.6653,-5.05063,0;
8.27, -12.4412,1.09214,0.299173,2.61156,12.9668,-4.32789,0;
8.28, -11.4043,1.71257,0.297685,1.58082,12.7514,-3.38025,0;
8.29, -11.5414,2.30506,0.292346,0.54627,13.0793,-2.62881,0;
8.3, -11.854,2.93266,0.287392,-0.503591,13.4784,-1.87567,0;
8.31, -11.6988,3.49983,0.285206,-1.5675,13.5596,-1.03703,0;
8.32, -11.5207,4.03823,0.279381,-2.63164,13.5468,-0.185604,0;
8.33, -11.5597,4.65219,0.270758,-3.70197,13.5974,0.673079,0;
8.34, -11.7342,5.27922,0.260248,-4.75701,13.66,1.51142,0;
8.35, -11.4709,5.82715,0.253759,-5.73117,13.4235,2.36773,0;
8.36, -11.5825,6.36627,0.245599,-6.67711,13.3077,3.12875,0;
8.37, -11.0383,6.92339,0.241951,-7.48992,12.824,3.9703,0;
8.38, -11.4034,7.39916,0.231882,-8.29478,12.7294,4.57479,0;
8.39, -11.2896,7.84993,0.22847,-8.94217,12.3742,5.18618,0;
8.4, -11.0156,8.38105,0.21994,-9.49051,11.9045,5.82254,0;
8.41, -10.7298,8.87221,0.209366,-9.90908,11.4029,6.38244,0;
8.42, -10.0197,9.46396,0.206135,-10.1626,10.7043,6.99923,0;
8.43, -9.5347,9.81857,0.188424,-10.2638,10.0788,7.39648,0;
8.44, -9.02157,10.2727,0.174572,-10.2499,9.47876,7.77853,0;
8.45, -8.21959,10.7965,0.170061,-10.0763,8.77816,8.18776,0;
8.46, -8.00157,11.0196,0.161252,-9.82949,8.34139,8.28479,0;
8.47, -6.92465,11.4257,0.157741,-9.33691,7.56314,8.57703,0;
8.48, -5.77639,11.7103,0.1498,-8.69487,6.75689,8.79445,0;
8.49, -5.04078,11.8888,0.14552,-8.02146,6.18891,8.84637,0;
8.5, -4.4547,12.1232,0.132206,-7.31413,5.75013,8.87697,0;
8.51, -3.51805,12.2459,0.114489,-6.43556,5.16643,8.90798,0;
8.52, -2.63674,12.1776,0.114014,-5.48579,4.61857,8.81892,0;
8.53, -1.76473,12.2418,0.0943286,-4.51332,4.12282,8.80641,0;
8.54, -0.471397,12.2873,0.0736814,-3.40095,3.46334,8.88589,0;
8.55, 0.379096,12.1501,0.0600637,-2.35838,3.00989,8.79509,0;
8.56, 0.7777,11.9193,0.0390148,-1.42425,2.77674,8.57695,0;
8.57, 1.93475,11.8103,0.0251513,-0.314053,2.24026,8.60865,0;
8.58, 3.00522,11.5406,0.0139952,0.780635,1.71167,8.57978,0;
8.59, 3.72392,11.1404,0.0168229,1.75889,1.34235,8.43587,0;
8.6, 4.22921,10.7905,0.00622343,2.63218,1.07965,8.30233,0;
8.61, 4.50234,10.3993,-0.0120648,3.40098,0.901841,8.13322,0;
8.62, 5.81972,9.9998,-0.0208392,4.43114,0.242799,8.25238,0;
8.63, 6.54988,9.61634,-0.0375976,5.25236,-0.17598,8.28185,0;
8.64, 7.12147,9.22254,-0.0482415,5.96755,-0.511576,8.29949,0;
8.65, 7.24863,8.71732,-0.0583304,6.5001,-0.684551,8.17548,0;
8.66, 7.29643,8.27024,-0.074814,6.95844,-0.828796,8.08622,0;
8.67, 7.58945,7.86435,-0.0910819,7.44869,-1.10045,8.11466,0;
8.68, 8.1445,7.31571,-0.0938677,7.97684,-1.54833,8.17781,0;
8.69, 8.30858,6.82297,-0.0967891,8.34586,-1.82808,8.18289,0;
8.7, 8.39479,6.32592,-0.117649,8.64404,-2.09555,8.18295,0;
8.71, 8.2438,5.93586,-0.138155,8.84076,-2.24595,8.18333,0;
8.72, 8.02166,5.50406,-0.154667,8.97961,-2.39326,8.15512,0;
8.73, 8.20214,4.96137,-0.16073,9.20409,-2.77243,8.20676,0;
8.74, 8.30976,4.58305,-0.161357,9.39882,-3.09371,8.33103,0;
8.75, 8.39887,4.22182,-0.156793,9.56048,-3.40845,8.46866,0;
8.76, 8.27479,3.84407,-0.167946,9.62756,-3.65358,8.52495,0;
8.77, 8.14758,3.49575,-0.18746,9.66846,-3.90567,8.5856,0;
8.78, 7.69501,3.13084,-0.198527,9.59115,-4.02568,8.53008,0;
8.79, 7.39975,2.82052,-0.214179,9.54583,-4.21641,8.53922,0;
8.8, 7.34621,2.49139,-0.224664,9.55166,-4.54099,8.61194,0;
8.81, 7.29332,2.2189,-0.229341,9.54999,-4.86239,8.70515,0;
8.82, 6.93921,1.92966,-0.240566,9.42983,-5.06184,8.66599,0;
8.83, 7.40826,1.55209,-0.246418,9.47781,-5.66812,8.82457,0;
8.84, 7.65549,1.24074,-0.251131,9.44693,-6.16622,8.92066,0;
8.85, 7.53511,0.986994,-0.257521,9.27182,-6.46843,8.87698,0;
8.86, 6.92018,0.748657,-0.26539,8.92514,-6.5306,8.63087,0;
8.87, 6.63944,0.517542,-0.271913,8.62244,-6.74718,8.45332,0;
8.88, 6.28778,0.288834,-0.270957,8.277,-6.9428,8.22378,0;
8.89, 6.56742,0.0667505,-0.277356,8.02705,-7.43876,8.14719,0;
8.9, 6.52415,-0.138165,-0.281467,7.65765,-7.78366,7.92697,0;
8.91, 6.49937,-0.336035,-0.283964,7.21392,-8.11914,7.63946,0;
8.92, 6.87848,-0.567497,-0.291672,6.76451,-8.64479,7.3835,0;
8.93, 6.71478,-0.754473,-0.297613,6.14904,-8.89083,6.91533,0;
8.94, 6.36087,-0.908982,-0.300575,5.42871,-9.01015,6.32604,0;
8.95, 6.79467,-1.10324,-0.30417,4.75498,-9.49704,5.87087,0;
8.96, 6.91599,-1.31813,-0.308083,3.95328,-9.82989,5.24871,0;
8.97, 6.87696,-1.49548,-0.304652,3.05568,-10.0388,4.52025,0;
8.98, 6.95598,-1.63419,-0.302621,2.12346,-10.2624,3.78089,0;
8.99, 7.01213,-1.78948,-0.304797,1.12054,-10.4496,2.96462,0;
9, 7.44553,-1.94514,-0.309471,0.0938316,-10.7811,2.18008,0;
9.01, 7.33794,-2.10391,-0.308038,-1.02127,-10.8184,1.22547,0;
9.02, 7.44971,-2.29044,-0.303272,-2.17245,-10.9131,0.264129,0;
9.03, 8.19492,-2.46499,-0.305972,-3.30262,-11.27,-0.570877,0;
9.04, 8.3564,-2.63467,-0.302436,-4.46213,-11.3061,-1.52951,0;
9.05, 8.05333,-2.82132,-0.289155,-5.63413,-11.0619,-2.59092,0;
9.06, 8.4149,-3.0239,-0.284837,-6.77139,-11.0901,-3.50962,0;
9.07, 8.53881,-3.24729,-0.277745,-7.8555,-10.984,-4.42672,0;
9.08, 8.13383,-3.49988,-0.263152,-8.87302,-10.5888,-5.39406,0;
9.09, 8.5361,-3.7402,-0.25703,-9.82966,-10.5364,-6.15527,0;
9.1, 8.82985,-4.02442,-0.252336,-10.7061,-10.4232,-6.87373,0;
9.11, 8.66305,-4.35461,-0.240431,-11.4818,-10.0658,-7.60842,0;
9.12, 8.97493,-4.6509,-0.230554,-12.1687,-9.90092,-8.16808,0;
9.13, 8.90802,-4.9784,-0.216054,-12.7182,-9.55777,-8.69882,0;
9.14, 8.4156,-5.37194,-0.197392,-13.1372,-9.00798,-9.2361,0;
9.15, 8.39848,-5.78987,-0.181198,-13.4927,-8.67943,-9.63444,0;
9.16, 8.42239,-6.19471,-0.166811,-13.7216,-8.38839,-9.92653,0;
9.17, 8.87941,-6.59171,-0.156192,-13.8947,-8.30036,-10.0871,0;
9.18, 9.05469,-7.03575,-0.149816,-13.9435,-8.09181,-10.2406,0;
9.19, 8.5478,-7.52106,-0.13723,-13.7992,-7.57599,-10.4352,0;
9.2, 8.36149,-7.99737,-0.122173,-13.5878,-7.21952,-10.5307,0;
9.21, 7.73884,-8.5105,-0.0953473,-13.2102,-6.71157,-10.6351,0;
9.22, 7.34866,-9.01456,-0.0861946,-12.7613,-6.32618,-10.6721,0;
9.23, 6.9622,-9.54579,-0.0644972,-12.2316,-5.99471,-10.6844,0;
9.24, 6.61726,-10.0251,-0.0396026,-11.5993,-5.71821,-10.6341,0;
9.25, 6.03745,-10.4821,-0.0157463,-10.8272,-5.36687,-10.5811,0;
9.26, 5.07679,-10.9713,0.00441204,-9.91411,-4.86952,-10.5859,0;
9.27, 4.36306,-11.4556,0.0110239,-8.97618,-4.50617,-10.5591,0;
9.28, 3.33217,-11.891,0.0219534,-7.89485,-4.04023,-10.5475,0;
9.29, 2.39407,-12.2426,0.0454549,-6.7547,-3.65068,-10.4904,0;
9.3, 1.54489,-12.5639,0.0599637,-5.58624,-3.32238,-10.4232,0;
9.31, 0.644483,-12.833,0.0770458,-4.36882,-2.98949,-10.3621,0;
9.32, 0.0813933,-13.0265,0.081176,-3.18483,-2.80519,-10.2471,0;
9.33, -0.671573,-13.1487,0.0913327,-1.94114,-2.53581,-10.1529,0;
9.34, -2.55128,-13.2681,0.120696,-0.465611,-1.74469,-10.2629,0;
9.35, -3.74431,-13.2951,0.141492,0.86301,-1.23723,-10.2769,0;
9.36, -4.78736,-13.2179,0.164503,2.13041,-0.797134,-10.2626,0;
9.37, -5.97793,-13.0802,0.18605,3.3856,-0.258691,-10.2876,0;
9.38, -7.11996,-12.909,0.202145,4.56864,0.301056,-10.3399,0;
9.39, -8.16392,-12.6036,0.216885,5.68071,0.868403,-10.3583,0;
9.4, -8.47482,-12.2214,0.225827,6.56517,1.14154,-10.2573,0;
9.41, -8.71497,-11.7925,0.235526,7.34826,1.43064,-10.1616,0;
9.42, -9.25051,-11.3239,0.249485,8.1128,1.93037,-10.1374,0;
9.43, -10.3319,-10.8287,0.265841,8.8984,2.76831,-10.2394,0;
9.44, -10.6856,-10.2738,0.276384,9.4509,3.32558,-10.2081,0;
9.45, -11.2892,-9.66096,0.288811,9.94021,4.05428,-10.2127,0;
9.46, -11.678,-8.98516,0.297826,10.2951,4.74648,-10.1599,0;
9.47, -12.0788,-8.28357,0.308951,10.5395,5.49223,-10.103,0;
9.48, -12.2617,-7.61493,0.318964,10.6367,6.16544,-10.0177,0;
9.49, -12.5398,-6.90924,0.325226,10.6422,6.93139,-9.91727,0;
9.5, -13.242,-6.13489,0.331702,10.6067,7.95855,-9.84528,0;
9.51, -13.1221,-5.3551,0.340561,10.3395,8.59167,-9.57478,0;
9.52, -12.8394,-4.56283,0.340237,9.93198,9.14797,-9.21117,0;
9.53, -12.8318,-3.77172,0.342578,9.46482,9.85343,-8.85935,0;
9.54, -13.0659,-3.00582,0.343917,8.92692,10.685,-8.51559,0;
9.55, -13.3797,-2.23846,0.341341,8.28853,11.5488,-8.12304,0;
9.56, -12.9543,-1.46433,0.342283,7.47386,12.0025,-7.50769,0;
9.57, -12.5724,-0.71301,0.341861,6.56685,12.4308,-6.83418,0;
9.58, -13.2519,0.0300496,0.33632,5.64987,13.3772,-6.30558,0;
9.59, -13.3211,0.688892,0.331029,4.61751,13.9523,-5.63091,0;
9.6, -13.328,1.47695,0.329258,3.46514,14.4375,-4.79742,0;
9.61, -13.1191,2.20045,0.325895,2.24636,14.7285,-3.88247,0;
9.62, -13.3973,2.81468,0.323332,0.992795,15.1733,-3.06362,0;
9.63, -13.2451,3.43045,0.313023,-0.299367,15.3254,-2.10938,0;
9.64, -13.1805,4.07301,0.300839,-1.6265,15.4367,-1.11235,0;
9.65, -13.3602,4.70385,0.284867,-2.95717,15.5927,-0.142368,0;
9.66, -12.8406,5.34537,0.282497,-4.24582,15.3096,0.955842,0;
9.67, -12.5608,5.96293,0.280396,-5.49866,15.0588,1.99118,0;
9.68, -12.5353,6.58006,0.27608,-6.69596,14.8799,2.94903,0;
9.69, -12.2831,7.14555,0.270533,-7.78493,14.5165,3.87973,0;
9.7, -12.1495,7.71104,0.259812,-8.789,14.1493,4.74542,0;
9.71, -12.0958,8.23693,0.243933,-9.68051,13.7681,5.51761,0;
9.72, -12.0185,8.80857,0.234264,-10.461,13.3418,6.24396,0;
9.73, -11.4291,9.43645,0.238827,-11.0543,12.6406,7.00623,0;
9.74, -11.0289,9.95678,0.22793,-11.4989,11.9902,7.61046,0;
9.75, -10.8172,10.4167,0.207316,-11.8012,11.4261,8.06907,0;
9.76, -10.952,10.8545,0.184821,-12.0142,11.0348,8.37589,0;
9.77, -10.1382,11.2489,0.181313,-11.9067,10.1965,8.73748,0;
9.78, -9.17383,11.6227,0.178252,-11.616,9.29185,9.05301,0;
9.79, -8.46774,12.1186,0.167459,-11.2538,8.57573,9.33184,0;
9.8, -7.55821,12.579,0.156937,-10.7061,7.8184,9.57423,0;
9.81, -6.05368,12.8455,0.154244,-9.85405,6.80972,9.77063,0;
9.82, -5.14182,13.0371,0.143579,-9.00588,6.12618,9.78629,0;
9.83, -4.06859,13.1007,0.132974,-8.00407,5.4279,9.74114,0;
9.84, -3.41199,13.1735,0.118062,-7.04078,4.97606,9.61595,0;
9.85, -2.87494,13.1786,0.104693,-6.0504,4.6226,9.43399,0;
9.86, -1.74633,13.1654,0.0879591,-4.86389,4.02066,9.36904,0;
9.87, 0.0334654,13.227,0.079405,-3.48211,3.16264,9.4988,0;
9.88, 0.907543,13.1254,0.0663138,-2.30807,2.7304,9.38461,0;
9.89, 1.64659,12.7194,0.0456974,-1.13729,2.35068,9.10631,0;
9.9, 2.61586,12.4585,0.0288267,0.0525419,1.90817,8.98283,0;
9.91, 3.77315,12.1692,0.0218111,1.26711,1.38781,8.93731,0;
9.92, 4.61396,11.8141,0.0124416,2.35805,1.0026,8.83126,0;
9.93, 5.61101,11.3875,-0.00648597,3.45575,0.531889,8.77129,0;
9.94, 6.29001,10.8357,-0.0253182,4.41227,0.168459,8.61727,0;
9.95, 7.18354,10.3602,-0.0275417,5.36154,-0.265957,8.60048,0;
9.96, 7.70783,9.85837,-0.0320579,6.13753,-0.559313,8.52629,0;
9.97, 7.60884,9.34145,-0.0582534,6.65998,-0.606521,8.32163,0;
9.98, 7.53489,8.85314,-0.0662649,7.12522,-0.668481,8.16742,0;
9.99, 7.98585,8.43957,-0.0776676,7.713,-0.986026,8.23023,0;
