0, -0.00708366,-0.00149601,-0.00161468,0,0,0,0;
0.01, 0.00544925,0.00504501,-0.00205318,0,0,0,0;
0.02, 0.0678195,3.23669,-0.10448,-1.37473,-0.0626427,3.22862,3.22862;
0.03, 0.171018,5.44195,-0.178055,-2.3669,-0.272239,5.43924,5.43924;
0.04, 0.402784,5.23475,-0.156236,-2.45679,-0.392264,5.24584,5.24584;
0.05, 0.684293,4.39958,-0.104416,-2.37317,-0.422002,4.43321,4.43321;
0.06, 1.05644,3.47996,-0.0638505,-2.27716,-0.471644,3.54158,3.54158;
0.07, 1.13835,2.59881,-0.0384263,-2.1853,-0.552808,2.70405,2.70405;
0.08, 1.27591,1.80561,-0.0229589,-2.0921,-0.64367,1.96111,1.96111;
0.09, 1.42655,1.12161,-0.0161362,-1.99786,-0.753075,1.32386,1.32386;
0.1, 1.51111,0.536259,-0.0158289,-1.89684,-0.863459,0.786248,0.786248;
0.11, 1.56345,0.0361221,-0.0178931,-1.78634,-0.963551,0.335249,0.335249;
0.12, 1.57441,-0.385989,-0.020754,-1.66671,-1.05222,-0.0436714,-0.0436714;
0.13, 1.57503,-0.744938,-0.0237022,-1.5386,-1.12727,-0.364245,-0.364245;
0.14, 1.51179,-1.05139,-0.0254673,-1.40373,-1.18859,-0.638435,-0.638435;
0.15, 1.44964,-1.315,-0.026675,-1.26345,-1.23428,-0.87613,-0.87613;
0.16, 1.36611,-1.54119,-0.026968,-1.12072,-1.26765,-1.084,-1.084;
0.17, 1.2583,-1.73352,-0.0252219,-0.976915,-1.28706,-1.26807,-1.26807;
0.18, 1.15707,-1.89873,-0.0224167,-0.83389,-1.29307,-1.43254,-1.43254;
0.19, 1.09075,-2.03975,-0.0223447,-0.693582,-1.28678,-1.58031,-1.58031;
0.2, 0.965705,-2.16082,-0.0210964,-0.557112,-1.26694,-1.71392,-1.71392;
0.21, 0.843469,-2.26079,-0.019666,-0.424954,-1.23068,-1.83688,-1.83688;
0.22, 0.736304,-2.3468,-0.0177509,-0.299501,-1.18303,-1.94906,-1.94906;
0.23, 0.597745,-2.41219,-0.0147663,-0.181913,-1.12409,-2.05166,-2.05166;
0.24, 0.489037,-2.46606,-0.0123761,-0.0729555,-1.05256,-2.14536,-2.14536;
0.25, 0.304221,-2.51001,-0.00903423,0.0259777,-0.971628,-2.22989,-2.22989;
0.26, 0.208982,-2.54152,-0.0042245,0.114289,-0.879239,-2.30607,-2.30607;
0.27, 0.0725038,-2.55555,0.000190178,0.190462,-0.782641,-2.37149,-2.37149;
0.28, -0.0604787,-2.55717,0.00304577,0.254316,-0.674512,-2.4278,-2.4278;
0.29, -0.227309,-2.55062,0.00631261,0.305361,-0.559389,-2.4745,-2.4745;
0.3, -0.359905,-2.53714,0.0102273,0.343086,-0.438288,-2.51214,-2.51214;
0.31, -0.480749,-2.51775,0.0139591,0.367223,-0.315106,-2.53941,-2.53941;
0.32, -0.589532,-2.4885,0.0171151,0.377476,-0.187737,-2.55655,-2.55655;
0.33, -0.700975,-2.45167,0.0202843,0.373885,-0.0559734,-2.56364,-2.56364;
0.34, -0.848588,-2.40142,0.0239987,0.356486,0.0800478,-2.5613,-2.5613;
0.35, -0.969155,-2.34496,0.0269229,0.325482,0.218885,-2.54954,-2.54954;
0.36, -1.09279,-2.28258,0.0299882,0.281821,0.355972,-2.52786,-2.52786;
0.37, -1.24224,-2.21069,0.0329677,0.225919,0.492489,-2.49737,-2.49737;
0.38, -1.35279,-2.14143,0.0366811,0.158786,0.627229,-2.45829,-2.45829;
0.39, -1.48046,-2.06596,0.0376863,0.0820716,0.756896,-2.41063,-2.41063;
0.4, -1.63274,-1.97338,0.0393988,-0.00391743,0.883908,-2.35497,-2.35497;
0.41, -1.72042,-1.88407,0.0430045,-0.0973441,1.00643,-2.29223,-2.29223;
0.42, -1.82661,-1.79465,0.0451854,-0.195629,1.12116,-2.22311,-2.22311;
0.43, -1.95207,-1.70039,0.0478543,-0.298926,1.23257,-2.14875,-2.14875;
0.44, -2.01224,-1.60577,0.0503587,-0.405265,1.33896,-2.06922,-2.06922;
0.45, -2.12022,-1.47674,0.0515705,-0.512328,1.43784,-1.9844,-1.9844;
0.46, -2.22056,-1.36412,0.0530382,-0.620397,1.53392,-1.8965,-1.8965;
0.47, -2.34838,-1.2468,0.0548577,-0.725066,1.62225,-1.80751,-1.80751;
0.48, -2.41167,-1.10895,0.0580204,-0.825583,1.70316,-1.71626,-1.71626;
0.49, -2.44342,-0.983204,0.0572024,-0.91907,1.77391,-1.62207,-1.62207;
0.5, -2.53043,-0.84951,0.0575798,-1.00532,1.83828,-1.52849,-1.52849;
0.51, -2.57305,-0.724605,0.0594612,-1.08503,1.8998,-1.43622,-1.43622;
0.52, -2.60506,-0.596529,0.0620617,-1.1544,1.9531,-1.34357,-1.34357;
0.53, -2.67776,-0.465553,0.0639563,-1.21409,2.00085,-1.25084,-1.25084;
0.54, -2.65605,-0.343156,0.0649941,-1.26327,2.04318,-1.1584,-1.1584;
0.55, -2.70008,-0.220945,0.0658208,-1.29912,2.07644,-1.06489,-1.06489;
0.56, -2.71816,-0.0993512,0.0660762,-1.32552,2.10786,-0.973046,-0.973046;
0.57, -2.69151,0.0166749,0.0666291,-1.33885,2.13209,-0.880131,-0.880131;
0.58, -2.63701,0.170806,0.0674624,-1.33987,2.15052,-0.786926,-0.786926;
0.59, -2.58089,0.315778,0.0671884,-1.33051,2.16627,-0.694559,-0.694559;
0.6, -2.53514,0.422011,0.0675416,-1.31119,2.1793,-0.607139,-0.607139;
0.61, -2.49266,0.529666,0.068111,-1.28249,2.1896,-0.523906,-0.523906;
0.62, -2.44358,0.631202,0.067631,-1.24488,2.19707,-0.440975,-0.440975;
0.63, -2.38913,0.743182,0.0674105,-1.1983,2.2007,-0.357964,-0.357964;
0.64, -2.35358,0.849984,0.0663231,-1.14353,2.20092,-0.274715,-0.274715;
0.65, -2.28542,0.939916,0.0657796,-1.08107,2.19705,-0.192275,-0.192275;
0.66, -2.15751,1.03496,0.0648203,-1.01049,2.18759,-0.109401,-0.109401;
0.67, -2.0729,1.1239,0.0639481,-0.934146,2.17523,-0.0262648,-0.0262648;
0.68, -2.02035,1.19606,0.0636083,-0.855883,2.16406,0.0537571,0.0537571;
0.69, -1.9375,1.26827,0.062555,-0.773914,2.15061,0.13299,0.13299;
0.7, -1.84945,1.33909,0.0613556,-0.686759,2.1325,0.214297,0.214297;
0.71, -1.79557,1.39787,0.060169,-0.596563,2.11181,0.296064,0.296064;
0.72, -1.71021,1.44976,0.0590875,-0.504169,2.08883,0.377813,0.377813;
0.73, -1.61733,1.507,0.0578772,-0.408091,2.06122,0.461957,0.461957;
0.74, -1.51684,1.56596,0.0563682,-0.310355,2.03144,0.547148,0.547148;
0.75, -1.43056,1.61647,0.0552501,-0.211927,1.99965,0.632198,0.632198;
0.76, -1.36218,1.65881,0.0532661,-0.113681,1.96615,0.716232,0.716232;
0.77, -1.26322,1.69601,0.0512779,-0.0151374,1.92995,0.800296,0.800296;
0.78, -1.20434,1.72879,0.0492764,0.0844918,1.89002,0.885786,0.885786;
0.79, -1.11922,1.75904,0.0468643,0.183372,1.84876,0.971128,0.971128;
0.8, -1.00101,1.78644,0.04519,0.283199,1.80322,1.05838,1.05838;
0.81, -0.934523,1.81162,0.043172,0.382466,1.75533,1.14602,1.14602;
0.82, -0.87224,1.83239,0.0403151,0.479166,1.70758,1.23188,1.23188;
0.83, -0.821925,1.84892,0.0379102,0.575515,1.65599,1.3185,1.3185;
0.84, -0.775384,1.87314,0.0356097,0.671666,1.60028,1.40626,1.40626;
0.85, -0.688215,1.88192,0.0329093,0.767729,1.53956,1.49549,1.49549;
0.86, -0.581401,1.88153,0.0307769,0.862911,1.47309,1.58509,1.58509;
0.87, -0.494304,1.88799,0.0292133,0.955442,1.40476,1.67355,1.67355;
0.88, -0.423591,1.88889,0.0263224,1.04423,1.33646,1.75981,1.75981;
0.89, -0.363647,1.89132,0.0230609,1.12934,1.26609,1.84366,1.84366;
0.9, -0.288434,1.89207,0.0199712,1.21138,1.19256,1.92606,1.92606;
0.91, -0.239342,1.89337,0.0177063,1.29009,1.11484,2.00682,2.00682;
0.92, -0.179731,1.89741,0.0145824,1.36425,1.0341,2.08448,2.08448;
0.93, -0.089142,1.89341,0.0113894,1.43375,0.948251,2.15923,2.15923;
0.94, -0.00448487,1.88501,0.00865975,1.49736,0.858075,2.22967,2.22967;
0.95, 0.0769648,1.87535,0.00549147,1.55365,0.766386,2.29411,2.29411;
0.96, 0.153402,1.85653,0.00243694,1.60224,0.672993,2.35233,2.35233;
0.97, 0.198683,1.84092,-0.00082765,1.64271,0.577717,2.40402,2.40402;
0.98, 0.241795,1.82471,-0.00377988,1.67513,0.480512,2.4495,2.4495;
0.99, 0.309846,1.80714,-0.00639866,1.69924,0.37903,2.48909,2.48909;
1, 0.386393,1.79113,-0.00949487,1.71422,0.273234,2.52202,2.52202;
1.01, 0.437882,1.77167,-0.0129542,1.71881,0.165342,2.54651,2.54651;
1.02, 0.48265,1.74836,-0.0160284,1.71214,0.0563454,2.56147,2.56147;
1.03, 0.582915,1.72401,-0.0190672,1.69431,-0.0552182,2.56771,2.56771;
1.04, 0.665307,1.70076,-0.0220715,1.66524,-0.169454,2.56537,2.56537;
1.05, 0.727994,1.67621,-0.0255003,1.62429,-0.281886,2.55238,2.55238;
1.06, 0.833424,1.6468,-0.0279244,1.57141,-0.393413,2.52905,2.52905;
1.07, 0.925777,1.61555,-0.0304853,1.50712,-0.50528,2.4964,2.4964;
1.08, 1.01389,1.57877,-0.0341496,1.43195,-0.614007,2.45367,2.45367;
1.09, 1.12151,1.54182,-0.0366152,1.34653,-0.720178,2.40174,2.40174;
1.1, 1.20897,1.50269,-0.0385385,1.25213,-0.823988,2.34202,2.34202;
1.11, 1.30306,1.46392,-0.0408864,1.14944,-0.923836,2.27429,2.27429;
1.12, 1.36249,1.42134,-0.0436628,1.03923,-1.02092,2.19966,2.19966;
1.13, 1.42911,1.38046,-0.0457201,0.922414,-1.11477,2.11858,2.11858;
1.14, 1.5012,1.33372,-0.047735,0.799728,-1.20766,2.03276,2.03276;
1.15, 1.57589,1.28241,-0.050881,0.671855,-1.29894,1.94222,1.94222;
1.16, 1.67151,1.22036,-0.0533378,0.540023,-1.38789,1.84774,1.84774;
1.17, 1.78567,1.15832,-0.0545017,0.405469,-1.47428,1.75021,1.75021;
1.18, 1.82781,1.09311,-0.055026,0.27014,-1.55633,1.65035,1.65035;
1.19, 1.93207,1.02407,-0.0550971,0.135179,-1.63248,1.54779,1.54779;
1.2, 2.02247,0.951204,-0.0564878,0.000402655,-1.70749,1.44442,1.44442;
1.21, 2.07079,0.87249,-0.0580864,-0.131882,-1.77708,1.33938,1.33938;
1.22, 2.15573,0.789755,-0.0602227,-0.260877,-1.84215,1.23342,1.23342;
1.23, 2.19678,0.703533,-0.0621559,-0.386224,-1.90554,1.12795,1.12795;
1.24, 2.27267,0.610991,-0.0623987,-0.50616,-1.9648,1.02243,1.02243;
1.25, 2.3691,0.51368,-0.0622586,-0.620718,-2.02255,0.917816,0.917816;
1.26, 2.4494,0.414313,-0.0628532,-0.727798,-2.07582,0.813429,0.813429;
1.27, 2.4975,0.31048,-0.0630502,-0.82576,-2.12264,0.708739,0.708739;
1.28, 2.53697,0.200248,-0.0626352,-0.914143,-2.16397,0.603934,0.603934;
1.29, 2.58115,0.0828373,-0.0625093,-0.992813,-2.20169,0.49971,0.49971;
1.3, 2.5824,-0.0334615,-0.0623712,-1.06091,-2.23583,0.396348,0.396348;
1.31, 2.60021,-0.150161,-0.0617194,-1.11732,-2.26552,0.29384,0.29384;
1.32, 2.59299,-0.273203,-0.0607666,-1.16288,-2.29325,0.192707,0.192707;
1.33, 2.63027,-0.398994,-0.0601486,-1.19667,-2.31713,0.0920193,0.0920193;
1.34, 2.62589,-0.522789,-0.0594375,-1.21869,-2.33802,-0.00754643,-0.00754643;
1.35, 2.59162,-0.652049,-0.0579153,-1.22723,-2.35193,-0.107475,-0.107475;
1.36, 2.5408,-0.777334,-0.0562535,-1.22354,-2.36111,-0.20722,-0.20722;
1.37, 2.47586,-0.901406,-0.0549934,-1.20826,-2.36677,-0.305883,-0.305883;
1.38, 2.46491,-1.02352,-0.0536517,-1.18224,-2.36941,-0.403545,-0.403545;
1.39, 2.40968,-1.14345,-0.0517978,-1.14631,-2.36937,-0.500191,-0.500191;
1.4, 2.3602,-1.26165,-0.050286,-1.09907,-2.36157,-0.597843,-0.597843;
1.41, 2.25587,-1.3782,-0.0479396,-1.04232,-2.34834,-0.695469,-0.695469;
1.42, 2.14476,-1.4911,-0.0446904,-0.976592,-2.32859,-0.793418,-0.793418;
1.43, 2.09508,-1.59716,-0.0423281,-0.904215,-2.30569,-0.889984,-0.889984;
1.44, 1.9782,-1.69448,-0.040628,-0.826131,-2.27928,-0.984956,-0.984956;
1.45, 1.84278,-1.7909,-0.0374188,-0.741371,-2.24393,-1.08075,-1.08075;
1.46, 1.75775,-1.88396,-0.0346564,-0.65295,-2.20467,-1.17568,-1.17568;
1.47, 1.67513,-1.97074,-0.0326553,-0.562181,-2.16212,-1.2686,-1.2686;
1.48, 1.54649,-2.04841,-0.03001,-0.468397,-2.11157,-1.36101,-1.36101;
1.49, 1.45182,-2.11908,-0.0270348,-0.372476,-2.05243,-1.45304,-1.45304;
1.5, 1.33366,-2.18656,-0.023861,-0.2767,-1.98819,-1.54313,-1.54313;
1.51, 1.23443,-2.24511,-0.0205401,-0.181252,-1.91575,-1.63214,-1.63214;
1.52, 1.11946,-2.29554,-0.0174338,-0.0875644,-1.83668,-1.71871,-1.71871;
1.53, 0.979528,-2.3375,-0.0141596,0.00369711,-1.74933,-1.80315,-1.80315;
1.54, 0.866007,-2.37064,-0.0108047,0.0912173,-1.65513,-1.88471,-1.88471;
1.55, 0.729577,-2.39879,-0.00786368,0.17351,-1.55639,-1.96213,-1.96213;
1.56, 0.602185,-2.42374,-0.0045457,0.250202,-1.45104,-2.03591,-2.03591;
1.57, 0.461207,-2.43652,-0.00102591,0.32017,-1.34123,-2.10473,-2.10473;
1.58, 0.358595,-2.44722,0.0026678,0.382691,-1.22629,-2.16793,-2.16793;
1.59, 0.247605,-2.44909,0.00593013,0.436983,-1.10789,-2.22491,-2.22491;
1.6, 0.0761595,-2.44676,0.00849721,0.482674,-0.982959,-2.27593,-2.27593;
1.61, -0.0479472,-2.43549,0.0115357,0.519132,-0.852804,-2.32055,-2.32055;
1.62, -0.130281,-2.41405,0.0148283,0.545334,-0.723377,-2.35635,-2.35635;
1.63, -0.267122,-2.38492,0.0171689,0.561157,-0.591318,-2.38439,-2.38439;
1.64, -0.388813,-2.3556,0.0200297,0.566604,-0.453592,-2.40597,-2.40597;
1.65, -0.484377,-2.32473,0.0224966,0.561452,-0.315746,-2.41951,-2.41951;
1.66, -0.614939,-2.28862,0.0251187,0.545337,-0.177254,-2.42451,-2.42451;
1.67, -0.715742,-2.23811,0.027717,0.518184,-0.0364559,-2.42139,-2.42139;
1.68, -0.837274,-2.17515,0.0299934,0.48034,0.102834,-2.40899,-2.40899;
1.69, -0.991212,-2.12392,0.0332898,0.432176,0.241898,-2.38897,-2.38897;
1.7, -1.11649,-2.06304,0.0363483,0.374739,0.378004,-2.36163,-2.36163;
1.71, -1.2377,-1.99362,0.039213,0.308603,0.508012,-2.32458,-2.32458;
1.72, -1.33476,-1.92035,0.041077,0.234584,0.633488,-2.27937,-2.27937;
1.73, -1.43735,-1.8408,0.0428108,0.153969,0.754104,-2.22703,-2.22703;
1.74, -1.53126,-1.75654,0.044784,0.0674757,0.871336,-2.16893,-2.16893;
1.75, -1.60488,-1.6713,0.0473054,-0.0235132,0.984085,-2.10557,-2.10557;
1.76, -1.71018,-1.5776,0.0503658,-0.117928,1.09232,-2.03764,-2.03764;
1.77, -1.7989,-1.48188,0.0518484,-0.215031,1.19709,-1.96582,-1.96582;
1.78, -1.8907,-1.38573,0.0530974,-0.3125,1.29497,-1.88985,-1.88985;
1.79, -1.99629,-1.28441,0.0545237,-0.409452,1.38691,-1.81086,-1.81086;
1.8, -2.06684,-1.18417,0.0563796,-0.504429,1.47237,-1.72896,-1.72896;
1.81, -2.12033,-1.06943,0.0577077,-0.595504,1.54971,-1.64411,-1.64411;
1.82, -2.22305,-0.956214,0.0590796,-0.682416,1.62133,-1.55731,-1.55731;
1.83, -2.26942,-0.845217,0.0604046,-0.764015,1.68799,-1.47047,-1.47047;
1.84, -2.31797,-0.728496,0.061712,-0.837488,1.74544,-1.3818,-1.3818;
1.85, -2.36979,-0.608392,0.062697,-0.903763,1.79774,-1.29285,-1.29285;
1.86, -2.39817,-0.488282,0.0633721,-0.961578,1.84433,-1.20389,-1.20389;
1.87, -2.42575,-0.372516,0.064415,-1.00986,1.88446,-1.11504,-1.11504;
1.88, -2.43251,-0.253437,0.0650992,-1.04875,1.91955,-1.02691,-1.02691;
1.89, -2.4294,-0.132946,0.0656444,-1.07776,1.94935,-0.938954,-0.938954;
1.9, -2.40776,-0.0241415,0.0658766,-1.0972,1.97493,-0.852033,-0.852033;
1.91, -2.39899,0.0833086,0.0659525,-1.10706,1.99655,-0.76646,-0.76646;
1.92, -2.38225,0.195308,0.0665538,-1.10824,2.01558,-0.681845,-0.681845;
1.93, -2.35252,0.308511,0.0677222,-1.10003,2.03057,-0.597379,-0.597379;
1.94, -2.3255,0.41655,0.0676176,-1.08251,2.04122,-0.513595,-0.513595;
1.95, -2.27033,0.519603,0.0670896,-1.05624,2.04781,-0.430983,-0.430983;
1.96, -2.21643,0.621284,0.0670316,-1.02145,2.05014,-0.348969,-0.348969;
1.97, -2.16361,0.713911,0.0660721,-0.979858,2.05018,-0.268248,-0.268248;
1.98, -2.10574,0.801482,0.065543,-0.931682,2.04733,-0.188617,-0.188617;
1.99, -2.04093,0.886564,0.0654591,-0.877334,2.04156,-0.109303,-0.109303;
2, -1.96628,0.967326,0.0645449,-0.817401,2.0329,-0.0301242,-0.0301242;
2.01, -1.92404,1.04426,0.0639366,-0.752589,2.02147,0.0487278,0.0487278;
2.02, -1.83455,1.11802,0.0632418,-0.683848,2.00799,0.127035,0.127035;
2.03, -1.7471,1.18523,0.0624922,-0.609961,1.98968,0.206479,0.206479;
2.04, -1.6959,1.24984,0.0614558,-0.533673,1.96996,0.284934,0.284934;
2.05, -1.62201,1.30749,0.060102,-0.455359,1.94877,0.362756,0.362756;
2.06, -1.51179,1.36517,0.0587291,-0.373603,1.92311,0.441738,0.441738;
2.07, -1.41613,1.41748,0.0571143,-0.289849,1.89477,0.521124,0.521124;
2.08, -1.33901,1.46634,0.0552641,-0.206305,1.8664,0.598829,0.598829;
2.09, -1.27403,1.51255,0.0537642,-0.122593,1.83694,0.675677,0.675677;
2.1, -1.20146,1.54854,0.0516277,-0.0380396,1.80477,0.752655,0.752655;
2.11, -1.1459,1.58356,0.0497744,0.0476776,1.76874,0.83032,0.83032;
2.12, -1.09207,1.61745,0.0484437,0.13402,1.72981,0.908795,0.908795;
2.13, -1.0257,1.64665,0.046421,0.221354,1.68658,0.9886,0.9886;
2.14, -0.92858,1.67642,0.0443041,0.309344,1.63872,1.06947,1.06947;
2.15, -0.851831,1.69924,0.0421332,0.397008,1.58746,1.15067,1.15067;
2.16, -0.783048,1.71685,0.0397994,0.482534,1.53514,1.23016,1.23016;
2.17, -0.715693,1.73514,0.0377257,0.566542,1.48041,1.30898,1.30898;
2.18, -0.645973,1.75113,0.0356125,0.649235,1.42269,1.3876,1.3876;
2.19, -0.577857,1.7614,0.0330936,0.73018,1.36167,1.4655,1.4655;
2.2, -0.501814,1.76774,0.0306549,0.808843,1.29756,1.54218,1.54218;
2.21, -0.399646,1.77692,0.0283904,0.885007,1.23045,1.61766,1.61766;
2.22, -0.318702,1.78156,0.0260298,0.958006,1.16108,1.69127,1.69127;
2.23, -0.257401,1.78178,0.0231972,1.02633,1.09126,1.76093,1.76093;
2.24, -0.205231,1.77993,0.0206536,1.09038,1.01947,1.82739,1.82739;
2.25, -0.173021,1.77899,0.0180759,1.15064,0.944235,1.89155,1.89155;
2.26, -0.101473,1.77025,0.0150941,1.20683,0.864866,1.95331,1.95331;
2.27, -0.0528312,1.76221,0.0120725,1.2587,0.779845,2.01268,2.01268;
2.28, -0.012285,1.7542,0.0089697,1.30486,0.692641,2.06791,2.06791;
2.29, 0.0642599,1.74731,0.00613116,1.34498,0.601697,2.119,2.119;
2.3, 0.187247,1.73751,0.00336164,1.37854,0.506467,2.16559,2.16559;
2.31, 0.261495,1.72301,0.000387161,1.40393,0.409854,2.20528,2.20528;
2.32, 0.347661,1.70636,-0.00263115,1.41988,0.315727,2.23588,2.23588;
2.33, 0.419344,1.68674,-0.0052895,1.42724,0.220673,2.25927,2.25927;
2.34, 0.480492,1.66619,-0.00812034,1.42587,0.12556,2.27506,2.27506;
2.35, 0.550078,1.64358,-0.0106429,1.41585,0.0295581,2.28362,2.28362;
2.36, 0.631297,1.62063,-0.0134528,1.39714,-0.0679745,2.28512,2.28512;
2.37, 0.691328,1.59725,-0.0163087,1.36952,-0.166133,2.27913,2.27913;
2.38, 0.74446,1.56879,-0.0188704,1.33285,-0.263762,2.26511,2.26511;
2.39, 0.82098,1.53773,-0.0213918,1.28722,-0.362148,2.2436,2.2436;
2.4, 0.894402,1.50678,-0.0241223,1.23304,-0.461468,2.21519,2.21519;
2.41, 0.962875,1.47217,-0.0266738,1.17057,-0.559615,2.17945,2.17945;
2.42, 1.04668,1.43551,-0.029192,1.10005,-0.656502,2.13653,2.13653;
2.43, 1.1395,1.39663,-0.0316088,1.02208,-0.752197,2.08702,2.08702;
2.44, 1.22604,1.35567,-0.0338403,0.937344,-0.845342,2.03096,2.03096;
2.45, 1.30576,1.31184,-0.0360864,0.846598,-0.935039,1.96857,1.96857;
2.46, 1.36886,1.26547,-0.0380101,0.750607,-1.02156,1.90053,1.90053;
2.47, 1.4462,1.21398,-0.0398821,0.650216,-1.10528,1.8276,1.8276;
2.48, 1.50492,1.15915,-0.0417585,0.546085,-1.18722,1.75068,1.75068;
2.49, 1.56792,1.10316,-0.0431063,0.439383,-1.26615,1.67015,1.67015;
2.5, 1.64196,1.043,-0.0447141,0.330784,-1.34315,1.58692,1.58692;
2.51, 1.7045,0.979174,-0.0464986,0.221077,-1.4177,1.50115,1.50115;
2.52, 1.77651,0.911478,-0.047875,0.11138,-1.48881,1.41307,1.41307;
2.53, 1.8253,0.840291,-0.0490666,0.00244751,-1.5571,1.32335,1.32335;
2.54, 1.88543,0.765459,-0.0502012,-0.104587,-1.62168,1.23217,1.23217;
2.55, 1.97991,0.685713,-0.051109,-0.209215,-1.68391,1.14034,1.14034;
2.56, 2.00698,0.603577,-0.052101,-0.310326,-1.74281,1.04782,1.04782;
2.57, 2.06144,0.517063,-0.0529569,-0.40622,-1.79562,0.954099,0.954099;
2.58, 2.11907,0.428907,-0.053371,-0.497465,-1.84683,0.860826,0.860826;
2.59, 2.16315,0.335542,-0.0535011,-0.582606,-1.89435,0.767521,0.767521;
2.6, 2.19464,0.239666,-0.0535973,-0.660843,-1.93745,0.673966,0.673966;
2.61, 2.24601,0.140967,-0.0533234,-0.731571,-1.97665,0.580591,0.580591;
2.62, 2.26593,0.0404289,-0.0534056,-0.7944,-2.01249,0.487685,0.487685;
2.63, 2.31353,-0.063547,-0.0533629,-0.848173,-2.04303,0.394618,0.394618;
2.64, 2.31945,-0.17043,-0.0527538,-0.893183,-2.07011,0.302019,0.302019;
2.65, 2.31776,-0.278944,-0.0520755,-0.928129,-2.09124,0.20911,0.20911;
2.66, 2.32084,-0.386155,-0.0517367,-0.953614,-2.10871,0.116891,0.116891;
2.67, 2.3093,-0.496933,-0.0502631,-0.969606,-2.12262,0.0253707,0.0253707;
2.68, 2.29716,-0.605753,-0.0484637,-0.975944,-2.13208,-0.0659803,-0.0659803;
2.69, 2.25348,-0.711893,-0.0475803,-0.972706,-2.1372,-0.156771,-0.156771;
2.7, 2.20564,-0.81917,-0.0467265,-0.96001,-2.13735,-0.247334,-0.247334;
2.71, 2.17463,-0.924647,-0.0448328,-0.939101,-2.13455,-0.337176,-0.337176;
2.72, 2.09795,-1.02649,-0.0432045,-0.910275,-2.12846,-0.426226,-0.426226;
2.73, 2.0228,-1.1294,-0.0417782,-0.873245,-2.11685,-0.515201,-0.515201;
2.74, 1.96073,-1.22683,-0.0400285,-0.829785,-2.1027,-0.603063,-0.603063;
2.75, 1.92193,-1.32042,-0.0379173,-0.780254,-2.08529,-0.689711,-0.689711;
2.76, 1.8276,-1.41151,-0.0361807,-0.724809,-2.06292,-0.775901,-0.775901;
2.77, 1.73133,-1.49675,-0.0343449,-0.663363,-2.03303,-0.862534,-0.862534;
2.78, 1.69787,-1.57879,-0.0320449,-0.598058,-1.9996,-0.947887,-0.947887;
2.79, 1.57986,-1.65737,-0.0297945,-0.529742,-1.96252,-1.032,-1.032;
2.8, 1.50083,-1.7306,-0.0271875,-0.45738,-1.91602,-1.11674,-1.11674;
2.81, 1.43234,-1.79784,-0.02459,-0.38379,-1.86656,-1.19933,-1.19933;
2.82, 1.31574,-1.85783,-0.0220362,-0.308911,-1.81075,-1.2808,-1.2808;
2.83, 1.22246,-1.91366,-0.0192208,-0.233199,-1.74738,-1.36145,-1.36145;
2.84, 1.08135,-1.9639,-0.0163955,-0.158583,-1.68036,-1.4397,-1.4397;
2.85, 0.97667,-2.00608,-0.0137827,-0.0853495,-1.60764,-1.51589,-1.51589;
2.86, 0.85929,-2.04621,-0.0111043,-0.0150799,-1.53311,-1.58826,-1.58826;
2.87, 0.747964,-2.08208,-0.00867125,0.0522244,-1.45381,-1.65785,-1.65785;
2.88, 0.652696,-2.11033,-0.00575969,0.115842,-1.37056,-1.72374,-1.72374;
2.89, 0.546131,-2.13088,-0.00304569,0.175217,-1.28291,-1.78569,-1.78569;
2.9, 0.428173,-2.14531,-0.00017587,0.22998,-1.1896,-1.84393,-1.84393;
2.91, 0.328004,-2.15373,0.00266761,0.279359,-1.09186,-1.89794,-1.89794;
2.92, 0.228931,-2.15673,0.00540339,0.322625,-0.991017,-1.94694,-1.94694;
2.93, 0.142518,-2.15517,0.00813681,0.359438,-0.885896,-1.9911,-1.9911;
2.94, 0.0312076,-2.14614,0.0105617,0.389354,-0.776748,-2.03017,-2.03017;
2.95, -0.086587,-2.13467,0.0132421,0.411937,-0.662936,-2.06404,-2.06404;
2.96, -0.217604,-2.11976,0.016042,0.426722,-0.547189,-2.09181,-2.09181;
2.97, -0.308026,-2.09778,0.0189186,0.433328,-0.430581,-2.1127,-2.1127;
2.98, -0.402817,-2.06834,0.0214661,0.431629,-0.314695,-2.12592,-2.12592;
2.99, -0.538607,-2.03411,0.0240832,0.421638,-0.196694,-2.13265,-2.13265;
3, -0.622481,-1.99654,0.0261542,0.40353,-0.0775211,-2.13301,-2.13301;
3.01, -0.718916,-1.95553,0.0282486,0.377596,0.0386787,-2.12571,-2.12571;
3.02, -0.836165,-1.90494,0.0305094,0.343789,0.155617,-2.11222,-2.11222;
3.03, -0.955317,-1.85131,0.0329917,0.302607,0.271825,-2.09219,-2.09219;
3.04, -1.02917,-1.79732,0.0354858,0.254814,0.384697,-2.06552,-2.06552;
3.05, -1.12183,-1.7343,0.0376906,0.201056,0.493462,-2.03216,-2.03216;
3.06, -1.21297,-1.66616,0.0391924,0.141376,0.601439,-1.99333,-1.99333;
3.07, -1.29937,-1.59733,0.0411728,0.0769726,0.70648,-1.94927,-1.94927;
3.08, -1.39075,-1.5267,0.0432872,0.0086361,0.80802,-1.9005,-1.9005;
3.09, -1.47904,-1.45157,0.0453342,-0.0628683,0.905939,-1.84711,-1.84711;
3.1, -1.57041,-1.37123,0.0470896,-0.136549,0.99934,-1.78909,-1.78909;
3.11, -1.67121,-1.28461,0.0481416,-0.211388,1.08793,-1.72694,-1.72694;
3.12, -1.74498,-1.19584,0.0497577,-0.286177,1.17097,-1.66111,-1.66111;
3.13, -1.78901,-1.10769,0.0514192,-0.359489,1.24728,-1.59196,-1.59196;
3.14, -1.86718,-1.01653,0.0523587,-0.430889,1.31859,-1.52046,-1.52046;
3.15, -1.9232,-0.917899,0.0537105,-0.500252,1.38702,-1.44746,-1.44746;
3.16, -1.95653,-0.821439,0.0553053,-0.56567,1.44954,-1.37225,-1.37225;
3.17, -2.01082,-0.727218,0.0569602,-0.626632,1.5071,-1.296,-1.296;
3.18, -2.03749,-0.625036,0.0569771,-0.683028,1.56123,-1.21925,-1.21925;
3.19, -2.08839,-0.522231,0.0573195,-0.733492,1.60996,-1.14102,-1.14102;
3.2, -2.10588,-0.416795,0.0583546,-0.77807,1.65497,-1.06293,-1.06293;
3.21, -2.10925,-0.312421,0.059172,-0.815225,1.69398,-0.984131,-0.984131;
3.22, -2.13713,-0.213789,0.0599452,-0.845411,1.72889,-0.905739,-0.905739;
3.23, -2.12836,-0.1154,0.0603112,-0.868712,1.76056,-0.828082,-0.828082;
3.24, -2.11427,-0.0221617,0.0609055,-0.883957,1.78684,-0.749695,-0.749695;
3.25, -2.10887,0.0842955,0.0620106,-0.892192,1.81014,-0.671744,-0.671744;
3.26, -2.12686,0.192566,0.0614435,-0.893474,1.83067,-0.593961,-0.593961;
3.27, -2.09653,0.288325,0.0609501,-0.887016,1.84666,-0.516951,-0.516951;
3.28, -2.06066,0.379976,0.0614371,-0.871829,1.85603,-0.439929,-0.439929;
3.29, -2.02039,0.465719,0.0609321,-0.850111,1.86254,-0.363635,-0.363635;
3.3, -1.96281,0.554126,0.0607631,-0.82222,1.86638,-0.287866,-0.287866;
3.31, -1.92078,0.633255,0.0608442,-0.788586,1.86783,-0.212336,-0.212336;
3.32, -1.88218,0.715059,0.0601116,-0.750026,1.86758,-0.137936,-0.137936;
3.33, -1.85965,0.799219,0.0591884,-0.706149,1.86433,-0.0633667,-0.0633667;
3.34, -1.78291,0.87676,0.0581032,-0.657025,1.85735,0.0113342,0.0113342;
3.35, -1.70391,0.949193,0.0574695,-0.602224,1.84495,0.0865647,0.0865647;
3.36, -1.64079,1.01306,0.0566024,-0.544461,1.83133,0.160434,0.160434;
3.37, -1.57271,1.07829,0.0556712,-0.484249,1.8166,0.233082,0.233082;
3.38, -1.49564,1.13915,0.0545822,-0.421149,1.79953,0.305779,0.305779;
3.39, -1.43414,1.19647,0.0528428,-0.355668,1.78005,0.378077,0.378077;
3.4, -1.38648,1.24831,0.0517767,-0.288478,1.75877,0.449711,0.449711;
3.41, -1.32063,1.29526,0.0507426,-0.219234,1.73445,0.521491,0.521491;
3.42, -1.26667,1.33739,0.049463,-0.147616,1.70587,0.594227,0.594227;
3.43, -1.19637,1.38189,0.0481299,-0.0746704,1.67444,0.667224,0.667224;
3.44, -1.13424,1.41984,0.0465971,-0.000278194,1.63936,0.741066,0.741066;
3.45, -1.0621,1.45326,0.0447516,0.0744791,1.60164,0.814521,0.814521;
3.46, -0.993371,1.48353,0.0430823,0.149653,1.56083,0.888095,0.888095;
3.47, -0.931437,1.51187,0.0411766,0.224541,1.51778,0.96137,0.96137;
3.48, -0.845875,1.53879,0.0387671,0.298952,1.4722,1.03434,1.03434;
3.49, -0.783776,1.56636,0.0366005,0.372867,1.42352,1.1071,1.1071;
3.5, -0.693359,1.58872,0.0347427,0.44506,1.37355,1.17834,1.17834;
3.51, -0.63036,1.6042,0.0325253,0.515922,1.32031,1.24856,1.24856;
3.52, -0.608784,1.61884,0.0301235,0.584262,1.26601,1.3165,1.3165;
3.53, -0.528242,1.63091,0.0280187,0.650816,1.20878,1.38351,1.38351;
3.54, -0.445748,1.64028,0.0255452,0.716599,1.14529,1.45112,1.45112;
3.55, -0.397353,1.64694,0.0230469,0.779292,1.08015,1.51635,1.51635;
3.56, -0.306219,1.65241,0.0209018,0.838295,1.0138,1.57866,1.57866;
3.57, -0.213623,1.65548,0.0184227,0.894274,0.943631,1.63926,1.63926;
3.58, -0.156353,1.65469,0.0155727,0.945699,0.872855,1.69592,1.69592;
3.59, -0.108049,1.65287,0.0130443,0.992117,0.801773,1.7482,1.7482;
3.6, -0.0310486,1.64887,0.0106793,1.03428,0.727715,1.79752,1.79752;
3.61, 0.0421169,1.64273,0.00817756,1.07198,0.649927,1.84377,1.84377;
3.62, 0.11544,1.63618,0.00558898,1.10413,0.570778,1.8854,1.8854;
3.63, 0.180528,1.62693,0.00284885,1.13039,0.490212,1.92214,1.92214;
3.64, 0.220745,1.61456,0.000250047,1.1504,0.408305,1.95356,1.95356;
3.65, 0.28752,1.60016,-0.0022863,1.16406,0.324611,1.97977,1.97977;
3.66, 0.354813,1.58295,-0.00497428,1.17147,0.237429,2.00144,2.00144;
3.67, 0.39799,1.56445,-0.00780178,1.17197,0.149008,2.01733,2.01733;
3.68, 0.474058,1.54384,-0.0102778,1.16533,0.0597822,2.02721,2.02721;
3.69, 0.550064,1.52139,-0.0127456,1.15156,-0.0318578,2.03164,2.03164;
3.7, 0.632637,1.49754,-0.0152986,1.13032,-0.123191,2.02939,2.02939;
3.71, 0.679223,1.47263,-0.0178457,1.10158,-0.21386,2.02037,2.02037;
3.72, 0.722263,1.44459,-0.0204346,1.06545,-0.303194,2.00441,2.00441;
3.73, 0.81735,1.41157,-0.0229501,1.02216,-0.393671,1.98256,1.98256;
3.74, 0.869482,1.37876,-0.0253439,0.972055,-0.485344,1.95523,1.95523;
3.75, 0.935222,1.34429,-0.0272974,0.915562,-0.573936,1.92133,1.92133;
3.76, 1.02515,1.30605,-0.0296404,0.852818,-0.662279,1.88196,1.88196;
3.77, 1.11805,1.26519,-0.0317353,0.784323,-0.749274,1.83703,1.83703;
3.78, 1.19788,1.22433,-0.0341994,0.710831,-0.832845,1.78638,1.78638;
3.79, 1.25905,1.17812,-0.0360444,0.633055,-0.912533,1.73034,1.73034;
3.8, 1.32671,1.12722,-0.036808,0.5515,-0.989277,1.66951,1.66951;
3.81, 1.36382,1.07437,-0.0385859,0.466902,-1.06424,1.60496,1.60496;
3.82, 1.43386,1.01839,-0.0408993,0.380125,-1.13665,1.53699,1.53699;
3.83, 1.50748,0.962719,-0.0431615,0.291492,-1.20857,1.46674,1.46674;
3.84, 1.55666,0.902712,-0.044844,0.202145,-1.27751,1.39386,1.39386;
3.85, 1.60481,0.83903,-0.0456586,0.112623,-1.34291,1.31819,1.31819;
3.86, 1.68654,0.772381,-0.0466024,0.0234458,-1.40627,1.2407,1.2407;
3.87, 1.75953,0.703737,-0.0476367,-0.0646009,-1.46736,1.16169,1.16169;
3.88, 1.79499,0.630408,-0.0484721,-0.150199,-1.52353,1.0806,1.0806;
3.89, 1.82214,0.554745,-0.0492221,-0.232753,-1.57514,0.99779,0.99779;
3.9, 1.87957,0.475061,-0.0497735,-0.312051,-1.62466,0.914496,0.914496;
3.91, 1.91247,0.39218,-0.0500422,-0.3876,-1.67251,0.831042,0.831042;
3.92, 1.96913,0.309318,-0.050518,-0.458046,-1.71611,0.74685,0.74685;
3.93, 2.00244,0.22219,-0.0507162,-0.523197,-1.75672,0.662565,0.662565;
3.94, 2.04712,0.131332,-0.0509786,-0.582063,-1.79243,0.577438,0.577438;
3.95, 2.0718,0.0376975,-0.0510556,-0.634453,-1.82444,0.492172,0.492172;
3.96, 2.06772,-0.054829,-0.0507189,-0.67952,-1.85161,0.406566,0.406566;
3.97, 2.09938,-0.148597,-0.0503014,-0.717199,-1.87489,0.321122,0.321122;
3.98, 2.0868,-0.244868,-0.049601,-0.747939,-1.89601,0.236295,0.236295;
3.99, 2.07707,-0.341937,-0.048972,-0.770602,-1.91186,0.150979,0.150979;
4, 2.04766,-0.438959,-0.0484028,-0.785905,-1.92504,0.066328,0.066328;
4.01, 2.01013,-0.535464,-0.0476374,-0.793674,-1.93493,-0.0178502,-0.0178502;
4.02, 2.01621,-0.631605,-0.0465409,-0.794342,-1.94243,-0.101189,-0.101189;
4.03, 1.98233,-0.727121,-0.0453407,-0.788129,-1.94759,-0.183647,-0.183647;
4.04, 1.92096,-0.821032,-0.0441249,-0.773952,-1.94643,-0.266649,-0.266649;
4.05, 1.87923,-0.911631,-0.0428724,-0.752925,-1.9413,-0.349231,-0.349231;
4.06, 1.83991,-1.001,-0.0415817,-0.726053,-1.93395,-0.4307,-0.4307;
4.07, 1.77772,-1.08909,-0.0402136,-0.693178,-1.92239,-0.511889,-0.511889;
4.08, 1.7341,-1.17425,-0.0384896,-0.654504,-1.90578,-0.592962,-0.592962;
4.09, 1.68666,-1.25512,-0.0366862,-0.610975,-1.8854,-0.673259,-0.673259;
4.1, 1.65155,-1.33387,-0.0347284,-0.562591,-1.8593,-0.753368,-0.753368;
4.11, 1.56636,-1.40933,-0.0327832,-0.509966,-1.82733,-0.83336,-0.83336;
4.12, 1.47524,-1.47981,-0.0308049,-0.45339,-1.78809,-0.913485,-0.913485;
4.13, 1.36207,-1.54465,-0.0286102,-0.394638,-1.74529,-0.992166,-0.992166;
4.14, 1.2937,-1.60814,-0.0263898,-0.334558,-1.69927,-1.06919,-1.06919;
4.15, 1.19019,-1.66788,-0.0241719,-0.274162,-1.65153,-1.14391,-1.14391;
4.16, 1.10246,-1.71937,-0.0218498,-0.212995,-1.59802,-1.2174,-1.2174;
4.17, 1.04491,-1.76756,-0.0195136,-0.152266,-1.54124,-1.28842,-1.28842;
4.18, 0.952574,-1.80993,-0.0170654,-0.0923344,-1.47993,-1.35753,-1.35753;
4.19, 0.839693,-1.84644,-0.0147272,-0.0332199,-1.41136,-1.42539,-1.42539;
4.2, 0.740504,-1.87888,-0.0123436,0.0238263,-1.33837,-1.49076,-1.49076;
4.21, 0.641483,-1.90685,-0.0100032,0.0778227,-1.26286,-1.55278,-1.55278;
4.22, 0.525861,-1.92925,-0.00753299,0.128447,-1.18373,-1.61149,-1.61149;
4.23, 0.444754,-1.94835,-0.00496553,0.175251,-1.10094,-1.66665,-1.66665;
4.24, 0.335202,-1.96182,-0.00273487,0.217555,-1.016,-1.71747,-1.71747;
4.25, 0.23661,-1.96913,-0.000186728,0.255262,-0.926131,-1.76453,-1.76453;
4.26, 0.140701,-1.97138,0.00203703,0.287726,-0.833909,-1.80684,-1.80684;
4.27, 0.0238036,-1.96994,0.00404862,0.314579,-0.738786,-1.84444,-1.84444;
4.28, -0.0650325,-1.96258,0.00669102,0.335546,-0.640828,-1.87721,-1.87721;
4.29, -0.140301,-1.94934,0.00920533,0.350224,-0.542109,-1.90423,-1.90423;
4.3, -0.238894,-1.93416,0.0120915,0.358485,-0.4407,-1.92604,-1.92604;
4.31, -0.350156,-1.90916,0.0150599,0.360197,-0.335854,-1.94296,-1.94296;
4.32, -0.462846,-1.88528,0.0170287,0.355137,-0.229933,-1.95386,-1.95386;
4.33, -0.527812,-1.85442,0.0190589,0.343362,-0.124756,-1.95858,-1.95858;
4.34, -0.610554,-1.8175,0.0213476,0.324936,-0.020779,-1.95677,-1.95677;
4.35, -0.703378,-1.78004,0.0235324,0.299867,0.0854164,-1.94994,-1.94994;
4.36, -0.803719,-1.73906,0.0251491,0.268508,0.191875,-1.93774,-1.93774;
4.37, -0.905035,-1.68942,0.0276494,0.231077,0.297184,-1.9196,-1.9196;
4.38, -1.00387,-1.63524,0.0296445,0.188071,0.400188,-1.89542,-1.89542;
4.39, -1.0851,-1.57694,0.0315665,0.140136,0.500104,-1.86554,-1.86554;
4.4, -1.16548,-1.51612,0.0337116,0.0879347,0.59668,-1.8304,-1.8304;
4.41, -1.23899,-1.45653,0.0351773,0.0319352,0.690886,-1.79078,-1.79078;
4.42, -1.31267,-1.38936,0.0365971,-0.027202,0.782378,-1.74678,-1.74678;
4.43, -1.39322,-1.31733,0.0379924,-0.0889846,0.871376,-1.69854,-1.69854;
4.44, -1.46662,-1.24383,0.0395906,-0.1525,0.957259,-1.64667,-1.64667;
4.45, -1.5308,-1.17279,0.0412369,-0.216753,1.03894,-1.59134,-1.59134;
4.46, -1.60538,-1.09198,0.0427317,-0.281052,1.11652,-1.53281,-1.53281;
4.47, -1.67471,-1.0054,0.0442096,-0.344858,1.1905,-1.47116,-1.47116;
4.48, -1.74511,-0.918592,0.0453498,-0.406836,1.25944,-1.40687,-1.40687;
4.49, -1.79365,-0.836102,0.0462472,-0.466122,1.32321,-1.3406,-1.3406;
4.5, -1.84987,-0.747345,0.0471925,-0.521864,1.38149,-1.27232,-1.27232;
4.51, -1.89207,-0.65107,0.0480613,-0.574036,1.43587,-1.20232,-1.20232;
4.52, -1.92398,-0.555955,0.0490789,-0.621505,1.48529,-1.13082,-1.13082;
4.53, -1.95773,-0.459549,0.0499487,-0.66382,1.53023,-1.0588,-1.0588;
4.54, -1.97811,-0.362775,0.0507044,-0.700706,1.57118,-0.986408,-0.986408;
4.55, -2.00029,-0.271235,0.0516422,-0.73153,1.60762,-0.913585,-0.913585;
4.56, -2.01712,-0.18421,0.0527489,-0.756251,1.64017,-0.840699,-0.840699;
4.57, -2.02168,-0.0907614,0.0527652,-0.774487,1.6685,-0.767133,-0.767133;
4.58, -1.99322,0.00378786,0.0523571,-0.786132,1.69272,-0.692607,-0.692607;
4.59, -2.00274,0.0970863,0.0528158,-0.791254,1.71335,-0.618021,-0.618021;
4.6, -1.99628,0.191499,0.0533511,-0.790845,1.73258,-0.544658,-0.544658;
4.61, -1.95491,0.281248,0.0523604,-0.783335,1.74696,-0.470896,-0.470896;
4.62, -1.91599,0.366854,0.0521445,-0.769184,1.75711,-0.397298,-0.397298;
4.63, -1.88269,0.448848,0.0525479,-0.749877,1.76581,-0.324806,-0.324806;
4.64, -1.86496,0.532369,0.0523117,-0.725419,1.77253,-0.252959,-0.252959;
4.65, -1.81423,0.606905,0.0520047,-0.695613,1.77639,-0.1812,-0.1812;
4.66, -1.76031,0.692618,0.0523359,-0.659947,1.77576,-0.109012,-0.109012;
4.67, -1.71481,0.768152,0.0514228,-0.619963,1.77314,-0.0370689,-0.0370689;
4.68, -1.65857,0.835362,0.0497953,-0.575929,1.76797,0.0336048,0.0336048;
4.69, -1.63759,0.90479,0.0485624,-0.527829,1.75979,0.104022,0.104022;
4.7, -1.58383,0.970573,0.0479569,-0.476387,1.74951,0.174381,0.174381;
4.71, -1.51384,1.03238,0.0478962,-0.420418,1.73395,0.245875,0.245875;
4.72, -1.44623,1.09021,0.0464631,-0.36146,1.71534,0.317306,0.317306;
4.73, -1.36942,1.13839,0.044918,-0.30056,1.6949,0.38805,0.38805;
4.74, -1.30609,1.18669,0.0432472,-0.23795,1.67255,0.458323,0.458323;
4.75, -1.24401,1.23758,0.0423318,-0.174158,1.64913,0.528323,0.528323;
4.76, -1.17649,1.28321,0.0411167,-0.108917,1.62332,0.598434,0.598434;
4.77, -1.12515,1.32542,0.0395629,-0.042466,1.59448,0.66822,0.66822;
4.78, -1.06677,1.36272,0.0376404,0.0247265,1.56309,0.737609,0.737609;
4.79, -0.999761,1.39994,0.0361625,0.0929412,1.52791,0.80732,0.80732;
4.8, -0.938242,1.43277,0.0344841,0.161705,1.48954,0.877164,0.877164;
4.81, -0.890489,1.45759,0.0328003,0.230251,1.44853,0.946369,0.946369;
4.82, -0.839119,1.48042,0.030597,0.298495,1.40452,1.01515,1.01515;
4.83, -0.773257,1.50522,0.0281524,0.366735,1.35664,1.08436,1.08436;
4.84, -0.705178,1.52639,0.0265606,0.434506,1.30521,1.15369,1.15369;
4.85, -0.619798,1.54187,0.0247204,0.500783,1.25126,1.22185,1.22185;
4.86, -0.561424,1.55639,0.0222354,0.565101,1.19495,1.28846,1.28846;
4.87, -0.50166,1.57244,0.0199129,0.626763,1.13779,1.35282,1.35282;
4.88, -0.427696,1.58399,0.0175832,0.686208,1.0777,1.41575,1.41575;
4.89, -0.34318,1.59136,0.0154399,0.74299,1.01454,1.47666,1.47666;
4.9, -0.26818,1.59763,0.0131999,0.796363,0.949559,1.53478,1.53478;
4.91, -0.213254,1.60112,0.0106054,0.845791,0.883718,1.58952,1.58952;
4.92, -0.165787,1.60115,0.00796199,0.891194,0.816286,1.64091,1.64091;
4.93, -0.125271,1.59888,0.00531154,0.932775,0.745739,1.68956,1.68956;
4.94, -0.0408183,1.59515,0.00312224,0.970395,0.671614,1.73555,1.73555;
4.95, 0.0208098,1.58925,0.000825248,1.00374,0.593543,1.77879,1.77879;
4.96, 0.102025,1.57988,-0.00176555,1.03146,0.515061,1.81706,1.81706;
4.97, 0.174802,1.57097,-0.00444845,1.05353,0.434686,1.85079,1.85079;
4.98, 0.263632,1.56016,-0.00746883,1.06959,0.354029,1.87926,1.87926;
4.99, 0.295684,1.54577,-0.00974184,1.07934,0.27255,1.90228,1.90228;
5, 0.357307,1.52952,-0.012115,1.08254,0.191551,1.91919,1.91919;
5.01, 0.40755,1.51383,-0.0146936,1.07965,0.106952,1.93174,1.93174;
5.02, 0.465051,1.49331,-0.0173752,1.07028,0.021081,1.93886,1.93886;
5.03, 0.559297,1.47161,-0.0198074,1.05412,-0.0665771,1.94041,1.94041;
5.04, 0.626696,1.44629,-0.0221847,1.03121,-0.155147,1.93633,1.93633;
5.05, 0.69723,1.41704,-0.02452,1.00134,-0.2416,1.92533,1.92533;
5.06, 0.785715,1.38955,-0.0268596,0.964854,-0.327612,1.90838,1.90838;
5.07, 0.83089,1.36129,-0.0294155,0.922137,-0.412803,1.88574,1.88574;
5.08, 0.895181,1.32931,-0.0316373,0.873259,-0.495744,1.85672,1.85672;
5.09, 0.973098,1.29277,-0.0338202,0.818446,-0.57942,1.82262,1.82262;
5.1, 1.04506,1.25391,-0.0358386,0.758194,-0.662253,1.78326,1.78326;
5.11, 1.11123,1.21311,-0.0379267,0.693081,-0.742859,1.73868,1.73868;
5.12, 1.14357,1.17025,-0.0397541,0.623617,-0.821409,1.68929,1.68929;
5.13, 1.20769,1.12491,-0.0415051,0.550295,-0.898177,1.63555,1.63555;
5.14, 1.31285,1.07377,-0.0430679,0.473376,-0.975382,1.57856,1.57856;
5.15, 1.38328,1.02101,-0.0449189,0.393704,-1.05053,1.51782,1.51782;
5.16, 1.44336,0.967422,-0.0465665,0.312539,-1.12025,1.45287,1.45287;
5.17, 1.50454,0.90874,-0.0481336,0.230189,-1.18685,1.3848,1.3848;
5.18, 1.53837,0.847323,-0.0495757,0.147169,-1.2511,1.31407,1.31407;
5.19, 1.59237,0.784389,-0.0505316,0.0643184,-1.3127,1.24113,1.24113;
5.2, 1.64386,0.717833,-0.0517352,-0.0180738,-1.37334,1.16686,1.16686;
5.21, 1.71012,0.648432,-0.0532397,-0.0990942,-1.43135,1.09087,1.09087;
5.22, 1.7726,0.574425,-0.0538458,-0.178055,-1.48655,1.01346,1.01346;
5.23, 1.82539,0.497875,-0.054336,-0.253993,-1.53767,0.934482,0.934482;
5.24, 1.84835,0.42014,-0.0549981,-0.326134,-1.58456,0.854232,0.854232;
5.25, 1.88317,0.339959,-0.0556549,-0.393971,-1.62767,0.77304,0.77304;
5.26, 1.91932,0.256078,-0.0560125,-0.457536,-1.66894,0.691659,0.691659;
5.27, 1.9495,0.169524,-0.0561794,-0.51602,-1.70724,0.609837,0.609837;
5.28, 1.96572,0.0810018,-0.0556961,-0.568755,-1.74198,0.527612,0.527612;
5.29, 1.99291,-0.0083557,-0.0553787,-0.615282,-1.77312,0.445145,0.445145;
5.3, 2.00252,-0.0986893,-0.0549746,-0.655427,-1.8012,0.362734,0.362734;
5.31, 1.99959,-0.19004,-0.0549385,-0.688587,-1.82504,0.279972,0.279972;
5.32, 1.98746,-0.284469,-0.0550325,-0.714824,-1.84546,0.197189,0.197189;
5.33, 1.96664,-0.37887,-0.05487,-0.734198,-1.86301,0.11462,0.11462;
5.34, 1.95969,-0.472741,-0.0541502,-0.746657,-1.87786,0.0325365,0.0325365;
5.35, 1.94559,-0.565408,-0.0532827,-0.752271,-1.8901,-0.0489889,-0.0489889;
5.36, 1.90649,-0.65975,-0.0520576,-0.750629,-1.89807,-0.130555,-0.130555;
5.37, 1.87557,-0.753255,-0.0505323,-0.741919,-1.90172,-0.21219,-0.21219;
5.38, 1.85294,-0.844531,-0.0494997,-0.726742,-1.90232,-0.293166,-0.293166;
5.39, 1.82368,-0.935134,-0.0486615,-0.705049,-1.89872,-0.373808,-0.373808;
5.4, 1.79853,-1.02156,-0.0474759,-0.6769,-1.88985,-0.454608,-0.454608;
5.41, 1.71966,-1.1052,-0.045734,-0.642746,-1.8757,-0.535449,-0.535449;
5.42, 1.65069,-1.188,-0.0439196,-0.602904,-1.85553,-0.616673,-0.616673;
5.43, 1.59968,-1.26798,-0.0421772,-0.559089,-1.83302,-0.696782,-0.696782;
5.44, 1.53462,-1.34498,-0.0403589,-0.511516,-1.80702,-0.775941,-0.775941;
5.45, 1.43512,-1.41753,-0.0382906,-0.460165,-1.7756,-0.854735,-0.854735;
5.46, 1.36196,-1.48601,-0.0362166,-0.405861,-1.73942,-0.932726,-0.932726;
5.47, 1.31404,-1.54944,-0.0342743,-0.349931,-1.70091,-1.00888,-1.00888;
5.48, 1.24516,-1.60885,-0.0322293,-0.292363,-1.65769,-1.08394,-1.08394;
5.49, 1.16019,-1.66435,-0.0298972,-0.233156,-1.60739,-1.15877,-1.15877;
5.5, 1.07146,-1.71535,-0.0277307,-0.173352,-1.55143,-1.23258,-1.23258;
5.51, 0.966097,-1.76439,-0.0253271,-0.113949,-1.491,-1.30458,-1.30458;
5.52, 0.895074,-1.80601,-0.0228204,-0.0556457,-1.42636,-1.37446,-1.37446;
5.53, 0.813547,-1.84138,-0.0203337,0.000718983,-1.35866,-1.4413,-1.4413;
5.54, 0.705472,-1.87287,-0.018092,0.0550998,-1.28508,-1.50607,-1.50607;
5.55, 0.569528,-1.89895,-0.0157775,0.106789,-1.20645,-1.56835,-1.56835;
5.56, 0.451488,-1.92191,-0.0131855,0.154806,-1.12509,-1.62698,-1.62698;
5.57, 0.353895,-1.93698,-0.0108708,0.198359,-1.04346,-1.68087,-1.68087;
5.58, 0.243163,-1.94896,-0.00866546,0.237259,-0.960057,-1.7301,-1.7301;
5.59, 0.151869,-1.95384,-0.00634082,0.271458,-0.873278,-1.77532,-1.77532;
5.6, 0.0720629,-1.96027,-0.00364584,0.300496,-0.784268,-1.8158,-1.8158;
5.61, 0.00115509,-1.96051,-0.00106172,0.324155,-0.691736,-1.852,-1.852;
5.62, -0.0748696,-1.95229,0.00122096,0.342046,-0.594755,-1.8834,-1.8834;
5.63, -0.180137,-1.93762,0.00377451,0.3538,-0.49303,-1.91009,-1.91009;
5.64, -0.280905,-1.91688,0.00620449,0.359076,-0.387615,-1.93198,-1.93198;
5.65, -0.370918,-1.89697,0.00837518,0.357618,-0.281545,-1.94809,-1.94809;
5.66, -0.449264,-1.87165,0.010597,0.349332,-0.175055,-1.95847,-1.95847;
5.67, -0.547242,-1.84039,0.0127583,0.334127,-0.0675299,-1.96292,-1.96292;
5.68, -0.66062,-1.80525,0.0150896,0.312029,0.0414899,-1.96177,-1.96177;
5.69, -0.756175,-1.76729,0.0171614,0.283328,0.149821,-1.95455,-1.95455;
5.7, -0.855777,-1.72379,0.0192396,0.248386,0.255625,-1.94079,-1.94079;
5.71, -0.955722,-1.67439,0.0212613,0.207452,0.359898,-1.92102,-1.92102;
5.72, -1.05342,-1.62157,0.0233345,0.161129,0.461865,-1.89537,-1.89537;
5.73, -1.14898,-1.565,0.0254048,0.110023,0.560961,-1.86416,-1.86416;
5.74, -1.24116,-1.50363,0.0271337,0.0547777,0.656921,-1.82763,-1.82763;
5.75, -1.31862,-1.43934,0.0284529,-0.00390855,0.749471,-1.78607,-1.78607;
5.76, -1.39236,-1.37253,0.0300949,-0.0652989,0.838446,-1.73995,-1.73995;
5.77, -1.47894,-1.29491,0.0323456,-0.128858,0.924634,-1.68994,-1.68994;
5.78, -1.55279,-1.21467,0.0341819,-0.193866,1.0079,-1.6363,-1.6363;
5.79, -1.62739,-1.14082,0.035456,-0.258984,1.08646,-1.57936,-1.57936;
5.8, -1.68554,-1.06183,0.0369296,-0.323593,1.16089,-1.51976,-1.51976;
5.81, -1.7308,-0.97976,0.0380244,-0.387061,1.23109,-1.45702,-1.45702;
5.82, -1.79232,-0.892376,0.039237,-0.448857,1.29782,-1.39191,-1.39191;
5.83, -1.83601,-0.798841,0.0400657,-0.508448,1.3617,-1.32515,-1.32515;
5.84, -1.89194,-0.706949,0.0407941,-0.56447,1.42092,-1.25662,-1.25662;
5.85, -1.95119,-0.61627,0.0420755,-0.61652,1.47626,-1.18731,-1.18731;
5.86, -1.98113,-0.521012,0.0429625,-0.663558,1.52651,-1.11663,-1.11663;
5.87, -1.99264,-0.427268,0.043727,-0.704774,1.571,-1.04418,-1.04418;
5.88, -2.01056,-0.3323,0.0442671,-0.740347,1.61156,-0.971232,-0.971232;
5.89, -2.02897,-0.235784,0.04493,-0.770386,1.64939,-0.89824,-0.89824;
5.9, -2.0271,-0.134742,0.0457884,-0.794199,1.68358,-0.825,-0.825;
5.91, -2.03241,-0.0401165,0.0459411,-0.811269,1.71353,-0.751469,-0.751469;
5.92, -2.03513,0.0503237,0.0462308,-0.821851,1.74016,-0.678575,-0.678575;
5.93, -2.03591,0.136502,0.0467917,-0.825598,1.76287,-0.605501,-0.605501;
5.94, -2.01203,0.233344,0.0471017,-0.822445,1.78152,-0.531862,-0.531862;
5.95, -1.98539,0.330703,0.0469943,-0.812323,1.79599,-0.457294,-0.457294;
5.96, -1.98457,0.414529,0.0460116,-0.795965,1.80741,-0.383521,-0.383521;
5.97, -1.94971,0.494331,0.0460377,-0.773512,1.81566,-0.310678,-0.310678;
5.98, -1.88871,0.583538,0.0465695,-0.744223,1.81898,-0.236655,-0.236655;
5.99, -1.83743,0.666873,0.0458743,-0.709497,1.81955,-0.162362,-0.162362;
6, -1.78067,0.738767,0.0454269,-0.670467,1.81864,-0.0896548,-0.0896548;
6.01, -1.75056,0.814632,0.0450363,-0.627071,1.81553,-0.0177514,-0.0177514;
6.02, -1.7093,0.888309,0.0446255,-0.579742,1.81058,0.0540157,0.0540157;
6.03, -1.64618,0.956982,0.0435333,-0.527578,1.80118,0.126412,0.126412;
6.04, -1.58653,1.02359,0.0422112,-0.471292,1.78788,0.199067,0.199067;
6.05, -1.5279,1.07771,0.0411116,-0.412133,1.77243,0.271314,0.271314;
6.06, -1.43988,1.1333,0.040419,-0.350296,1.75446,0.343301,0.343301;
6.07, -1.42499,1.18646,0.0390875,-0.285958,1.73404,0.415888,0.415888;
6.08, -1.36997,1.23786,0.0375767,-0.22058,1.71303,0.487494,0.487494;
6.09, -1.27898,1.29121,0.0359185,-0.151511,1.68574,0.561292,0.561292;
6.1, -1.20274,1.33726,0.0346545,-0.0806214,1.65498,0.635488,0.635488;
6.11, -1.13426,1.37834,0.0332365,-0.00984488,1.62344,0.708012,0.708012;
6.12, -1.04937,1.41674,0.0316656,0.0611246,1.59008,0.779711,0.779711;
6.13, -0.998573,1.4492,0.0298436,0.132419,1.55424,0.851135,0.851135;
6.14, -0.930068,1.47659,0.0279532,0.203189,1.51707,0.92152,0.92152;
6.15, -0.853773,1.50555,0.0254901,0.274479,1.47605,0.992507,0.992507;
6.16, -0.7813,1.53304,0.0235747,0.345483,1.43252,1.06341,1.06341;
6.17, -0.714919,1.55438,0.0223102,0.415505,1.38701,1.13341,1.13341;
6.18, -0.654636,1.57304,0.0201269,0.484312,1.33908,1.20233,1.20233;
6.19, -0.617012,1.59145,0.017745,0.551888,1.28828,1.27045,1.27045;
6.2, -0.576231,1.60817,0.0156679,0.618172,1.23421,1.33794,1.33794;
6.21, -0.487779,1.6199,0.0132527,0.683394,1.17507,1.40529,1.40529;
6.22, -0.454844,1.62723,0.0109259,0.746953,1.11109,1.47196,1.47196;
6.23, -0.395821,1.63531,0.00866656,0.807059,1.04626,1.53575,1.53575;
6.24, -0.289751,1.64229,0.00632363,0.86478,0.976534,1.59868,1.59868;
6.25, -0.232951,1.63796,0.0038034,0.918974,0.903743,1.65912,1.65912;
6.26, -0.158826,1.64499,0.0012413,0.967871,0.831656,1.71461,1.71461;
6.27, -0.0702989,1.64706,-0.00153561,1.01271,0.756954,1.76753,1.76753;
6.28, -0.00156029,1.64054,-0.00429701,1.05225,0.68038,1.81584,1.81584;
6.29, 0.055274,1.63228,-0.006787,1.08592,0.60325,1.85884,1.85884;
6.3, 0.110003,1.62289,-0.00920853,1.11415,0.524384,1.89758,1.89758;
6.31, 0.178448,1.61411,-0.0119142,1.13682,0.442904,1.93217,1.93217;
6.32, 0.226778,1.60174,-0.0144325,1.15355,0.35875,1.96224,1.96224;
6.33, 0.288034,1.58595,-0.0169661,1.16363,0.273095,1.98673,1.98673;
6.34, 0.35372,1.56957,-0.0195673,1.16701,0.184738,2.0061,2.0061;
6.35, 0.421461,1.55182,-0.0221398,1.1634,0.0948885,2.0198,2.0198;
6.36, 0.518421,1.53166,-0.0249675,1.15243,0.00415692,2.02732,2.02732;
6.37, 0.563712,1.50998,-0.027782,1.13392,-0.0870753,2.02835,2.02835;
6.38, 0.610472,1.48598,-0.0303126,1.10778,-0.176408,2.02205,2.02205;
6.39, 0.686628,1.45934,-0.0326019,1.07428,-0.267423,2.00991,2.00991;
6.4, 0.791071,1.43052,-0.0352343,1.03356,-0.359889,1.992,1.992;
6.41, 0.889534,1.39889,-0.0377362,0.985703,-0.451277,1.9675,1.9675;
6.42, 0.927545,1.36531,-0.0398283,0.931056,-0.539212,1.93586,1.93586;
6.43, 1.00233,1.32958,-0.0421119,0.870143,-0.623932,1.89754,1.89754;
6.44, 1.07307,1.29045,-0.0444441,0.803246,-0.709711,1.85446,1.85446;
6.45, 1.1356,1.24746,-0.0464369,0.731063,-0.793858,1.80605,1.80605;
6.46, 1.19996,1.20409,-0.0484362,0.654092,-0.87626,1.75272,1.75272;
6.47, 1.29832,1.15806,-0.0506561,0.572946,-0.957253,1.69512,1.69512;
6.48, 1.35251,1.10744,-0.0527548,0.488132,-1.03655,1.63337,1.63337;
6.49, 1.37292,1.05331,-0.0541418,0.400689,-1.11155,1.56705,1.56705;
6.5, 1.46171,0.9966,-0.0555412,0.310959,-1.18512,1.49767,1.49767;
6.51, 1.56452,0.936884,-0.0570511,0.219282,-1.25946,1.42644,1.42644;
6.52, 1.63919,0.876024,-0.0579383,0.127248,-1.32954,1.35205,1.35205;
6.53, 1.71622,0.81046,-0.0593406,0.0358569,-1.394,1.27437,1.27437;
6.54, 1.7552,0.738148,-0.0606612,-0.0545322,-1.45464,1.1942,1.1942;
6.55, 1.83663,0.665198,-0.0616,-0.142955,-1.51135,1.11201,1.11201;
6.56, 1.87346,0.590061,-0.0624892,-0.229073,-1.56653,1.02919,1.02919;
6.57, 1.92573,0.511201,-0.0631053,-0.311463,-1.61702,0.944728,0.944728;
6.58, 1.97004,0.427884,-0.0639032,-0.390302,-1.6656,0.859672,0.859672;
6.59, 2.01278,0.339746,-0.0645446,-0.464505,-1.71094,0.773821,0.773821;
6.6, 2.00497,0.250293,-0.0646429,-0.533462,-1.75322,0.687542,0.687542;
6.61, 2.05346,0.161665,-0.0645214,-0.596422,-1.79214,0.60101,0.60101;
6.62, 2.06568,0.0694868,-0.0646353,-0.653952,-1.83083,0.515367,0.515367;
6.63, 2.08264,-0.0273028,-0.0645544,-0.704359,-1.86492,0.428877,0.428877;
6.64, 2.10837,-0.126132,-0.0642284,-0.747891,-1.89641,0.342457,0.342457;
6.65, 2.12922,-0.223946,-0.0634488,-0.783816,-1.92448,0.256118,0.256118;
6.66, 2.11938,-0.323949,-0.0633449,-0.811457,-1.94792,0.169519,0.169519;
6.67, 2.09635,-0.424149,-0.0630831,-0.830688,-1.96649,0.0824309,0.0824309;
6.68, 2.10511,-0.5255,-0.0621654,-0.842057,-1.98208,-0.00438985,-0.00438985;
6.69, 2.10409,-0.628034,-0.0614143,-0.845794,-1.99516,-0.0907783,-0.0907783;
6.7, 2.06941,-0.729204,-0.0604907,-0.84089,-2.00261,-0.177732,-0.177732;
6.71, 2.03045,-0.829531,-0.0594218,-0.827541,-2.0045,-0.265089,-0.265089;
6.72, 1.99443,-0.927848,-0.0578662,-0.806802,-2.00281,-0.352145,-0.352145;
6.73, 1.92668,-1.02489,-0.0561108,-0.779021,-1.99735,-0.438909,-0.438909;
6.74, 1.86698,-1.12038,-0.0547192,-0.744359,-1.98721,-0.525668,-0.525668;
6.75, 1.79505,-1.21179,-0.0530352,-0.703954,-1.97416,-0.611582,-0.611582;
6.76, 1.71968,-1.30206,-0.0509725,-0.658009,-1.95714,-0.696991,-0.696991;
6.77, 1.65927,-1.38651,-0.0490472,-0.60727,-1.93646,-0.78175,-0.78175;
6.78, 1.60404,-1.46842,-0.0471409,-0.55224,-1.91175,-0.865659,-0.865659;
6.79, 1.54755,-1.54747,-0.0451314,-0.493121,-1.8814,-0.949442,-0.949442;
6.8, 1.45695,-1.62228,-0.0430078,-0.43033,-1.84448,-1.03323,-1.03323;
6.81, 1.37642,-1.6927,-0.0406479,-0.364548,-1.80065,-1.11682,-1.11682;
6.82, 1.28356,-1.7575,-0.0383123,-0.297284,-1.75234,-1.1991,-1.1991;
6.83, 1.17571,-1.8163,-0.0358928,-0.229039,-1.69847,-1.2802,-1.2802;
6.84, 1.09442,-1.86992,-0.0334294,-0.160736,-1.63977,-1.35968,-1.35968;
6.85, 0.986647,-1.92046,-0.0309623,-0.0933784,-1.5773,-1.43694,-1.43694;
6.86, 0.87791,-1.96459,-0.0286604,-0.0270959,-1.5087,-1.51262,-1.51262;
6.87, 0.750094,-2.00418,-0.0260533,0.0370037,-1.43587,-1.58549,-1.58549;
6.88, 0.622439,-2.03824,-0.023183,0.0982165,-1.35895,-1.65535,-1.65535;
6.89, 0.5512,-2.06738,-0.0204506,0.155686,-1.2794,-1.72122,-1.72122;
6.9, 0.471898,-2.08977,-0.0179907,0.208879,-1.19718,-1.78272,-1.78272;
6.91, 0.358376,-2.10546,-0.0153868,0.257967,-1.10757,-1.84124,-1.84124;
6.92, 0.252895,-2.11528,-0.0124755,0.30224,-1.01135,-1.89641,-1.89641;
6.93, 0.182195,-2.12352,-0.00938262,0.340659,-0.911755,-1.9468,-1.9468;
6.94, 0.0567357,-2.12647,-0.00699743,0.372685,-0.808506,-1.99217,-1.99217;
6.95, -0.0370631,-2.11976,-0.00453293,0.397957,-0.698855,-2.03287,-2.03287;
6.96, -0.115498,-2.10804,-0.00173237,0.415783,-0.58778,-2.06707,-2.06707;
6.97, -0.255545,-2.09348,0.00117268,0.425846,-0.473389,-2.09562,-2.09562;
6.98, -0.360457,-2.07459,0.00353614,0.427894,-0.35476,-2.11862,-2.11862;
6.99, -0.45801,-2.05049,0.00640712,0.421687,-0.237476,-2.13385,-2.13385;
7, -0.587058,-2.01681,0.00877358,0.407062,-0.119298,-2.14214,-2.14214;
7.01, -0.716482,-1.98425,0.0106511,0.384119,-1.51768e-05,-2.14354,-2.14354;
7.02, -0.813832,-1.94705,0.0125054,0.353314,0.117078,-2.13763,-2.13763;
7.03, -0.88343,-1.89308,0.0150655,0.314873,0.231525,-2.12403,-2.12403;
7.04, -0.994488,-1.83845,0.017761,0.268957,0.345493,-2.10371,-2.10371;
7.05, -1.09652,-1.78941,0.0202459,0.216061,0.460367,-2.07852,-2.07852;
7.06, -1.19599,-1.73167,0.0221402,0.157131,0.572258,-2.04714,-2.04714;
7.07, -1.28483,-1.67113,0.0239942,0.0923848,0.681426,-2.00912,-2.00912;
7.08, -1.40545,-1.60337,0.0259657,0.0227409,0.787486,-1.9653,-1.9653;
7.09, -1.49945,-1.51841,0.0278756,-0.0511555,0.890764,-1.91621,-1.91621;
7.1, -1.59341,-1.43826,0.0298324,-0.127598,0.988126,-1.86151,-1.86151;
7.11, -1.67499,-1.3529,0.0315901,-0.205636,1.08073,-1.80335,-1.80335;
7.12, -1.73119,-1.26771,0.0331159,-0.284407,1.16848,-1.74143,-1.74143;
7.13, -1.82239,-1.18966,0.0352387,-0.363076,1.25187,-1.67649,-1.67649;
7.14, -1.88061,-1.1003,0.0368872,-0.441322,1.33255,-1.60932,-1.60932;
7.15, -1.94045,-1.0028,0.0383027,-0.51743,1.40756,-1.53816,-1.53816;
7.16, -2.01553,-0.897787,0.0391889,-0.590983,1.47867,-1.46495,-1.46495;
7.17, -2.07592,-0.796076,0.0402187,-0.660667,1.54524,-1.3904,-1.3904;
7.18, -2.12213,-0.69657,0.0420293,-0.724874,1.60551,-1.31465,-1.31465;
7.19, -2.15735,-0.595129,0.0432524,-0.783189,1.66029,-1.23773,-1.23773;
7.2, -2.22337,-0.486825,0.0439611,-0.835221,1.7103,-1.15971,-1.15971;
7.21, -2.23871,-0.37758,0.0443465,-0.880552,1.75606,-1.08107,-1.08107;
7.22, -2.24336,-0.272662,0.0450233,-0.917192,1.79468,-1.00123,-1.00123;
7.23, -2.25098,-0.171065,0.0457932,-0.94632,1.82957,-0.921853,-0.921853;
7.24, -2.2499,-0.0631383,0.0464102,-0.967948,1.86136,-0.842833,-0.842833;
7.25, -2.24041,0.0475661,0.0469628,-0.981614,1.88942,-0.763629,-0.763629;
7.26, -2.23293,0.145931,0.0472864,-0.987162,1.91367,-0.684908,-0.684908;
7.27, -2.24005,0.246273,0.0477221,-0.984618,1.93415,-0.607075,-0.607075;
7.28, -2.19943,0.34247,0.0478218,-0.973993,1.95072,-0.528937,-0.528937;
7.29, -2.15716,0.439136,0.0480646,-0.954549,1.96168,-0.449919,-0.449919;
7.3, -2.11705,0.541023,0.0478873,-0.92837,1.97043,-0.371504,-0.371504;
7.31, -2.06948,0.64092,0.047591,-0.895625,1.9767,-0.29378,-0.29378;
7.32, -2.02335,0.729526,0.0471478,-0.856367,1.97966,-0.217039,-0.217039;
7.33, -1.96713,0.80945,0.0469099,-0.811155,1.97945,-0.141377,-0.141377;
7.34, -1.91741,0.885246,0.0459522,-0.760295,1.97603,-0.0657943,-0.0657943;
7.35, -1.85007,0.95843,0.04508,-0.70452,1.97008,0.00995628,0.00995628;
7.36, -1.78019,1.03467,0.0442612,-0.643912,1.96104,0.086418,0.086418;
7.37, -1.74781,1.10954,0.0432736,-0.579527,1.94994,0.162915,0.162915;
7.38, -1.7022,1.17631,0.0421006,-0.511832,1.9365,0.238947,0.238947;
7.39, -1.63081,1.23718,0.0415111,-0.43947,1.91756,0.3162,0.3162;
7.4, -1.54516,1.29412,0.0404637,-0.363357,1.89416,0.394607,0.394607;
7.41, -1.46206,1.35036,0.0386922,-0.285087,1.86831,0.473164,0.473164;
7.42, -1.38915,1.39928,0.0373631,-0.205705,1.84117,0.551249,0.551249;
7.43, -1.36023,1.44309,0.0363577,-0.125451,1.81242,0.628823,0.628823;
7.44, -1.29586,1.48542,0.0350966,-0.0440706,1.78122,0.706674,0.706674;
7.45, -1.22165,1.52464,0.0331875,0.0401177,1.7441,0.787026,0.787026;
7.46, -1.1212,1.5568,0.0315563,0.125222,1.70364,0.868017,0.868017;
7.47, -1.01701,1.5895,0.0294666,0.210383,1.66082,0.949004,0.949004;
7.48, -0.967468,1.61998,0.0274024,0.294261,1.61779,1.02887,1.02887;
7.49, -0.878676,1.64772,0.0252948,0.376412,1.57465,1.10707,1.10707;
7.5, -0.802225,1.67031,0.0230809,0.458814,1.52702,1.18604,1.18604;
7.51, -0.746355,1.69138,0.0209616,0.539762,1.4777,1.26385,1.26385;
7.52, -0.669086,1.71003,0.0188155,0.619378,1.42595,1.34098,1.34098;
7.53, -0.599503,1.72396,0.0164707,0.698149,1.37003,1.4181,1.4181;
7.54, -0.529235,1.73589,0.0140263,0.774903,1.31156,1.49393,1.49393;
7.55, -0.460743,1.747,0.0112981,0.849556,1.25012,1.56866,1.56866;
7.56, -0.428088,1.75406,0.00879742,0.9217,1.18575,1.64191,1.64191;
7.57, -0.339941,1.75855,0.00641166,0.990876,1.11828,1.71326,1.71326;
7.58, -0.276738,1.7598,0.00411889,1.05775,1.04506,1.78399,1.78399;
7.59, -0.222901,1.76264,0.00163138,1.12016,0.970354,1.8512,1.8512;
7.6, -0.142106,1.76075,-0.00119022,1.17814,0.892522,1.9154,1.9154;
7.61, -0.0922724,1.75577,-0.00432075,1.23134,0.810725,1.97631,1.97631;
7.62, -0.0276333,1.74939,-0.00732384,1.27869,0.727243,2.03255,2.03255;
7.63, 0.0392344,1.74126,-0.0100504,1.32034,0.639959,2.08492,2.08492;
7.64, 0.119201,1.73156,-0.0127201,1.35545,0.550034,2.13232,2.13232;
7.65, 0.18347,1.72032,-0.0154355,1.38331,0.457849,2.17403,2.17403;
7.66, 0.257039,1.70754,-0.0183809,1.40321,0.364532,2.20906,2.20906;
7.67, 0.31798,1.69157,-0.021512,1.41493,0.269112,2.2375,2.2375;
7.68, 0.392883,1.67496,-0.0244784,1.41805,0.172441,2.25878,2.25878;
7.69, 0.45909,1.655,-0.0271633,1.41246,0.0738827,2.27312,2.27312;
7.7, 0.561272,1.63411,-0.0298121,1.39772,-0.0253594,2.27973,2.27973;
7.71, 0.670224,1.61125,-0.0326407,1.37378,-0.125574,2.27877,2.27877;
7.72, 0.7163,1.58542,-0.0353306,1.34041,-0.223935,2.26904,2.26904;
7.73, 0.786828,1.55881,-0.0378683,1.29779,-0.319682,2.25043,2.25043;
7.74, 0.856852,1.52986,-0.0405615,1.24641,-0.417185,2.22508,2.22508;
7.75, 0.932619,1.49714,-0.0432779,1.1865,-0.514626,2.19247,2.19247;
7.76, 0.999941,1.46263,-0.0456652,1.11828,-0.611624,2.15276,2.15276;
7.77, 1.05929,1.4265,-0.0480718,1.04233,-0.707457,2.10628,2.10628;
7.78, 1.13475,1.3874,-0.0507374,0.95906,-0.802437,2.05351,2.05351;
7.79, 1.22653,1.3441,-0.0525794,0.868942,-0.896887,1.99498,1.99498;
7.8, 1.2839,1.2989,-0.0547961,0.772799,-0.989446,1.93084,1.93084;
7.81, 1.35284,1.2503,-0.0570086,0.671596,-1.0786,1.86123,1.86123;
7.82, 1.47186,1.19998,-0.0593709,0.565761,-1.1666,1.7874,1.7874;
7.83, 1.52593,1.14553,-0.0609723,0.456308,-1.25254,1.7097,1.7097;
7.84, 1.58695,1.08839,-0.0617085,0.344706,-1.3328,1.62742,1.62742;
7.85, 1.67562,1.02597,-0.0636105,0.231054,-1.41155,1.54243,1.54243;
7.86, 1.78258,0.958684,-0.0661432,0.116372,-1.48824,1.45502,1.45502;
7.87, 1.85047,0.888165,-0.0683119,0.00215909,-1.56089,1.36522,1.36522;
7.88, 1.95827,0.812294,-0.0690406,-0.110157,-1.62815,1.27315,1.27315;
7.89, 2.01694,0.733812,-0.0693286,-0.220331,-1.69256,1.17997,1.17997;
7.9, 2.06355,0.650191,-0.070043,-0.326456,-1.7511,1.085,1.085;
7.91, 2.14491,0.563154,-0.0707096,-0.428641,-1.80683,0.989373,0.989373;
7.92, 2.18808,0.471917,-0.0713425,-0.526121,-1.86055,0.893748,0.893748;
7.93, 2.25249,0.376477,-0.0717291,-0.61727,-1.90958,0.79733,0.79733;
7.94, 2.31089,0.278446,-0.0720844,-0.702032,-1.95612,0.701066,0.701066;
7.95, 2.31981,0.176689,-0.0723119,-0.778986,-1.99837,0.604461,0.604461;
7.96, 2.33151,0.0712629,-0.0712577,-0.847504,-2.0363,0.507498,0.507498;
7.97, 2.36547,-0.037735,-0.0709972,-0.908087,-2.07292,0.411332,0.411332;
7.98, 2.36646,-0.149334,-0.071723,-0.959853,-2.10733,0.315824,0.315824;
7.99, 2.37658,-0.261065,-0.0713012,-1.00159,-2.13745,0.220285,0.220285;
8, 2.40744,-0.375332,-0.0704879,-1.03375,-2.16519,0.125388,0.125388;
8.01, 2.41489,-0.493061,-0.0702032,-1.05567,-2.1891,0.0304843,0.0304843;
8.02, 2.3831,-0.610662,-0.0688445,-1.06628,-2.20682,-0.0652321,-0.0652321;
8.03, 2.37512,-0.728644,-0.067664,-1.06597,-2.21942,-0.161226,-0.161226;
8.04, 2.32632,-0.845607,-0.0660429,-1.05576,-2.22894,-0.256662,-0.256662;
8.05, 2.27323,-0.962034,-0.0643865,-1.03505,-2.23295,-0.352504,-0.352504;
8.06, 2.21082,-1.07557,-0.0628164,-1.00516,-2.23362,-0.447852,-0.447852;
8.07, 2.14766,-1.18703,-0.0613318,-0.966495,-2.23058,-0.542815,-0.542815;
8.08, 2.11246,-1.29713,-0.0597212,-0.919752,-2.2238,-0.637471,-0.637471;
8.09, 2.04826,-1.40432,-0.0574956,-0.865371,-2.2126,-0.732044,-0.732044;
8.1, 1.97324,-1.5083,-0.055419,-0.802986,-2.19395,-0.827484,-0.827484;
8.11, 1.86496,-1.60669,-0.0533301,-0.733992,-2.16924,-0.923023,-0.923023;
8.12, 1.79294,-1.70128,-0.0508788,-0.659487,-2.13879,-1.0184,-1.0184;
8.13, 1.70988,-1.78992,-0.0484116,-0.581205,-2.10473,-1.11274,-1.11274;
8.14, 1.60756,-1.8768,-0.0457911,-0.498889,-2.06348,-1.20711,-1.20711;
8.15, 1.49674,-1.95661,-0.0431689,-0.413594,-2.01534,-1.30127,-1.30127;
8.16, 1.37379,-2.02835,-0.0403339,-0.326677,-1.96131,-1.39418,-1.39418;
8.17, 1.29191,-2.09519,-0.0374395,-0.239242,-1.90181,-1.48554,-1.48554;
8.18, 1.17727,-2.15587,-0.0346288,-0.152439,-1.83752,-1.57493,-1.57493;
8.19, 1.07727,-2.21077,-0.0316224,-0.0661692,-1.76466,-1.66334,-1.66334;
8.2, 0.959809,-2.25923,-0.0286758,0.0180293,-1.68569,-1.74942,-1.74942;
8.21, 0.830346,-2.29991,-0.0257712,0.0994295,-1.5993,-1.83314,-1.83314;
8.22, 0.733756,-2.3348,-0.0227833,0.17684,-1.5069,-1.91355,-1.91355;
8.23, 0.610395,-2.36284,-0.0195712,0.249166,-1.40962,-1.9899,-1.9899;
8.24, 0.504689,-2.38236,-0.0162992,0.316037,-1.30471,-2.06265,-2.06265;
8.25, 0.385961,-2.3978,-0.0131451,0.376295,-1.19454,-2.13045,-2.13045;
8.26, 0.273125,-2.40914,-0.0102168,0.429242,-1.07799,-2.19336,-2.19336;
8.27, 0.142895,-2.4101,-0.00720672,0.473976,-0.956439,-2.25035,-2.25035;
8.28, -0.0423096,-2.40651,-0.00407172,0.509736,-0.829786,-2.30086,-2.30086;
8.29, -0.156029,-2.39437,-0.00104319,0.535851,-0.700118,-2.34414,-2.34414;
8.3, -0.258352,-2.37886,0.00189359,0.551659,-0.572603,-2.37794,-2.37794;
8.31, -0.388576,-2.35447,0.0046559,0.557124,-0.44181,-2.40423,-2.40423;
8.32, -0.519473,-2.32252,0.00757153,0.552085,-0.307027,-2.42298,-2.42298;
8.33, -0.635941,-2.28963,0.0105737,0.536411,-0.171431,-2.43335,-2.43335;
8.34, -0.742408,-2.25216,0.0135387,0.510094,-0.0359631,-2.43521,-2.43521;
8.35, -0.873643,-2.20474,0.0163091,0.473072,0.100011,-2.42848,-2.42848;
8.36, -0.97964,-2.15191,0.0188916,0.425502,0.236611,-2.41337,-2.41337;
8.37, -1.12266,-2.09495,0.021451,0.368194,0.370846,-2.38969,-2.38969;
8.38, -1.20648,-2.02866,0.0237518,0.301424,0.503922,-2.3584,-2.3584;
8.39, -1.31525,-1.95597,0.0257627,0.226522,0.632163,-2.3187,-2.3187;
8.4, -1.42895,-1.88331,0.0281258,0.143574,0.759457,-2.27295,-2.27295;
8.41, -1.53755,-1.80393,0.0304888,0.0541541,0.883199,-2.22109,-2.22109;
8.42, -1.66623,-1.72635,0.0325864,-0.0407546,1.00224,-2.16286,-2.16286;
8.43, -1.77232,-1.63027,0.0352452,-0.13984,1.11627,-2.09904,-2.09904;
8.44, -1.8728,-1.5374,0.0375764,-0.241467,1.22332,-2.02905,-2.02905;
8.45, -1.98319,-1.44611,0.0393848,-0.344106,1.3241,-1.95508,-1.95508;
8.46, -2.04852,-1.33557,0.0408183,-0.446606,1.41889,-1.8773,-1.8773;
8.47, -2.15634,-1.23276,0.0424199,-0.547365,1.50667,-1.79542,-1.79542;
8.48, -2.25762,-1.12127,0.0441864,-0.645664,1.59009,-1.71257,-1.71257;
8.49, -2.32416,-1.0042,0.0452434,-0.739035,1.66572,-1.6268,-1.6268;
8.5, -2.37083,-0.891321,0.0466557,-0.825981,1.73329,-1.53886,-1.53886;
8.51, -2.42664,-0.771664,0.0484368,-0.906196,1.79518,-1.45039,-1.45039;
8.52, -2.47015,-0.642389,0.0488914,-0.979334,1.85268,-1.36162,-1.36162;
8.53, -2.50179,-0.523413,0.0504782,-1.04369,1.90434,-1.27254,-1.27254;
8.54, -2.54819,-0.405363,0.0522939,-1.09855,1.95053,-1.18435,-1.18435;
8.55, -2.5599,-0.280605,0.0532105,-1.14368,1.99176,-1.09629,-1.09629;
8.56, -2.53596,-0.155025,0.0541943,-1.1777,2.02639,-1.00743,-1.00743;
8.57, -2.54976,-0.0395548,0.0550878,-1.20128,2.05649,-0.919479,-0.919479;
8.58, -2.55151,0.0811079,0.0556681,-1.21552,2.08426,-0.833712,-0.833712;
8.59, -2.52771,0.204706,0.0550217,-1.21866,2.10666,-0.747624,-0.747624;
8.6, -2.48572,0.31957,0.0550241,-1.21085,2.12378,-0.661823,-0.661823;
8.61, -2.42535,0.431581,0.0553275,-1.19326,2.1372,-0.577468,-0.577468;
8.62, -2.42258,0.540333,0.0555239,-1.16694,2.148,-0.494443,-0.494443;
8.63, -2.38318,0.642071,0.0558147,-1.13294,2.15701,-0.413113,-0.413113;
8.64, -2.33324,0.738986,0.0554976,-1.08862,2.15944,-0.330587,-0.330587;
8.65, -2.25597,0.837516,0.0548755,-1.03609,2.15768,-0.247769,-0.247769;
8.66, -2.17328,0.927309,0.0545362,-0.976428,2.15257,-0.164776,-0.164776;
8.67, -2.10495,1.00999,0.0542181,-0.911427,2.14572,-0.0830206,-0.0830206;
8.68, -2.05255,1.0974,0.0531138,-0.841826,2.13743,-0.00215617,-0.00215617;
8.69, -1.97848,1.17686,0.0517341,-0.767346,2.12643,0.0789916,0.0789916;
8.7, -1.89948,1.25125,0.0514232,-0.687585,2.11094,0.160767,0.160767;
8.71, -1.80818,1.31516,0.0508665,-0.604128,2.09266,0.242596,0.242596;
8.72, -1.71408,1.37788,0.0499926,-0.517687,2.07171,0.324425,0.324425;
8.73, -1.64509,1.44416,0.0485619,-0.429274,2.04925,0.406259,0.406259;
8.74, -1.5743,1.49714,0.0465614,-0.33947,2.02532,0.487811,0.487811;
8.75, -1.50398,1.54604,0.0441067,-0.24743,1.99759,0.569876,0.569876;
8.76, -1.42153,1.5918,0.0425719,-0.153454,1.96665,0.65319,0.65319;
8.77, -1.3399,1.63203,0.0414963,-0.0578538,1.93257,0.737874,0.737874;
8.78, -1.24018,1.67154,0.0397863,0.0384377,1.89604,0.823124,0.823124;
8.79, -1.15103,1.70424,0.0383054,0.135113,1.85698,0.908981,0.908981;
8.8, -1.07758,1.73545,0.0364818,0.23102,1.81672,0.994282,0.994282;
8.81, -1.00541,1.76113,0.0341634,0.326494,1.77456,1.07967,1.07967;
8.82, -0.915389,1.78531,0.0322461,0.421999,1.72915,1.16579,1.16579;
8.83, -0.876267,1.81171,0.0299426,0.517502,1.68052,1.25284,1.25284;
8.84, -0.824547,1.83226,0.0274386,0.611796,1.6299,1.3395,1.3395;
8.85, -0.750636,1.84721,0.0249582,0.706583,1.57322,1.42775,1.42775;
8.86, -0.645955,1.85979,0.0226159,0.80105,1.51156,1.51696,1.51696;
8.87, -0.561858,1.8695,0.0200995,0.893767,1.44688,1.60573,1.60573;
8.88, -0.473156,1.8778,0.0171307,0.983016,1.38157,1.69204,1.69204;
8.89, -0.423588,1.88238,0.0144553,1.06924,1.3141,1.77657,1.77657;
8.9, -0.353356,1.8847,0.011691,1.152,1.24467,1.85881,1.85881;
8.91, -0.283785,1.88475,0.00877173,1.23228,1.17029,1.94028,1.94028;
8.92, -0.238814,1.8846,0.00606951,1.30886,1.09245,2.01955,2.01955;
8.93, -0.158647,1.88078,0.00340831,1.38101,1.01126,2.09594,2.09594;
8.94, -0.0652834,1.87337,0.000605951,1.44864,0.924808,2.16978,2.16978;
8.95, -0.0210122,1.86629,-0.00245348,1.51013,0.835898,2.23893,2.23893;
8.96, 0.0444341,1.85943,-0.00529299,1.56442,0.745798,2.30219,2.30219;
8.97, 0.121438,1.84898,-0.00856689,1.61197,0.650829,2.3609,2.3609;
8.98, 0.192273,1.8344,-0.0118037,1.6515,0.552527,2.41339,2.41339;
8.99, 0.265999,1.81904,-0.0146847,1.68206,0.452141,2.45859,2.45859;
9, 0.316411,1.80183,-0.0175966,1.7033,0.349518,2.4964,2.4964;
9.01, 0.403563,1.78326,-0.0204951,1.7145,0.245019,2.52604,2.52604;
9.02, 0.47801,1.76506,-0.0236821,1.71543,0.137208,2.54785,2.54785;
9.03, 0.512,1.74418,-0.026768,1.70523,0.0290251,2.5601,2.5601;
9.04, 0.585565,1.72076,-0.029778,1.6835,-0.0801046,2.56274,2.56274;
9.05, 0.691223,1.6958,-0.0330036,1.65047,-0.192805,2.55703,2.55703;
9.06, 0.754166,1.66984,-0.0360382,1.60585,-0.305865,2.54174,2.54174;
9.07, 0.833718,1.64202,-0.0389325,1.54951,-0.416485,2.51583,2.51583;
9.08, 0.949218,1.61213,-0.0417669,1.4818,-0.527387,2.48073,2.48073;
9.09, 1.01179,1.5792,-0.0446155,1.40324,-0.637227,2.43646,2.43646;
9.1, 1.08158,1.5451,-0.0471325,1.31451,-0.743113,2.38252,2.38252;
9.11, 1.18242,1.50929,-0.0495825,1.21622,-0.848476,2.32097,2.32097;
9.12, 1.25139,1.46827,-0.0522388,1.10915,-0.952709,2.25223,2.25223;
9.13, 1.34491,1.42355,-0.0547124,0.99434,-1.05337,2.17615,2.17615;
9.14, 1.46589,1.37696,-0.056905,0.872654,-1.15238,2.09447,2.09447;
9.15, 1.55403,1.32878,-0.0592349,0.745468,-1.24796,2.00748,2.00748;
9.16, 1.63697,1.27446,-0.0613664,0.614097,-1.33804,1.91512,1.91512;
9.17, 1.68863,1.21616,-0.063569,0.479171,-1.42483,1.81877,1.81877;
9.18, 1.75524,1.15466,-0.0650834,0.341953,-1.50871,1.71951,1.71951;
9.19, 1.86304,1.08788,-0.0662138,0.203007,-1.59172,1.61864,1.61864;
9.2, 1.9455,1.01679,-0.0677069,0.0635677,-1.67263,1.51623,1.51623;
9.21, 2.05142,0.941286,-0.0693978,-0.0744229,-1.7484,1.41188,1.41188;
9.22, 2.13384,0.860857,-0.0700702,-0.210298,-1.82059,1.30657,1.30657;
9.23, 2.20985,0.777791,-0.0714394,-0.342398,-1.8877,1.20022,1.20022;
9.24, 2.27517,0.687286,-0.0729553,-0.470013,-1.95097,1.0935,1.0935;
9.25, 2.3461,0.590003,-0.0740668,-0.592328,-2.01092,0.986659,0.986659;
9.26, 2.43083,0.489466,-0.0744667,-0.708322,-2.0681,0.880318,0.880318;
9.27, 2.48809,0.387317,-0.0741055,-0.816598,-2.12176,0.774506,0.774506;
9.28, 2.55386,0.27819,-0.0736262,-0.915737,-2.17046,0.668646,0.668646;
9.29, 2.60346,0.162212,-0.0739431,-1.0055,-2.21552,0.563057,0.563057;
9.3, 2.63471,0.044267,-0.0736444,-1.08444,-2.25592,0.457583,0.457583;
9.31, 2.65762,-0.0775514,-0.0733304,-1.15199,-2.29243,0.352678,0.352678;
9.32, 2.64696,-0.202087,-0.0723233,-1.20786,-2.32566,0.248446,0.248446;
9.33, 2.63744,-0.330627,-0.0713731,-1.25154,-2.35555,0.144825,0.144825;
9.34, 2.68751,-0.461782,-0.0705709,-1.28339,-2.3836,0.0423536,0.0423536;
9.35, 2.68512,-0.593174,-0.069643,-1.3028,-2.40896,-0.0591764,-0.0591764;
9.36, 2.66369,-0.727064,-0.0688193,-1.30746,-2.42641,-0.161805,-0.161805;
9.37, 2.64228,-0.860693,-0.0676126,-1.29883,-2.43878,-0.264572,-0.264572;
9.38, 2.60994,-0.990734,-0.0659608,-1.27753,-2.44675,-0.367199,-0.367199;
9.39, 2.56452,-1.12331,-0.0641057,-1.24367,-2.44934,-0.470075,-0.470075;
9.4, 2.46979,-1.25282,-0.0621831,-1.19798,-2.44633,-0.573473,-0.573473;
9.41, 2.36649,-1.37894,-0.0601493,-1.14118,-2.43764,-0.677058,-0.677058;
9.42, 2.27772,-1.50142,-0.0580273,-1.07552,-2.42623,-0.779631,-0.779631;
9.43, 2.21844,-1.61902,-0.0556449,-1.00204,-2.41192,-0.881247,-0.881247;
9.44, 2.1138,-1.73167,-0.0531244,-0.920915,-2.39262,-0.98262,-0.98262;
9.45, 2.02191,-1.83996,-0.0505021,-0.831926,-2.36493,-1.08501,-1.08501;
9.46, 1.91589,-1.94409,-0.0476396,-0.737422,-2.33168,-1.1871,-1.1871;
9.47, 1.80992,-2.04169,-0.044851,-0.638021,-2.29114,-1.28922,-1.28922;
9.48, 1.69076,-2.12918,-0.0420415,-0.535065,-2.24367,-1.39082,-1.39082;
9.49, 1.57654,-2.21018,-0.0389311,-0.429674,-2.18875,-1.49185,-1.49185;
9.5, 1.48702,-2.28696,-0.0356794,-0.323309,-2.12709,-1.59203,-1.59203;
9.51, 1.34919,-2.35712,-0.032761,-0.216882,-2.05778,-1.6912,-1.6912;
9.52, 1.20096,-2.41916,-0.0292837,-0.11082,-1.97819,-1.78965,-1.78965;
9.53, 1.06901,-2.47359,-0.025914,-0.00742194,-1.89228,-1.8854,-1.8854;
9.54, 0.951602,-2.51835,-0.0225163,0.0918968,-1.8008,-1.97751,-1.97751;
9.55, 0.838733,-2.55535,-0.0189368,0.186544,-1.70226,-2.06611,-2.06611;
9.56, 0.681698,-2.58702,-0.0156002,0.275818,-1.59541,-2.15126,-2.15126;
9.57, 0.526745,-2.61004,-0.012227,0.358702,-1.47993,-2.23249,-2.23249;
9.58, 0.435008,-2.62382,-0.00869751,0.433437,-1.3599,-2.30757,-2.30757;
9.59, 0.306949,-2.6269,-0.00524329,0.499108,-1.23559,-2.37591,-2.37591;
9.6, 0.174479,-2.63216,-0.00201218,0.555603,-1.10182,-2.43897,-2.43897;
9.61, 0.0289598,-2.62712,0.00127178,0.601783,-0.962299,-2.49528,-2.49528;
9.62, -0.0873369,-2.60935,0.00420127,0.636432,-0.817924,-2.54325,-2.54325;
9.63, -0.228862,-2.58494,0.00768687,0.658896,-0.670639,-2.58208,-2.58208;
9.64, -0.364736,-2.5563,0.0112039,0.668822,-0.518905,-2.61271,-2.61271;
9.65, -0.484807,-2.52087,0.0148014,0.665833,-0.365653,-2.63381,-2.63381;
9.66, -0.646128,-2.48197,0.0177003,0.649563,-0.211285,-2.64493,-2.64493;
9.67, -0.791561,-2.43596,0.0204033,0.619992,-0.0553578,-2.64635,-2.64635;
9.68, -0.919344,-2.38426,0.0230621,0.57754,0.0977369,-2.63679,-2.63679;
9.69, -1.05771,-2.32366,0.0257658,0.522546,0.248326,-2.61688,-2.61688;
9.7, -1.18528,-2.25722,0.0286395,0.455585,0.397124,-2.58739,-2.58739;
9.71, -1.30344,-2.18302,0.0316614,0.377742,0.542288,-2.54859,-2.54859;
9.72, -1.41885,-2.10736,0.0341948,0.289852,0.683782,-2.50114,-2.50114;
9.73, -1.56069,-2.03045,0.0360051,0.193043,0.821463,-2.44597,-2.44597;
9.74, -1.68342,-1.94174,0.0385132,0.0884323,0.954881,-2.38353,-2.38353;
9.75, -1.78651,-1.84496,0.0413777,-0.022105,1.08129,-2.31346,-2.31346;
9.76, -1.86082,-1.74427,0.0439781,-0.137099,1.20119,-2.23736,-2.23736;
9.77, -1.98422,-1.63677,0.0457778,-0.255111,1.31545,-2.15667,-2.15667;
9.78, -2.1072,-1.525,0.0475105,-0.375246,1.4258,-2.07291,-2.07291;
9.79, -2.20433,-1.41895,0.0494705,-0.494314,1.52776,-1.98553,-1.98553;
9.8, -2.30213,-1.30879,0.0513863,-0.610477,1.62068,-1.895,-1.895;
9.81, -2.42307,-1.18478,0.0529599,-0.723014,1.70644,-1.80168,-1.80168;
9.82, -2.49673,-1.05795,0.0544787,-0.830076,1.78462,-1.70594,-1.70594;
9.83, -2.56681,-0.924002,0.0559193,-0.928619,1.85272,-1.60824,-1.60824;
9.84, -2.60097,-0.793293,0.0572248,-1.01868,1.91398,-1.51037,-1.51037;
9.85, -2.61675,-0.661221,0.0582177,-1.09872,1.96826,-1.41296,-1.41296;
9.86, -2.65517,-0.529601,0.0596731,-1.16913,2.01802,-1.3168,-1.3168;
9.87, -2.72184,-0.404436,0.0608873,-1.22963,2.06425,-1.22246,-1.22246;
9.88, -2.7259,-0.275943,0.0616741,-1.27827,2.10445,-1.12877,-1.12877;
9.89, -2.71028,-0.134085,0.0627431,-1.31309,2.13608,-1.03378,-1.03378;
9.9, -2.70147,-0.00551457,0.0636155,-1.33617,2.16338,-0.93994,-0.93994;
9.91, -2.69751,0.119876,0.0638583,-1.34755,2.18689,-0.848876,-0.848876;
9.92, -2.66923,0.243095,0.0639677,-1.34701,2.20597,-0.759046,-0.759046;
9.93, -2.64345,0.364849,0.0646973,-1.33435,2.21985,-0.669673,-0.669673;
9.94, -2.59526,0.487895,0.065194,-1.31076,2.22988,-0.581363,-0.581363;
9.95, -2.55851,0.601305,0.0645977,-1.2762,2.2352,-0.493647,-0.493647;
9.96, -2.49861,0.710048,0.0638793,-1.23209,2.23688,-0.407476,-0.407476;
9.97, -2.40004,0.812743,0.0642036,-1.17846,2.23422,-0.321472,-0.321472;
9.98, -2.30415,0.909253,0.0632866,-1.1171,2.22863,-0.236209,-0.236209;
9.99, -2.23841,0.996247,0.0627287,-1.05049,2.22256,-0.152992,-0.152992;
