0, -0.000132084,-2.7895e-05,0.0999699,-1.5708,0,0,0;
0.01, 6.48499e-05,8.63075e-05,0.0999533,-1.5708,0,0,0;
0.02, 0.00120306,0.0603595,0.0980207,-1.59643,-0.00116805,0.0602018,0.0602018;
0.03, 0.00354958,0.118319,0.096098,-1.62206,-0.0054013,0.118175,0.118175;
0.04, 0.00922728,0.166905,0.0948034,-1.64632,-0.00952107,0.166969,0.166969;
0.05, 0.0175862,0.205773,0.0940583,-1.6695,-0.0138885,0.206314,0.206314;
0.06, 0.0305247,0.235475,0.0936041,-1.69175,-0.0189522,0.236795,0.236795;
0.07, 0.0412955,0.25668,0.0933371,-1.7131,-0.0249888,0.25934,0.25934;
0.08, 0.0555849,0.270539,0.093176,-1.73349,-0.0319282,0.275029,0.275029;
0.09, 0.0703015,0.278177,0.0930355,-1.75295,-0.0401252,0.28494,0.28494;
0.1, 0.0858927,0.280469,0.0928683,-1.77133,-0.0493435,0.290006,0.290006;
0.11, 0.101713,0.278214,0.0926765,-1.78857,-0.0595196,0.291015,0.291015;
0.12, 0.117448,0.272161,0.0924514,-1.80455,-0.0705076,0.288606,0.288606;
0.13, 0.133209,0.262828,0.0921987,-1.81921,-0.0821701,0.283289,0.283289;
0.14, 0.147774,0.250712,0.0919375,-1.83248,-0.0943694,0.275465,0.275465;
0.15, 0.162041,0.236175,0.0916639,-1.84433,-0.106933,0.26545,0.26545;
0.16, 0.175107,0.219579,0.0913955,-1.85474,-0.119775,0.25351,0.25351;
0.17, 0.187089,0.20124,0.0911577,-1.86371,-0.132721,0.23985,0.23985;
0.18, 0.198119,0.181383,0.0909497,-1.87126,-0.145662,0.224647,0.224647;
0.19, 0.208754,0.16025,0.0907179,-1.87742,-0.15847,0.208055,0.208055;
0.2, 0.217482,0.138004,0.0905224,-1.88224,-0.171001,0.1902,0.1902;
0.21, 0.225377,0.114886,0.0903295,-1.88577,-0.183071,0.171166,0.171166;
0.22, 0.232113,0.0909581,0.0901664,-1.88808,-0.194621,0.151075,0.151075;
0.23, 0.237241,0.0665269,0.0900365,-1.88926,-0.205508,0.130006,0.130006;
0.24, 0.241664,0.0415726,0.0899236,-1.8894,-0.215612,0.10805,0.10805;
0.25, 0.243369,0.0162559,0.0898561,-1.88862,-0.224864,0.0852994,0.0852994;
0.26, 0.245379,-0.0093112,0.0898427,-1.887,-0.233116,0.0618311,0.0618311;
0.27, 0.244968,-0.0349035,0.0898667,-1.8847,-0.240408,0.0377773,0.0377773;
0.28, 0.243846,-0.0604687,0.0899096,-1.88183,-0.246515,0.013201,0.013201;
0.29, 0.240418,-0.085922,0.0899941,-1.87852,-0.251468,-0.0117818,-0.0117818;
0.3, 0.236315,-0.111206,0.0901183,-1.8749,-0.255161,-0.0370963,-0.0370963;
0.31, 0.230743,-0.136265,0.0902779,-1.87112,-0.257631,-0.0626187,-0.0626187;
0.32, 0.224333,-0.160963,0.0904652,-1.86732,-0.258786,-0.088261,-0.088261;
0.33, 0.216646,-0.185265,0.0906865,-1.86363,-0.258608,-0.113916,-0.113916;
0.34, 0.207261,-0.208964,0.0909483,-1.86019,-0.257042,-0.139499,-0.139499;
0.35, 0.197027,-0.232101,0.0912307,-1.85713,-0.254079,-0.164909,-0.164909;
0.36, 0.185332,-0.254562,0.0915498,-1.85458,-0.249765,-0.190047,-0.190047;
0.37, 0.172044,-0.27625,0.0918945,-1.85266,-0.244079,-0.214836,-0.214836;
0.38, 0.158042,-0.297298,0.092285,-1.85146,-0.237065,-0.239184,-0.239184;
0.39, 0.142397,-0.317509,0.0926574,-1.85108,-0.228788,-0.263009,-0.263009;
0.4, 0.125221,-0.336692,0.0930687,-1.85162,-0.219245,-0.286234,-0.286234;
0.41, 0.107731,-0.355067,0.0935203,-1.85313,-0.208513,-0.308794,-0.308794;
0.42, 0.0887055,-0.3725,0.093979,-1.85564,-0.196681,-0.330629,-0.330629;
0.43, 0.0685225,-0.388975,0.0944768,-1.85921,-0.183737,-0.351694,-0.351694;
0.44, 0.0482483,-0.404509,0.0949913,-1.86386,-0.169771,-0.371934,-0.371934;
0.45, 0.026197,-0.418452,0.0955114,-1.86958,-0.154858,-0.391296,-0.391296;
0.46, 0.00359631,-0.431578,0.0960521,-1.87638,-0.138986,-0.409769,-0.409769;
0.47, -0.0207729,-0.443318,0.0966107,-1.8842,-0.122296,-0.427348,-0.427348;
0.48, -0.0449443,-0.453621,0.0972126,-1.89301,-0.104825,-0.443998,-0.443998;
0.49, -0.0696225,-0.462803,0.0977655,-1.9027,-0.0867187,-0.45969,-0.45969;
0.5, -0.0955434,-0.470504,0.0983552,-1.91322,-0.0679836,-0.47446,-0.47446;
0.51, -0.121299,-0.477112,0.0989583,-1.9245,-0.0486496,-0.488311,-0.488311;
0.52, -0.147613,-0.482325,0.0995967,-1.93641,-0.0288447,-0.50123,-0.50123;
0.53, -0.174873,-0.486267,0.100243,-1.94886,-0.00857577,-0.513224,-0.513224;
0.54, -0.200977,-0.489037,0.100898,-1.96175,0.0120771,-0.524295,-0.524295;
0.55, -0.228612,-0.490558,0.10156,-1.97491,0.033006,-0.534421,-0.534421;
0.56, -0.255597,-0.490883,0.102221,-1.9883,0.0542647,-0.543648,-0.543648;
0.57, -0.282392,-0.490085,0.102892,-2.00173,0.075695,-0.551926,-0.551926;
0.58, -0.308358,-0.487396,0.103571,-2.01511,0.0972987,-0.559281,-0.559281;
0.59, -0.333906,-0.48353,0.104238,-2.02834,0.119043,-0.565714,-0.565714;
0.6, -0.359007,-0.478785,0.10492,-2.04133,0.140903,-0.571314,-0.571314;
0.61, -0.383706,-0.47285,0.105602,-2.05398,0.162851,-0.576096,-0.576096;
0.62, -0.407844,-0.466015,0.106274,-2.0662,0.184857,-0.580043,-0.580043;
0.63, -0.43143,-0.457906,0.106949,-2.0779,0.206876,-0.583162,-0.583162;
0.64, -0.454828,-0.44886,0.107602,-2.08902,0.22888,-0.585446,-0.585446;
0.65, -0.47717,-0.438987,0.108261,-2.09947,0.25082,-0.586914,-0.586914;
0.66, -0.497924,-0.428079,0.1089,-2.10916,0.272631,-0.587544,-0.587544;
0.67, -0.518378,-0.416382,0.109537,-2.11807,0.294313,-0.587346,-0.587346;
0.68, -0.53828,-0.404052,0.110171,-2.1262,0.315896,-0.586373,-0.586373;
0.69, -0.557106,-0.39095,0.110789,-2.13347,0.337318,-0.5846,-0.5846;
0.7, -0.575145,-0.37718,0.111397,-2.13984,0.358533,-0.582001,-0.582001;
0.71, -0.592889,-0.362904,0.111991,-2.1453,0.379534,-0.578587,-0.578587;
0.72, -0.609371,-0.348124,0.112577,-2.14983,0.400289,-0.574354,-0.574354;
0.73, -0.625086,-0.332716,0.113148,-2.15337,0.420736,-0.56926,-0.56926;
0.74, -0.63964,-0.316735,0.113703,-2.15593,0.440885,-0.563316,-0.563316;
0.75, -0.653542,-0.300312,0.11425,-2.1575,0.460699,-0.556522,-0.556522;
0.76, -0.666797,-0.283501,0.114769,-2.15809,0.480172,-0.548896,-0.548896;
0.77, -0.678777,-0.266344,0.115272,-2.15769,0.499263,-0.540424,-0.540424;
0.78, -0.690675,-0.248882,0.115753,-2.15629,0.517934,-0.531088,-0.531088;
0.79, -0.701212,-0.231127,0.116207,-2.15391,0.536193,-0.520905,-0.520905;
0.8, -0.710564,-0.213117,0.116653,-2.15052,0.553959,-0.509829,-0.509829;
0.81, -0.719701,-0.194864,0.117071,-2.14615,0.571246,-0.497885,-0.497885;
0.82, -0.728001,-0.176437,0.117457,-2.14082,0.588057,-0.485093,-0.485093;
0.83, -0.73602,-0.157862,0.117825,-2.13453,0.604318,-0.471422,-0.471422;
0.84, -0.743483,-0.138969,0.118167,-2.12728,0.620006,-0.456871,-0.456871;
0.85, -0.749773,-0.120164,0.11848,-2.11907,0.635052,-0.441416,-0.441416;
0.86, -0.754993,-0.101344,0.118778,-2.10992,0.649402,-0.425069,-0.425069;
0.87, -0.759514,-0.0824108,0.119062,-2.09985,0.663071,-0.407845,-0.407845;
0.88, -0.763373,-0.0635438,0.119305,-2.08893,0.676056,-0.389773,-0.389773;
0.89, -0.766701,-0.0445974,0.119519,-2.07717,0.68832,-0.370875,-0.370875;
0.9, -0.769107,-0.0256886,0.119701,-2.0646,0.69983,-0.351158,-0.351158;
0.91, -0.771342,-0.00673699,0.119868,-2.05127,0.710538,-0.330646,-0.330646;
0.92, -0.772712,0.0122621,0.119993,-2.03723,0.720426,-0.309377,-0.309377;
0.93, -0.773058,0.0311477,0.120091,-2.02251,0.729418,-0.287374,-0.287374;
0.94, -0.772674,0.0499523,0.120163,-2.0072,0.737492,-0.264696,-0.264696;
0.95, -0.771439,0.0686476,0.120199,-1.99137,0.744645,-0.24141,-0.24141;
0.96, -0.769503,0.0870826,0.120207,-1.97509,0.750852,-0.217575,-0.217575;
0.97, -0.767348,0.105429,0.120179,-1.95845,0.756096,-0.193262,-0.193262;
0.98, -0.764651,0.123571,0.120127,-1.94154,0.760357,-0.168526,-0.168526;
0.99, -0.761119,0.141549,0.120048,-1.92443,0.763573,-0.143426,-0.143426;
1, -0.756835,0.159374,0.119935,-1.90722,0.76571,-0.118037,-0.118037;
1.01, -0.752245,0.176971,0.119786,-1.89003,0.766762,-0.0924543,-0.0924543;
1.02, -0.747149,0.194319,0.11961,-1.87297,0.766718,-0.0667758,-0.0667758;
1.03, -0.740602,0.211424,0.119402,-1.85615,0.765539,-0.0410803,-0.0410803;
1.04, -0.733636,0.228306,0.119165,-1.83968,0.763205,-0.015457,-0.015457;
1.05, -0.725988,0.244926,0.118889,-1.82369,0.75977,0.00997141,0.00997141;
1.06, -0.716947,0.261219,0.1186,-1.80829,0.755215,0.0351134,0.0351134;
1.07, -0.707284,0.277201,0.118279,-1.7936,0.74954,0.0598778,0.0598778;
1.08, -0.696609,0.292767,0.117915,-1.77972,0.742806,0.0841561,0.0841561;
1.09, -0.684762,0.307989,0.11754,-1.76675,0.735017,0.107868,0.107868;
1.1, -0.672267,0.322787,0.117143,-1.75477,0.726206,0.130942,0.130942;
1.11, -0.658648,0.337219,0.11672,-1.74386,0.716422,0.153292,0.153292;
1.12, -0.644837,0.351179,0.116267,-1.73409,0.705677,0.174862,0.174862;
1.13, -0.630074,0.364771,0.115801,-1.72553,0.694016,0.195584,0.195584;
1.14, -0.614701,0.377823,0.115311,-1.71822,0.681422,0.215428,0.215428;
1.15, -0.598497,0.390362,0.114782,-1.71223,0.667931,0.234336,0.234336;
1.16, -0.581203,0.402188,0.114239,-1.70757,0.653562,0.252283,0.252283;
1.17, -0.562681,0.413445,0.113689,-1.70426,0.638345,0.269237,0.269237;
1.18, -0.544409,0.423993,0.113137,-1.70231,0.622336,0.285182,0.285182;
1.19, -0.524184,0.43385,0.112587,-1.70171,0.605601,0.300084,0.300084;
1.2, -0.50368,0.442946,0.112009,-1.70245,0.588106,0.313955,0.313955;
1.21, -0.48271,0.451222,0.111421,-1.7045,0.569967,0.326759,0.326759;
1.22, -0.460564,0.458654,0.110805,-1.70782,0.551188,0.338505,0.338505;
1.23, -0.438569,0.465203,0.110175,-1.71237,0.531783,0.3492,0.3492;
1.24, -0.415201,0.470783,0.109553,-1.71809,0.511817,0.358837,0.358837;
1.25, -0.391033,0.475373,0.10893,-1.72492,0.491269,0.367438,0.367438;
1.26, -0.36611,0.478961,0.108297,-1.73278,0.47023,0.374991,0.374991;
1.27, -0.340958,0.481477,0.107667,-1.74156,0.448755,0.381496,0.381496;
1.28, -0.315346,0.482854,0.107044,-1.75117,0.426896,0.386953,0.386953;
1.29, -0.289287,0.483015,0.106418,-1.76152,0.404675,0.391373,0.391373;
1.3, -0.26359,0.482046,0.105796,-1.77248,0.382135,0.394764,0.394764;
1.31, -0.237363,0.479889,0.105184,-1.78395,0.359324,0.397135,0.397135;
1.32, -0.211621,0.476458,0.104582,-1.79581,0.336239,0.398503,0.398503;
1.33, -0.184891,0.471769,0.103982,-1.80794,0.312946,0.398864,0.398864;
1.34, -0.158908,0.46586,0.103393,-1.82022,0.289453,0.398239,0.398239;
1.35, -0.133135,0.458601,0.102824,-1.83251,0.265876,0.396606,0.396606;
1.36, -0.108086,0.450155,0.10227,-1.84471,0.242217,0.393982,0.393982;
1.37, -0.083689,0.440442,0.101726,-1.85668,0.218527,0.390377,0.390377;
1.38, -0.0589335,0.42954,0.101198,-1.86834,0.194823,0.385801,0.385801;
1.39, -0.0353734,0.41744,0.100692,-1.87958,0.171135,0.380264,0.380264;
1.4, -0.0119007,0.404172,0.100195,-1.89029,0.147583,0.373739,0.373739;
1.41, 0.00982785,0.389745,0.0997326,-1.90038,0.124179,0.366244,0.366244;
1.42, 0.0307767,0.374216,0.0993046,-1.90976,0.10102,0.357764,0.357764;
1.43, 0.0515754,0.357671,0.0988912,-1.91839,0.0780902,0.348333,0.348333;
1.44, 0.0704315,0.340204,0.0984941,-1.92621,0.0554548,0.337958,0.337958;
1.45, 0.0882037,0.321752,0.0981426,-1.93314,0.0332336,0.326615,0.326615;
1.46, 0.105411,0.30241,0.0978073,-1.93917,0.011405,0.314335,0.314335;
1.47, 0.121654,0.282232,0.0974918,-1.94428,-0.00996966,0.301136,0.301136;
1.48, 0.136289,0.261338,0.0972084,-1.94844,-0.0307856,0.287013,0.287013;
1.49, 0.15045,0.239764,0.0969545,-1.95163,-0.0509652,0.271972,0.271972;
1.5, 0.162964,0.217528,0.0967342,-1.95387,-0.0704835,0.256046,0.256046;
1.51, 0.174908,0.194777,0.0965473,-1.95515,-0.0892171,0.23923,0.23923;
1.52, 0.185332,0.171552,0.0963895,-1.95551,-0.107136,0.22157,0.22157;
1.53, 0.194346,0.147964,0.096267,-1.95497,-0.124123,0.203071,0.203071;
1.54, 0.202459,0.12409,0.0961774,-1.95358,-0.140142,0.183779,0.183779;
1.55, 0.20888,0.099952,0.0961139,-1.9514,-0.155148,0.163736,0.163736;
1.56, 0.214287,0.0755823,0.0960887,-1.94848,-0.169058,0.142973,0.142973;
1.57, 0.218022,0.0511801,0.0960976,-1.94491,-0.181855,0.121556,0.121556;
1.58, 0.221209,0.0266359,0.0961456,-1.94075,-0.193467,0.0995361,0.0995361;
1.59, 0.222947,0.00216889,0.0962212,-1.93609,-0.203884,0.0769836,0.0769836;
1.6, 0.222637,-0.0222919,0.0963193,-1.93103,-0.213002,0.0539519,0.0539519;
1.61, 0.221681,-0.0465531,0.0964536,-1.92565,-0.220801,0.0305122,0.0305122;
1.62, 0.219931,-0.0705605,0.0966198,-1.92008,-0.227321,0.00676941,0.00676941;
1.63, 0.216326,-0.0942318,0.0968018,-1.9144,-0.232489,-0.0172172,-0.0172172;
1.64, 0.211905,-0.117633,0.0970211,-1.90872,-0.236249,-0.041384,-0.041384;
1.65, 0.206531,-0.1407,0.0972568,-1.90316,-0.238646,-0.0656366,-0.0656366;
1.66, 0.199548,-0.163374,0.0975247,-1.89781,-0.239644,-0.0898929,-0.0898929;
1.67, 0.191983,-0.185436,0.0978151,-1.89281,-0.239222,-0.114074,-0.114074;
1.68, 0.182786,-0.206821,0.0981273,-1.88823,-0.237427,-0.138075,-0.138075;
1.69, 0.172002,-0.227822,0.0984819,-1.8842,-0.234233,-0.161841,-0.161841;
1.7, 0.160239,-0.248059,0.0988598,-1.88079,-0.229707,-0.18529,-0.18529;
1.71, 0.147146,-0.267613,0.0992686,-1.87809,-0.223918,-0.208308,-0.208308;
1.72, 0.133358,-0.286396,0.0996862,-1.87617,-0.216893,-0.230837,-0.230837;
1.73, 0.118343,-0.30435,0.100126,-1.87509,-0.208693,-0.252802,-0.252802;
1.74, 0.102575,-0.321439,0.100584,-1.8749,-0.199332,-0.274159,-0.274159;
1.75, 0.0861428,-0.33768,0.101073,-1.87565,-0.188877,-0.294852,-0.294852;
1.76, 0.0683439,-0.352909,0.101594,-1.87736,-0.17736,-0.314843,-0.314843;
1.77, 0.0499756,-0.367205,0.102116,-1.88006,-0.164813,-0.334095,-0.334095;
1.78, 0.0304859,-0.380522,0.102656,-1.88372,-0.151338,-0.352563,-0.352563;
1.79, 0.00993419,-0.39279,0.103208,-1.88835,-0.136966,-0.370228,-0.370228;
1.8, -0.0110166,-0.404085,0.103784,-1.89392,-0.121783,-0.387056,-0.387056;
1.81, -0.0325253,-0.414092,0.104366,-1.90037,-0.105873,-0.40302,-0.40302;
1.82, -0.055474,-0.423058,0.104966,-1.90767,-0.0892701,-0.418108,-0.418108;
1.83, -0.0781696,-0.430882,0.105576,-1.91575,-0.0720305,-0.432332,-0.432332;
1.84, -0.101768,-0.437507,0.106201,-1.92452,-0.0542795,-0.445651,-0.445651;
1.85, -0.125681,-0.44292,0.106833,-1.93391,-0.036015,-0.458088,-0.458088;
1.86, -0.149789,-0.447138,0.10747,-1.94383,-0.0173285,-0.469631,-0.469631;
1.87, -0.174215,-0.450232,0.108121,-1.95418,0.0017277,-0.480289,-0.480289;
1.88, -0.198504,-0.452088,0.108774,-1.96486,0.0211089,-0.49007,-0.49007;
1.89, -0.222791,-0.452753,0.109434,-1.97578,0.0407567,-0.498971,-0.498971;
1.9, -0.246686,-0.452423,0.110093,-1.98684,0.0606414,-0.507012,-0.507012;
1.91, -0.270702,-0.450979,0.110753,-1.99795,0.0807185,-0.514203,-0.514203;
1.92, -0.294365,-0.448397,0.111423,-2.00902,0.100977,-0.520553,-0.520553;
1.93, -0.317722,-0.444683,0.112108,-2.01996,0.121355,-0.526057,-0.526057;
1.94, -0.340837,-0.439934,0.112779,-2.03067,0.141819,-0.53073,-0.53073;
1.95, -0.363141,-0.434171,0.113448,-2.04107,0.162325,-0.534583,-0.534583;
1.96, -0.385061,-0.427394,0.114119,-2.05107,0.182831,-0.537618,-0.537618;
1.97, -0.406376,-0.419768,0.114771,-2.06063,0.203331,-0.539856,-0.539856;
1.98, -0.427112,-0.411267,0.115427,-2.06966,0.223781,-0.541301,-0.541301;
1.99, -0.44714,-0.401937,0.116081,-2.07812,0.244159,-0.541954,-0.541954;
2, -0.46637,-0.391824,0.116719,-2.08595,0.264434,-0.541815,-0.541815;
2.01, -0.485486,-0.38096,0.117357,-2.09311,0.28458,-0.540891,-0.540891;
2.02, -0.503127,-0.369377,0.117984,-2.09956,0.304582,-0.539187,-0.539187;
2.03, -0.520234,-0.357168,0.118605,-2.10523,0.324364,-0.536676,-0.536676;
2.04, -0.536952,-0.344309,0.119213,-2.11015,0.343957,-0.533396,-0.533396;
2.05, -0.552667,-0.330936,0.119806,-2.11426,0.36332,-0.529336,-0.529336;
2.06, -0.567113,-0.316952,0.120386,-2.11753,0.382399,-0.524476,-0.524476;
2.07, -0.580822,-0.30251,0.120947,-2.11997,0.401186,-0.518825,-0.518825;
2.08, -0.593797,-0.287572,0.121489,-2.12157,0.419694,-0.51241,-0.51241;
2.09, -0.606206,-0.2722,0.12202,-2.12233,0.437896,-0.505226,-0.505226;
2.1, -0.617778,-0.256541,0.122522,-2.12223,0.455759,-0.497271,-0.497271;
2.11, -0.629003,-0.240499,0.123011,-2.12128,0.473237,-0.488535,-0.488535;
2.12, -0.639588,-0.224146,0.123489,-2.11946,0.490315,-0.479009,-0.479009;
2.13, -0.649458,-0.207526,0.123939,-2.11676,0.50693,-0.468677,-0.468677;
2.14, -0.658119,-0.19059,0.124372,-2.11317,0.523043,-0.457531,-0.457531;
2.15, -0.666322,-0.173496,0.12478,-2.10872,0.538627,-0.445573,-0.445573;
2.16, -0.673733,-0.156232,0.125165,-2.10342,0.553688,-0.432836,-0.432836;
2.17, -0.680541,-0.138776,0.125532,-2.09729,0.56818,-0.419307,-0.419307;
2.18, -0.686592,-0.121184,0.125876,-2.09034,0.582081,-0.404995,-0.404995;
2.19, -0.692009,-0.103526,0.126192,-2.0826,0.595352,-0.389909,-0.389909;
2.2, -0.696571,-0.0858185,0.126485,-2.07408,0.607966,-0.374064,-0.374064;
2.21, -0.699938,-0.0679867,0.126757,-2.06481,0.619891,-0.35747,-0.35747;
2.22, -0.702775,-0.0501659,0.127004,-2.05483,0.631113,-0.340153,-0.340153;
2.23, -0.705014,-0.0323491,0.127219,-2.0442,0.641638,-0.322167,-0.322167;
2.24, -0.706802,-0.0145652,0.127413,-2.03294,0.651428,-0.303528,-0.303528;
2.25, -0.7084,0.00322509,0.127578,-2.02111,0.660445,-0.284261,-0.284261;
2.26, -0.70887,0.0208519,0.127712,-2.00874,0.668644,-0.264389,-0.264389;
2.27, -0.709281,0.0384467,0.127816,-1.99587,0.675958,-0.243937,-0.243937;
2.28, -0.709118,0.0559347,0.127888,-1.98258,0.6824,-0.222962,-0.222962;
2.29, -0.707973,0.0733783,0.127935,-1.96892,0.6879,-0.201495,-0.201495;
2.3, -0.705317,0.0906851,0.127952,-1.95496,0.692429,-0.17959,-0.17959;
2.31, -0.702496,0.107828,0.127939,-1.9408,0.69599,-0.157333,-0.157333;
2.32, -0.698389,0.124796,0.127896,-1.92653,0.698632,-0.134823,-0.134823;
2.33, -0.693926,0.141547,0.12783,-1.91223,0.700304,-0.112112,-0.112112;
2.34, -0.688742,0.158096,0.127732,-1.898,0.701035,-0.089291,-0.089291;
2.35, -0.682851,0.174399,0.127613,-1.88391,0.700792,-0.0664201,-0.0664201;
2.36, -0.676053,0.190481,0.127461,-1.87006,0.699569,-0.0435752,-0.0435752;
2.37, -0.66889,0.206321,0.127283,-1.85654,0.697361,-0.0208322,-0.0208322;
2.38, -0.661125,0.221836,0.12708,-1.84343,0.694183,0.0017246,0.0017246;
2.39, -0.652432,0.237041,0.126852,-1.83083,0.690012,0.0240271,0.0240271;
2.4, -0.643122,0.251937,0.126595,-1.81882,0.684844,0.0460077,0.0460077;
2.41, -0.633105,0.266455,0.126315,-1.80748,0.678707,0.0675885,0.0675885;
2.42, -0.62213,0.280607,0.126009,-1.79688,0.671605,0.0887017,0.0887017;
2.43, -0.610215,0.29435,0.12568,-1.78711,0.663555,0.109284,0.109284;
2.44, -0.597496,0.307677,0.125329,-1.77822,0.65459,0.129269,0.129269;
2.45, -0.584004,0.320544,0.124956,-1.77027,0.644749,0.148596,0.148596;
2.46, -0.570011,0.332937,0.124566,-1.76331,0.634058,0.167213,0.167213;
2.47, -0.55505,0.344777,0.124157,-1.75737,0.622546,0.185074,0.185074;
2.48, -0.539771,0.356062,0.123729,-1.7525,0.610221,0.202147,0.202147;
2.49, -0.523675,0.36678,0.123292,-1.7487,0.597129,0.218394,0.218394;
2.5, -0.506847,0.376864,0.122834,-1.746,0.583271,0.233796,0.233796;
2.51, -0.489488,0.386297,0.122359,-1.7444,0.568687,0.248326,0.248326;
2.52, -0.471275,0.395026,0.121874,-1.74389,0.55341,0.261963,0.261963;
2.53, -0.45285,0.403028,0.121377,-1.74447,0.537465,0.274695,0.274695;
2.54, -0.433571,0.410259,0.120869,-1.74611,0.520898,0.286508,0.286508;
2.55, -0.413191,0.416662,0.120353,-1.74878,0.503716,0.2974,0.2974;
2.56, -0.393211,0.42224,0.119826,-1.75243,0.485969,0.307363,0.307363;
2.57, -0.372076,0.426917,0.119292,-1.75702,0.467733,0.31638,0.31638;
2.58, -0.350676,0.430719,0.118757,-1.76249,0.448978,0.324473,0.324473;
2.59, -0.32878,0.433538,0.118222,-1.76877,0.429783,0.331629,0.331629;
2.6, -0.306709,0.435404,0.117685,-1.7758,0.410176,0.337849,0.337849;
2.61, -0.283874,0.436256,0.117155,-1.7835,0.3902,0.343136,0.343136;
2.62, -0.261251,0.436101,0.116619,-1.79177,0.369882,0.347498,0.347498;
2.63, -0.237684,0.434878,0.116087,-1.80054,0.349295,0.350926,0.350926;
2.64, -0.214678,0.432576,0.115563,-1.8097,0.328447,0.353434,0.353434;
2.65, -0.19141,0.429181,0.115046,-1.81915,0.307434,0.355007,0.355007;
2.66, -0.168226,0.42473,0.11453,-1.82882,0.286251,0.355667,0.355667;
2.67, -0.145219,0.419131,0.114039,-1.83858,0.264958,0.355412,0.355412;
2.68, -0.122304,0.412483,0.113563,-1.84836,0.243593,0.354245,0.354245;
2.69, -0.100116,0.404774,0.11309,-1.85805,0.222201,0.352175,0.352175;
2.7, -0.0782802,0.395983,0.112629,-1.86756,0.200837,0.349198,0.349198;
2.71, -0.056679,0.386158,0.112194,-1.87682,0.179511,0.34533,0.34533;
2.72, -0.0362818,0.375335,0.111769,-1.88574,0.158268,0.340574,0.340574;
2.73, -0.0163796,0.363462,0.111359,-1.89425,0.137177,0.334927,0.334927;
2.74, 0.00287223,0.350673,0.110969,-1.9023,0.116229,0.328412,0.328412;
2.75, 0.0219538,0.336949,0.110603,-1.90981,0.0954825,0.321035,0.321035;
2.76, 0.0394909,0.322335,0.110249,-1.91674,0.0749876,0.312798,0.312798;
2.77, 0.0563829,0.306908,0.109917,-1.92302,0.0548411,0.30369,0.30369;
2.78, 0.0733068,0.290667,0.10961,-1.92864,0.0350318,0.293742,0.293742;
2.79, 0.0881155,0.273666,0.109324,-1.93355,0.0156234,0.282956,0.282956;
2.8, 0.102991,0.255965,0.109068,-1.93771,-0.00325547,0.271315,0.271315;
2.81, 0.116796,0.237625,0.108836,-1.94114,-0.02165,0.258871,0.258871;
2.82, 0.129234,0.218729,0.10863,-1.94381,-0.0394259,0.245609,0.245609;
2.83, 0.141052,0.199286,0.108454,-1.94572,-0.0565363,0.23155,0.23155;
2.84, 0.150872,0.179383,0.108305,-1.94689,-0.0729626,0.216724,0.216724;
2.85, 0.160287,0.159105,0.108182,-1.94734,-0.0886203,0.201145,0.201145;
2.86, 0.168061,0.138417,0.108086,-1.94711,-0.10354,0.18487,0.18487;
2.87, 0.175033,0.117411,0.108012,-1.94622,-0.117621,0.167908,0.167908;
2.88, 0.181019,0.0961664,0.107972,-1.94472,-0.130861,0.150314,0.150314;
2.89, 0.18586,0.0747588,0.107955,-1.94264,-0.143192,0.13212,0.13212;
2.9, 0.189467,0.0532358,0.107971,-1.94005,-0.154558,0.113365,0.113365;
2.91, 0.192256,0.0316646,0.108012,-1.93699,-0.164926,0.0940943,0.0940943;
2.92, 0.193962,0.0100901,0.108082,-1.93354,-0.174271,0.0743634,0.0743634;
2.93, 0.194965,-0.0114441,0.108178,-1.92975,-0.182536,0.054216,0.054216;
2.94, 0.194549,-0.0328372,0.108296,-1.92571,-0.18969,0.033708,0.033708;
2.95, 0.19307,-0.0541227,0.108445,-1.92148,-0.195677,0.0128896,0.0128896;
2.96, 0.190102,-0.0752254,0.108621,-1.91714,-0.200505,-0.00816958,-0.00816958;
2.97, 0.186681,-0.096066,0.108826,-1.91279,-0.204161,-0.0293987,-0.0293987;
2.98, 0.182023,-0.116571,0.109054,-1.9085,-0.206668,-0.0507153,-0.0507153;
2.99, 0.175813,-0.136715,0.10931,-1.90436,-0.20797,-0.0720681,-0.0720681;
3, 0.169321,-0.156466,0.109581,-1.90044,-0.208085,-0.0933867,-0.0933867;
3.01, 0.161447,-0.175786,0.109876,-1.89682,-0.207061,-0.114587,-0.114587;
3.02, 0.152453,-0.194529,0.110194,-1.89359,-0.204848,-0.135624,-0.135624;
3.03, 0.142221,-0.212749,0.110538,-1.8908,-0.201491,-0.15642,-0.15642;
3.04, 0.131668,-0.230418,0.110907,-1.88853,-0.197023,-0.176915,-0.176915;
3.05, 0.119794,-0.247385,0.111295,-1.88683,-0.191493,-0.197038,-0.197038;
3.06, 0.107241,-0.263667,0.111694,-1.88576,-0.184877,-0.216746,-0.216746;
3.07, 0.0937359,-0.279257,0.112119,-1.88536,-0.177239,-0.235983,-0.235983;
3.08, 0.0793231,-0.294126,0.112562,-1.88566,-0.1686,-0.254708,-0.254708;
3.09, 0.0640504,-0.308213,0.113027,-1.88669,-0.159005,-0.272873,-0.272873;
3.1, 0.0478246,-0.32147,0.113507,-1.88847,-0.148502,-0.290433,-0.290433;
3.11, 0.0305312,-0.333821,0.113993,-1.891,-0.13714,-0.307349,-0.307349;
3.12, 0.0127671,-0.345287,0.114502,-1.89428,-0.124981,-0.323588,-0.323588;
3.13, -0.00532889,-0.355875,0.115024,-1.89827,-0.112098,-0.339117,-0.339117;
3.14, -0.0245621,-0.365524,0.115551,-1.90298,-0.0985237,-0.35392,-0.35392;
3.15, -0.0439661,-0.374138,0.116098,-1.90836,-0.0842781,-0.367987,-0.367987;
3.16, -0.0637238,-0.381833,0.11666,-1.91437,-0.069451,-0.381286,-0.381286;
3.17, -0.0841944,-0.388579,0.117239,-1.92097,-0.0540668,-0.393822,-0.393822;
3.18, -0.104598,-0.394239,0.117803,-1.9281,-0.0381607,-0.405587,-0.405587;
3.19, -0.125906,-0.398901,0.118382,-1.9357,-0.0218033,-0.416559,-0.416559;
3.2, -0.14688,-0.402469,0.118972,-1.94372,-0.00500775,-0.426757,-0.426757;
3.21, -0.168049,-0.405025,0.119567,-1.95206,0.0121326,-0.436157,-0.436157;
3.22, -0.189619,-0.406626,0.120171,-1.96067,0.0296118,-0.444782,-0.444782;
3.23, -0.210716,-0.407228,0.120775,-1.96947,0.0473854,-0.452632,-0.452632;
3.24, -0.231841,-0.40695,0.121389,-1.97838,0.0653876,-0.459691,-0.459691;
3.25, -0.252893,-0.405465,0.122016,-1.98734,0.083616,-0.465978,-0.465978;
3.26, -0.274338,-0.402961,0.122621,-1.99626,0.102029,-0.471485,-0.471485;
3.27, -0.294943,-0.399571,0.123232,-2.00508,0.120575,-0.476229,-0.476229;
3.28, -0.315439,-0.395261,0.12385,-2.0137,0.139172,-0.480199,-0.480199;
3.29, -0.335356,-0.390146,0.124453,-2.02207,0.157834,-0.483415,-0.483415;
3.3, -0.354646,-0.384095,0.125062,-2.03012,0.176511,-0.485872,-0.485872;
3.31, -0.373679,-0.377362,0.12567,-2.03781,0.195194,-0.487577,-0.487577;
3.32, -0.392264,-0.369727,0.126265,-2.04509,0.213865,-0.488546,-0.488546;
3.33, -0.410797,-0.361277,0.126853,-2.05189,0.232483,-0.488763,-0.488763;
3.34, -0.427998,-0.352093,0.127427,-2.05818,0.25101,-0.488236,-0.488236;
3.35, -0.444704,-0.342206,0.128,-2.06389,0.269378,-0.48695,-0.48695;
3.36, -0.460752,-0.331743,0.128559,-2.06901,0.287619,-0.484941,-0.484941;
3.37, -0.47609,-0.320581,0.129112,-2.07351,0.305698,-0.482207,-0.482207;
3.38, -0.490597,-0.308875,0.129651,-2.07737,0.323594,-0.478745,-0.478745;
3.39, -0.504657,-0.29659,0.130168,-2.08055,0.341281,-0.474564,-0.474564;
3.4, -0.518266,-0.283837,0.130683,-2.08306,0.358748,-0.46967,-0.46967;
3.41, -0.531045,-0.270628,0.131183,-2.08487,0.37595,-0.464055,-0.464055;
3.42, -0.543483,-0.257032,0.13167,-2.08594,0.392841,-0.457707,-0.457707;
3.43, -0.554966,-0.242952,0.132144,-2.08628,0.409406,-0.450629,-0.450629;
3.44, -0.566039,-0.228571,0.132601,-2.08587,0.425596,-0.442806,-0.442806;
3.45, -0.576186,-0.213851,0.133038,-2.08471,0.4414,-0.434255,-0.434255;
3.46, -0.585789,-0.198858,0.13346,-2.08279,0.456774,-0.424964,-0.424964;
3.47, -0.594752,-0.183582,0.13386,-2.08013,0.47171,-0.414945,-0.414945;
3.48, -0.602667,-0.168049,0.134233,-2.07673,0.486172,-0.404196,-0.404196;
3.49, -0.61027,-0.152228,0.134589,-2.07259,0.500131,-0.392721,-0.392721;
3.5, -0.616552,-0.136235,0.134926,-2.06774,0.513588,-0.380547,-0.380547;
3.51, -0.622674,-0.120118,0.135238,-2.06219,0.526486,-0.367672,-0.367672;
3.52, -0.628676,-0.103845,0.135526,-2.05598,0.538846,-0.354136,-0.354136;
3.53, -0.63331,-0.0874786,0.135795,-2.0491,0.550606,-0.339928,-0.339928;
3.54, -0.637415,-0.0710266,0.136035,-2.04157,0.561693,-0.325039,-0.325039;
3.55, -0.641166,-0.054527,0.136252,-2.03344,0.572135,-0.309522,-0.309522;
3.56, -0.643564,-0.0379725,0.13645,-2.02473,0.581899,-0.293393,-0.293393;
3.57, -0.645269,-0.0214081,0.136619,-2.01549,0.590937,-0.276667,-0.276667;
3.58, -0.646578,-0.00487328,0.136759,-2.00575,0.599275,-0.259404,-0.259404;
3.59, -0.647382,0.0116465,0.136876,-1.99558,0.606895,-0.241639,-0.241639;
3.6, -0.647181,0.0281055,0.13697,-1.98502,0.613753,-0.223395,-0.223395;
3.61, -0.646412,0.0444963,0.137037,-1.9741,0.619813,-0.204707,-0.204707;
3.62, -0.644817,0.0608218,0.137079,-1.96289,0.625081,-0.185632,-0.185632;
3.63, -0.642694,0.0770314,0.137092,-1.95145,0.629531,-0.166216,-0.166216;
3.64, -0.640316,0.0931032,0.13708,-1.93985,0.633158,-0.146517,-0.146517;
3.65, -0.636958,0.109021,0.137043,-1.92814,0.635934,-0.126583,-0.126583;
3.66, -0.633096,0.124748,0.136978,-1.9164,0.637816,-0.106457,-0.106457;
3.67, -0.628918,0.14029,0.136884,-1.90469,0.638816,-0.0862087,-0.0862087;
3.68, -0.62363,0.155607,0.136769,-1.89309,0.638915,-0.0658929,-0.0658929;
3.69, -0.617777,0.170695,0.136627,-1.88166,0.638081,-0.0455625,-0.0455625;
3.7, -0.610933,0.185534,0.13646,-1.87049,0.636346,-0.0252957,-0.0252957;
3.71, -0.604026,0.200121,0.136267,-1.85965,0.633704,-0.00515485,-0.00515485;
3.72, -0.596495,0.214402,0.136049,-1.84921,0.63018,0.0147862,0.0147862;
3.73, -0.587671,0.228324,0.135805,-1.83925,0.625735,0.0344802,0.0344802;
3.74, -0.578887,0.241935,0.135539,-1.82982,0.620371,0.0538693,0.0538693;
3.75, -0.569016,0.255178,0.135256,-1.82099,0.61415,0.0728803,0.0728803;
3.76, -0.558275,0.268019,0.134945,-1.81282,0.607031,0.0914721,0.0914721;
3.77, -0.546564,0.28044,0.134618,-1.80537,0.599062,0.109581,0.109581;
3.78, -0.53419,0.292459,0.13426,-1.79868,0.590276,0.127152,0.127152;
3.79, -0.52129,0.303965,0.133892,-1.79279,0.580716,0.144134,0.144134;
3.8, -0.50761,0.31495,0.133522,-1.78773,0.570402,0.160482,0.160482;
3.81, -0.493881,0.325397,0.133122,-1.78354,0.559346,0.176166,0.176166;
3.82, -0.478987,0.335262,0.132701,-1.78022,0.547584,0.191152,0.191152;
3.83, -0.463585,0.344585,0.132256,-1.7778,0.535096,0.205426,0.205426;
3.84, -0.447775,0.353263,0.1318,-1.77628,0.521949,0.218953,0.218953;
3.85, -0.431446,0.361297,0.131341,-1.77565,0.508161,0.23171,0.23171;
3.86, -0.414031,0.368643,0.130868,-1.77591,0.49375,0.243683,0.243683;
3.87, -0.39611,0.375297,0.130387,-1.77704,0.478742,0.254858,0.254858;
3.88, -0.378035,0.38118,0.129898,-1.77902,0.463207,0.265209,0.265209;
3.89, -0.359648,0.386307,0.129401,-1.7818,0.447176,0.274724,0.274724;
3.9, -0.340448,0.390603,0.128901,-1.78535,0.430657,0.283406,0.283406;
3.91, -0.321264,0.394061,0.1284,-1.78964,0.41367,0.291253,0.291253;
3.92, -0.301116,0.396696,0.127891,-1.7946,0.396278,0.298251,0.298251;
3.93, -0.281058,0.39842,0.127384,-1.80018,0.378488,0.30441,0.30441;
3.94, -0.260219,0.399225,0.126872,-1.80632,0.360379,0.309708,0.309708;
3.95, -0.239492,0.399075,0.126362,-1.81294,0.34196,0.314157,0.314157;
3.96, -0.218855,0.39802,0.125857,-1.81997,0.323306,0.317746,0.317746;
3.97, -0.197565,0.396005,0.125357,-1.82734,0.304433,0.320484,0.320484;
3.98, -0.17697,0.393018,0.124865,-1.83497,0.285359,0.322377,0.322377;
3.99, -0.156132,0.389059,0.124378,-1.84279,0.266167,0.32341,0.32341;
4, -0.135947,0.384131,0.123898,-1.85072,0.246843,0.323607,0.323607;
4.01, -0.116008,0.378241,0.123426,-1.85868,0.227449,0.32296,0.32296;
4.02, -0.0957031,0.371392,0.122968,-1.86662,0.207985,0.321488,0.321488;
4.03, -0.076252,0.363591,0.122521,-1.87445,0.188487,0.319195,0.319195;
4.04, -0.0573659,0.354863,0.122086,-1.88209,0.169045,0.316065,0.316065;
4.05, -0.0387545,0.345252,0.121665,-1.88949,0.149664,0.312116,0.312116;
4.06, -0.0205946,0.334745,0.121256,-1.89659,0.13037,0.307359,0.307359;
4.07, -0.00322199,0.323369,0.120862,-1.90333,0.111221,0.301788,0.301788;
4.08, 0.013967,0.31116,0.120487,-1.90965,0.0922648,0.295409,0.295409;
4.09, 0.030508,0.298169,0.12013,-1.91551,0.0735302,0.288232,0.288232;
4.1, 0.0469012,0.284394,0.119795,-1.92086,0.0550965,0.280253,0.280253;
4.11, 0.0618963,0.269891,0.119477,-1.92565,0.0370111,0.271476,0.271476;
4.12, 0.0762329,0.254711,0.11918,-1.92987,0.019365,0.261895,0.261895;
4.13, 0.0891066,0.238917,0.118907,-1.93348,0.00215151,0.251541,0.251541;
4.14, 0.101868,0.22248,0.118655,-1.93649,-0.0145765,0.240424,0.240424;
4.15, 0.112973,0.205482,0.118426,-1.9389,-0.0308263,0.228575,0.228575;
4.16, 0.123682,0.188021,0.118221,-1.94069,-0.0464915,0.215994,0.215994;
4.17, 0.133809,0.170078,0.118038,-1.94188,-0.0615883,0.202722,0.202722;
4.18, 0.142716,0.151761,0.117882,-1.94247,-0.0760331,0.188765,0.188765;
4.19, 0.150481,0.133102,0.117747,-1.94247,-0.089751,0.174137,0.174137;
4.2, 0.15738,0.114141,0.117637,-1.94192,-0.102724,0.158872,0.158872;
4.21, 0.16322,0.0949261,0.11755,-1.94085,-0.114928,0.143007,0.143007;
4.22, 0.167799,0.0755212,0.117489,-1.93929,-0.126317,0.126572,0.126572;
4.23, 0.171924,0.0559351,0.117453,-1.93729,-0.13686,0.109606,0.109606;
4.24, 0.174508,0.0362575,0.117437,-1.93489,-0.146545,0.0921587,0.0921587;
4.25, 0.176449,0.016536,0.117451,-1.93213,-0.155294,0.0742585,0.0742585;
4.26, 0.177263,-0.0031805,0.117482,-1.92909,-0.163121,0.0559661,0.0559661;
4.27, 0.17682,-0.022866,0.117534,-1.9258,-0.169971,0.0373211,0.0373211;
4.28, 0.175781,-0.0424359,0.117617,-1.92234,-0.175832,0.0183772,0.0183772;
4.29, 0.173944,-0.061846,0.117722,-1.91877,-0.180704,-0.000803094,-0.000803094;
4.3, 0.170944,-0.0811026,0.117861,-1.91515,-0.184539,-0.0201753,-0.0201753;
4.31, 0.16682,-0.100025,0.118027,-1.91156,-0.187309,-0.039689,-0.039689;
4.32, 0.161563,-0.118766,0.118206,-1.90805,-0.18902,-0.059275,-0.059275;
4.33, 0.156073,-0.137106,0.118409,-1.90469,-0.189686,-0.0788754,-0.0788754;
4.34, 0.14937,-0.155075,0.118635,-1.90156,-0.189319,-0.0984192,-0.0984192;
4.35, 0.141866,-0.172666,0.118883,-1.89871,-0.187866,-0.117873,-0.117873;
4.36, 0.133223,-0.189819,0.119141,-1.89621,-0.18536,-0.13717,-0.13717;
4.37, 0.123634,-0.206416,0.119435,-1.89412,-0.181804,-0.156254,-0.156254;
4.38, 0.11304,-0.222465,0.119739,-1.89249,-0.177237,-0.175062,-0.175062;
4.39, 0.101796,-0.237899,0.120067,-1.89136,-0.171687,-0.19354,-0.19354;
4.4, 0.0896649,-0.252721,0.120416,-1.89078,-0.16519,-0.211639,-0.211639;
4.41, 0.0769043,-0.26696,0.120774,-1.89078,-0.157762,-0.229318,-0.229318;
4.42, 0.0633469,-0.280455,0.121149,-1.89139,-0.149436,-0.246533,-0.246533;
4.43, 0.0489578,-0.293227,0.121536,-1.89263,-0.140232,-0.263242,-0.263242;
4.44, 0.0339112,-0.305253,0.121942,-1.89451,-0.13019,-0.279414,-0.279414;
4.45, 0.01826,-0.316596,0.122363,-1.89703,-0.119355,-0.295013,-0.295013;
4.46, 0.00175238,-0.327031,0.122798,-1.9002,-0.107767,-0.31001,-0.31001;
4.47, -0.0153418,-0.336607,0.123249,-1.904,-0.0954577,-0.324373,-0.324373;
4.48, -0.0332084,-0.345308,0.123707,-1.90841,-0.0824921,-0.33808,-0.33808;
4.49, -0.0513334,-0.353225,0.124175,-1.91339,-0.0689151,-0.351114,-0.351114;
4.5, -0.0702133,-0.360178,0.124652,-1.91891,-0.0547881,-0.363454,-0.363454;
4.51, -0.0892868,-0.366146,0.125137,-1.92494,-0.0401328,-0.375085,-0.375085;
4.52, -0.108717,-0.371186,0.125634,-1.93141,-0.0250176,-0.385993,-0.385993;
4.53, -0.12848,-0.375237,0.126138,-1.93827,-0.00947262,-0.396181,-0.396181;
4.54, -0.148335,-0.378331,0.126649,-1.94547,0.0064583,-0.405642,-0.405642;
4.55, -0.168489,-0.380549,0.127171,-1.95294,0.0227276,-0.414372,-0.414372;
4.56, -0.188721,-0.381913,0.127705,-1.96063,0.0393034,-0.422374,-0.422374;
4.57, -0.208943,-0.382279,0.128229,-1.96846,0.0561364,-0.429635,-0.429635;
4.58, -0.228626,-0.381725,0.128751,-1.97638,0.0731907,-0.436145,-0.436145;
4.59, -0.248875,-0.380234,0.129284,-1.98431,0.0904319,-0.441912,-0.441912;
4.6, -0.268659,-0.377792,0.12982,-1.9922,0.107864,-0.446954,-0.446954;
4.61, -0.28795,-0.374497,0.130334,-1.99998,0.125399,-0.45125,-0.45125;
4.62, -0.306917,-0.370357,0.130859,-2.00758,0.143021,-0.454817,-0.454817;
4.63, -0.325563,-0.365422,0.131386,-2.01496,0.160726,-0.457664,-0.457664;
4.64, -0.34416,-0.359625,0.131906,-2.02207,0.178484,-0.459795,-0.459795;
4.65, -0.361893,-0.353175,0.132425,-2.02885,0.196263,-0.461209,-0.461209;
4.66, -0.379257,-0.345719,0.132952,-2.03524,0.214006,-0.461897,-0.461897;
4.67, -0.396145,-0.337679,0.133456,-2.04121,0.231723,-0.461869,-0.461869;
4.68, -0.412389,-0.328944,0.133946,-2.04671,0.249366,-0.461143,-0.461143;
4.69, -0.428774,-0.319508,0.134425,-2.05172,0.266914,-0.459711,-0.459711;
4.7, -0.444142,-0.309449,0.134903,-2.05619,0.284348,-0.457577,-0.457577;
4.71, -0.458937,-0.298788,0.135382,-2.06007,0.301587,-0.454717,-0.454717;
4.72, -0.473006,-0.287574,0.135834,-2.06336,0.318635,-0.45115,-0.45115;
4.73, -0.486255,-0.275947,0.136277,-2.06602,0.335466,-0.446877,-0.446877;
4.74, -0.499016,-0.263797,0.136699,-2.06805,0.352064,-0.441904,-0.441904;
4.75, -0.511086,-0.251139,0.13712,-2.06943,0.368424,-0.436233,-0.436233;
4.76, -0.522473,-0.238069,0.137522,-2.07016,0.384507,-0.429858,-0.429858;
4.77, -0.533491,-0.224582,0.137909,-2.07021,0.400286,-0.42279,-0.42279;
4.78, -0.543784,-0.210762,0.138274,-2.06959,0.415738,-0.415029,-0.415029;
4.79, -0.553411,-0.196548,0.138629,-2.06828,0.430812,-0.406567,-0.406567;
4.8, -0.562468,-0.182056,0.138963,-2.06628,0.44549,-0.397408,-0.397408;
4.81, -0.571141,-0.167357,0.139283,-2.0636,0.459742,-0.387561,-0.387561;
4.82, -0.579217,-0.152424,0.139574,-2.06023,0.473536,-0.377028,-0.377028;
4.83, -0.586555,-0.137229,0.139843,-2.05619,0.486828,-0.365798,-0.365798;
4.84, -0.593238,-0.121861,0.140102,-2.05147,0.499589,-0.353877,-0.353877;
4.85, -0.598903,-0.106367,0.140337,-2.04609,0.511797,-0.341283,-0.341283;
4.86, -0.604309,-0.0907195,0.140544,-2.04009,0.523429,-0.328031,-0.328031;
4.87, -0.608925,-0.0749025,0.140732,-2.03349,0.534489,-0.314151,-0.314151;
4.88, -0.612785,-0.0590143,0.140894,-2.0263,0.544923,-0.299645,-0.299645;
4.89, -0.615718,-0.0430639,0.141037,-2.01856,0.554713,-0.284545,-0.284545;
4.9, -0.618029,-0.0270538,0.141156,-2.0103,0.563845,-0.26888,-0.26888;
4.91, -0.619893,-0.0110312,0.141247,-2.00158,0.572315,-0.252688,-0.252688;
4.92, -0.62129,0.00497413,0.141312,-1.99242,0.580099,-0.236,-0.236;
4.93, -0.622337,0.0209467,0.14135,-1.98287,0.587158,-0.218839,-0.218839;
4.94, -0.622129,0.036875,0.141371,-1.97297,0.593455,-0.201233,-0.201233;
4.95, -0.621731,0.0527294,0.141365,-1.96275,0.598948,-0.183211,-0.183211;
4.96, -0.620115,0.0684683,0.141333,-1.9523,0.603666,-0.16484,-0.16484;
4.97, -0.618069,0.0841343,0.141273,-1.94165,0.607559,-0.146152,-0.146152;
4.98, -0.61483,0.0996668,0.141181,-1.93088,0.610655,-0.127213,-0.127213;
4.99, -0.611932,0.115039,0.141074,-1.92004,0.612923,-0.108073,-0.108073;
5, -0.607793,0.130241,0.140938,-1.90921,0.614392,-0.0887999,-0.0887999;
5.01, -0.603598,0.145295,0.140777,-1.89844,0.614979,-0.0694189,-0.0694189;
5.02, -0.598517,0.160098,0.140588,-1.88781,0.614716,-0.0500041,-0.0500041;
5.03, -0.592349,0.174699,0.140377,-1.87737,0.613556,-0.0306011,-0.0306011;
5.04, -0.585819,0.189007,0.140142,-1.8672,0.611514,-0.0112724,-0.0112724;
5.05, -0.578383,0.203011,0.139884,-1.85736,0.608623,0.00790497,0.00790497;
5.06, -0.570019,0.216761,0.139602,-1.84793,0.604867,0.0268844,0.0268844;
5.07, -0.561601,0.230211,0.139293,-1.83896,0.60027,0.0456041,0.0456041;
5.08, -0.552154,0.243318,0.138966,-1.83051,0.594856,0.0639971,0.0639971;
5.09, -0.542025,0.256033,0.138615,-1.82264,0.588592,0.0820254,0.0820254;
5.1, -0.531174,0.268355,0.138246,-1.8154,0.581515,0.0996279,0.0996279;
5.11, -0.519712,0.280254,0.137854,-1.80884,0.573642,0.116757,0.116757;
5.12, -0.508191,0.291715,0.137448,-1.803,0.564996,0.133366,0.133366;
5.13, -0.495607,0.302706,0.137023,-1.79791,0.555591,0.149415,0.149415;
5.14, -0.481852,0.313145,0.136584,-1.79361,0.545405,0.164879,0.164879;
5.15, -0.467759,0.323066,0.136123,-1.79013,0.534491,0.179711,0.179711;
5.16, -0.45295,0.332438,0.13565,-1.78745,0.522913,0.193871,0.193871;
5.17, -0.437585,0.341186,0.135159,-1.78561,0.510677,0.207335,0.207335;
5.18, -0.422087,0.349317,0.134656,-1.7846,0.497815,0.220078,0.220078;
5.19, -0.40576,0.356807,0.134147,-1.78442,0.484351,0.23208,0.23208;
5.2, -0.3891,0.363607,0.133621,-1.78505,0.470281,0.243334,0.243334;
5.21, -0.371549,0.369702,0.13308,-1.78649,0.455653,0.253816,0.253816;
5.22, -0.353533,0.375023,0.132541,-1.78871,0.440485,0.263519,0.263519;
5.23, -0.334984,0.379575,0.131994,-1.79166,0.424835,0.272421,0.272421;
5.24, -0.316466,0.383342,0.131441,-1.79532,0.408736,0.280516,0.280516;
5.25, -0.297353,0.38629,0.13088,-1.79962,0.392227,0.287793,0.287793;
5.26, -0.278004,0.388376,0.130319,-1.80454,0.37531,0.294258,0.294258;
5.27, -0.258334,0.389587,0.129757,-1.81002,0.358033,0.2999,0.2999;
5.28, -0.238634,0.389901,0.129204,-1.81599,0.340427,0.304719,0.304719;
5.29, -0.218494,0.389321,0.128651,-1.82239,0.32253,0.308712,0.308712;
5.3, -0.198503,0.38783,0.128104,-1.82915,0.304368,0.311882,0.311882;
5.31, -0.178513,0.38542,0.127553,-1.83621,0.285995,0.314221,0.314221;
5.32, -0.15874,0.382042,0.127003,-1.84349,0.267432,0.315734,0.315734;
5.33, -0.139197,0.377734,0.126456,-1.85092,0.24871,0.316421,0.316421;
5.34, -0.119591,0.372484,0.12592,-1.85844,0.229854,0.316292,0.316292;
5.35, -0.100262,0.366319,0.125391,-1.86598,0.21089,0.31535,0.31535;
5.36, -0.081465,0.35919,0.124879,-1.87347,0.191876,0.313591,0.313591;
5.37, -0.0628278,0.351145,0.124382,-1.88082,0.172846,0.311016,0.311016;
5.38, -0.0444281,0.342196,0.123891,-1.88799,0.153825,0.307636,0.307636;
5.39, -0.0263722,0.332341,0.12341,-1.89491,0.134867,0.30345,0.30345;
5.4, -0.00850368,0.321658,0.122942,-1.90151,0.116029,0.298455,0.298455;
5.41, 0.00807595,0.310143,0.122496,-1.90774,0.0973609,0.292651,0.292651;
5.42, 0.0243299,0.297805,0.122066,-1.91353,0.0789305,0.286032,0.286032;
5.43, 0.0400264,0.284689,0.121654,-1.91888,0.0607254,0.278623,0.278623;
5.44, 0.0549772,0.270816,0.121261,-1.92372,0.0428104,0.270425,0.270425;
5.45, 0.0686882,0.256249,0.12089,-1.92803,0.0252396,0.26144,0.26144;
5.46, 0.0820315,0.241015,0.120539,-1.93178,0.00805518,0.251682,0.251682;
5.47, 0.0949113,0.22518,0.120207,-1.93497,-0.00873768,0.241175,0.241175;
5.48, 0.106912,0.208767,0.119897,-1.93757,-0.0250613,0.229919,0.229919;
5.49, 0.11803,0.191824,0.119611,-1.93957,-0.0408413,0.217916,0.217916;
5.5, 0.128247,0.174396,0.119345,-1.94097,-0.0560353,0.205183,0.205183;
5.51, 0.137274,0.156481,0.119106,-1.94178,-0.0706011,0.191741,0.191741;
5.52, 0.145963,0.138212,0.118892,-1.94201,-0.0844974,0.177613,0.177613;
5.53, 0.153539,0.119609,0.118702,-1.9417,-0.097703,0.162835,0.162835;
5.54, 0.159971,0.100713,0.118533,-1.94085,-0.11013,0.147417,0.147417;
5.55, 0.164838,0.0815909,0.118389,-1.9395,-0.12175,0.131394,0.131394;
5.56, 0.168793,0.062247,0.118272,-1.93769,-0.132545,0.114806,0.114806;
5.57, 0.171799,0.0428164,0.118175,-1.93548,-0.142527,0.0977087,0.0977087;
5.58, 0.17357,0.023257,0.118101,-1.9329,-0.151658,0.0801429,0.0801429;
5.59, 0.174667,0.00371528,0.11805,-1.93,-0.159902,0.0621461,0.0621461;
5.6, 0.174932,-0.0159411,0.11803,-1.92685,-0.167247,0.0437735,0.0437735;
5.61, 0.174584,-0.0355184,0.118033,-1.92348,-0.173641,0.0250599,0.0250599;
5.62, 0.173378,-0.0549858,0.118057,-1.91997,-0.179042,0.00606214,0.00606214;
5.63, 0.170921,-0.074266,0.11811,-1.91638,-0.183397,-0.0131785,-0.0131785;
5.64, 0.167606,-0.0933089,0.118185,-1.91278,-0.186682,-0.0326098,-0.0326098;
5.65, 0.1634,-0.112176,0.11828,-1.90922,-0.188909,-0.052168,-0.052168;
5.66, 0.158506,-0.130731,0.118399,-1.90579,-0.190066,-0.0717995,-0.0717995;
5.67, 0.15241,-0.148955,0.118538,-1.90255,-0.190142,-0.0914412,-0.0914412;
5.68, 0.14517,-0.166804,0.118703,-1.89956,-0.189118,-0.111042,-0.111042;
5.69, 0.137135,-0.184262,0.118885,-1.8969,-0.187022,-0.130535,-0.130535;
5.7, 0.12798,-0.201243,0.119089,-1.89462,-0.183883,-0.149853,-0.149853;
5.71, 0.117891,-0.217702,0.119313,-1.89279,-0.179707,-0.168942,-0.168942;
5.72, 0.106807,-0.23362,0.119558,-1.89144,-0.174528,-0.187741,-0.187741;
5.73, 0.0947969,-0.248947,0.119823,-1.89064,-0.168373,-0.206199,-0.206199;
5.74, 0.0818779,-0.263632,0.120103,-1.8904,-0.161278,-0.224262,-0.224262;
5.75, 0.0683043,-0.277665,0.120394,-1.89078,-0.153276,-0.241882,-0.241882;
5.76, 0.0539587,-0.291013,0.120706,-1.89177,-0.144404,-0.259017,-0.259017;
5.77, 0.0386555,-0.303501,0.121043,-1.89342,-0.134684,-0.275631,-0.275631;
5.78, 0.0227749,-0.315211,0.121393,-1.89572,-0.124148,-0.291689,-0.291689;
5.79, 0.00605226,-0.326223,0.121754,-1.89867,-0.112858,-0.30716,-0.30716;
5.8, -0.0110562,-0.336379,0.122133,-1.90227,-0.100843,-0.322022,-0.322022;
5.81, -0.0286148,-0.345724,0.122517,-1.90649,-0.0881512,-0.336236,-0.336236;
5.82, -0.0469306,-0.354144,0.122918,-1.91131,-0.0748078,-0.34979,-0.34979;
5.83, -0.06545,-0.361604,0.123321,-1.91673,-0.0608416,-0.362668,-0.362668;
5.84, -0.0847642,-0.368173,0.123734,-1.92267,-0.0463147,-0.374849,-0.374849;
5.85, -0.104569,-0.37383,0.124163,-1.92912,-0.0312504,-0.386337,-0.386337;
5.86, -0.124476,-0.378498,0.124595,-1.93601,-0.0157186,-0.397107,-0.397107;
5.87, -0.144449,-0.382262,0.125038,-1.94327,0.000227649,-0.407143,-0.407143;
5.88, -0.164684,-0.385047,0.125482,-1.95086,0.0165625,-0.41645,-0.41645;
5.89, -0.185061,-0.38687,0.125936,-1.95872,0.0332615,-0.425027,-0.425027;
5.9, -0.205267,-0.387641,0.126399,-1.96678,0.0502788,-0.432869,-0.432869;
5.91, -0.225673,-0.387545,0.126857,-1.97498,0.067572,-0.439975,-0.439975;
5.92, -0.246002,-0.386536,0.127323,-1.98324,0.085116,-0.446358,-0.446358;
5.93, -0.26638,-0.384707,0.127793,-1.9915,0.102862,-0.452005,-0.452005;
5.94, -0.286283,-0.381795,0.128266,-1.9997,0.120773,-0.456914,-0.456914;
5.95, -0.306028,-0.377968,0.128734,-2.00775,0.138805,-0.46107,-0.46107;
5.96, -0.325927,-0.373387,0.129186,-2.01561,0.156938,-0.4645,-0.4645;
5.97, -0.345093,-0.367996,0.129651,-2.0232,0.175133,-0.467202,-0.467202;
5.98, -0.363637,-0.361639,0.130119,-2.03047,0.19333,-0.469154,-0.469154;
5.99, -0.381759,-0.35454,0.130571,-2.03736,0.211526,-0.470366,-0.470366;
6, -0.399215,-0.34677,0.131025,-2.04384,0.229704,-0.470863,-0.470863;
6.01, -0.416656,-0.33818,0.131472,-2.04986,0.247837,-0.470641,-0.470641;
6.02, -0.433428,-0.328907,0.131917,-2.05539,0.265913,-0.469703,-0.469703;
6.03, -0.449522,-0.31896,0.132343,-2.06037,0.28386,-0.468034,-0.468034;
6.04, -0.465076,-0.308358,0.132759,-2.06476,0.30166,-0.46564,-0.46564;
6.05, -0.480022,-0.297317,0.133164,-2.06855,0.319295,-0.462527,-0.462527;
6.06, -0.493845,-0.28565,0.133566,-2.0717,0.336734,-0.458694,-0.458694;
6.07, -0.508286,-0.273512,0.133946,-2.0742,0.353956,-0.45413,-0.45413;
6.08, -0.521404,-0.260841,0.134315,-2.07604,0.37097,-0.448861,-0.448861;
6.09, -0.533731,-0.24763,0.134664,-2.07716,0.387657,-0.442829,-0.442829;
6.1, -0.545357,-0.234026,0.135005,-2.07757,0.404036,-0.436066,-0.436066;
6.11, -0.556331,-0.220016,0.135328,-2.07728,0.420092,-0.428586,-0.428586;
6.12, -0.566296,-0.205642,0.135636,-2.07627,0.435804,-0.420392,-0.420392;
6.13, -0.576136,-0.190984,0.135924,-2.07455,0.451142,-0.411484,-0.411484;
6.14, -0.584925,-0.176074,0.136193,-2.07213,0.466105,-0.401881,-0.401881;
6.15, -0.593088,-0.160849,0.136432,-2.06899,0.480626,-0.391558,-0.391558;
6.16, -0.600483,-0.145375,0.13666,-2.06514,0.494708,-0.380532,-0.380532;
6.17, -0.607291,-0.129726,0.136877,-2.0606,0.50832,-0.36881,-0.36881;
6.18, -0.613506,-0.113893,0.137063,-2.05537,0.52144,-0.356407,-0.356407;
6.19, -0.619535,-0.0978765,0.137228,-2.04948,0.534034,-0.343325,-0.343325;
6.2, -0.625023,-0.081707,0.137374,-2.04293,0.546069,-0.329572,-0.329572;
6.21, -0.629289,-0.0654554,0.137491,-2.03574,0.557479,-0.315145,-0.315145;
6.22, -0.633893,-0.049149,0.137589,-2.02792,0.568227,-0.300057,-0.300057;
6.23, -0.63731,-0.0327451,0.137663,-2.01953,0.578331,-0.284353,-0.284353;
6.24, -0.639592,-0.0162902,0.137713,-2.01056,0.587693,-0.268015,-0.268015;
6.25, -0.641773,3.40939e-05,0.137736,-2.00108,0.596325,-0.251096,-0.251096;
6.26, -0.642803,0.0165756,0.137735,-1.99114,0.604244,-0.233652,-0.233652;
6.27, -0.643051,0.0330131,0.137703,-1.98077,0.611389,-0.215685,-0.215685;
6.28, -0.642725,0.0493805,0.137645,-1.97004,0.617767,-0.197271,-0.197271;
6.29, -0.641871,0.0656531,0.137564,-1.959,0.62337,-0.178453,-0.178453;
6.3, -0.640465,0.0818288,0.137458,-1.94772,0.628171,-0.15927,-0.15927;
6.31, -0.638259,0.0979235,0.137323,-1.93623,0.632142,-0.139765,-0.139765;
6.32, -0.635808,0.11386,0.137166,-1.92462,0.635256,-0.119985,-0.119985;
6.33, -0.6325,0.129628,0.136982,-1.91294,0.63751,-0.0999933,-0.0999933;
6.34, -0.628633,0.145233,0.136772,-1.90126,0.638859,-0.0798338,-0.0798338;
6.35, -0.624016,0.160648,0.136536,-1.88966,0.639308,-0.0595721,-0.0595721;
6.36, -0.618217,0.175848,0.13627,-1.87821,0.638843,-0.0392694,-0.0392694;
6.37, -0.612531,0.190825,0.135977,-1.86699,0.637465,-0.0189934,-0.0189934;
6.38, -0.606049,0.205546,0.13566,-1.85608,0.635211,0.00117676,0.00117676;
6.39, -0.598734,0.219986,0.135322,-1.84553,0.632023,0.0211989,0.0211989;
6.4, -0.59017,0.234127,0.134954,-1.83544,0.62791,0.0410068,0.0410068;
6.41, -0.580787,0.247934,0.134564,-1.82586,0.622893,0.0605324,0.0605324;
6.42, -0.571454,0.261398,0.134154,-1.81687,0.617021,0.0797006,0.0797006;
6.43, -0.560816,0.27449,0.13372,-1.80852,0.610316,0.0984507,0.0984507;
6.44, -0.549816,0.28717,0.133263,-1.80087,0.602737,0.116748,0.116748;
6.45, -0.538069,0.299398,0.132788,-1.79397,0.594339,0.134528,0.134528;
6.46, -0.525731,0.311201,0.132292,-1.78786,0.585119,0.15175,0.15175;
6.47, -0.512086,0.322516,0.131773,-1.78259,0.575101,0.168373,0.168373;
6.48, -0.49846,0.3333,0.131234,-1.77819,0.564298,0.184356,0.184356;
6.49, -0.48461,0.343527,0.130687,-1.77467,0.552777,0.199648,0.199648;
6.5, -0.469293,0.353173,0.130123,-1.77207,0.540516,0.214235,0.214235;
6.51, -0.453148,0.362203,0.129544,-1.77039,0.527507,0.2281,0.2281;
6.52, -0.436388,0.370626,0.128961,-1.76962,0.513836,0.2412,0.2412;
6.53, -0.418765,0.378351,0.128358,-1.76977,0.499547,0.253506,0.253506;
6.54, -0.401133,0.385319,0.127745,-1.77082,0.48467,0.264998,0.264998;
6.55, -0.382107,0.39157,0.127124,-1.77273,0.469251,0.275658,0.275658;
6.56, -0.363421,0.397044,0.126495,-1.7755,0.453279,0.28549,0.28549;
6.57, -0.343685,0.401712,0.125861,-1.77906,0.436843,0.294463,0.294463;
6.58, -0.323868,0.405517,0.125216,-1.7834,0.419915,0.302588,0.302588;
6.59, -0.303435,0.408416,0.124568,-1.78844,0.402564,0.309847,0.309847;
6.6, -0.283623,0.410423,0.123923,-1.79415,0.384801,0.316243,0.316243;
6.61, -0.262537,0.411549,0.123278,-1.80045,0.366672,0.321771,0.321771;
6.62, -0.242081,0.41172,0.12263,-1.8073,0.348144,0.326453,0.326453;
6.63, -0.220996,0.410902,0.121986,-1.81461,0.329322,0.330256,0.330256;
6.64, -0.199834,0.409089,0.121346,-1.82232,0.310182,0.333204,0.333204;
6.65, -0.178405,0.406311,0.120717,-1.83034,0.290792,0.335284,0.335284;
6.66, -0.157372,0.402507,0.120081,-1.83859,0.271191,0.336498,0.336498;
6.67, -0.136518,0.397713,0.119454,-1.84699,0.251434,0.336837,0.336837;
6.68, -0.11533,0.391889,0.118839,-1.85545,0.231529,0.336312,0.336312;
6.69, -0.0943744,0.385039,0.118228,-1.86392,0.211511,0.334925,0.334925;
6.7, -0.0739329,0.377189,0.117629,-1.87228,0.191458,0.332663,0.332663;
6.71, -0.0538247,0.368336,0.11704,-1.88047,0.171412,0.329526,0.329526;
6.72, -0.0340827,0.358518,0.116472,-1.88841,0.151399,0.325522,0.325522;
6.73, -0.0152891,0.34773,0.11592,-1.89603,0.131464,0.320652,0.320652;
6.74, 0.00312781,0.336001,0.11538,-1.90327,0.111658,0.314913,0.314913;
6.75, 0.0205972,0.323385,0.11486,-1.91007,0.0919923,0.308322,0.308322;
6.76, 0.03741,0.309861,0.114362,-1.91638,0.0725259,0.300878,0.300878;
6.77, 0.053694,0.295546,0.113882,-1.92217,0.0532817,0.292592,0.292592;
6.78, 0.0694287,0.280404,0.113422,-1.92737,0.0343109,0.283471,0.283471;
6.79, 0.0845859,0.2645,0.112982,-1.93197,0.0156776,0.27351,0.27351;
6.8, 0.0985491,0.247869,0.112564,-1.93592,-0.00254854,0.262713,0.262713;
6.81, 0.111954,0.230561,0.112171,-1.93919,-0.0202977,0.251081,0.251081;
6.82, 0.124187,0.212638,0.1118,-1.94179,-0.0375465,0.238636,0.238636;
6.83, 0.135347,0.19416,0.111455,-1.9437,-0.0542182,0.225385,0.225385;
6.84, 0.145921,0.175172,0.111134,-1.94493,-0.0702826,0.211351,0.211351;
6.85, 0.155061,0.155691,0.110839,-1.94549,-0.085701,0.196557,0.196557;
6.86, 0.163304,0.135817,0.110564,-1.94539,-0.100392,0.181013,0.181013;
6.87, 0.169998,0.11556,0.110319,-1.94467,-0.114341,0.16476,0.16476;
6.88, 0.175568,0.0950029,0.110104,-1.94336,-0.127494,0.147824,0.147824;
6.89, 0.180828,0.0741742,0.109914,-1.94149,-0.139843,0.130255,0.130255;
6.9, 0.185002,0.053169,0.109747,-1.93911,-0.151351,0.112095,0.112095;
6.91, 0.187907,0.0320385,0.109608,-1.93627,-0.16191,0.0933618,0.0933618;
6.92, 0.189902,0.010843,0.1095,-1.93301,-0.171479,0.074099,0.074099;
6.93, 0.19141,-0.0104396,0.109424,-1.9294,-0.180038,0.0543615,0.0543615;
6.94, 0.191067,-0.0317035,0.109365,-1.92551,-0.187541,0.0341974,0.0341974;
6.95, 0.190392,-0.0528436,0.109335,-1.9214,-0.193906,0.0136517,0.0136517;
6.96, 0.188728,-0.0738547,0.109333,-1.91716,-0.199171,-0.00719405,-0.00719405;
6.97, 0.185245,-0.0947022,0.109361,-1.91286,-0.203256,-0.0282997,-0.0282997;
6.98, 0.181249,-0.115333,0.109408,-1.90859,-0.206139,-0.0496016,-0.0496016;
6.99, 0.176043,-0.135694,0.109491,-1.90442,-0.20787,-0.0710074,-0.0710074;
7, 0.169405,-0.155651,0.109588,-1.90045,-0.208399,-0.092463,-0.092463;
7.01, 0.161548,-0.175329,0.109706,-1.89675,-0.207737,-0.113891,-0.113891;
7.02, 0.152953,-0.19457,0.109841,-1.89341,-0.205922,-0.13522,-0.13522;
7.03, 0.143771,-0.213162,0.110008,-1.89049,-0.202976,-0.156369,-0.156369;
7.04, 0.13306,-0.231262,0.1102,-1.88807,-0.198887,-0.177282,-0.177282;
7.05, 0.121639,-0.248891,0.110416,-1.88621,-0.193643,-0.197919,-0.197919;
7.06, 0.109072,-0.265856,0.110646,-1.88498,-0.187309,-0.218201,-0.218201;
7.07, 0.0957935,-0.282239,0.110897,-1.88443,-0.179891,-0.238069,-0.238069;
7.08, 0.0809357,-0.29787,0.111168,-1.8846,-0.171435,-0.257467,-0.257467;
7.09, 0.0655754,-0.312544,0.111457,-1.88553,-0.161958,-0.276346,-0.276346;
7.1, 0.0490324,-0.326517,0.111766,-1.88723,-0.151552,-0.294646,-0.294646;
7.11, 0.0319159,-0.339536,0.112091,-1.88972,-0.140236,-0.312352,-0.312352;
7.12, 0.014322,-0.35176,0.11243,-1.89301,-0.128075,-0.329413,-0.329413;
7.13, -0.00453353,-0.363234,0.112797,-1.89707,-0.1151,-0.345813,-0.345813;
7.14, -0.0234916,-0.373699,0.113172,-1.90192,-0.101331,-0.361529,-0.361529;
7.15, -0.043329,-0.383183,0.113564,-1.90751,-0.0868536,-0.376505,-0.376505;
7.16, -0.0638926,-0.391556,0.113958,-1.91383,-0.0716755,-0.390747,-0.390747;
7.17, -0.0849469,-0.398974,0.114368,-1.92081,-0.0558653,-0.404233,-0.404233;
7.18, -0.106404,-0.405381,0.1148,-1.9284,-0.0394882,-0.416957,-0.416957;
7.19, -0.128151,-0.410766,0.115236,-1.93655,-0.0225908,-0.428905,-0.428905;
7.2, -0.150859,-0.415013,0.11568,-1.94518,-0.0052192,-0.440066,-0.440066;
7.21, -0.173115,-0.41819,0.116125,-1.95422,0.0125877,-0.450439,-0.450439;
7.22, -0.195661,-0.420343,0.11658,-1.96358,0.0307314,-0.460005,-0.460005;
7.23, -0.218174,-0.421494,0.117042,-1.97319,0.0492192,-0.468786,-0.468786;
7.24, -0.240662,-0.421504,0.117509,-1.98297,0.0680007,-0.476774,-0.476774;
7.25, -0.26299,-0.420417,0.117982,-1.99285,0.0870441,-0.48397,-0.48397;
7.26, -0.285297,-0.418447,0.118456,-2.00273,0.106308,-0.490384,-0.490384;
7.27, -0.307772,-0.415401,0.118936,-2.01255,0.125756,-0.496024,-0.496024;
7.28, -0.329374,-0.411469,0.119413,-2.02222,0.145347,-0.500877,-0.500877;
7.29, -0.350798,-0.406524,0.119897,-2.03164,0.165012,-0.504936,-0.504936;
7.3, -0.371704,-0.400541,0.120372,-2.04076,0.184765,-0.508218,-0.508218;
7.31, -0.392135,-0.393587,0.120847,-2.04952,0.204559,-0.510725,-0.510725;
7.32, -0.412116,-0.385829,0.121316,-2.05786,0.224366,-0.512472,-0.512472;
7.33, -0.431442,-0.377301,0.121785,-2.0657,0.244153,-0.513467,-0.513467;
7.34, -0.450378,-0.368034,0.122236,-2.07301,0.263888,-0.513704,-0.513704;
7.35, -0.468429,-0.358047,0.122684,-2.07974,0.283551,-0.513184,-0.513184;
7.36, -0.485877,-0.347265,0.123121,-2.08583,0.303104,-0.511893,-0.511893;
7.37, -0.503272,-0.335765,0.123548,-2.09126,0.32254,-0.50984,-0.50984;
7.38, -0.519946,-0.32365,0.123962,-2.096,0.341824,-0.507029,-0.507029;
7.39, -0.53583,-0.310948,0.124376,-2.09998,0.360881,-0.503433,-0.503433;
7.4, -0.550777,-0.297698,0.124772,-2.10319,0.379686,-0.49905,-0.49905;
7.41, -0.56496,-0.28388,0.125149,-2.1056,0.398222,-0.493882,-0.493882;
7.42, -0.578465,-0.269639,0.125517,-2.10721,0.416481,-0.487937,-0.487937;
7.43, -0.592032,-0.254967,0.125875,-2.10802,0.434441,-0.481219,-0.481219;
7.44, -0.604454,-0.239881,0.126218,-2.10801,0.452075,-0.473719,-0.473719;
7.45, -0.616328,-0.224425,0.126537,-2.10713,0.469294,-0.465395,-0.465395;
7.46, -0.626862,-0.208695,0.126846,-2.10541,0.486104,-0.456267,-0.456267;
7.47, -0.636508,-0.192607,0.127126,-2.10283,0.502468,-0.446326,-0.446326;
7.48, -0.646046,-0.176251,0.12739,-2.09943,0.51841,-0.435597,-0.435597;
7.49, -0.654141,-0.159621,0.127631,-2.09521,0.533915,-0.424095,-0.424095;
7.5, -0.661887,-0.142808,0.127849,-2.09016,0.548908,-0.411792,-0.411792;
7.51, -0.669021,-0.125773,0.128047,-2.08432,0.563413,-0.398727,-0.398727;
7.52, -0.675227,-0.108579,0.128223,-2.07768,0.577376,-0.384888,-0.384888;
7.53, -0.680891,-0.0912712,0.128375,-2.07027,0.590757,-0.370279,-0.370279;
7.54, -0.68576,-0.0738471,0.128501,-2.0621,0.603545,-0.354922,-0.354922;
7.55, -0.690011,-0.0563173,0.128598,-2.05319,0.615698,-0.338822,-0.338822;
7.56, -0.694208,-0.038749,0.128673,-2.04358,0.627192,-0.321999,-0.321999;
7.57, -0.696892,-0.0211401,0.128724,-2.03329,0.637994,-0.304474,-0.304474;
7.58, -0.699511,-0.00354433,0.128753,-2.02234,0.648023,-0.286241,-0.286241;
7.59, -0.701357,0.0141079,0.128755,-2.01081,0.657315,-0.267367,-0.267367;
7.6, -0.702292,0.0316846,0.128726,-1.99871,0.665797,-0.247859,-0.247859;
7.61, -0.703054,0.0492165,0.128665,-1.98611,0.673444,-0.227766,-0.227766;
7.62, -0.702861,0.0666697,0.128576,-1.97308,0.68025,-0.207138,-0.207138;
7.63, -0.702152,0.0840347,0.128461,-1.95965,0.686154,-0.186004,-0.186004;
7.64, -0.700445,0.101293,0.128319,-1.94592,0.691153,-0.16443,-0.16443;
7.65, -0.698341,0.118431,0.128149,-1.93194,0.695213,-0.142469,-0.142469;
7.66, -0.695284,0.135432,0.127948,-1.91782,0.69834,-0.120198,-0.120198;
7.67, -0.691848,0.152251,0.127716,-1.90362,0.700495,-0.0976771,-0.0976771;
7.68, -0.687414,0.168911,0.127455,-1.88944,0.701682,-0.0749865,-0.0749865;
7.69, -0.682532,0.185338,0.127169,-1.87536,0.701868,-0.0521885,-0.0521885;
7.7, -0.676198,0.201567,0.126856,-1.86149,0.701064,-0.0293712,-0.0293712;
7.71, -0.668955,0.217544,0.126513,-1.8479,0.699248,-0.00660286,-0.00660286;
7.72, -0.661694,0.23325,0.126146,-1.8347,0.69647,0.0160142,0.0160142;
7.73, -0.65327,0.248691,0.125753,-1.82198,0.692745,0.0383984,0.0383984;
7.74, -0.644406,0.263821,0.125332,-1.80981,0.688024,0.0604969,0.0604969;
7.75, -0.634589,0.278603,0.124884,-1.7983,0.68234,0.0822244,0.0822244;
7.76, -0.62428,0.293037,0.124415,-1.78751,0.675684,0.103518,0.103518;
7.77, -0.613347,0.307097,0.123921,-1.77752,0.668081,0.124309,0.124309;
7.78, -0.601536,0.320747,0.123398,-1.76841,0.65953,0.14454,0.14454;
7.79, -0.588735,0.333938,0.122865,-1.76024,0.650038,0.164153,0.164153;
7.8, -0.575698,0.346675,0.122302,-1.75305,0.639634,0.183094,0.183094;
7.81, -0.561684,0.358898,0.121721,-1.74691,0.62836,0.201309,0.201309;
7.82, -0.546206,0.370619,0.121113,-1.74185,0.616205,0.218766,0.218766;
7.83, -0.530902,0.381758,0.120497,-1.7379,0.603209,0.235423,0.235423;
7.84, -0.51453,0.392324,0.119877,-1.73508,0.589449,0.25123,0.25123;
7.85, -0.497287,0.402221,0.119226,-1.7334,0.574893,0.26618,0.26618;
7.86, -0.478807,0.411428,0.118551,-1.73287,0.559592,0.280238,0.280238;
7.87, -0.460079,0.419911,0.117857,-1.73349,0.543588,0.293388,0.293388;
7.88, -0.439688,0.4276,0.117166,-1.73521,0.526945,0.305603,0.305603;
7.89, -0.419461,0.434501,0.116471,-1.73802,0.509664,0.316884,0.316884;
7.9, -0.398455,0.440523,0.115765,-1.74186,0.491844,0.327201,0.327201;
7.91, -0.376509,0.445669,0.115055,-1.74671,0.473466,0.336565,0.336565;
7.92, -0.354531,0.449869,0.114338,-1.7525,0.454568,0.344971,0.344971;
7.93, -0.331503,0.453098,0.113619,-1.75917,0.435211,0.352406,0.352406;
7.94, -0.308169,0.455333,0.112896,-1.76665,0.415393,0.358884,0.358884;
7.95, -0.285019,0.456526,0.112172,-1.77485,0.395187,0.36439,0.36439;
7.96, -0.261576,0.456646,0.111469,-1.78368,0.37462,0.368926,0.368926;
7.97, -0.237699,0.455656,0.110756,-1.79309,0.353687,0.372507,0.372507;
7.98, -0.21415,0.453539,0.110035,-1.80295,0.33243,0.375136,0.375136;
7.99, -0.190232,0.450309,0.109328,-1.81318,0.310897,0.376807,0.376807;
8, -0.165975,0.445912,0.108626,-1.82368,0.289093,0.377536,0.377536;
8.01, -0.141864,0.440322,0.107925,-1.83434,0.26708,0.377313,0.377313;
8.02, -0.118287,0.433565,0.107248,-1.84504,0.244927,0.376127,0.376127;
8.03, -0.0944631,0.42562,0.106575,-1.85567,0.222671,0.373982,0.373982;
8.04, -0.0716622,0.416519,0.105927,-1.86615,0.200334,0.370886,0.370886;
8.05, -0.0491316,0.406251,0.10529,-1.87637,0.177996,0.366827,0.366827;
8.06, -0.0274508,0.394874,0.104672,-1.88624,0.155658,0.361821,0.361821;
8.07, -0.00628257,0.382386,0.104066,-1.89567,0.13338,0.355865,0.355865;
8.08, 0.0147092,0.368807,0.103478,-1.90459,0.111185,0.348966,0.348966;
8.09, 0.0347106,0.354175,0.102917,-1.91293,0.089132,0.34112,0.34112;
8.1, 0.0540621,0.33852,0.102373,-1.9206,0.0673132,0.332312,0.332312;
8.11, 0.0719874,0.321921,0.101852,-1.92754,0.0457672,0.322552,0.322552;
8.12, 0.0896971,0.304386,0.101358,-1.93371,0.0245612,0.311838,0.311838;
8.13, 0.1062,0.286011,0.100887,-1.93908,0.00370718,0.30019,0.30019;
8.14, 0.121722,0.266757,0.100444,-1.9436,-0.0166786,0.287593,0.287593;
8.15, 0.136039,0.246771,0.100027,-1.94726,-0.0365543,0.274059,0.274059;
8.16, 0.149076,0.226101,0.0996402,-1.95004,-0.0558548,0.259604,0.259604;
8.17, 0.161678,0.204786,0.0992816,-1.95195,-0.0745323,0.244244,0.244244;
8.18, 0.172636,0.182904,0.0989508,-1.95299,-0.0925412,0.228002,0.228002;
8.19, 0.182997,0.160502,0.098652,-1.95318,-0.109762,0.210878,0.210878;
8.2, 0.191808,0.137655,0.098381,-1.95254,-0.126173,0.192913,0.192913;
8.21, 0.19943,0.114445,0.0981396,-1.95109,-0.141667,0.17412,0.17412;
8.22, 0.206312,0.0909126,0.0979286,-1.94891,-0.156215,0.154546,0.154546;
8.23, 0.211603,0.0671446,0.0977513,-1.94602,-0.16976,0.134231,0.134231;
8.24, 0.216188,0.0432298,0.0976063,-1.9425,-0.182207,0.113207,0.113207;
8.25, 0.219278,0.0191691,0.0974921,-1.93842,-0.193533,0.0915371,0.0915371;
8.26, 0.221462,-0.00497437,0.0974057,-1.93385,-0.20365,0.0692626,0.0692626;
8.27, 0.22207,-0.0290546,0.0973509,-1.92888,-0.212532,0.046456,0.046456;
8.28, 0.220502,-0.0531003,0.0973277,-1.9236,-0.220115,0.0231794,0.0231794;
8.29, 0.218595,-0.0769498,0.0973337,-1.91811,-0.226393,-0.000487084,-0.000487084;
8.3, 0.21532,-0.100657,0.0973689,-1.91253,-0.231419,-0.0244335,-0.0244335;
8.31, 0.210693,-0.124036,0.0974303,-1.90695,-0.235095,-0.0486102,-0.0486102;
8.32, 0.204779,-0.147077,0.0975229,-1.90148,-0.237413,-0.0729275,-0.0729275;
8.33, 0.197813,-0.169791,0.0976452,-1.89622,-0.238374,-0.097302,-0.097302;
8.34, 0.189806,-0.19209,0.097797,-1.89129,-0.237981,-0.121647,-0.121647;
8.35, 0.180259,-0.213852,0.0979749,-1.88678,-0.236224,-0.145878,-0.145878;
8.36, 0.169997,-0.235073,0.0981779,-1.88281,-0.233098,-0.169911,-0.169911;
8.37, 0.157793,-0.255696,0.0984067,-1.87947,-0.228652,-0.193659,-0.193659;
8.38, 0.145547,-0.275591,0.0986562,-1.87684,-0.222872,-0.217055,-0.217055;
8.39, 0.131555,-0.29474,0.0989245,-1.87501,-0.215854,-0.240004,-0.240004;
8.4, 0.11675,-0.313174,0.0992203,-1.87405,-0.207546,-0.26247,-0.26247;
8.41, 0.100722,-0.330749,0.0995375,-1.87402,-0.198041,-0.284379,-0.284379;
8.42, 0.0833099,-0.3476,0.0998746,-1.87496,-0.187364,-0.305672,-0.305672;
8.43, 0.0650866,-0.363301,0.100244,-1.87692,-0.175579,-0.326297,-0.326297;
8.44, 0.045768,-0.378207,0.10063,-1.8799,-0.162767,-0.346186,-0.346186;
8.45, 0.0253103,-0.392139,0.101034,-1.88391,-0.148977,-0.365321,-0.365321;
8.46, 0.00460839,-0.404833,0.101449,-1.88895,-0.134274,-0.383653,-0.383653;
8.47, -0.0177667,-0.41664,0.101883,-1.89498,-0.118734,-0.401145,-0.401145;
8.48, -0.040767,-0.427179,0.102335,-1.90198,-0.102375,-0.417811,-0.417811;
8.49, -0.064348,-0.436584,0.102791,-1.90987,-0.0853188,-0.433593,-0.433593;
8.5, -0.0882709,-0.444875,0.103268,-1.9186,-0.0676237,-0.448492,-0.448492;
8.51, -0.1129,-0.451903,0.103762,-1.9281,-0.0493384,-0.462503,-0.462503;
8.52, -0.137776,-0.457592,0.104249,-1.93828,-0.0305,-0.475626,-0.475626;
8.53, -0.162971,-0.462207,0.104769,-1.94906,-0.0111832,-0.487856,-0.487856;
8.54, -0.188756,-0.465585,0.105299,-1.96033,0.00856929,-0.499213,-0.499213;
8.55, -0.214287,-0.467688,0.105835,-1.972,0.0287058,-0.509685,-0.509685;
8.56, -0.239477,-0.468543,0.106383,-1.98394,0.0491473,-0.519264,-0.519264;
8.57, -0.265189,-0.468327,0.106938,-1.99606,0.0698736,-0.527974,-0.527974;
8.58, -0.2906,-0.466813,0.107498,-2.00828,0.0908665,-0.535839,-0.535839;
8.59, -0.315729,-0.464088,0.108041,-2.02046,0.112043,-0.542834,-0.542834;
8.6, -0.340306,-0.460277,0.108595,-2.0325,0.133368,-0.548978,-0.548978;
8.61, -0.364193,-0.455335,0.109149,-2.04432,0.154807,-0.554287,-0.554287;
8.62, -0.388599,-0.44934,0.109705,-2.05583,0.176343,-0.558773,-0.558773;
8.63, -0.41199,-0.442369,0.110265,-2.06695,0.19796,-0.562456,-0.562456;
8.64, -0.435136,-0.434447,0.110817,-2.07757,0.219549,-0.565297,-0.565297;
8.65, -0.457131,-0.425516,0.111362,-2.08763,0.241114,-0.567317,-0.567317;
8.66, -0.478463,-0.415776,0.111906,-2.09704,0.262602,-0.568502,-0.568502;
8.67, -0.499145,-0.405221,0.112446,-2.10579,0.284021,-0.568883,-0.568883;
8.68, -0.519422,-0.393744,0.112969,-2.11381,0.305345,-0.568456,-0.568456;
8.69, -0.538704,-0.381568,0.113479,-2.12106,0.326542,-0.567214,-0.567214;
8.7, -0.557296,-0.368639,0.113995,-2.12748,0.347555,-0.565151,-0.565151;
8.71, -0.574813,-0.355167,0.114498,-2.13305,0.368377,-0.562271,-0.562271;
8.72, -0.591454,-0.341024,0.114993,-2.13774,0.388971,-0.558571,-0.558571;
8.73, -0.607586,-0.326212,0.115469,-2.14154,0.409338,-0.554054,-0.554054;
8.74, -0.622895,-0.310989,0.115923,-2.14444,0.429454,-0.548724,-0.548724;
8.75, -0.637568,-0.295246,0.116349,-2.14639,0.449267,-0.542567,-0.542567;
8.76, -0.651274,-0.279089,0.11677,-2.1474,0.468757,-0.53557,-0.53557;
8.77, -0.664251,-0.262554,0.117178,-2.14745,0.487886,-0.527718,-0.527718;
8.78, -0.676026,-0.245616,0.117565,-2.14653,0.50664,-0.519013,-0.519013;
8.79, -0.687114,-0.228415,0.117942,-2.14464,0.524987,-0.509444,-0.509444;
8.8, -0.69749,-0.210879,0.118294,-2.1418,0.54293,-0.49903,-0.49903;
8.81, -0.707142,-0.193146,0.118623,-2.138,0.560436,-0.487758,-0.487758;
8.82, -0.715741,-0.175152,0.118936,-2.13325,0.577468,-0.47562,-0.47562;
8.83, -0.724474,-0.156885,0.11922,-2.12755,0.593997,-0.462606,-0.462606;
8.84, -0.732289,-0.138468,0.119481,-2.12091,0.610012,-0.448732,-0.448732;
8.85, -0.739396,-0.119919,0.119717,-2.11331,0.625412,-0.433958,-0.433958;
8.86, -0.745173,-0.101255,0.119931,-2.10478,0.64018,-0.418293,-0.418293;
8.87, -0.750444,-0.0825131,0.120117,-2.09533,0.654283,-0.401744,-0.401744;
8.88, -0.754602,-0.0636895,0.120271,-2.08501,0.667737,-0.384351,-0.384351;
8.89, -0.758729,-0.0448515,0.120402,-2.07385,0.680496,-0.366117,-0.366117;
8.9, -0.761716,-0.0259924,0.120502,-2.06188,0.692555,-0.347078,-0.347078;
8.91, -0.764256,-0.00715113,0.120574,-2.04911,0.70383,-0.327222,-0.327222;
8.92, -0.766421,0.0116971,0.12062,-2.03561,0.71432,-0.306594,-0.306594;
8.93, -0.767438,0.0304706,0.120639,-2.0214,0.723972,-0.285214,-0.285214;
8.94, -0.767601,0.0491593,0.12063,-2.00655,0.732729,-0.263112,-0.263112;
8.95, -0.767701,0.067786,0.120587,-1.99112,0.740593,-0.24035,-0.24035;
8.96, -0.766752,0.0863411,0.12052,-1.97519,0.747547,-0.216988,-0.216988;
8.97, -0.765152,0.104762,0.120414,-1.95882,0.753515,-0.193061,-0.193061;
8.98, -0.762831,0.123019,0.120279,-1.9421,0.758491,-0.16865,-0.16865;
8.99, -0.759756,0.141125,0.120117,-1.92513,0.76245,-0.143827,-0.143827;
9, -0.756387,0.159041,0.119924,-1.908,0.765371,-0.118668,-0.118668;
9.01, -0.751712,0.17677,0.119703,-1.89081,0.767237,-0.0932601,-0.0932601;
9.02, -0.746644,0.194321,0.119448,-1.87367,0.768002,-0.0676753,-0.0676753;
9.03, -0.74139,0.211638,0.119164,-1.8567,0.767694,-0.0420275,-0.0420275;
9.04, -0.734973,0.228712,0.118849,-1.84001,0.766282,-0.0164033,-0.0164033;
9.05, -0.727459,0.245528,0.118501,-1.82371,0.76372,0.00911947,0.00911947;
9.06, -0.719708,0.262081,0.118124,-1.80792,0.760037,0.0344311,0.0344311;
9.07, -0.7108,0.278342,0.117719,-1.79276,0.755263,0.0594242,0.0594242;
9.08, -0.700627,0.294294,0.117286,-1.77834,0.749369,0.08402,0.08402;
9.09, -0.690346,0.309895,0.116824,-1.76477,0.742392,0.10812,0.10812;
9.1, -0.679018,0.325157,0.116339,-1.75214,0.734382,0.131626,0.131626;
9.11, -0.666607,0.340046,0.11583,-1.74054,0.725308,0.154481,0.154481;
9.12, -0.653823,0.354488,0.115292,-1.73006,0.715207,0.176606,0.176606;
9.13, -0.639715,0.36847,0.114732,-1.72077,0.704123,0.197931,0.197931;
9.14, -0.624377,0.381978,0.114151,-1.71273,0.692049,0.218412,0.218412;
9.15, -0.608453,0.394995,0.113545,-1.70599,0.679049,0.237993,0.237993;
9.16, -0.591579,0.40742,0.112921,-1.70059,0.66518,0.256621,0.256621;
9.17, -0.574527,0.419255,0.112272,-1.69655,0.650453,0.274267,0.274267;
9.18, -0.556491,0.430452,0.111615,-1.6939,0.634907,0.290905,0.290905;
9.19, -0.537197,0.440948,0.110947,-1.69264,0.618527,0.306529,0.306529;
9.2, -0.517398,0.450714,0.11026,-1.69278,0.601359,0.321119,0.321119;
9.21, -0.49616,0.459698,0.109557,-1.69429,0.583466,0.334654,0.334654;
9.22, -0.474512,0.46785,0.108856,-1.69714,0.564863,0.347134,0.347134;
9.23, -0.451928,0.475164,0.10813,-1.70129,0.545627,0.358542,0.358542;
9.24, -0.428882,0.481512,0.107393,-1.70669,0.52577,0.368885,0.368885;
9.25, -0.404972,0.486863,0.106647,-1.71328,0.505335,0.378157,0.378157;
9.26, -0.380181,0.491194,0.105902,-1.721,0.484341,0.386372,0.386372;
9.27, -0.355073,0.494498,0.105164,-1.72975,0.462834,0.39353,0.39353;
9.28, -0.329092,0.496653,0.10443,-1.73944,0.440869,0.399628,0.399628;
9.29, -0.302875,0.497621,0.103687,-1.74997,0.418469,0.404673,0.404673;
9.3, -0.276359,0.497408,0.102955,-1.76123,0.395697,0.408662,0.408662;
9.31, -0.249679,0.495944,0.102222,-1.7731,0.372575,0.411608,0.411608;
9.32, -0.223359,0.493229,0.101507,-1.78547,0.349141,0.413515,0.413515;
9.33, -0.196984,0.489197,0.100797,-1.7982,0.325426,0.414389,0.414389;
9.34, -0.169676,0.483849,0.100096,-1.81119,0.301436,0.414246,0.414246;
9.35, -0.143086,0.477188,0.0994051,-1.8243,0.277213,0.413091,0.413091;
9.36, -0.116489,0.469166,0.0987211,-1.83737,0.252872,0.410899,0.410899;
9.37, -0.0902293,0.459821,0.0980531,-1.85029,0.22842,0.407684,0.407684;
9.38, -0.0643189,0.4492,0.0974032,-1.86292,0.20392,0.403441,0.403441;
9.39, -0.0389612,0.437218,0.0967728,-1.87514,0.179422,0.398169,0.398169;
9.4, -0.0149224,0.423987,0.0961617,-1.88685,0.154987,0.391858,0.391858;
9.41, 0.00821614,0.409498,0.0955718,-1.89792,0.13067,0.384512,0.384512;
9.42, 0.0305188,0.393814,0.0950034,-1.9083,0.106473,0.376149,0.376149;
9.43, 0.0524547,0.37698,0.0944609,-1.91789,0.0824414,0.366774,0.366774;
9.44, 0.0728261,0.359047,0.0939437,-1.92664,0.0586336,0.356384,0.356384;
9.45, 0.0926774,0.340054,0.0934536,-1.93444,0.0351577,0.344962,0.344962;
9.46, 0.111124,0.320043,0.0929936,-1.94129,0.012032,0.332527,0.332527;
9.47, 0.128703,0.299099,0.0925601,-1.9471,-0.0106352,0.319066,0.319066;
9.48, 0.14487,0.277344,0.0921556,-1.95188,-0.0327974,0.304595,0.304595;
9.49, 0.16006,0.2548,0.0917843,-1.95558,-0.0543627,0.289116,0.289116;
9.5, 0.174476,0.231512,0.0914456,-1.95823,-0.0752799,0.272642,0.272642;
9.51, 0.187029,0.207567,0.0911332,-1.9598,-0.0954552,0.25518,0.25518;
9.52, 0.19828,0.183047,0.090862,-1.96032,-0.114773,0.236738,0.236738;
9.53, 0.208251,0.158023,0.0906199,-1.95983,-0.133211,0.21736,0.21736;
9.54, 0.217152,0.132613,0.0904146,-1.95837,-0.150698,0.19708,0.19708;
9.55, 0.224906,0.106866,0.0902452,-1.95599,-0.167159,0.175934,0.175934;
9.56, 0.230717,0.0808294,0.0901069,-1.95274,-0.182502,0.153955,0.153955;
9.57, 0.235204,0.0546224,0.0900039,-1.94871,-0.196642,0.131187,0.131187;
9.58, 0.239196,0.0283244,0.0899368,-1.94398,-0.20957,0.107709,0.107709;
9.59, 0.241358,0.00206208,0.0899032,-1.93864,-0.221225,0.0835827,0.0835827;
9.6, 0.242462,-0.0243087,0.0899005,-1.93279,-0.231476,0.0588519,0.0588519;
9.61, 0.24185,-0.050509,0.0899319,-1.92654,-0.24032,0.0336021,0.0336021;
9.62, 0.240473,-0.0764883,0.0899889,-1.92,-0.247684,0.00792006,0.00792006;
9.63, 0.237241,-0.10219,0.0900875,-1.91331,-0.25357,-0.0180976,-0.0180976;
9.64, 0.232943,-0.127588,0.0902179,-1.9066,-0.257904,-0.0443801,-0.0443801;
9.65, 0.227419,-0.152582,0.0903868,-1.89998,-0.260712,-0.0708141,-0.0708141;
9.66, 0.219939,-0.177185,0.0905772,-1.8936,-0.261962,-0.0973061,-0.0973061;
9.67, 0.211333,-0.201267,0.0907972,-1.88759,-0.261647,-0.123758,-0.123758;
9.68, 0.201419,-0.224817,0.0910419,-1.88208,-0.259829,-0.15005,-0.15005;
9.69, 0.190046,-0.247693,0.0913151,-1.87718,-0.256512,-0.176089,-0.176089;
9.7, 0.177533,-0.269891,0.0916177,-1.87302,-0.251718,-0.20178,-0.20178;
9.71, 0.163844,-0.291288,0.0919514,-1.8697,-0.245498,-0.227032,-0.227032;
9.72, 0.149022,-0.311949,0.0923058,-1.86731,-0.23788,-0.251763,-0.251763;
9.73, 0.132541,-0.331818,0.0926746,-1.86593,-0.228909,-0.275902,-0.275902;
9.74, 0.115132,-0.35071,0.0930765,-1.86564,-0.218628,-0.299376,-0.299376;
9.75, 0.0966957,-0.368615,0.0935057,-1.86649,-0.207129,-0.322106,-0.322106;
9.76, 0.0777628,-0.38549,0.0939594,-1.86851,-0.194462,-0.344047,-0.344047;
9.77, 0.0570343,-0.401244,0.094425,-1.87172,-0.180684,-0.365157,-0.365157;
9.78, 0.035392,-0.415869,0.0949107,-1.87614,-0.165819,-0.385416,-0.385416;
9.79, 0.0128262,-0.42949,0.0954165,-1.88174,-0.149998,-0.404777,-0.404777;
9.8, -0.0107501,-0.441942,0.0959408,-1.88848,-0.13329,-0.423219,-0.423219;
9.81, -0.0357177,-0.453071,0.0964782,-1.89633,-0.115763,-0.440712,-0.440712;
9.82, -0.0609119,-0.462954,0.0970317,-1.90521,-0.0974981,-0.457235,-0.457235;
9.83, -0.0870597,-0.471424,0.0975985,-1.91503,-0.078615,-0.472771,-0.472771;
9.84, -0.113098,-0.478655,0.0981778,-1.9257,-0.0591435,-0.487333,-0.487333;
9.85, -0.139386,-0.484516,0.0987646,-1.93711,-0.0391761,-0.500922,-0.500922;
9.86, -0.166203,-0.489092,0.0993714,-1.94917,-0.0187241,-0.513559,-0.513559;
9.87, -0.19385,-0.492455,0.0999852,-1.96179,0.00216682,-0.525263,-0.525263;
9.88, -0.220906,-0.494482,0.100606,-1.97481,0.0234208,-0.53603,-0.53603;
9.89, -0.247987,-0.495004,0.10124,-1.98811,0.0449385,-0.545837,-0.545837;
9.9, -0.274937,-0.494403,0.10188,-2.00158,0.0667211,-0.55472,-0.55472;
9.91, -0.301914,-0.492485,0.102519,-2.01509,0.0887105,-0.562709,-0.562709;
9.92, -0.328361,-0.489389,0.103159,-2.02854,0.110868,-0.569801,-0.569801;
9.93, -0.354709,-0.485058,0.103812,-2.04179,0.133132,-0.576002,-0.576002;
9.94, -0.380293,-0.479495,0.104465,-2.05474,0.155481,-0.581328,-0.581328;
9.95, -0.405765,-0.472882,0.105105,-2.06729,0.177851,-0.585777,-0.585777;
9.96, -0.430296,-0.465175,0.105741,-2.07935,0.200225,-0.589378,-0.589378;
9.97, -0.453698,-0.456497,0.106388,-2.09081,0.222541,-0.592113,-0.592113;
9.98, -0.476243,-0.446876,0.10701,-2.10163,0.244793,-0.594005,-0.594005;
9.99, -0.498335,-0.436455,0.107638,-2.11176,0.266986,-0.595077,-0.595077;
