0, -0.213126,0.599437,3.82206,0,0,0,0;
0.01, 0.202176,-0.0659001,3.48485,0,0,0,0;
0.02, -0.599636,-117.099,14.0909,0,0,0,0;
0.03, -3.56509,5.7423,0.305789,0,0,0,0;
0.04, -6.60228,19.05,-2.12604,0,0,0,0;
0.05, -5.50999,20.0385,-0.808668,0,0,0,0;
0.06, -7.20554,18.1763,0.42322,0,0,0,0;
0.07, -4.54424,16.8477,1.32717,0,0,0,0;
0.08, -0.548761,14.5919,2.10841,0,0,0,0;
0.09, -1.63783,12.2571,2.58139,0,0,0,0;
0.1, -0.594981,10.5109,2.83992,0,0,0,0;
0.11, -0.848394,8.99643,2.95798,0,0,0,0;
0.12, -0.329624,7.60047,3.00992,0,0,0,0;
0.13, 0.311568,6.5899,2.94694,0,0,0,0;
0.14, 1.03243,5.83485,3.09489,0,0,0,0;
0.15, 1.8359,5.13594,2.78146,0,0,0,0;
0.16, 1.85052,4.49195,3.17771,0,0,0,0;
0.17, 0.77828,4.06577,2.64884,0,0,0,0;
0.18, 2.36121,3.50958,2.79614,0,0,0,0;
0.19, 1.88808,3.21623,2.9304,0,0,0,0;
0.2, 1.30426,2.81512,2.87345,0,0,0,0;
0.21, 1.89916,2.56921,2.70587,0,0,0,0;
0.22, 2.15278,2.10364,2.83892,0,0,0,0;
0.23, 2.47705,2.00243,2.81583,0,0,0,0;
0.24, 1.8128,1.48474,2.87772,0,0,0,0;
0.25, 2.19799,1.45939,2.75901,0,0,0,0;
0.26, 2.77632,1.07062,2.7256,0,0,0,0;
0.27, 1.29039,0.780983,2.77751,0,0,0,0;
0.28, 2.67915,0.46307,2.92193,0,0,0,0;
0.29, 1.5565,0.573297,2.85887,0,0,0,0;
0.3, 3.16382,0.24441,2.8389,0,0,0,0;
0.31, 0.826364,0.148375,2.79684,0,0,0,0;
0.32, 1.30294,-0.0389322,2.81387,0,0,0,0;
0.33, 1.34133,-0.0927938,2.89413,0,0,0,0;
0.34, 1.57593,-0.536143,2.86097,0,0,0,0;
0.35, 1.80105,-0.597524,2.95483,0,0,0,0;
0.36, 0.642782,-0.58925,2.80928,0,0,0,0;
0.37, 1.88857,-0.981847,2.92444,0,0,0,0;
0.38, 1.17689,-0.370563,2.88721,0,0,0,0;
0.39, 0.783878,-1.12537,2.94155,0,0,0,0;
0.4, 1.52976,-0.94431,2.9009,0,0,0,0;
0.41, 0.754506,-1.46373,2.84818,0,0,0,0;
0.42, 0.175394,-0.551018,2.79982,0,0,0,0;
0.43, 0.876775,-1.89231,2.99082,0,0,0,0;
0.44, 0.428947,-1.07481,2.71087,0,0,0,0;
0.45, 0.16144,-2.01775,2.86061,0,0,0,0;
0.46, 1.15119,-1.2711,3.08743,0,0,0,0;
0.47, 0.541864,-1.79753,2.66617,0,0,0,0;
0.48, 0.81439,-1.90514,2.82801,0,0,0,0;
0.49, -0.643885,-1.45731,2.88076,0,0,0,0;
0.5, 0.372796,-1.36308,2.81316,0,0,0,0;
0.51, 0.642563,-1.26097,2.73442,0,0,0,0;
0.52, 0.0286051,-1.5703,2.82961,0,0,0,0;
0.53, 0.152814,-1.5101,2.63777,0,0,0,0;
0.54, -0.0614219,-0.523207,2.6936,0,0,0,0;
0.55, -0.307901,-1.30255,2.68131,0,0,0,0;
0.56, 0.601581,-0.89077,2.85209,0,0,0,0;
0.57, -0.619006,-0.358754,2.64066,0,0,0,0;
0.58, -0.498408,-0.958905,2.57432,0,0,0,0;
0.59, -0.527731,-1.33692,2.62229,0,0,0,0;
0.6, -0.435097,0.325995,2.57762,0,0,0,0;
0.61, -0.167062,-0.661887,2.65016,0,0,0,0;
0.62, -0.134555,-0.0996432,2.51288,0,0,0,0;
0.63, -0.835349,-0.593073,2.67888,0,0,0,0;
0.64, 0.133706,-0.381519,2.54453,0,0,0,0;
0.65, -0.417708,-0.0649272,2.5142,0,0,0,0;
0.66, -0.57017,-0.474656,2.58457,0,0,0,0;
0.67, -1.30644,0.0287178,2.37537,0,0,0,0;
0.68, -0.38346,-0.20712,2.53053,0,0,0,0;
0.69, -0.196583,-0.202925,2.46268,0,0,0,0;
0.7, -0.664579,-0.220002,2.52769,0,0,0,0;
0.71, -0.396012,0.110629,2.43357,0,0,0,0;
0.72, -0.314969,-0.0638068,2.40694,0,0,0,0;
0.73, -0.881922,-0.152968,2.40622,0,0,0,0;
0.74, -0.658508,-0.301775,2.46013,0,0,0,0;
0.75, -0.837077,-0.0790763,2.32156,0,0,0,0;
0.76, -0.40131,-0.0479559,2.38766,0,0,0,0;
0.77, -1.12908,0.0213652,2.37596,0,0,0,0;
0.78, -0.847388,0.0341398,2.31918,0,0,0,0;
0.79, -0.465884,0.00703579,2.3902,0,0,0,0;
0.8, -0.783844,0.0021026,2.3233,0,0,0,0;
0.81, -1.63088,0.114596,2.28095,0,0,0,0;
0.82, 0.0508776,0.183715,2.36579,0,0,0,0;
0.83, -0.618973,-0.123289,2.37685,0,0,0,0;
0.84, -0.720948,-0.0952974,2.30951,0,0,0,0;
0.85, -0.164086,0.277085,2.30512,0,0,0,0;
0.86, -1.75976,0.483695,2.13705,0,0,0,0;
0.87, -2.01754,-0.111085,2.2949,0,0,0,0;
0.88, -0.373134,0.261116,2.25029,0,0,0,0;
0.89, -0.501933,0.303684,2.40259,0,0,0,0;
0.9, -0.991214,-0.0222182,2.27678,0,0,0,0;
0.91, -0.461389,0.287041,2.27618,0,0,0,0;
0.92, -1.08644,0.156006,2.3766,0,0,0,0;
0.93, -1.06058,0.141191,2.24599,0,0,0,0;
0.94, -1.94348,0.289057,2.293,0,0,0,0;
0.95, -1.07266,0.330473,2.33582,0,0,0,0;
0.96, -1.09274,0.590284,2.24795,0,0,0,0;
0.97, -0.603048,0.386674,2.38463,0,0,0,0;
0.98, -0.466964,0.445253,2.2725,0,0,0,0;
0.99, -0.62247,0.454402,2.3307,0,0,0,0;
1, -1.28705,0.376067,2.31244,0,0,0,0;
1.01, -1.08602,0.551214,2.41061,0,0,0,0;
1.02, -1.05589,0.567707,2.30932,0,0,0,0;
1.03, -0.599942,0.576718,2.40156,0,0,0,0;
1.04, -2.01124,0.542459,2.34199,0,0,0,0;
1.05, -0.911998,0.671851,2.35088,0,0,0,0;
1.06, -1.55898,0.669653,2.32794,0,0,0,0;
1.07, -1.76296,0.745049,2.39985,0,0,0,0;
1.08, -1.10174,0.823684,2.41729,0,0,0,0;
1.09, -1.05975,0.791524,2.34467,0,0,0,0;
1.1, -2.22743,0.741084,2.26939,0,0,0,0;
1.11, -0.492964,0.71307,2.51369,0,0,0,0;
1.12, -1.74178,0.986192,2.28854,0,0,0,0;
1.13, -0.430724,0.683997,2.45186,0,0,0,0;
1.14, -1.24826,0.850247,2.42819,0,0,0,0;
1.15, -0.338547,0.911031,2.52691,0,0,0,0;
1.16, -1.30943,1.01835,2.43415,0,0,0,0;
1.17, -1.71446,1.1094,2.39708,0,0,0,0;
1.18, -1.7602,1.08417,2.25054,0,0,0,0;
1.19, -0.735855,1.0825,2.45261,0,0,0,0;
1.2, -1.70447,1.22399,2.39538,0,0,0,0;
1.21, -0.0734507,1.28176,2.49336,0,0,0,0;
1.22, -0.313295,1.19376,2.55463,0,0,0,0;
1.23, -1.28851,1.35869,2.41776,0,0,0,0;
1.24, -0.823349,1.48761,2.38268,0,0,0,0;
1.25, -1.26434,1.65843,2.4679,0,0,0,0;
1.26, -1.36197,1.50651,2.40731,0,0,0,0;
1.27, -0.636686,1.65475,2.44381,0,0,0,0;
1.28, -0.632494,1.91382,2.46474,0,0,0,0;
1.29, -0.443144,1.88216,2.43592,0,0,0,0;
1.3, 0.0844125,2.0312,2.48039,0,0,0,0;
1.31, 0.529573,1.94237,2.52741,0,0,0,0;
1.32, -0.547952,2.18556,2.44812,0,0,0,0;
1.33, -0.0607513,2.17665,2.51438,0,0,0,0;
1.34, 0.0110801,2.26794,2.52655,0,0,0,0;
1.35, 0.574672,2.36628,2.4964,0,0,0,0;
1.36, 0.523172,2.29561,2.52005,0,0,0,0;
1.37, 1.17934,2.23995,2.60325,0,0,0,0;
1.38, 0.500288,2.2693,2.5849,0,0,0,0;
1.39, 0.464782,2.24339,2.59956,0,0,0,0;
1.4, 0.920162,2.20846,2.58262,0,0,0,0;
1.41, 1.1218,2.26923,2.63177,0,0,0,0;
1.42, 2.46737,2.14156,2.58976,0,0,0,0;
1.43, 1.1798,2.05335,2.68467,0,0,0,0;
1.44, 1.26806,1.91827,2.69868,0,0,0,0;
1.45, 2.37244,1.85108,2.67986,0,0,0,0;
1.46, 2.01578,1.85597,2.8057,0,0,0,0;
1.47, 1.21722,1.7167,2.72099,0,0,0,0;
1.48, 1.54484,1.56379,2.76745,0,0,0,0;
1.49, 2.0294,1.4177,2.75772,0,0,0,0;
1.5, 1.69766,1.43205,2.77425,0,0,0,0;
1.51, 1.88778,1.20178,2.80575,0,0,0,0;
1.52, 2.25689,1.02502,2.83379,0,0,0,0;
1.53, 2.02201,0.982407,2.86692,0,0,0,0;
1.54, 1.86621,0.80564,2.84006,0,0,0,0;
1.55, 2.83863,0.667212,2.93652,0,0,0,0;
1.56, 2.3013,0.632208,2.94839,0,0,0,0;
1.57, 2.12296,0.419144,2.90549,0,0,0,0;
1.58, 1.53014,0.462305,2.88534,0,0,0,0;
1.59, 1.47515,0.2611,3.01288,0,0,0,0;
1.6, 2.22926,0.11188,2.93565,0,0,0,0;
1.61, 2.65733,-0.0414692,2.98645,0,0,0,0;
1.62, 1.50485,-0.11603,2.97808,0,0,0,0;
1.63, 1.07524,-0.284333,2.99981,0,0,0,0;
1.64, 2.08348,-0.326645,3.02269,0,0,0,0;
1.65, 1.1657,-0.176899,2.99699,0,0,0,0;
1.66, 1.83761,-0.421684,3.06792,0,0,0,0;
1.67, 1.16024,-0.733188,2.95628,0,0,0,0;
1.68, 1.24372,-0.840977,3.06371,0,0,0,0;
1.69, 1.35556,-0.468983,3.00022,0,0,0,0;
1.7, 1.88918,-0.723433,3.04079,0,0,0,0;
1.71, 1.19655,-0.950203,2.95632,0,0,0,0;
1.72, 0.690308,-0.753434,3.08586,0,0,0,0;
1.73, 0.959539,-0.764424,2.92552,0,0,0,0;
1.74, 0.206777,-0.953707,3.00184,0,0,0,0;
1.75, 0.950034,-0.855748,2.98656,0,0,0,0;
1.76, 0.320958,-1.00826,2.90769,0,0,0,0;
1.77, 0.873353,-0.93913,3.07031,0,0,0,0;
1.78, 0.537045,-0.808109,2.95023,0,0,0,0;
1.79, 0.64236,-0.652134,2.97471,0,0,0,0;
1.8, 0.483437,-0.860146,2.93224,0,0,0,0;
1.81, 0.214992,-0.994998,2.97759,0,0,0,0;
1.82, 0.478317,-0.904767,2.89654,0,0,0,0;
1.83, 0.276879,-0.686451,2.92354,0,0,0,0;
1.84, 0.0975866,-0.986318,2.86455,0,0,0,0;
1.85, 0.314754,-0.894415,2.88742,0,0,0,0;
1.86, 0.0910376,-0.735505,2.95387,0,0,0,0;
1.87, -0.0305968,-0.685293,2.78123,0,0,0,0;
1.88, -0.0825875,-0.785022,2.82851,0,0,0,0;
1.89, -0.0251777,-0.967522,2.85939,0,0,0,0;
1.9, -0.616433,-0.721931,2.7931,0,0,0,0;
1.91, -0.0859986,-0.537313,2.75442,0,0,0,0;
1.92, 0.0831092,-0.886172,2.78596,0,0,0,0;
1.93, -0.61328,-0.864437,2.70918,0,0,0,0;
1.94, -0.0978993,-0.77454,2.79903,0,0,0,0;
1.95, -0.0756629,-0.657917,2.70205,0,0,0,0;
1.96, -0.645028,-0.803031,2.73608,0,0,0,0;
1.97, -0.393789,-0.488255,2.73027,0,0,0,0;
1.98, -0.358186,-0.503973,2.65303,0,0,0,0;
1.99, -0.566744,-0.482084,2.64246,0,0,0,0;
2, -0.566229,-0.382832,2.66888,0,0,0,0;
2.01, -0.0636965,-0.360497,2.65787,0,0,0,0;
2.02, -0.670273,-0.279417,2.61226,0,0,0,0;
2.03, -1.06076,-0.188394,2.56868,0,0,0,0;
2.04, -0.425099,-0.314784,2.66204,0,0,0,0;
2.05, 0.0672985,-0.189866,2.63906,0,0,0,0;
2.06, -1.23152,-0.0117155,2.54726,0,0,0,0;
2.07, -1.07163,-0.0791969,2.55519,0,0,0,0;
2.08, -0.764437,-0.0337676,2.60783,0,0,0,0;
2.09, -0.570374,-0.056205,2.61587,0,0,0,0;
2.1, -0.318734,0.105165,2.58661,0,0,0,0;
2.11, -0.1509,0.0692643,2.57707,0,0,0,0;
2.12, -0.871876,0.128234,2.51644,0,0,0,0;
2.13, -0.617832,0.144155,2.60327,0,0,0,0;
2.14, -0.936768,0.100448,2.48949,0,0,0,0;
2.15, -1.09775,0.322068,2.49539,0,0,0,0;
2.16, -0.296224,0.0990144,2.56122,0,0,0,0;
2.17, -0.959567,0.160556,2.56129,0,0,0,0;
2.18, -0.788121,0.330446,2.47925,0,0,0,0;
2.19, -1.3278,0.377065,2.53204,0,0,0,0;
2.2, -0.571083,0.303398,2.52438,0,0,0,0;
2.21, -1.50256,0.249929,2.47292,0,0,0,0;
2.22, -1.27265,0.332983,2.51544,0,0,0,0;
2.23, -0.388406,0.370387,2.52203,0,0,0,0;
2.24, -0.765867,0.387115,2.57428,0,0,0,0;
2.25, -0.203617,0.492059,2.50867,0,0,0,0;
2.26, -0.37967,0.353503,2.54675,0,0,0,0;
2.27, -1.15025,0.466924,2.52315,0,0,0,0;
2.28, -1.48591,0.470492,2.55076,0,0,0,0;
2.29, -0.843699,0.33627,2.45247,0,0,0,0;
2.3, -0.938565,0.485893,2.57917,0,0,0,0;
2.31, -1.90586,0.508711,2.45623,0,0,0,0;
2.32, -1.21009,0.507451,2.51903,0,0,0,0;
2.33, -1.13545,0.628421,2.53524,0,0,0,0;
2.34, -0.777956,0.555831,2.51412,0,0,0,0;
2.35, -1.06849,0.574939,2.55331,0,0,0,0;
2.36, -1.02718,0.600513,2.51102,0,0,0,0;
2.37, -0.765441,0.55242,2.52878,0,0,0,0;
2.38, -1.23141,0.618641,2.55585,0,0,0,0;
2.39, -1.05089,0.688644,2.52116,0,0,0,0;
2.4, -1.29267,0.647198,2.53882,0,0,0,0;
2.41, -1.03382,0.660779,2.55087,0,0,0,0;
2.42, -1.00523,0.722046,2.57423,0,0,0,0;
2.43, -0.97746,0.721235,2.53177,0,0,0,0;
2.44, -1.49749,0.800429,2.54323,0,0,0,0;
2.45, -1.11904,0.789687,2.53596,0,0,0,0;
2.46, -1.39198,0.786809,2.57467,0,0,0,0;
2.47, -0.912212,0.945037,2.55682,0,0,0,0;
2.48, -0.740429,1.01113,2.58824,0,0,0,0;
2.49, -0.958724,0.89124,2.55687,0,0,0,0;
2.5, -0.847831,1.08575,2.5911,0,0,0,0;
2.51, -0.987642,1.07814,2.63429,0,0,0,0;
2.52, -1.06825,1.15062,2.54398,0,0,0,0;
2.53, -0.773567,1.20345,2.60566,0,0,0,0;
2.54, 0.0152941,1.24958,2.67705,0,0,0,0;
2.55, -1.9491,1.34924,2.56998,0,0,0,0;
2.56, -0.583835,1.30541,2.62185,0,0,0,0;
2.57, -0.79907,1.49794,2.64124,0,0,0,0;
2.58, -0.614383,1.45018,2.61383,0,0,0,0;
2.59, -0.784217,1.45563,2.65094,0,0,0,0;
2.6, 0.0346061,1.62578,2.64304,0,0,0,0;
2.61, -0.0583608,1.63532,2.68716,0,0,0,0;
2.62, -0.889586,1.6069,2.67692,0,0,0,0;
2.63, -0.401982,1.6737,2.70049,0,0,0,0;
2.64, -0.183745,1.73976,2.68234,0,0,0,0;
2.65, 0.083141,1.83068,2.6666,0,0,0,0;
2.66, 0.255211,1.66142,2.7637,0,0,0,0;
2.67, 0.0952854,1.88263,2.68619,0,0,0,0;
2.68, 0.635807,1.77136,2.73101,0,0,0,0;
2.69, 0.513237,1.78819,2.78563,0,0,0,0;
2.7, 0.763764,1.85715,2.78505,0,0,0,0;
2.71, 0.603936,1.76059,2.77359,0,0,0,0;
2.72, 1.03073,1.78878,2.82904,0,0,0,0;
2.73, 1.54604,1.81137,2.89018,0,0,0,0;
2.74, 1.11907,1.65762,2.82058,0,0,0,0;
2.75, 1.06053,1.77383,2.89026,0,0,0,0;
2.76, 0.775973,1.63679,2.8863,0,0,0,0;
2.77, 1.62709,1.64097,2.89468,0,0,0,0;
2.78, 1.22785,1.56397,2.92043,0,0,0,0;
2.79, 1.47251,1.51273,2.91599,0,0,0,0;
2.8, 1.50853,1.52011,2.9522,0,0,0,0;
2.81, 1.2595,1.33685,2.90565,0,0,0,0;
2.82, 1.59398,1.28592,2.97027,0,0,0,0;
2.83, 1.73833,1.27545,2.98159,0,0,0,0;
2.84, 2.05448,1.10344,3.00124,0,0,0,0;
2.85, 2.5319,1.02165,3.0474,0,0,0,0;
2.86, 1.43228,1.01652,3.01314,0,0,0,0;
2.87, 2.01683,0.944152,3.06083,0,0,0,0;
2.88, 2.1832,0.790261,3.07538,0,0,0,0;
2.89, 1.44033,0.665745,3.03978,0,0,0,0;
2.9, 1.29379,0.571223,3.05159,0,0,0,0;
2.91, 1.82403,0.529643,3.07561,0,0,0,0;
2.92, 1.23044,0.363662,3.0917,0,0,0,0;
2.93, 1.77284,0.341641,3.1007,0,0,0,0;
2.94, 1.22272,0.189366,3.15096,0,0,0,0;
2.95, 2.13069,0.170574,3.08047,0,0,0,0;
2.96, 1.59685,0.143752,3.13787,0,0,0,0;
2.97, 1.79048,-0.0297058,3.10574,0,0,0,0;
2.98, 0.823838,-0.055891,3.14943,0,0,0,0;
2.99, 1.45747,-0.233184,3.1213,0,0,0,0;
3, 1.38128,-0.18057,3.17369,0,0,0,0;
3.01, 1.24875,-0.200407,3.13106,0,0,0,0;
3.02, 1.20878,-0.461357,3.13209,0,0,0,0;
3.03, 1.05392,-0.404906,3.17051,0,0,0,0;
3.04, 1.09485,-0.383458,3.09596,0,0,0,0;
3.05, 0.629821,-0.566309,3.117,0,0,0,0;
3.06, 1.01534,-0.701147,3.13423,0,0,0,0;
3.07, 0.726729,-0.376349,3.18284,0,0,0,0;
3.08, 0.510847,-0.671127,3.09914,0,0,0,0;
3.09, 0.489402,-0.675236,3.09947,0,0,0,0;
3.1, 1.02888,-0.755805,3.14184,0,0,0,0;
3.11, 0.755256,-0.74466,3.20515,0,0,0,0;
3.12, 0.762138,-0.870275,3.01151,0,0,0,0;
3.13, -0.0909999,-0.694363,3.0881,0,0,0,0;
3.14, 0.460059,-0.775807,3.14275,0,0,0,0;
3.15, 0.621176,-0.976518,3.05114,0,0,0,0;
3.16, -0.00368866,-0.633578,3.06399,0,0,0,0;
3.17, -0.0252868,-0.844383,3.03148,0,0,0,0;
3.18, 0.410512,-0.750185,3.09289,0,0,0,0;
3.19, 0.109127,-0.94214,3.00613,0,0,0,0;
3.2, -0.0894072,-0.829857,3.03452,0,0,0,0;
3.21, 0.0502378,-0.837127,3.01932,0,0,0,0;
3.22, -0.162784,-0.553305,2.91414,0,0,0,0;
3.23, 0.104378,-0.601031,3.01372,0,0,0,0;
3.24, -0.195949,-0.671243,2.92882,0,0,0,0;
3.25, -0.0932061,-0.862958,2.98431,0,0,0,0;
3.26, -0.0387185,-0.753318,2.92855,0,0,0,0;
3.27, 0.0930467,-0.628401,3.05707,0,0,0,0;
3.28, -0.501514,-0.43129,2.80122,0,0,0,0;
3.29, -0.382562,-0.412449,2.89064,0,0,0,0;
3.3, -0.409506,-0.493494,2.94763,0,0,0,0;
3.31, -0.471813,-0.185871,2.80711,0,0,0,0;
3.32, 0.0087904,-0.417063,2.89725,0,0,0,0;
3.33, -0.301823,-0.552919,2.86562,0,0,0,0;
3.34, -0.643235,-0.229082,2.85005,0,0,0,0;
3.35, -0.819904,-0.291124,2.79141,0,0,0,0;
3.36, -0.389604,-0.18776,2.81296,0,0,0,0;
3.37, -0.53365,-0.156321,2.77395,0,0,0,0;
3.38, -0.979989,-0.207864,2.85031,0,0,0,0;
3.39, 0.0119858,-0.158265,2.86977,0,0,0,0;
3.4, -0.45991,-0.223973,2.68664,0,0,0,0;
3.41, -0.803842,0.146798,2.75881,0,0,0,0;
3.42, -0.830344,-0.0572945,2.81894,0,0,0,0;
3.43, 0.214725,0.0144916,2.7544,0,0,0,0;
3.44, -0.67204,-0.0458018,2.72629,0,0,0,0;
3.45, -0.935703,0.134409,2.70985,0,0,0,0;
3.46, -0.688342,0.166541,2.72574,0,0,0,0;
3.47, -0.715041,0.0797989,2.74946,0,0,0,0;
3.48, -0.704267,0.165456,2.70624,0,0,0,0;
3.49, -1.27856,0.0787412,2.67265,0,0,0,0;
3.5, -0.554786,0.120587,2.75871,0,0,0,0;
3.51, -0.96666,0.265352,2.67561,0,0,0,0;
3.52, 0.0654193,0.171076,2.74688,0,0,0,0;
3.53, -0.753925,0.247333,2.69136,0,0,0,0;
3.54, -1.24372,0.255534,2.69978,0,0,0,0;
3.55, -0.8056,0.345706,2.64713,0,0,0,0;
3.56, -1.08002,0.244791,2.64657,0,0,0,0;
3.57, -1.51096,0.370235,2.69875,0,0,0,0;
3.58, -0.79503,0.303025,2.72934,0,0,0,0;
3.59, -1.02638,0.355695,2.6112,0,0,0,0;
3.6, -0.253945,0.336683,2.71713,0,0,0,0;
3.61, -1.19054,0.448985,2.6672,0,0,0,0;
3.62, -0.917159,0.347347,2.6775,0,0,0,0;
3.63, -0.938611,0.398009,2.69282,0,0,0,0;
3.64, -0.728608,0.493006,2.69919,0,0,0,0;
3.65, -1.07717,0.445232,2.66052,0,0,0,0;
3.66, -0.916845,0.544006,2.70621,0,0,0,0;
3.67, -0.806156,0.507426,2.71672,0,0,0,0;
3.68, -0.80524,0.539855,2.66389,0,0,0,0;
3.69, -1.83384,0.586857,2.66285,0,0,0,0;
3.7, -0.682207,0.530436,2.70168,0,0,0,0;
3.71, -1.01159,0.66498,2.70798,0,0,0,0;
3.72, -0.627483,0.624945,2.74515,0,0,0,0;
3.73, -0.758491,0.732322,2.69802,0,0,0,0;
3.74, -1.71524,0.660583,2.71408,0,0,0,0;
3.75, -0.792878,0.730434,2.67302,0,0,0,0;
3.76, -0.739325,0.776167,2.76453,0,0,0,0;
3.77, -1.88031,0.838411,2.66857,0,0,0,0;
3.78, -1.25058,0.81164,2.73906,0,0,0,0;
3.79, -0.979716,0.843685,2.72656,0,0,0,0;
3.8, -0.782066,0.931397,2.66092,0,0,0,0;
3.81, -0.673007,1.0192,2.74589,0,0,0,0;
3.82, -0.600139,1.05476,2.81344,0,0,0,0;
3.83, -1.09124,0.912777,2.76363,0,0,0,0;
3.84, -1.00908,1.10339,2.77034,0,0,0,0;
3.85, -0.466208,1.07033,2.72193,0,0,0,0;
3.86, -1.16414,1.15017,2.74651,0,0,0,0;
3.87, -0.938844,1.21593,2.77133,0,0,0,0;
3.88, -0.916442,1.23455,2.7532,0,0,0,0;
3.89, 0.0442241,1.26583,2.87905,0,0,0,0;
3.9, -0.463316,1.35684,2.73845,0,0,0,0;
3.91, -0.374307,1.38859,2.7937,0,0,0,0;
3.92, -0.871774,1.39112,2.81693,0,0,0,0;
3.93, -1.04546,1.41039,2.78208,0,0,0,0;
3.94, 0.00803426,1.53851,2.79266,0,0,0,0;
3.95, -0.658297,1.57657,2.87566,0,0,0,0;
3.96, 0.273347,1.58163,2.80887,0,0,0,0;
3.97, -0.21803,1.55878,2.85263,0,0,0,0;
3.98, 0.218752,1.65279,2.84693,0,0,0,0;
3.99, 0.527121,1.73925,2.88187,0,0,0,0;
4, 0.329362,1.68718,2.93285,0,0,0,0;
4.01, 0.496337,1.6985,2.85372,0,0,0,0;
4.02, 0.212391,1.68463,2.90809,0,0,0,0;
4.03, -0.0136654,1.70722,2.89181,0,0,0,0;
4.04, 1.42256,1.7191,2.9794,0,0,0,0;
4.05, 1.29628,1.69344,2.94874,0,0,0,0;
4.06, 0.493342,1.63375,2.97399,0,0,0,0;
4.07, 0.451149,1.68937,2.9736,0,0,0,0;
4.08, 1.20859,1.62986,2.96541,0,0,0,0;
4.09, 0.435592,1.55733,2.98032,0,0,0,0;
4.1, 0.814773,1.56253,2.99042,0,0,0,0;
4.11, 1.13113,1.54567,3.00011,0,0,0,0;
4.12, 1.7155,1.37001,3.05425,0,0,0,0;
4.13, 1.86977,1.38457,3.05176,0,0,0,0;
4.14, 1.85228,1.31806,3.08877,0,0,0,0;
4.15, 1.0216,1.29927,3.04151,0,0,0,0;
4.16, 1.27584,1.12825,3.10182,0,0,0,0;
4.17, 1.33566,1.12489,3.0911,0,0,0,0;
4.18, 1.4335,1.01659,3.09709,0,0,0,0;
4.19, 1.89802,0.943824,3.142,0,0,0,0;
4.2, 1.61027,0.840052,3.13469,0,0,0,0;
4.21, 1.74951,0.788066,3.16684,0,0,0,0;
4.22, 1.40658,0.655136,3.15062,0,0,0,0;
4.23, 1.96196,0.662029,3.16272,0,0,0,0;
4.24, 1.5303,0.510493,3.20314,0,0,0,0;
4.25, 1.45482,0.437405,3.16773,0,0,0,0;
4.26, 1.58858,0.438524,3.20422,0,0,0,0;
4.27, 1.20712,0.30126,3.20324,0,0,0,0;
4.28, 1.40641,0.230505,3.20136,0,0,0,0;
4.29, 1.34484,0.0855241,3.21267,0,0,0,0;
4.3, 1.52125,0.126064,3.20031,0,0,0,0;
4.31, 1.15399,-0.108961,3.17557,0,0,0,0;
4.32, 1.35426,0.128903,3.27076,0,0,0,0;
4.33, 1.10378,-0.244498,3.16939,0,0,0,0;
4.34, 0.876289,-0.214077,3.21745,0,0,0,0;
4.35, 0.739307,-0.171256,3.19668,0,0,0,0;
4.36, 1.22464,-0.196442,3.28535,0,0,0,0;
4.37, 1.24932,-0.497596,3.19809,0,0,0,0;
4.38, 1.09592,-0.354532,3.22477,0,0,0,0;
4.39, 0.630862,-0.533475,3.20367,0,0,0,0;
4.4, 0.758807,-0.518567,3.22248,0,0,0,0;
4.41, 0.846563,-0.507455,3.19492,0,0,0,0;
4.42, 0.313017,-0.534701,3.19604,0,0,0,0;
4.43, 0.531161,-0.496928,3.1793,0,0,0,0;
4.44, 0.526066,-0.62169,3.21128,0,0,0,0;
4.45, 0.640473,-0.43358,3.15931,0,0,0,0;
4.46, 0.73675,-0.893369,3.22635,0,0,0,0;
4.47, 0.336858,-0.653914,3.09966,0,0,0,0;
4.48, 0.501657,-0.693066,3.21572,0,0,0,0;
4.49, 0.492702,-0.450474,3.0969,0,0,0,0;
4.5, 0.175497,-0.69819,3.19175,0,0,0,0;
4.51, 0.330129,-0.788972,3.09678,0,0,0,0;
4.52, 0.203674,-0.750872,3.16274,0,0,0,0;
4.53, -0.166417,-0.614866,3.01939,0,0,0,0;
4.54, 0.157183,-0.708526,3.14946,0,0,0,0;
4.55, 0.211162,-0.468071,3.04822,0,0,0,0;
4.56, -0.0605085,-0.464368,3.02052,0,0,0,0;
4.57, -0.200442,-0.699591,3.05185,0,0,0,0;
4.58, 0.0314916,-0.47669,3.05897,0,0,0,0;
4.59, -0.156358,-0.595704,2.99991,0,0,0,0;
4.6, -0.00209942,-0.700131,3.00315,0,0,0,0;
4.61, -0.0301285,-0.491986,3.03602,0,0,0,0;
4.62, -0.421381,-0.4457,2.98392,0,0,0,0;
4.63, -0.700715,-0.395606,2.8882,0,0,0,0;
4.64, -0.413199,-0.558978,2.98941,0,0,0,0;
4.65, 0.0797054,-0.2805,2.96127,0,0,0,0;
4.66, -0.441409,-0.574552,2.9403,0,0,0,0;
4.67, -0.52514,-0.465585,2.94306,0,0,0,0;
4.68, -0.40667,-0.0533915,2.87896,0,0,0,0;
4.69, -0.36134,-0.378175,2.96057,0,0,0,0;
4.7, -0.162764,-0.311074,2.88041,0,0,0,0;
4.71, -0.208683,-0.31434,2.86348,0,0,0,0;
4.72, -0.834237,-0.0975806,2.89231,0,0,0,0;
4.73, -0.831125,0.0974958,2.80052,0,0,0,0;
4.74, -0.688158,-0.20362,2.88658,0,0,0,0;
4.75, -0.510561,-0.100103,2.8308,0,0,0,0;
4.76, -0.7993,0.0241826,2.82423,0,0,0,0;
4.77, -0.197577,-0.133369,2.89658,0,0,0,0;
4.78, -0.527256,0.0312901,2.78541,0,0,0,0;
4.79, -0.361348,-0.0499323,2.81024,0,0,0,0;
4.8, -0.925347,0.163276,2.7674,0,0,0,0;
4.81, -0.631987,0.137562,2.83993,0,0,0,0;
4.82, -0.313533,0.225876,2.8072,0,0,0,0;
4.83, -0.546554,0.0244224,2.79309,0,0,0,0;
4.84, -1.06598,0.155015,2.74553,0,0,0,0;
4.85, -0.928953,0.303949,2.78518,0,0,0,0;
4.86, -0.791365,0.188009,2.78154,0,0,0,0;
4.87, -0.506097,0.186138,2.76304,0,0,0,0;
4.88, -1.47851,0.231359,2.73969,0,0,0,0;
4.89, -1.13181,0.286347,2.74967,0,0,0,0;
4.9, -0.429905,0.293749,2.78173,0,0,0,0;
4.91, -0.801067,0.280996,2.77629,0,0,0,0;
4.92, -0.763636,0.368842,2.75465,0,0,0,0;
4.93, -0.654693,0.343213,2.76691,0,0,0,0;
4.94, -0.638312,0.39365,2.73716,0,0,0,0;
4.95, -1.68542,0.406182,2.73944,0,0,0,0;
4.96, -0.807139,0.427247,2.74714,0,0,0,0;
4.97, -1.53077,0.455968,2.73608,0,0,0,0;
4.98, -0.500171,0.432504,2.79698,0,0,0,0;
4.99, -0.498188,0.4531,2.76442,0,0,0,0;
5, -1.02085,0.563125,2.74065,0,0,0,0;
5.01, -1.09438,0.46558,2.73544,0,0,0,0;
5.02, -0.4456,0.562811,2.80242,0,0,0,0;
5.03, -1.23535,0.556617,2.74741,0,0,0,0;
5.04, -1.67108,0.624092,2.71151,0,0,0,0;
5.05, -0.871426,0.675738,2.77576,0,0,0,0;
5.06, -1.10855,0.637024,2.76441,0,0,0,0;
5.07, -0.64417,0.653974,2.77644,0,0,0,0;
5.08, -1.20326,0.627048,2.78054,0,0,0,0;
5.09, -1.03383,0.773526,2.74222,0,0,0,0;
5.1, -1.22098,0.794428,2.74816,0,0,0,0;
5.11, -1.14545,0.816507,2.78391,0,0,0,0;
5.12, -0.582947,0.789884,2.79692,0,0,0,0;
5.13, -0.490571,0.85723,2.81734,0,0,0,0;
5.14, -1.16693,0.990887,2.73117,0,0,0,0;
5.15, -1.85297,0.87816,2.76876,0,0,0,0;
5.16, -0.794229,0.986994,2.80106,0,0,0,0;
5.17, -0.343277,1.07665,2.84664,0,0,0,0;
5.18, -1.05033,1.03108,2.78173,0,0,0,0;
5.19, -0.0614051,1.11784,2.81869,0,0,0,0;
5.2, -0.739073,1.15726,2.81239,0,0,0,0;
5.21, -1.19495,1.27835,2.84523,0,0,0,0;
5.22, -0.968324,1.13551,2.79255,0,0,0,0;
5.23, -0.542148,1.36518,2.78937,0,0,0,0;
5.24, -1.02295,1.2589,2.8646,0,0,0,0;
5.25, 0.351926,1.37799,2.83427,0,0,0,0;
5.26, -0.622811,1.4261,2.88938,0,0,0,0;
5.27, -0.06474,1.46752,2.82525,0,0,0,0;
5.28, -0.48208,1.55584,2.8682,0,0,0,0;
5.29, -0.144384,1.51259,2.85319,0,0,0,0;
5.3, 0.0696645,1.48071,2.88934,0,0,0,0;
5.31, -0.470975,1.58266,2.93565,0,0,0,0;
5.32, 0.310757,1.65852,2.87214,0,0,0,0;
5.33, 0.797781,1.65427,2.98329,0,0,0,0;
5.34, 0.315032,1.59923,2.92757,0,0,0,0;
5.35, 0.252004,1.69128,2.9655,0,0,0,0;
5.36, 0.313961,1.63456,2.92889,0,0,0,0;
5.37, 0.756157,1.70557,2.92212,0,0,0,0;
5.38, 0.618771,1.61376,3.03787,0,0,0,0;
5.39, 0.270248,1.71059,2.97602,0,0,0,0;
5.4, 0.559865,1.55698,2.96406,0,0,0,0;
5.41, 0.916339,1.59825,3.00491,0,0,0,0;
5.42, 1.3909,1.57552,3.03488,0,0,0,0;
5.43, 1.15513,1.53885,3.04632,0,0,0,0;
5.44, 0.69845,1.51758,3.01333,0,0,0,0;
5.45, 1.4388,1.45568,3.06528,0,0,0,0;
5.46, 1.67917,1.34368,3.07046,0,0,0,0;
5.47, 0.962824,1.38099,3.08885,0,0,0,0;
5.48, 1.10151,1.2617,3.07732,0,0,0,0;
5.49, 1.06916,1.20707,3.07077,0,0,0,0;
5.5, 1.47135,1.18329,3.12955,0,0,0,0;
5.51, 1.42289,1.13916,3.09449,0,0,0,0;
5.52, 1.54359,0.938243,3.12287,0,0,0,0;
5.53, 1.55406,0.943185,3.13954,0,0,0,0;
5.54, 1.65067,0.848507,3.16582,0,0,0,0;
5.55, 1.98196,0.777692,3.18734,0,0,0,0;
5.56, 2.06899,0.764689,3.18497,0,0,0,0;
5.57, 1.70339,0.477586,3.20254,0,0,0,0;
5.58, 1.45028,0.692621,3.16891,0,0,0,0;
5.59, 2.05188,0.418917,3.2324,0,0,0,0;
5.6, 0.758458,0.405896,3.1432,0,0,0,0;
5.61, 0.460173,0.381071,3.18136,0,0,0,0;
5.62, 1.48226,0.282077,3.18077,0,0,0,0;
5.63, 1.14831,0.106716,3.19161,0,0,0,0;
5.64, 1.7515,0.038682,3.24953,0,0,0,0;
5.65, 1.03051,0.0462736,3.20457,0,0,0,0;
5.66, 1.12366,-0.0350244,3.20502,0,0,0,0;
5.67, 0.883278,-0.0574983,3.23605,0,0,0,0;
5.68, 1.08825,-0.152378,3.22999,0,0,0,0;
5.69, 1.67323,-0.182279,3.16866,0,0,0,0;
5.7, 1.3159,-0.327587,3.26365,0,0,0,0;
5.71, 0.763009,-0.290155,3.18761,0,0,0,0;
5.72, 1.06953,-0.449796,3.22428,0,0,0,0;
5.73, 0.758141,-0.299954,3.17393,0,0,0,0;
5.74, 0.791487,-0.507237,3.20798,0,0,0,0;
5.75, 0.812112,-0.50119,3.22639,0,0,0,0;
5.76, 0.651627,-0.463718,3.17284,0,0,0,0;
5.77, 0.69693,-0.72351,3.1549,0,0,0,0;
5.78, 0.638094,-0.68694,3.19804,0,0,0,0;
5.79, 0.0340314,-0.438087,3.10729,0,0,0,0;
5.8, 0.809339,-0.742401,3.17321,0,0,0,0;
5.81, 0.0812156,-0.460866,3.10827,0,0,0,0;
5.82, 0.288055,-0.71178,3.15516,0,0,0,0;
5.83, 0.513215,-0.882457,3.1555,0,0,0,0;
5.84, 0.491349,-0.595447,3.1203,0,0,0,0;
5.85, 0.114065,-0.618288,3.10549,0,0,0,0;
5.86, 0.271685,-0.797002,3.07065,0,0,0,0;
5.87, -0.239274,-0.622437,3.05576,0,0,0,0;
5.88, 0.0528207,-0.684502,3.07827,0,0,0,0;
5.89, 0.213471,-0.553667,3.05277,0,0,0,0;
5.9, 0.00635213,-0.885339,3.04908,0,0,0,0;
5.91, 0.0149009,-0.478435,3.00059,0,0,0,0;
5.92, -0.244658,-0.548582,3.01357,0,0,0,0;
5.93, -0.116522,-0.436687,2.96381,0,0,0,0;
5.94, 0.0376785,-0.607566,2.98766,0,0,0,0;
5.95, -0.225098,-0.727572,2.94327,0,0,0,0;
5.96, -0.0622229,-0.510254,3.01403,0,0,0,0;
5.97, -0.196679,-0.263834,2.94027,0,0,0,0;
5.98, -0.654595,-0.560456,2.85151,0,0,0,0;
5.99, -0.246318,-0.57086,2.91006,0,0,0,0;
6, -0.679414,-0.0857422,2.9138,0,0,0,0;
6.01, -0.0156445,-0.485157,2.89317,0,0,0,0;
6.02, 0.0848943,-0.4395,2.90814,0,0,0,0;
6.03, -0.605108,-0.149123,2.86342,0,0,0,0;
6.04, -0.930154,-0.370913,2.7933,0,0,0,0;
6.05, -0.686339,0.124916,2.82241,0,0,0,0;
6.06, -0.0985876,-0.26504,2.81371,0,0,0,0;
6.07, -0.280352,-0.194471,2.86489,0,0,0,0;
6.08, -0.381079,0.0194484,2.82218,0,0,0,0;
6.09, -1.16798,-0.299254,2.78712,0,0,0,0;
6.1, -0.551374,0.0848413,2.77952,0,0,0,0;
6.11, -0.976954,-0.0685165,2.75801,0,0,0,0;
6.12, -0.553215,-0.0145035,2.72906,0,0,0,0;
6.13, -0.496291,0.141623,2.77379,0,0,0,0;
6.14, -0.685181,0.062699,2.77651,0,0,0,0;
6.15, -0.950438,0.142499,2.75873,0,0,0,0;
6.16, -0.615375,0.00864021,2.75189,0,0,0,0;
6.17, -0.963201,0.239034,2.7041,0,0,0,0;
6.18, -0.538572,0.0951962,2.74342,0,0,0,0;
6.19, -0.726854,0.153024,2.74083,0,0,0,0;
6.2, -0.412032,0.151642,2.7254,0,0,0,0;
6.21, -0.295429,0.198147,2.7149,0,0,0,0;
6.22, -0.583329,0.293135,2.75497,0,0,0,0;
6.23, -0.796582,0.257435,2.70125,0,0,0,0;
6.24, -1.43586,0.162935,2.63904,0,0,0,0;
6.25, -1.26083,0.388198,2.71278,0,0,0,0;
6.26, -0.987981,0.327795,2.65827,0,0,0,0;
6.27, -1.03119,0.219269,2.73502,0,0,0,0;
6.28, -1.11988,0.435395,2.65561,0,0,0,0;
6.29, -0.908777,0.385443,2.71332,0,0,0,0;
6.3, -0.789672,0.431978,2.67966,0,0,0,0;
6.31, -0.221649,0.337477,2.73072,0,0,0,0;
6.32, -0.859122,0.493116,2.70464,0,0,0,0;
6.33, -1.75718,0.460338,2.65668,0,0,0,0;
6.34, -0.881205,0.513265,2.70009,0,0,0,0;
6.35, -0.317926,0.470022,2.71614,0,0,0,0;
6.36, -1.36417,0.516554,2.69183,0,0,0,0;
6.37, -1.31553,0.53691,2.69088,0,0,0,0;
6.38, -0.367003,0.617089,2.72136,0,0,0,0;
6.39, -1.56933,0.546763,2.67796,0,0,0,0;
6.4, -1.07848,0.66922,2.71662,0,0,0,0;
6.41, -1.65579,0.662079,2.66626,0,0,0,0;
6.42, -1.05592,0.658736,2.69322,0,0,0,0;
6.43, -0.764409,0.726375,2.71363,0,0,0,0;
6.44, -0.972996,0.80987,2.73015,0,0,0,0;
6.45, -1.02259,0.76382,2.69947,0,0,0,0;
6.46, -0.725168,0.871098,2.69547,0,0,0,0;
6.47, -0.943542,0.838105,2.77503,0,0,0,0;
6.48, -1.66777,0.917632,2.70601,0,0,0,0;
6.49, -0.458688,0.985539,2.73367,0,0,0,0;
6.5, -0.804155,0.984106,2.72819,0,0,0,0;
6.51, -1.54297,0.996456,2.68141,0,0,0,0;
6.52, -1.25487,1.08265,2.73052,0,0,0,0;
6.53, -1.12146,1.10569,2.73377,0,0,0,0;
6.54, -0.891945,1.25534,2.70768,0,0,0,0;
6.55, -0.640608,1.13499,2.81113,0,0,0,0;
6.56, -0.906406,1.30192,2.70731,0,0,0,0;
6.57, -0.283129,1.27367,2.76698,0,0,0,0;
6.58, -0.339877,1.44038,2.74549,0,0,0,0;
6.59, -0.601772,1.38269,2.81021,0,0,0,0;
6.6, -0.305532,1.55601,2.71979,0,0,0,0;
6.61, 0.139792,1.46802,2.87619,0,0,0,0;
6.62, -0.714208,1.4978,2.72706,0,0,0,0;
6.63, 0.189704,1.72434,2.85089,0,0,0,0;
6.64, -0.117766,1.60139,2.81628,0,0,0,0;
6.65, -0.517698,1.67838,2.77432,0,0,0,0;
6.66, -0.280564,1.66814,2.85826,0,0,0,0;
6.67, 0.447915,1.78498,2.86641,0,0,0,0;
6.68, 0.702664,1.7141,2.84798,0,0,0,0;
6.69, -0.247749,1.82451,2.90049,0,0,0,0;
6.7, 0.182205,1.76424,2.81088,0,0,0,0;
6.71, 0.946921,1.76535,2.91896,0,0,0,0;
6.72, 0.573273,1.80922,2.85441,0,0,0,0;
6.73, 1.07484,1.77065,2.92642,0,0,0,0;
6.74, 1.28335,1.75323,2.94263,0,0,0,0;
6.75, 1.08899,1.78218,2.92891,0,0,0,0;
6.76, 1.29128,1.77476,2.94952,0,0,0,0;
6.77, 0.820687,1.58883,2.95863,0,0,0,0;
6.78, 0.795767,1.63181,2.95937,0,0,0,0;
6.79, 0.966595,1.58916,2.96321,0,0,0,0;
6.8, 1.54953,1.55489,2.98795,0,0,0,0;
6.81, 1.91149,1.46266,3.00959,0,0,0,0;
6.82, 1.34295,1.40342,3.01829,0,0,0,0;
6.83, 1.47171,1.27455,3.02186,0,0,0,0;
6.84, 1.5913,1.21079,3.03287,0,0,0,0;
6.85, 1.10193,1.20525,3.01972,0,0,0,0;
6.86, 2.09402,1.08107,3.09123,0,0,0,0;
6.87, 3.01261,0.981107,3.11497,0,0,0,0;
6.88, 1.96018,0.901884,3.08641,0,0,0,0;
6.89, 1.46413,0.879786,3.08334,0,0,0,0;
6.9, 0.731045,0.661259,3.05662,0,0,0,0;
6.91, 1.09328,0.68333,3.08373,0,0,0,0;
6.92, 1.99224,0.457754,3.11829,0,0,0,0;
6.93, 1.34716,0.528876,3.06639,0,0,0,0;
6.94, 1.47879,0.419024,3.12153,0,0,0,0;
6.95, 1.75578,0.289436,3.16245,0,0,0,0;
6.96, 1.15823,0.173568,3.09498,0,0,0,0;
6.97, 1.36324,0.118102,3.10699,0,0,0,0;
6.98, 2.1457,-0.000752091,3.18162,0,0,0,0;
6.99, 0.961323,0.0893507,3.07484,0,0,0,0;
7, 1.44819,-0.189732,3.18486,0,0,0,0;
7.01, 1.68222,-0.181931,3.19928,0,0,0,0;
7.02, 1.55931,-0.217653,3.14033,0,0,0,0;
7.03, 0.4578,-0.383583,3.06299,0,0,0,0;
7.04, 0.904829,-0.510306,3.16033,0,0,0,0;
7.05, 1.09411,-0.364078,3.08455,0,0,0,0;
7.06, 0.939898,-0.417398,3.14298,0,0,0,0;
7.07, 0.857346,-0.396443,3.09269,0,0,0,0;
7.08, 1.00915,-0.651544,3.13379,0,0,0,0;
7.09, 1.27979,-0.889045,3.14402,0,0,0,0;
7.1, 0.277263,-0.591973,3.01791,0,0,0,0;
7.11, 0.526444,-0.796052,3.10674,0,0,0,0;
7.12, 0.390362,-0.629177,3.09272,0,0,0,0;
7.13, 0.621735,-0.597973,3.02736,0,0,0,0;
7.14, 0.266308,-0.683029,2.99138,0,0,0,0;
7.15, 0.332166,-0.887855,3.1147,0,0,0,0;
7.16, 0.478158,-0.959541,3.02533,0,0,0,0;
7.17, 0.531106,-0.899062,3.0247,0,0,0,0;
7.18, 0.0985739,-0.680243,2.90329,0,0,0,0;
7.19, 0.214836,-0.636743,3.01908,0,0,0,0;
7.2, -0.0442459,-0.858461,2.99143,0,0,0,0;
7.21, 0.676644,-1.00807,3.03432,0,0,0,0;
7.22, -0.226226,-0.625139,2.8915,0,0,0,0;
7.23, -0.135063,-0.589681,2.83925,0,0,0,0;
7.24, -0.144585,-0.896932,2.96893,0,0,0,0;
7.25, 0.00294751,-0.765819,2.89397,0,0,0,0;
7.26, -0.139021,-0.540001,2.84482,0,0,0,0;
7.27, -0.129815,-0.627935,2.85878,0,0,0,0;
7.28, -0.0781822,-0.634886,2.82765,0,0,0,0;
7.29, -0.691327,-0.431787,2.78676,0,0,0,0;
7.3, -0.073381,-0.854647,2.87071,0,0,0,0;
7.31, -0.272258,-0.589333,2.79985,0,0,0,0;
7.32, -0.4708,-0.611975,2.74393,0,0,0,0;
7.33, -0.233089,-0.0257069,2.7904,0,0,0,0;
7.34, -0.516791,-0.655416,2.76167,0,0,0,0;
7.35, -0.147841,-0.102632,2.78784,0,0,0,0;
7.36, -0.662546,-0.487892,2.69644,0,0,0,0;
7.37, -0.367737,-0.337293,2.66076,0,0,0,0;
7.38, -0.0751657,-0.232798,2.78201,0,0,0,0;
7.39, -0.36503,-0.255292,2.62431,0,0,0,0;
7.4, -0.490052,-0.0763157,2.67759,0,0,0,0;
7.41, -1.49997,-0.149134,2.63134,0,0,0,0;
7.42, -0.58609,-0.0308948,2.61659,0,0,0,0;
7.43, -0.13771,0.0479454,2.62158,0,0,0,0;
7.44, 0.116076,-0.206015,2.67096,0,0,0,0;
7.45, -1.16446,0.0941317,2.56469,0,0,0,0;
7.46, -1.04715,0.194212,2.56809,0,0,0,0;
7.47, -0.947544,0.0200828,2.61787,0,0,0,0;
7.48, -0.758437,0.102555,2.58529,0,0,0,0;
7.49, -0.606753,0.108481,2.58173,0,0,0,0;
7.5, -1.18012,0.104591,2.5803,0,0,0,0;
7.51, -0.502492,0.0627735,2.55271,0,0,0,0;
7.52, -0.850823,0.190666,2.58149,0,0,0,0;
7.53, -0.978623,0.208125,2.53623,0,0,0,0;
7.54, -0.218664,0.166226,2.56206,0,0,0,0;
7.55, -0.947738,0.254419,2.58395,0,0,0,0;
7.56, -1.1148,0.264325,2.50459,0,0,0,0;
7.57, -0.487573,0.213321,2.56061,0,0,0,0;
7.58, -1.03762,0.317627,2.50976,0,0,0,0;
7.59, -1.14572,0.25097,2.51706,0,0,0,0;
7.6, -0.379188,0.328511,2.56206,0,0,0,0;
7.61, -0.948419,0.385411,2.54008,0,0,0,0;
7.62, -1.06191,0.277125,2.54753,0,0,0,0;
7.63, -1.76143,0.42619,2.46809,0,0,0,0;
7.64, -0.222008,0.331432,2.57469,0,0,0,0;
7.65, -0.912747,0.43162,2.4933,0,0,0,0;
7.66, -1.04893,0.39813,2.53943,0,0,0,0;
7.67, -1.01403,0.449173,2.52376,0,0,0,0;
7.68, -1.21093,0.406908,2.53888,0,0,0,0;
7.69, -1.17505,0.558714,2.50416,0,0,0,0;
7.7, -1.57913,0.477631,2.48328,0,0,0,0;
7.71, -1.82157,0.55787,2.51667,0,0,0,0;
7.72, -0.439844,0.543655,2.54195,0,0,0,0;
7.73, -0.984868,0.60583,2.53966,0,0,0,0;
7.74, -1.69444,0.577152,2.50012,0,0,0,0;
7.75, -0.260958,0.626508,2.57736,0,0,0,0;
7.76, -1.33419,0.710093,2.55157,0,0,0,0;
7.77, -0.831074,0.69322,2.5411,0,0,0,0;
7.78, -1.19023,0.725138,2.54039,0,0,0,0;
7.79, -1.26042,0.766606,2.53467,0,0,0,0;
7.8, -1.32255,0.819976,2.55053,0,0,0,0;
7.81, -0.148066,0.926059,2.60468,0,0,0,0;
7.82, -1.9007,0.822135,2.54433,0,0,0,0;
7.83, -1.56935,0.853532,2.53415,0,0,0,0;
7.84, -1.00524,0.966474,2.55037,0,0,0,0;
7.85, -1.10814,1.08167,2.56568,0,0,0,0;
7.86, -1.07693,1.05238,2.60812,0,0,0,0;
7.87, -1.3908,1.11284,2.59084,0,0,0,0;
7.88, -1.09761,1.28253,2.46791,0,0,0,0;
7.89, -1.41049,1.21439,2.56589,0,0,0,0;
7.9, -0.407755,1.33949,2.59055,0,0,0,0;
7.91, -0.786732,1.42113,2.56266,0,0,0,0;
7.92, -0.557274,1.52262,2.58781,0,0,0,0;
7.93, -0.392811,1.45602,2.64854,0,0,0,0;
7.94, -1.24183,1.49838,2.55934,0,0,0,0;
7.95, -0.554476,1.67275,2.59154,0,0,0,0;
7.96, 0.468612,1.73513,2.60504,0,0,0,0;
7.97, 0.1867,1.7654,2.64417,0,0,0,0;
7.98, -0.666827,1.78701,2.68574,0,0,0,0;
7.99, 0.235635,1.8225,2.67796,0,0,0,0;
8, -0.613904,1.91319,2.61947,0,0,0,0;
8.01, -0.373051,2.02989,2.66869,0,0,0,0;
8.02, 0.533537,1.97141,2.62125,0,0,0,0;
8.03, 0.662149,2.04439,2.71608,0,0,0,0;
8.04, 0.591905,1.9985,2.66583,0,0,0,0;
8.05, 1.20435,2.09681,2.75048,0,0,0,0;
8.06, 0.695358,2.01233,2.71215,0,0,0,0;
8.07, 1.0303,1.98576,2.76371,0,0,0,0;
8.08, 0.810432,2.06298,2.74132,0,0,0,0;
8.09, 0.885402,1.96299,2.74087,0,0,0,0;
8.1, 0.829667,1.97675,2.75217,0,0,0,0;
8.11, 1.86247,1.93873,2.80665,0,0,0,0;
8.12, 1.45634,1.80573,2.78831,0,0,0,0;
8.13, 1.69393,1.83467,2.83571,0,0,0,0;
8.14, 1.08623,1.76968,2.7856,0,0,0,0;
8.15, 2.11413,1.59886,2.85298,0,0,0,0;
8.16, 2.33446,1.54614,2.86458,0,0,0,0;
8.17, 1.69232,1.50017,2.86448,0,0,0,0;
8.18, 1.22441,1.35024,2.84229,0,0,0,0;
8.19, 2.06082,1.26595,2.89149,0,0,0,0;
8.2, 1.7173,1.18752,2.88035,0,0,0,0;
8.21, 2.5842,1.04823,2.92228,0,0,0,0;
8.22, 1.53584,0.922896,2.93372,0,0,0,0;
8.23, 1.80965,0.87081,2.9126,0,0,0,0;
8.24, 1.89044,0.63255,2.9125,0,0,0,0;
8.25, 1.64029,0.624084,2.95004,0,0,0,0;
8.26, 1.95512,0.547846,2.95294,0,0,0,0;
8.27, 2.10693,0.347058,2.98082,0,0,0,0;
8.28, 2.41045,0.299838,2.96111,0,0,0,0;
8.29, 2.30939,0.204461,3.00821,0,0,0,0;
8.3, 1.37024,0.154448,2.9576,0,0,0,0;
8.31, 1.80472,-0.239231,3.01212,0,0,0,0;
8.32, 1.42349,-0.0529531,2.97482,0,0,0,0;
8.33, 1.73528,-0.134254,2.97599,0,0,0,0;
8.34, 1.1084,-0.264923,2.9645,0,0,0,0;
8.35, 1.17236,-0.302744,2.97622,0,0,0,0;
8.36, 1.35515,-0.510014,3.04738,0,0,0,0;
8.37, 1.37105,-0.49168,2.93048,0,0,0,0;
8.38, 1.19431,-0.69886,3.01118,0,0,0,0;
8.39, 0.4941,-0.717459,2.96894,0,0,0,0;
8.4, 1.0736,-0.591984,2.95198,0,0,0,0;
8.41, 0.753042,-1.02919,2.97197,0,0,0,0;
8.42, 1.11733,-0.511744,2.96437,0,0,0,0;
8.43, 0.892657,-1.08432,2.97381,0,0,0,0;
8.44, 0.709453,-0.945549,2.89182,0,0,0,0;
8.45, 0.517796,-0.744547,2.9064,0,0,0,0;
8.46, 0.493362,-1.11584,2.9996,0,0,0,0;
8.47, 0.282171,-0.915861,2.90492,0,0,0,0;
8.48, 1.07906,-1.06729,2.83366,0,0,0,0;
8.49, 0.30947,-1.05585,2.94049,0,0,0,0;
8.5, 0.200109,-0.995059,2.82794,0,0,0,0;
8.51, -0.125804,-1.02125,2.73625,0,0,0,0;
8.52, 0.127638,-1.0531,2.93992,0,0,0,0;
8.53, 0.220428,-0.787483,2.69385,0,0,0,0;
8.54, 0.254154,-1.0122,2.81715,0,0,0,0;
8.55, -0.0985416,-0.939449,2.74874,0,0,0,0;
8.56, -0.451885,-0.998062,2.769,0,0,0,0;
8.57, 0.0900882,-0.679787,2.65647,0,0,0,0;
8.58, 0.0548903,-0.922178,2.77014,0,0,0,0;
8.59, -0.35573,-0.907281,2.68579,0,0,0,0;
8.6, -0.199489,-0.665739,2.71074,0,0,0,0;
8.61, -0.316474,-0.726178,2.66593,0,0,0,0;
8.62, -0.245636,-0.643289,2.69747,0,0,0,0;
8.63, 0.186488,-0.695038,2.58011,0,0,0,0;
8.64, -0.346489,-0.382501,2.60695,0,0,0,0;
8.65, -0.8719,-0.4266,2.56146,0,0,0,0;
8.66, -0.542352,-0.47973,2.57256,0,0,0,0;
8.67, -0.408514,-0.437343,2.5476,0,0,0,0;
8.68, -0.194818,-0.408682,2.59188,0,0,0,0;
8.69, -0.278621,-0.500787,2.5313,0,0,0,0;
8.7, -0.755649,-0.141335,2.44137,0,0,0,0;
8.71, -0.663979,0.00433308,2.48263,0,0,0,0;
8.72, -0.689774,-0.243468,2.46225,0,0,0,0;
8.73, -0.698238,-0.346051,2.53312,0,0,0,0;
8.74, -0.447323,0.0276415,2.44595,0,0,0,0;
8.75, -0.609576,0.0162396,2.50678,0,0,0,0;
8.76, -0.520823,-0.203549,2.38825,0,0,0,0;
8.77, -0.478557,0.131244,2.45103,0,0,0,0;
8.78, -0.983941,0.0983042,2.38011,0,0,0,0;
8.79, -1.24705,0.139068,2.32817,0,0,0,0;
8.8, -0.927569,0.0580857,2.38444,0,0,0,0;
8.81, -0.664337,0.193216,2.43903,0,0,0,0;
8.82, -0.182431,0.117981,2.38202,0,0,0,0;
8.83, -0.435689,0.00518197,2.42469,0,0,0,0;
8.84, -0.688435,0.206316,2.35251,0,0,0,0;
8.85, -0.74674,0.180369,2.37553,0,0,0,0;
8.86, -1.79364,0.220622,2.27713,0,0,0,0;
8.87, -0.802939,0.271623,2.39572,0,0,0,0;
8.88, -1.13343,0.234943,2.35266,0,0,0,0;
8.89, -0.995919,0.261285,2.30166,0,0,0,0;
8.9, -0.569089,0.263266,2.3802,0,0,0,0;
8.91, -0.839293,0.313767,2.32694,0,0,0,0;
8.92, -0.448962,0.266585,2.34681,0,0,0,0;
8.93, -1.46736,0.34835,2.30169,0,0,0,0;
8.94, -0.980767,0.39099,2.34801,0,0,0,0;
8.95, -1.00043,0.309799,2.31234,0,0,0,0;
8.96, -1.06996,0.264591,2.3162,0,0,0,0;
8.97, -1.05691,0.416519,2.36231,0,0,0,0;
8.98, -0.268382,0.418148,2.38569,0,0,0,0;
8.99, -1.38666,0.415737,2.29361,0,0,0,0;
9, -1.02121,0.53226,2.33904,0,0,0,0;
9.01, -1.54552,0.421954,2.32566,0,0,0,0;
9.02, -0.991144,0.401448,2.33372,0,0,0,0;
9.03, -0.753699,0.547419,2.35912,0,0,0,0;
9.04, -0.630523,0.524944,2.36824,0,0,0,0;
9.05, -1.29051,0.502254,2.361,0,0,0,0;
9.06, -1.63806,0.513153,2.32627,0,0,0,0;
9.07, -1.04876,0.540978,2.36017,0,0,0,0;
9.08, -1.5177,0.623769,2.33568,0,0,0,0;
9.09, -1.72109,0.632414,2.35211,0,0,0,0;
9.1, -0.596234,0.605571,2.35211,0,0,0,0;
9.11, -1.52036,0.604879,2.36329,0,0,0,0;
9.12, -0.969142,0.750628,2.36292,0,0,0,0;
9.13, -1.50483,0.828696,2.39036,0,0,0,0;
9.14, -1.84201,0.724755,2.34828,0,0,0,0;
9.15, -1.64765,0.777565,2.37581,0,0,0,0;
9.16, -0.583578,0.880677,2.35619,0,0,0,0;
9.17, -0.495718,1.02132,2.38963,0,0,0,0;
9.18, -0.857755,0.954034,2.42326,0,0,0,0;
9.19, -1.66272,1.04388,2.35344,0,0,0,0;
9.2, -1.81797,1.06228,2.42139,0,0,0,0;
9.21, -1.02296,1.17269,2.3285,0,0,0,0;
9.22, -1.63437,1.17173,2.35402,0,0,0,0;
9.23, -0.824266,1.33981,2.40377,0,0,0,0;
9.24, -0.269348,1.38507,2.49587,0,0,0,0;
9.25, -0.821694,1.4662,2.38834,0,0,0,0;
9.26, -1.1375,1.60162,2.41513,0,0,0,0;
9.27, -1.20179,1.49196,2.32843,0,0,0,0;
9.28, -0.764299,1.702,2.40269,0,0,0,0;
9.29, -0.961744,1.78228,2.41702,0,0,0,0;
9.3, -0.178749,1.78518,2.45618,0,0,0,0;
9.31, -0.075275,2.00334,2.42544,0,0,0,0;
9.32, 0.525149,1.92436,2.46033,0,0,0,0;
9.33, -0.130677,2.12879,2.48721,0,0,0,0;
9.34, -0.038171,2.09225,2.46343,0,0,0,0;
9.35, -0.612057,2.12602,2.50178,0,0,0,0;
9.36, 0.187139,2.17698,2.4764,0,0,0,0;
9.37, 0.847452,2.26143,2.50882,0,0,0,0;
9.38, 0.499614,2.23068,2.50987,0,0,0,0;
9.39, 0.456835,2.2815,2.5162,0,0,0,0;
9.4, 1.31727,2.33169,2.52638,0,0,0,0;
9.41, 1.96629,2.21761,2.56157,0,0,0,0;
9.42, 1.83979,2.23656,2.63615,0,0,0,0;
9.43, 1.16993,2.23937,2.58469,0,0,0,0;
9.44, 0.669667,2.07919,2.59652,0,0,0,0;
9.45, 1.96368,2.08954,2.61455,0,0,0,0;
9.46, 1.14505,2.10544,2.62546,0,0,0,0;
9.47, 2.11913,1.93183,2.6499,0,0,0,0;
9.48, 2.05289,1.74346,2.68172,0,0,0,0;
9.49, 1.9405,1.73766,2.68664,0,0,0,0;
9.5, 1.80159,1.64732,2.66039,0,0,0,0;
9.51, 1.71732,1.52528,2.70944,0,0,0,0;
9.52, 2.57796,1.43561,2.70484,0,0,0,0;
9.53, 3.18321,1.26547,2.81547,0,0,0,0;
9.54, 1.40685,1.11597,2.69765,0,0,0,0;
9.55, 1.86818,0.947515,2.73659,0,0,0,0;
9.56, 2.85118,1.00799,2.82423,0,0,0,0;
9.57, 2.40876,0.683261,2.78661,0,0,0,0;
9.58, 2.10475,0.583069,2.77929,0,0,0,0;
9.59, 1.26663,0.418554,2.81236,0,0,0,0;
9.6, 2.6788,0.330267,2.85824,0,0,0,0;
9.61, 2.11976,0.302662,2.83564,0,0,0,0;
9.62, 1.51422,0.0555632,2.85473,0,0,0,0;
9.63, 1.53175,-0.120584,2.78079,0,0,0,0;
9.64, 2.42049,-0.152109,2.95257,0,0,0,0;
9.65, 1.98483,-0.114999,2.86055,0,0,0,0;
9.66, 1.82419,-0.317741,2.89247,0,0,0,0;
9.67, 1.67052,-0.470824,2.87289,0,0,0,0;
9.68, 1.71799,-0.530007,2.90732,0,0,0,0;
9.69, 1.35694,-0.603811,2.87397,0,0,0,0;
9.7, 0.943174,-0.605029,2.85616,0,0,0,0;
9.71, 1.23894,-0.788952,2.90023,0,0,0,0;
9.72, 0.884836,-0.884434,2.87386,0,0,0,0;
9.73, 1.16745,-0.859325,2.79937,0,0,0,0;
9.74, 1.02827,-0.894125,2.92811,0,0,0,0;
9.75, 0.795482,-1.22279,2.81513,0,0,0,0;
9.76, 0.290327,-0.947138,2.83334,0,0,0,0;
9.77, 0.42224,-1.19292,2.8595,0,0,0,0;
9.78, 1.3931,-1.14471,2.89499,0,0,0,0;
9.79, 0.334652,-0.997278,2.75781,0,0,0,0;
9.8, 0.223897,-1.03132,2.80649,0,0,0,0;
9.81, 0.879699,-1.35529,2.83602,0,0,0,0;
9.82, 0.569032,-0.88766,2.76414,0,0,0,0;
9.83, -0.106415,-1.42992,2.77882,0,0,0,0;
9.84, 0.298968,-1.2083,2.68995,0,0,0,0;
9.85, -0.562286,-1.00275,2.69347,0,0,0,0;
9.86, 0.21813,-0.995996,2.73296,0,0,0,0;
9.87, 0.368502,-0.97883,2.71536,0,0,0,0;
9.88, 0.0580567,-1.12717,2.63355,0,0,0,0;
9.89, -0.557431,-1.10986,2.63474,0,0,0,0;
9.9, -0.16189,-0.759512,2.65001,0,0,0,0;
9.91, 0.00753239,-0.754744,2.63993,0,0,0,0;
9.92, 0.0195142,-1.04221,2.65856,0,0,0,0;
9.93, 0.0700991,-0.87447,2.57339,0,0,0,0;
9.94, -0.768799,-0.788492,2.49315,0,0,0,0;
9.95, -0.298781,-0.47063,2.5786,0,0,0,0;
9.96, -0.216545,-0.596352,2.56742,0,0,0,0;
9.97, -0.877033,-0.646834,2.45134,0,0,0,0;
9.98, -0.774736,-0.520152,2.54072,0,0,0,0;
9.99, -0.522436,-0.050634,2.36914,0,0,0,0;
