0, 3.50451,69.1476,3.8202,0,0,0,0;
0.01, 6.38738,47.3989,3.75041,0,0,0,0;
0.02, 6.73755,-4.25902,4.79722,0,0,0,0;
0.03, 6.20774,-17.9033,4.50575,0,0,0,0;
0.04, 5.34013,-19.9034,2.87455,0,0,0,0;
0.05, 4.18211,-18.9599,1.26205,0,0,0,0;
0.06, 2.62531,-17.0896,0.182589,0,0,0,0;
0.07, 2.08834,-14.8807,-0.393747,0,0,0,0;
0.08, 1.30564,-12.7501,-0.65398,0,0,0,0;
0.09, 0.455954,-10.8757,-0.682958,0,0,0,0;
0.1, -0.174253,-9.27212,-0.572333,0,0,0,0;
0.11, -0.719388,-7.92534,-0.398871,0,0,0,0;
0.12, -1.14188,-6.81405,-0.203095,0,0,0,0;
0.13, -1.55445,-5.89035,-0.00566888,0,0,0,0;
0.14, -1.75107,-5.10421,0.177296,0,0,0,0;
0.15, -1.97049,-4.43093,0.344855,0,0,0,0;
0.16, -2.1207,-3.8466,0.494869,0,0,0,0;
0.17, -2.18972,-3.33102,0.612468,0,0,0,0;
0.18, -2.28772,-2.86774,0.708228,0,0,0,0;
0.19, -2.51041,-2.46936,0.820226,0,0,0,0;
0.2, -2.50909,-2.09745,0.912438,0,0,0,0;
0.21, -2.51678,-1.76546,0.992129,0,0,0,0;
0.22, -2.57657,-1.44902,1.05869,0,0,0,0;
0.23, -2.51325,-1.1677,1.10664,0,0,0,0;
0.24, -2.55395,-0.902249,1.15296,0,0,0,0;
0.25, -2.30864,-0.639884,1.18648,0,0,0,0;
0.26, -2.3838,-0.386577,1.19454,0,0,0,0;
0.27, -2.30109,-0.173481,1.20142,0,0,0,0;
0.28, -2.22407,0.00705349,1.21978,0,0,0,0;
0.29, -2.0254,0.182675,1.23052,0,0,0,0;
0.3, -1.93984,0.357825,1.2309,0,0,0,0;
0.31, -1.88928,0.529613,1.22925,0,0,0,0;
0.32, -1.87111,0.680144,1.23128,0,0,0,0;
0.33, -1.83685,0.819866,1.23101,0,0,0,0;
0.34, -1.67831,0.933071,1.22298,0,0,0,0;
0.35, -1.60316,1.03421,1.22229,0,0,0,0;
0.36, -1.51202,1.13095,1.21868,0,0,0,0;
0.37, -1.33688,1.21095,1.21485,0,0,0,0;
0.38, -1.27184,1.31453,1.20352,0,0,0,0;
0.39, -1.15885,1.4012,1.21892,0,0,0,0;
0.4, -0.964597,1.44842,1.22263,0,0,0,0;
0.41, -0.940347,1.52155,1.20671,0,0,0,0;
0.42, -0.859647,1.60356,1.20452,0,0,0,0;
0.43, -0.713842,1.68382,1.19633,0,0,0,0;
0.44, -0.733711,1.76181,1.18991,0,0,0,0;
0.45, -0.606243,1.73382,1.18719,0,0,0,0;
0.46, -0.490069,1.77036,1.18719,0,0,0,0;
0.47, -0.284961,1.80761,1.17597,0,0,0,0;
0.48, -0.214137,1.767,1.14493,0,0,0,0;
0.49, -0.223337,1.76243,1.15656,0,0,0,0;
0.5, -0.0615003,1.74416,1.15211,0,0,0,0;
0.51, 0.012912,1.74944,1.13315,0,0,0,0;
0.52, 0.090029,1.7408,1.09948,0,0,0,0;
0.53, 0.290689,1.72521,1.06823,0,0,0,0;
0.54, 0.273393,1.71424,1.04809,0,0,0,0;
0.55, 0.44518,1.71191,1.02015,0,0,0,0;
0.56, 0.573058,1.69455,1.00039,0,0,0,0;
0.57, 0.613163,1.68102,0.970916,0,0,0,0;
0.58, 0.625717,1.51458,0.929341,0,0,0,0;
0.59, 0.646828,1.36806,0.901002,0,0,0,0;
0.6, 0.700287,1.34004,0.874672,0,0,0,0;
0.61, 0.782111,1.29143,0.842582,0,0,0,0;
0.62, 0.856029,1.24871,0.821079,0,0,0,0;
0.63, 0.937248,1.15238,0.790205,0,0,0,0;
0.64, 1.07732,1.0614,0.765535,0,0,0,0;
0.65, 1.1386,1.00809,0.73627,0,0,0,0;
0.66, 1.04743,0.916739,0.709975,0,0,0,0;
0.67, 1.07669,0.831163,0.682083,0,0,0,0;
0.68, 1.19481,0.786451,0.651208,0,0,0,0;
0.69, 1.23098,0.727122,0.625901,0,0,0,0;
0.7, 1.25385,0.657261,0.599957,0,0,0,0;
0.71, 1.37283,0.61363,0.573562,0,0,0,0;
0.72, 1.39954,0.577859,0.547289,0,0,0,0;
0.73, 1.40463,0.510717,0.518649,0,0,0,0;
0.74, 1.38295,0.425317,0.493196,0,0,0,0;
0.75, 1.39883,0.353922,0.46328,0,0,0,0;
0.76, 1.46164,0.300606,0.443129,0,0,0,0;
0.77, 1.4259,0.253696,0.424339,0,0,0,0;
0.78, 1.50996,0.209046,0.402958,0,0,0,0;
0.79, 1.50672,0.164714,0.388085,0,0,0,0;
0.8, 1.39497,0.118181,0.365717,0,0,0,0;
0.81, 1.44105,0.0681743,0.344898,0,0,0,0;
0.82, 1.4949,0.027228,0.334006,0,0,0,0;
0.83, 1.5856,-0.0112321,0.316308,0,0,0,0;
0.84, 1.68755,-0.0839821,0.293764,0,0,0,0;
0.85, 1.65265,-0.110181,0.280313,0,0,0,0;
0.86, 1.54987,-0.116239,0.263031,0,0,0,0;
0.87, 1.50933,-0.155027,0.237572,0,0,0,0;
0.88, 1.51897,-0.177973,0.227734,0,0,0,0;
0.89, 1.56338,-0.211634,0.220505,0,0,0,0;
0.9, 1.55619,-0.246673,0.212477,0,0,0,0;
0.91, 1.63707,-0.292661,0.192864,0,0,0,0;
0.92, 1.68309,-0.348844,0.182543,0,0,0,0;
0.93, 1.62526,-0.38498,0.176079,0,0,0,0;
0.94, 1.58862,-0.413894,0.16498,0,0,0,0;
0.95, 1.56393,-0.442597,0.159189,0,0,0,0;
0.96, 1.5579,-0.447934,0.154363,0,0,0,0;
0.97, 1.65912,-0.466036,0.149839,0,0,0,0;
0.98, 1.7694,-0.487841,0.143132,0,0,0,0;
0.99, 1.79797,-0.511998,0.135668,0,0,0,0;
1, 1.80055,-0.544777,0.134646,0,0,0,0;
1.01, 1.89008,-0.568172,0.138155,0,0,0,0;
1.02, 2.00331,-0.584397,0.139539,0,0,0,0;
1.03, 1.93281,-0.610011,0.145941,0,0,0,0;
1.04, 1.92439,-0.6425,0.152458,0,0,0,0;
1.05, 1.98344,-0.673773,0.163761,0,0,0,0;
1.06, 1.90001,-0.708059,0.168971,0,0,0,0;
1.07, 1.86173,-0.742497,0.176735,0,0,0,0;
1.08, 1.84102,-0.7655,0.19811,0,0,0,0;
1.09, 1.75363,-0.806625,0.20826,0,0,0,0;
1.1, 1.73045,-0.848997,0.212603,0,0,0,0;
1.11, 1.68571,-0.905025,0.221776,0,0,0,0;
1.12, 1.75227,-0.951241,0.236461,0,0,0,0;
1.13, 1.79,-1.01882,0.243829,0,0,0,0;
1.14, 1.80649,-1.08192,0.255209,0,0,0,0;
1.15, 1.81429,-1.14335,0.281209,0,0,0,0;
1.16, 1.7468,-1.19495,0.304566,0,0,0,0;
1.17, 1.60804,-1.27271,0.314379,0,0,0,0;
1.18, 1.6867,-1.33222,0.316677,0,0,0,0;
1.19, 1.55347,-1.42025,0.316191,0,0,0,0;
1.2, 1.45783,-1.50422,0.334135,0,0,0,0;
1.21, 1.48155,-1.57089,0.353301,0,0,0,0;
1.22, 1.37396,-1.65567,0.382692,0,0,0,0;
1.23, 1.38718,-1.72738,0.413085,0,0,0,0;
1.24, 1.25804,-1.81367,0.427305,0,0,0,0;
1.25, 1.03654,-1.91042,0.441406,0,0,0,0;
1.26, 0.843047,-2.0093,0.461828,0,0,0,0;
1.27, 0.720758,-2.09496,0.478874,0,0,0,0;
1.28, 0.590474,-2.16956,0.491718,0,0,0,0;
1.29, 0.4121,-2.23366,0.511673,0,0,0,0;
1.3, 0.342068,-2.28987,0.533851,0,0,0,0;
1.31, 0.179128,-2.35847,0.552418,0,0,0,0;
1.32, 0.0632369,-2.39859,0.574445,0,0,0,0;
1.33, -0.239694,-2.45119,0.599866,0,0,0,0;
1.34, -0.435966,-2.48943,0.627837,0,0,0,0;
1.35, -0.571993,-2.49285,0.647757,0,0,0,0;
1.36, -0.682053,-2.49298,0.670282,0,0,0,0;
1.37, -0.768881,-2.48157,0.700706,0,0,0,0;
1.38, -1.07615,-2.48234,0.730753,0,0,0,0;
1.39, -1.25399,-2.45669,0.758359,0,0,0,0;
1.4, -1.47707,-2.42003,0.787221,0,0,0,0;
1.41, -1.52329,-2.34833,0.812695,0,0,0,0;
1.42, -1.56457,-2.26096,0.82865,0,0,0,0;
1.43, -1.84008,-2.19005,0.853494,0,0,0,0;
1.44, -1.87049,-2.10844,0.887703,0,0,0,0;
1.45, -1.8462,-1.99398,0.906153,0,0,0,0;
1.46, -2.01282,-1.87578,0.929784,0,0,0,0;
1.47, -2.18625,-1.7527,0.959932,0,0,0,0;
1.48, -2.18816,-1.62271,0.98211,0,0,0,0;
1.49, -2.31891,-1.49072,0.996752,0,0,0,0;
1.5, -2.35593,-1.3382,1.01061,0,0,0,0;
1.51, -2.45985,-1.1886,1.01798,0,0,0,0;
1.52, -2.49629,-1.04011,1.0269,0,0,0,0;
1.53, -2.43131,-0.892803,1.03231,0,0,0,0;
1.54, -2.45819,-0.752194,1.03423,0,0,0,0;
1.55, -2.38968,-0.607036,1.04106,0,0,0,0;
1.56, -2.34742,-0.448837,1.04252,0,0,0,0;
1.57, -2.24749,-0.310141,1.04018,0,0,0,0;
1.58, -2.27896,-0.15742,1.03337,0,0,0,0;
1.59, -2.27052,-0.0188274,1.03002,0,0,0,0;
1.6, -2.03989,0.119885,1.03467,0,0,0,0;
1.61, -1.97235,0.248656,1.03103,0,0,0,0;
1.62, -2.0416,0.359567,1.02136,0,0,0,0;
1.63, -1.91506,0.455029,1.02283,0,0,0,0;
1.64, -1.8342,0.567759,1.01946,0,0,0,0;
1.65, -1.83482,0.687316,1.02025,0,0,0,0;
1.66, -1.71256,0.804274,1.01944,0,0,0,0;
1.67, -1.67961,0.883786,1.01691,0,0,0,0;
1.68, -1.57387,0.93324,1.01598,0,0,0,0;
1.69, -1.36217,1.04254,1.00865,0,0,0,0;
1.7, -1.23567,1.12973,1.0011,0,0,0,0;
1.71, -1.11557,1.19992,0.991253,0,0,0,0;
1.72, -1.06211,1.26317,0.992152,0,0,0,0;
1.73, -0.983739,1.31692,0.992817,0,0,0,0;
1.74, -0.91972,1.36474,0.99154,0,0,0,0;
1.75, -0.90101,1.41854,0.984709,0,0,0,0;
1.76, -0.778973,1.45795,0.970685,0,0,0,0;
1.77, -0.69751,1.49151,0.973823,0,0,0,0;
1.78, -0.596964,1.53295,0.977144,0,0,0,0;
1.79, -0.445271,1.56754,0.976405,0,0,0,0;
1.8, -0.372532,1.60815,0.968867,0,0,0,0;
1.81, -0.325263,1.6,0.961571,0,0,0,0;
1.82, -0.133774,1.60971,0.951479,0,0,0,0;
1.83, -0.0717268,1.6193,0.941542,0,0,0,0;
1.84, 0.0177667,1.61289,0.924222,0,0,0,0;
1.85, 0.135796,1.59186,0.909179,0,0,0,0;
1.86, 0.213881,1.56632,0.893476,0,0,0,0;
1.87, 0.31135,1.55146,0.871618,0,0,0,0;
1.88, 0.377352,1.51549,0.850658,0,0,0,0;
1.89, 0.440067,1.46659,0.82768,0,0,0,0;
1.9, 0.470271,1.44565,0.810121,0,0,0,0;
1.91, 0.552752,1.4217,0.791638,0,0,0,0;
1.92, 0.637155,1.36868,0.764748,0,0,0,0;
1.93, 0.709249,1.29793,0.727419,0,0,0,0;
1.94, 0.79991,1.23401,0.702476,0,0,0,0;
1.95, 0.82937,1.17113,0.681245,0,0,0,0;
1.96, 0.877769,1.09844,0.652386,0,0,0,0;
1.97, 0.935177,1.04352,0.634466,0,0,0,0;
1.98, 0.990126,0.990107,0.610532,0,0,0,0;
1.99, 1.03617,0.928878,0.580338,0,0,0,0;
2, 1.05906,0.869095,0.55863,0,0,0,0;
2.01, 1.17883,0.808945,0.531203,0,0,0,0;
2.02, 1.17001,0.742792,0.505324,0,0,0,0;
2.03, 1.16878,0.68531,0.478468,0,0,0,0;
2.04, 1.27204,0.624196,0.454258,0,0,0,0;
2.05, 1.30926,0.573652,0.43369,0,0,0,0;
2.06, 1.24072,0.509841,0.412486,0,0,0,0;
2.07, 1.21097,0.452001,0.394688,0,0,0,0;
2.08, 1.23261,0.394063,0.379728,0,0,0,0;
2.09, 1.28971,0.332783,0.359543,0,0,0,0;
2.1, 1.31942,0.29601,0.347461,0,0,0,0;
2.11, 1.40081,0.250643,0.329524,0,0,0,0;
2.12, 1.48721,0.197346,0.30446,0,0,0,0;
2.13, 1.53135,0.151508,0.286366,0,0,0,0;
2.14, 1.47598,0.0958062,0.269198,0,0,0,0;
2.15, 1.48075,0.0528827,0.25265,0,0,0,0;
2.16, 1.50677,0.0184244,0.238607,0,0,0,0;
2.17, 1.5353,-0.0273759,0.220417,0,0,0,0;
2.18, 1.55368,-0.0733625,0.20267,0,0,0,0;
2.19, 1.57457,-0.107314,0.189797,0,0,0,0;
2.2, 1.56708,-0.136304,0.176846,0,0,0,0;
2.21, 1.47186,-0.181303,0.162511,0,0,0,0;
2.22, 1.44387,-0.219444,0.149145,0,0,0,0;
2.23, 1.47904,-0.248623,0.140798,0,0,0,0;
2.24, 1.54409,-0.278442,0.128867,0,0,0,0;
2.25, 1.67579,-0.317271,0.11565,0,0,0,0;
2.26, 1.67674,-0.335605,0.110695,0,0,0,0;
2.27, 1.75522,-0.362139,0.104714,0,0,0,0;
2.28, 1.86107,-0.393394,0.0998499,0,0,0,0;
2.29, 1.84674,-0.435253,0.0943549,0,0,0,0;
2.3, 1.67776,-0.475693,0.0920618,0,0,0,0;
2.31, 1.67252,-0.505074,0.0903797,0,0,0,0;
2.32, 1.62756,-0.534558,0.0907872,0,0,0,0;
2.33, 1.63129,-0.560411,0.0878842,0,0,0,0;
2.34, 1.67092,-0.588634,0.0869637,0,0,0,0;
2.35, 1.68268,-0.618008,0.0847983,0,0,0,0;
2.36, 1.65649,-0.653273,0.0873005,0,0,0,0;
2.37, 1.70071,-0.692061,0.0900354,0,0,0,0;
2.38, 1.76722,-0.72224,0.0911992,0,0,0,0;
2.39, 1.75555,-0.754749,0.0953321,0,0,0,0;
2.4, 1.75406,-0.794539,0.102982,0,0,0,0;
2.41, 1.76695,-0.832147,0.110028,0,0,0,0;
2.42, 1.72762,-0.875305,0.119198,0,0,0,0;
2.43, 1.65662,-0.923862,0.129144,0,0,0,0;
2.44, 1.60268,-0.976013,0.137289,0,0,0,0;
2.45, 1.5671,-1.02935,0.146189,0,0,0,0;
2.46, 1.5799,-1.08289,0.152139,0,0,0,0;
2.47, 1.54039,-1.13622,0.160261,0,0,0,0;
2.48, 1.55435,-1.18586,0.169859,0,0,0,0;
2.49, 1.54454,-1.24617,0.175029,0,0,0,0;
2.5, 1.49109,-1.30847,0.186649,0,0,0,0;
2.51, 1.46485,-1.36893,0.201456,0,0,0,0;
2.52, 1.39469,-1.4337,0.214274,0,0,0,0;
2.53, 1.38538,-1.49258,0.226933,0,0,0,0;
2.54, 1.3236,-1.55728,0.241261,0,0,0,0;
2.55, 1.13346,-1.63165,0.257272,0,0,0,0;
2.56, 1.14366,-1.68616,0.273605,0,0,0,0;
2.57, 1.04307,-1.74989,0.290591,0,0,0,0;
2.58, 0.90953,-1.81962,0.307113,0,0,0,0;
2.59, 0.79476,-1.87943,0.321038,0,0,0,0;
2.6, 0.696469,-1.93443,0.337215,0,0,0,0;
2.61, 0.504189,-1.99641,0.35127,0,0,0,0;
2.62, 0.390786,-2.04624,0.37112,0,0,0,0;
2.63, 0.154821,-2.10069,0.390196,0,0,0,0;
2.64, 0.0273687,-2.13209,0.406103,0,0,0,0;
2.65, -0.104505,-2.15693,0.421072,0,0,0,0;
2.66, -0.278668,-2.18528,0.442813,0,0,0,0;
2.67, -0.436708,-2.19248,0.454035,0,0,0,0;
2.68, -0.620952,-2.19873,0.462726,0,0,0,0;
2.69, -0.716086,-2.19522,0.48286,0,0,0,0;
2.7, -0.820507,-2.17672,0.505558,0,0,0,0;
2.71, -1.01001,-2.1556,0.519335,0,0,0,0;
2.72, -1.05507,-2.11911,0.53793,0,0,0,0;
2.73, -1.12214,-2.06408,0.56078,0,0,0,0;
2.74, -1.25125,-2.01298,0.582315,0,0,0,0;
2.75, -1.47936,-1.96044,0.598885,0,0,0,0;
2.76, -1.51551,-1.88466,0.6214,0,0,0,0;
2.77, -1.55395,-1.80701,0.641702,0,0,0,0;
2.78, -1.83025,-1.72861,0.656921,0,0,0,0;
2.79, -1.79979,-1.62555,0.674832,0,0,0,0;
2.8, -1.91806,-1.52221,0.684912,0,0,0,0;
2.81, -2.07453,-1.41752,0.696235,0,0,0,0;
2.82, -2.0526,-1.30869,0.706568,0,0,0,0;
2.83, -2.11577,-1.19361,0.713133,0,0,0,0;
2.84, -1.99876,-1.07238,0.721917,0,0,0,0;
2.85, -2.01142,-0.960304,0.730136,0,0,0,0;
2.86, -1.97243,-0.834695,0.739876,0,0,0,0;
2.87, -1.95018,-0.704849,0.750602,0,0,0,0;
2.88, -1.98122,-0.579776,0.754581,0,0,0,0;
2.89, -1.96495,-0.462423,0.758914,0,0,0,0;
2.9, -1.90234,-0.346187,0.76071,0,0,0,0;
2.91, -1.89713,-0.233103,0.761228,0,0,0,0;
2.92, -1.88938,-0.123103,0.761962,0,0,0,0;
2.93, -1.91817,-0.0118631,0.761563,0,0,0,0;
2.94, -1.85426,0.0885924,0.76411,0,0,0,0;
2.95, -1.76298,0.19627,0.764377,0,0,0,0;
2.96, -1.62295,0.307524,0.763214,0,0,0,0;
2.97, -1.61292,0.408204,0.758831,0,0,0,0;
2.98, -1.58166,0.49567,0.756556,0,0,0,0;
2.99, -1.41182,0.580641,0.754273,0,0,0,0;
3, -1.40468,0.663755,0.756396,0,0,0,0;
3.01, -1.35088,0.748274,0.757906,0,0,0,0;
3.02, -1.22549,0.812691,0.757262,0,0,0,0;
3.03, -1.09008,0.880136,0.753059,0,0,0,0;
3.04, -1.08539,0.954922,0.748227,0,0,0,0;
3.05, -1.01603,1.00988,0.744588,0,0,0,0;
3.06, -0.944378,1.05501,0.748842,0,0,0,0;
3.07, -0.878008,1.1088,0.747564,0,0,0,0;
3.08, -0.788525,1.16586,0.745015,0,0,0,0;
3.09, -0.698986,1.21622,0.74153,0,0,0,0;
3.1, -0.591768,1.25714,0.73902,0,0,0,0;
3.11, -0.449973,1.28499,0.741154,0,0,0,0;
3.12, -0.369718,1.31067,0.734768,0,0,0,0;
3.13, -0.356905,1.34096,0.726073,0,0,0,0;
3.14, -0.240307,1.36867,0.724284,0,0,0,0;
3.15, -0.166176,1.37198,0.715568,0,0,0,0;
3.16, -0.13707,1.38264,0.701885,0,0,0,0;
3.17, -0.0371789,1.40489,0.687722,0,0,0,0;
3.18, 0.00353754,1.39507,0.688011,0,0,0,0;
3.19, 0.125274,1.38678,0.681654,0,0,0,0;
3.2, 0.180254,1.36256,0.666374,0,0,0,0;
3.21, 0.215332,1.33747,0.650006,0,0,0,0;
3.22, 0.329791,1.32955,0.634986,0,0,0,0;
3.23, 0.364612,1.31194,0.622039,0,0,0,0;
3.24, 0.401531,1.30429,0.604939,0,0,0,0;
3.25, 0.483437,1.24448,0.578391,0,0,0,0;
3.26, 0.638966,1.17518,0.566349,0,0,0,0;
3.27, 0.679905,1.13317,0.553246,0,0,0,0;
3.28, 0.723249,1.0938,0.526424,0,0,0,0;
3.29, 0.763027,1.06307,0.511476,0,0,0,0;
3.3, 0.770106,1.01064,0.490371,0,0,0,0;
3.31, 0.827504,0.977744,0.467659,0,0,0,0;
3.32, 0.903273,0.926119,0.451651,0,0,0,0;
3.33, 1.03335,0.856097,0.433721,0,0,0,0;
3.34, 1.01994,0.79323,0.417178,0,0,0,0;
3.35, 1.00657,0.734557,0.394076,0,0,0,0;
3.36, 1.0394,0.692573,0.376192,0,0,0,0;
3.37, 1.06221,0.634079,0.357038,0,0,0,0;
3.38, 1.06082,0.578191,0.339628,0,0,0,0;
3.39, 1.10495,0.52454,0.32849,0,0,0,0;
3.4, 1.19192,0.475762,0.309418,0,0,0,0;
3.41, 1.22686,0.431975,0.289102,0,0,0,0;
3.42, 1.29739,0.393646,0.270178,0,0,0,0;
3.43, 1.31967,0.337446,0.250329,0,0,0,0;
3.44, 1.36556,0.292821,0.232056,0,0,0,0;
3.45, 1.37884,0.25362,0.21755,0,0,0,0;
3.46, 1.40161,0.214372,0.200528,0,0,0,0;
3.47, 1.44354,0.172791,0.185641,0,0,0,0;
3.48, 1.40944,0.128679,0.176536,0,0,0,0;
3.49, 1.4475,0.0725259,0.162917,0,0,0,0;
3.5, 1.39348,0.0242197,0.147818,0,0,0,0;
3.51, 1.42401,-0.00940566,0.135886,0,0,0,0;
3.52, 1.58572,-0.0484511,0.124375,0,0,0,0;
3.53, 1.55757,-0.0863128,0.111322,0,0,0,0;
3.54, 1.52158,-0.122509,0.101919,0,0,0,0;
3.55, 1.59427,-0.157695,0.0920966,0,0,0,0;
3.56, 1.52663,-0.196201,0.0804412,0,0,0,0;
3.57, 1.4527,-0.23358,0.0728588,0,0,0,0;
3.58, 1.49292,-0.264405,0.0685742,0,0,0,0;
3.59, 1.56167,-0.299135,0.060317,0,0,0,0;
3.6, 1.53587,-0.334084,0.0522442,0,0,0,0;
3.61, 1.52242,-0.368494,0.0457492,0,0,0,0;
3.62, 1.50792,-0.407594,0.0403914,0,0,0,0;
3.63, 1.5203,-0.443745,0.0368314,0,0,0,0;
3.64, 1.61484,-0.475905,0.031249,0,0,0,0;
3.65, 1.62128,-0.509324,0.0272918,0,0,0,0;
3.66, 1.62607,-0.539727,0.0260828,0,0,0,0;
3.67, 1.71056,-0.570858,0.0259347,0,0,0,0;
3.68, 1.6852,-0.605357,0.0251234,0,0,0,0;
3.69, 1.65985,-0.64056,0.0255501,0,0,0,0;
3.7, 1.61192,-0.67966,0.0279045,0,0,0,0;
3.71, 1.68091,-0.719101,0.0291154,0,0,0,0;
3.72, 1.76004,-0.754906,0.0321851,0,0,0,0;
3.73, 1.66627,-0.790619,0.0401487,0,0,0,0;
3.74, 1.71115,-0.829251,0.0451841,0,0,0,0;
3.75, 1.70758,-0.874462,0.0472236,0,0,0,0;
3.76, 1.62242,-0.920248,0.0574176,0,0,0,0;
3.77, 1.5233,-0.969133,0.0654879,0,0,0,0;
3.78, 1.46313,-1.02484,0.0771146,0,0,0,0;
3.79, 1.45636,-1.07192,0.0821981,0,0,0,0;
3.8, 1.41912,-1.11832,0.0776863,0,0,0,0;
3.81, 1.47628,-1.15892,0.0846448,0,0,0,0;
3.82, 1.41993,-1.20743,0.101177,0,0,0,0;
3.83, 1.34292,-1.26865,0.119211,0,0,0,0;
3.84, 1.33319,-1.32157,0.130775,0,0,0,0;
3.85, 1.31249,-1.37459,0.135352,0,0,0,0;
3.86, 1.17055,-1.43836,0.144958,0,0,0,0;
3.87, 1.04322,-1.50355,0.156129,0,0,0,0;
3.88, 1.02142,-1.55337,0.164616,0,0,0,0;
3.89, 1.00944,-1.6027,0.174096,0,0,0,0;
3.9, 0.880396,-1.65768,0.185991,0,0,0,0;
3.91, 0.811772,-1.70318,0.196452,0,0,0,0;
3.92, 0.645705,-1.76377,0.210231,0,0,0,0;
3.93, 0.53408,-1.80967,0.223266,0,0,0,0;
3.94, 0.362146,-1.85382,0.237837,0,0,0,0;
3.95, 0.232404,-1.88648,0.252292,0,0,0,0;
3.96, 0.173645,-1.91558,0.261771,0,0,0,0;
3.97, -0.0285921,-1.95364,0.273607,0,0,0,0;
3.98, -0.106354,-1.96864,0.284302,0,0,0,0;
3.99, -0.217185,-1.98039,0.296422,0,0,0,0;
4, -0.282106,-1.98205,0.313,0,0,0,0;
4.01, -0.341061,-1.97748,0.329134,0,0,0,0;
4.02, -0.571628,-1.97955,0.344847,0,0,0,0;
4.03, -0.684364,-1.96385,0.360558,0,0,0,0;
4.04, -0.720394,-1.93552,0.375987,0,0,0,0;
4.05, -0.841194,-1.91155,0.393473,0,0,0,0;
4.06, -0.985485,-1.87908,0.412259,0,0,0,0;
4.07, -1.06341,-1.83188,0.431182,0,0,0,0;
4.08, -1.22041,-1.78163,0.44651,0,0,0,0;
4.09, -1.37462,-1.72842,0.461115,0,0,0,0;
4.1, -1.5828,-1.66567,0.472748,0,0,0,0;
4.11, -1.61902,-1.58763,0.485144,0,0,0,0;
4.12, -1.63965,-1.5065,0.496263,0,0,0,0;
4.13, -1.5842,-1.42294,0.507252,0,0,0,0;
4.14, -1.69143,-1.33091,0.518156,0,0,0,0;
4.15, -1.67216,-1.22945,0.531339,0,0,0,0;
4.16, -1.71003,-1.13756,0.540631,0,0,0,0;
4.17, -1.85444,-1.04039,0.549856,0,0,0,0;
4.18, -1.87196,-0.940984,0.557218,0,0,0,0;
4.19, -1.81418,-0.842438,0.565048,0,0,0,0;
4.2, -1.80208,-0.740449,0.57263,0,0,0,0;
4.21, -1.78682,-0.637087,0.580677,0,0,0,0;
4.22, -1.70935,-0.534429,0.587024,0,0,0,0;
4.23, -1.74851,-0.427112,0.591406,0,0,0,0;
4.24, -1.68408,-0.323672,0.599333,0,0,0,0;
4.25, -1.65337,-0.224335,0.602223,0,0,0,0;
4.26, -1.6275,-0.127956,0.608039,0,0,0,0;
4.27, -1.5262,-0.0300483,0.616217,0,0,0,0;
4.28, -1.51499,0.0638564,0.615747,0,0,0,0;
4.29, -1.54266,0.151499,0.615151,0,0,0,0;
4.3, -1.48734,0.246683,0.611733,0,0,0,0;
4.31, -1.38635,0.322376,0.605929,0,0,0,0;
4.32, -1.27858,0.411213,0.611159,0,0,0,0;
4.33, -1.31641,0.487613,0.613285,0,0,0,0;
4.34, -1.29076,0.556946,0.612134,0,0,0,0;
4.35, -1.2279,0.634749,0.613988,0,0,0,0;
4.36, -1.13836,0.710719,0.621422,0,0,0,0;
4.37, -1.03867,0.771191,0.617595,0,0,0,0;
4.38, -0.942116,0.825613,0.617676,0,0,0,0;
4.39, -0.890688,0.874773,0.617336,0,0,0,0;
4.4, -0.833592,0.925982,0.614142,0,0,0,0;
4.41, -0.789968,0.987535,0.618819,0,0,0,0;
4.42, -0.736768,1.03172,0.622293,0,0,0,0;
4.43, -0.655141,1.06838,0.625227,0,0,0,0;
4.44, -0.583849,1.10738,0.625234,0,0,0,0;
4.45, -0.528688,1.16019,0.624557,0,0,0,0;
4.46, -0.43325,1.18733,0.622723,0,0,0,0;
4.47, -0.340268,1.19969,0.618417,0,0,0,0;
4.48, -0.233541,1.21636,0.615858,0,0,0,0;
4.49, -0.174183,1.24829,0.615188,0,0,0,0;
4.5, -0.0793737,1.26333,0.610298,0,0,0,0;
4.51, -0.00586539,1.25299,0.603034,0,0,0,0;
4.52, 0.0557677,1.24649,0.591869,0,0,0,0;
4.53, 0.137757,1.23489,0.580635,0,0,0,0;
4.54, 0.200017,1.21845,0.568571,0,0,0,0;
4.55, 0.281901,1.21714,0.553582,0,0,0,0;
4.56, 0.364541,1.2255,0.535679,0,0,0,0;
4.57, 0.429857,1.20763,0.525188,0,0,0,0;
4.58, 0.423107,1.17621,0.517049,0,0,0,0;
4.59, 0.533507,1.14656,0.498503,0,0,0,0;
4.6, 0.616573,1.10293,0.477711,0,0,0,0;
4.61, 0.616613,1.06546,0.470459,0,0,0,0;
4.62, 0.636924,1.03158,0.455189,0,0,0,0;
4.63, 0.684317,0.999422,0.433465,0,0,0,0;
4.64, 0.784187,0.954777,0.416557,0,0,0,0;
4.65, 0.802421,0.926385,0.400143,0,0,0,0;
4.66, 0.82643,0.850813,0.371624,0,0,0,0;
4.67, 0.875763,0.799253,0.358619,0,0,0,0;
4.68, 0.899638,0.764805,0.353256,0,0,0,0;
4.69, 1.03095,0.713258,0.340994,0,0,0,0;
4.7, 1.07714,0.660629,0.320799,0,0,0,0;
4.71, 1.08313,0.608795,0.292134,0,0,0,0;
4.72, 1.09541,0.560667,0.279068,0,0,0,0;
4.73, 1.08138,0.533419,0.268342,0,0,0,0;
4.74, 1.10836,0.495741,0.25816,0,0,0,0;
4.75, 1.14196,0.4374,0.238519,0,0,0,0;
4.76, 1.15943,0.3871,0.221635,0,0,0,0;
4.77, 1.22538,0.33869,0.207376,0,0,0,0;
4.78, 1.26982,0.297245,0.197012,0,0,0,0;
4.79, 1.2891,0.245643,0.179946,0,0,0,0;
4.8, 1.32413,0.199128,0.164826,0,0,0,0;
4.81, 1.40074,0.169104,0.149859,0,0,0,0;
4.82, 1.46566,0.138502,0.139793,0,0,0,0;
4.83, 1.48501,0.0938748,0.131122,0,0,0,0;
4.84, 1.49696,0.0502583,0.11315,0,0,0,0;
4.85, 1.45193,0.017307,0.099237,0,0,0,0;
4.86, 1.49057,-0.0189763,0.0912886,0,0,0,0;
4.87, 1.52369,-0.0676426,0.0812128,0,0,0,0;
4.88, 1.51021,-0.109599,0.071954,0,0,0,0;
4.89, 1.4613,-0.145948,0.0615647,0,0,0,0;
4.9, 1.44166,-0.185468,0.051909,0,0,0,0;
4.91, 1.48562,-0.222599,0.0457509,0,0,0,0;
4.92, 1.55331,-0.255135,0.0400813,0,0,0,0;
4.93, 1.64415,-0.28628,0.0344498,0,0,0,0;
4.94, 1.59108,-0.321761,0.0261598,0,0,0,0;
4.95, 1.61227,-0.356352,0.0183811,0,0,0,0;
4.96, 1.56875,-0.386199,0.0158637,0,0,0,0;
4.97, 1.55237,-0.423736,0.01405,0,0,0,0;
4.98, 1.4828,-0.461876,0.0173967,0,0,0,0;
4.99, 1.5989,-0.493984,0.0103893,0,0,0,0;
5, 1.61717,-0.528352,0.0068295,0,0,0,0;
5.01, 1.67255,-0.569538,0.00570393,0,0,0,0;
5.02, 1.7038,-0.602909,0.00754094,0,0,0,0;
5.03, 1.61329,-0.644089,0.0099659,0,0,0,0;
5.04, 1.60994,-0.678533,0.0113258,0,0,0,0;
5.05, 1.59433,-0.709443,0.0135279,0,0,0,0;
5.06, 1.51823,-0.755796,0.0175512,0,0,0,0;
5.07, 1.58167,-0.801127,0.0218413,0,0,0,0;
5.08, 1.5791,-0.847246,0.0249302,0,0,0,0;
5.09, 1.52937,-0.890196,0.0308199,0,0,0,0;
5.1, 1.49486,-0.934654,0.0350776,0,0,0,0;
5.11, 1.47501,-0.980951,0.0410671,0,0,0,0;
5.12, 1.55883,-1.02373,0.043694,0,0,0,0;
5.13, 1.53359,-1.07493,0.0493538,0,0,0,0;
5.14, 1.36913,-1.12747,0.0582161,0,0,0,0;
5.15, 1.31001,-1.1777,0.0680299,0,0,0,0;
5.16, 1.27484,-1.23371,0.0751727,0,0,0,0;
5.17, 1.22606,-1.28447,0.083972,0,0,0,0;
5.18, 1.25429,-1.32995,0.0916536,0,0,0,0;
5.19, 1.20448,-1.38622,0.0972607,0,0,0,0;
5.2, 1.15096,-1.43958,0.108395,0,0,0,0;
5.21, 1.03641,-1.49795,0.124708,0,0,0,0;
5.22, 0.9157,-1.55172,0.133271,0,0,0,0;
5.23, 0.808839,-1.60419,0.140636,0,0,0,0;
5.24, 0.782008,-1.65102,0.150406,0,0,0,0;
5.25, 0.697758,-1.70132,0.162715,0,0,0,0;
5.26, 0.588726,-1.74711,0.175226,0,0,0,0;
5.27, 0.477855,-1.78845,0.186922,0,0,0,0;
5.28, 0.389438,-1.82368,0.193364,0,0,0,0;
5.29, 0.243626,-1.86268,0.20367,0,0,0,0;
5.3, 0.133952,-1.89452,0.214638,0,0,0,0;
5.31, 0.0448873,-1.92006,0.23062,0,0,0,0;
5.32, -0.0347359,-1.93282,0.251359,0,0,0,0;
5.33, -0.106821,-1.94035,0.271749,0,0,0,0;
5.34, -0.248674,-1.94943,0.288804,0,0,0,0;
5.35, -0.386917,-1.95421,0.305843,0,0,0,0;
5.36, -0.460945,-1.94003,0.320503,0,0,0,0;
5.37, -0.582361,-1.92167,0.334012,0,0,0,0;
5.38, -0.747986,-1.90308,0.354171,0,0,0,0;
5.39, -0.906668,-1.8739,0.376895,0,0,0,0;
5.4, -1.09624,-1.84508,0.395285,0,0,0,0;
5.41, -1.11237,-1.79945,0.408143,0,0,0,0;
5.42, -1.17508,-1.74397,0.421233,0,0,0,0;
5.43, -1.30964,-1.68565,0.437347,0,0,0,0;
5.44, -1.40243,-1.61748,0.4526,0,0,0,0;
5.45, -1.37986,-1.54118,0.46574,0,0,0,0;
5.46, -1.45587,-1.46466,0.478954,0,0,0,0;
5.47, -1.62469,-1.39069,0.493611,0,0,0,0;
5.48, -1.72136,-1.30838,0.506328,0,0,0,0;
5.49, -1.7628,-1.21776,0.515328,0,0,0,0;
5.5, -1.79068,-1.12412,0.526141,0,0,0,0;
5.51, -1.75906,-1.01787,0.535524,0,0,0,0;
5.52, -1.84738,-0.919743,0.5421,0,0,0,0;
5.53, -1.89524,-0.824155,0.548417,0,0,0,0;
5.54, -1.84651,-0.723627,0.557525,0,0,0,0;
5.55, -1.69848,-0.624144,0.566636,0,0,0,0;
5.56, -1.61077,-0.518654,0.572928,0,0,0,0;
5.57, -1.59039,-0.424493,0.580967,0,0,0,0;
5.58, -1.52131,-0.325753,0.59006,0,0,0,0;
5.59, -1.51523,-0.2353,0.596056,0,0,0,0;
5.6, -1.5431,-0.12331,0.598464,0,0,0,0;
5.61, -1.59497,-0.018105,0.600488,0,0,0,0;
5.62, -1.62382,0.0726458,0.603881,0,0,0,0;
5.63, -1.55164,0.156224,0.604507,0,0,0,0;
5.64, -1.4903,0.232451,0.605792,0,0,0,0;
5.65, -1.45919,0.323304,0.610531,0,0,0,0;
5.66, -1.45909,0.407823,0.614095,0,0,0,0;
5.67, -1.39185,0.485034,0.618281,0,0,0,0;
5.68, -1.27275,0.562073,0.621317,0,0,0,0;
5.69, -1.20488,0.639447,0.625978,0,0,0,0;
5.7, -1.11937,0.710887,0.6295,0,0,0,0;
5.71, -1.02765,0.773629,0.632665,0,0,0,0;
5.72, -0.937357,0.83567,0.634257,0,0,0,0;
5.73, -0.847177,0.895614,0.634634,0,0,0,0;
5.74, -0.760791,0.949036,0.637097,0,0,0,0;
5.75, -0.709404,1.00036,0.642478,0,0,0,0;
5.76, -0.659057,1.05238,0.643553,0,0,0,0;
5.77, -0.561059,1.07933,0.635847,0,0,0,0;
5.78, -0.489537,1.10264,0.631059,0,0,0,0;
5.79, -0.408577,1.15387,0.632751,0,0,0,0;
5.8, -0.359263,1.19271,0.63024,0,0,0,0;
5.81, -0.332961,1.22408,0.629653,0,0,0,0;
5.82, -0.249224,1.24379,0.62665,0,0,0,0;
5.83, -0.198929,1.24401,0.625298,0,0,0,0;
5.84, -0.103209,1.25427,0.623842,0,0,0,0;
5.85, 0.016665,1.27067,0.615693,0,0,0,0;
5.86, 0.0753228,1.26877,0.60688,0,0,0,0;
5.87, 0.101321,1.26846,0.597415,0,0,0,0;
5.88, 0.159792,1.26242,0.589508,0,0,0,0;
5.89, 0.236055,1.24803,0.578589,0,0,0,0;
5.9, 0.277726,1.21223,0.562283,0,0,0,0;
5.91, 0.350402,1.19361,0.553171,0,0,0,0;
5.92, 0.43117,1.18192,0.541946,0,0,0,0;
5.93, 0.521698,1.17734,0.525682,0,0,0,0;
5.94, 0.564886,1.12721,0.506988,0,0,0,0;
5.95, 0.614217,1.06772,0.490212,0,0,0,0;
5.96, 0.739965,1.04668,0.484538,0,0,0,0;
5.97, 0.789229,1.02482,0.465864,0,0,0,0;
5.98, 0.783543,0.958982,0.436461,0,0,0,0;
5.99, 0.809232,0.904211,0.421347,0,0,0,0;
6, 0.826035,0.874763,0.405401,0,0,0,0;
6.01, 0.92601,0.822617,0.386162,0,0,0,0;
6.02, 1.00223,0.766045,0.365638,0,0,0,0;
6.03, 1.02209,0.715328,0.350536,0,0,0,0;
6.04, 1.05606,0.660335,0.336911,0,0,0,0;
6.05, 1.09517,0.634305,0.322409,0,0,0,0;
6.06, 1.05376,0.590556,0.302236,0,0,0,0;
6.07, 1.22627,0.54706,0.287023,0,0,0,0;
6.08, 1.28382,0.497947,0.273689,0,0,0,0;
6.09, 1.23819,0.433185,0.25817,0,0,0,0;
6.1, 1.23524,0.379622,0.239821,0,0,0,0;
6.11, 1.25408,0.332667,0.223274,0,0,0,0;
6.12, 1.22189,0.285264,0.208552,0,0,0,0;
6.13, 1.29205,0.247387,0.195984,0,0,0,0;
6.14, 1.30646,0.216751,0.185088,0,0,0,0;
6.15, 1.29593,0.174337,0.178655,0,0,0,0;
6.16, 1.2962,0.12632,0.166046,0,0,0,0;
6.17, 1.31435,0.0873848,0.146395,0,0,0,0;
6.18, 1.3498,0.0512844,0.136302,0,0,0,0;
6.19, 1.45666,0.00815545,0.12653,0,0,0,0;
6.2, 1.55388,-0.0377581,0.112464,0,0,0,0;
6.21, 1.49765,-0.073627,0.103701,0,0,0,0;
6.22, 1.61963,-0.104426,0.0918179,0,0,0,0;
6.23, 1.65661,-0.144229,0.0802157,0,0,0,0;
6.24, 1.54043,-0.187007,0.0711756,0,0,0,0;
6.25, 1.58339,-0.20085,0.0641649,0,0,0,0;
6.26, 1.56857,-0.256926,0.0564117,0,0,0,0;
6.27, 1.50646,-0.303586,0.0528898,0,0,0,0;
6.28, 1.50886,-0.329674,0.0494175,0,0,0,0;
6.29, 1.54998,-0.357269,0.0428658,0,0,0,0;
6.3, 1.59834,-0.387369,0.036011,0,0,0,0;
6.31, 1.60185,-0.4258,0.033119,0,0,0,0;
6.32, 1.67175,-0.458509,0.0280721,0,0,0,0;
6.33, 1.69948,-0.487706,0.0251105,0,0,0,0;
6.34, 1.7128,-0.521359,0.0239956,0,0,0,0;
6.35, 1.71932,-0.557931,0.0235636,0,0,0,0;
6.36, 1.63009,-0.596109,0.0287931,0,0,0,0;
6.37, 1.71015,-0.631508,0.0318065,0,0,0,0;
6.38, 1.78385,-0.66772,0.0329311,0,0,0,0;
6.39, 1.76012,-0.70738,0.0354216,0,0,0,0;
6.4, 1.64407,-0.751819,0.0443449,0,0,0,0;
6.41, 1.54616,-0.796705,0.0522079,0,0,0,0;
6.42, 1.64157,-0.835088,0.0525334,0,0,0,0;
6.43, 1.61492,-0.88223,0.0585635,0,0,0,0;
6.44, 1.59857,-0.92721,0.0673945,0,0,0,0;
6.45, 1.6042,-0.969544,0.0729842,0,0,0,0;
6.46, 1.59924,-1.02049,0.080471,0,0,0,0;
6.47, 1.4802,-1.08172,0.0934887,0,0,0,0;
6.48, 1.49696,-1.12975,0.104671,0,0,0,0;
6.49, 1.61241,-1.17012,0.107772,0,0,0,0;
6.5, 1.49983,-1.23094,0.117944,0,0,0,0;
6.51, 1.33359,-1.29838,0.131831,0,0,0,0;
6.52, 1.24506,-1.36749,0.136502,0,0,0,0;
6.53, 1.1378,-1.43425,0.147901,0,0,0,0;
6.54, 1.13833,-1.48071,0.159235,0,0,0,0;
6.55, 0.985753,-1.55015,0.168692,0,0,0,0;
6.56, 0.961148,-1.60885,0.178879,0,0,0,0;
6.57, 0.867256,-1.6722,0.186881,0,0,0,0;
6.58, 0.780957,-1.72799,0.200998,0,0,0,0;
6.59, 0.678184,-1.77845,0.21454,0,0,0,0;
6.6, 0.717552,-1.81464,0.224392,0,0,0,0;
6.61, 0.549538,-1.87961,0.234666,0,0,0,0;
6.62, 0.479594,-1.92574,0.251904,0,0,0,0;
6.63, 0.368391,-1.96439,0.267889,0,0,0,0;
6.64, 0.202766,-2.00216,0.285719,0,0,0,0;
6.65, 0.0260884,-2.04281,0.298357,0,0,0,0;
6.66, -0.0700457,-2.06664,0.320384,0,0,0,0;
6.67, -0.147029,-2.08391,0.342354,0,0,0,0;
6.68, -0.35866,-2.103,0.360501,0,0,0,0;
6.69, -0.560084,-2.10938,0.382175,0,0,0,0;
6.7, -0.669921,-2.10301,0.401724,0,0,0,0;
6.71, -0.786667,-2.08837,0.421472,0,0,0,0;
6.72, -0.934559,-2.06914,0.437959,0,0,0,0;
6.73, -0.989261,-2.03289,0.454204,0,0,0,0;
6.74, -1.08666,-1.99073,0.475985,0,0,0,0;
6.75, -1.15456,-1.94335,0.497043,0,0,0,0;
6.76, -1.22324,-1.88159,0.515466,0,0,0,0;
6.77, -1.35476,-1.82484,0.535907,0,0,0,0;
6.78, -1.51368,-1.75864,0.556676,0,0,0,0;
6.79, -1.67591,-1.68111,0.575768,0,0,0,0;
6.8, -1.72124,-1.59257,0.593679,0,0,0,0;
6.81, -1.80751,-1.49868,0.608162,0,0,0,0;
6.82, -1.85059,-1.40178,0.623579,0,0,0,0;
6.83, -1.84038,-1.30266,0.637686,0,0,0,0;
6.84, -1.92557,-1.20269,0.650824,0,0,0,0;
6.85, -1.9133,-1.09105,0.665123,0,0,0,0;
6.86, -1.89592,-0.982083,0.680046,0,0,0,0;
6.87, -1.80811,-0.867065,0.692765,0,0,0,0;
6.88, -1.71881,-0.750479,0.702193,0,0,0,0;
6.89, -1.82587,-0.633705,0.710695,0,0,0,0;
6.9, -1.89881,-0.522403,0.720811,0,0,0,0;
6.91, -1.84744,-0.413618,0.728529,0,0,0,0;
6.92, -1.8207,-0.305836,0.731772,0,0,0,0;
6.93, -1.90816,-0.186551,0.732324,0,0,0,0;
6.94, -1.80363,-0.0712504,0.741266,0,0,0,0;
6.95, -1.80168,0.0277859,0.746532,0,0,0,0;
6.96, -1.84493,0.126627,0.747532,0,0,0,0;
6.97, -1.67982,0.231213,0.749605,0,0,0,0;
6.98, -1.62731,0.332746,0.756437,0,0,0,0;
6.99, -1.59292,0.433485,0.756607,0,0,0,0;
7, -1.45464,0.513987,0.761549,0,0,0,0;
7.01, -1.31471,0.610852,0.77213,0,0,0,0;
7.02, -1.27013,0.705124,0.781241,0,0,0,0;
7.03, -1.30026,0.756169,0.778714,0,0,0,0;
7.04, -1.19894,0.819641,0.776835,0,0,0,0;
7.05, -1.12019,0.912885,0.78019,0,0,0,0;
7.06, -1.04436,0.98684,0.78704,0,0,0,0;
7.07, -0.992116,1.06156,0.793901,0,0,0,0;
7.08, -0.842554,1.12728,0.797639,0,0,0,0;
7.09, -0.757627,1.1433,0.797641,0,0,0,0;
7.1, -0.665704,1.18684,0.79639,0,0,0,0;
7.11, -0.596649,1.21964,0.796842,0,0,0,0;
7.12, -0.585639,1.25809,0.798451,0,0,0,0;
7.13, -0.469372,1.33347,0.795756,0,0,0,0;
7.14, -0.42722,1.37122,0.795007,0,0,0,0;
7.15, -0.366025,1.38763,0.791899,0,0,0,0;
7.16, -0.249922,1.38433,0.793245,0,0,0,0;
7.17, -0.157359,1.39492,0.791156,0,0,0,0;
7.18, -0.0828481,1.41363,0.77861,0,0,0,0;
7.19, -0.0207818,1.424,0.769879,0,0,0,0;
7.2, 0.13853,1.41589,0.76209,0,0,0,0;
7.21, 0.185936,1.39556,0.755186,0,0,0,0;
7.22, 0.225094,1.38605,0.741893,0,0,0,0;
7.23, 0.289488,1.38164,0.728489,0,0,0,0;
7.24, 0.351656,1.3489,0.712708,0,0,0,0;
7.25, 0.411283,1.29862,0.694844,0,0,0,0;
7.26, 0.489051,1.28215,0.679936,0,0,0,0;
7.27, 0.623504,1.25102,0.660053,0,0,0,0;
7.28, 0.647362,1.2189,0.642158,0,0,0,0;
7.29, 0.683301,1.17447,0.618986,0,0,0,0;
7.3, 0.738733,1.10068,0.599048,0,0,0,0;
7.31, 0.786306,1.02138,0.578185,0,0,0,0;
7.32, 0.845743,0.968041,0.559284,0,0,0,0;
7.33, 0.886104,0.929243,0.5382,0,0,0,0;
7.34, 0.950205,0.89312,0.523602,0,0,0,0;
7.35, 0.97257,0.851336,0.507329,0,0,0,0;
7.36, 0.995138,0.786506,0.487601,0,0,0,0;
7.37, 1.12864,0.715699,0.46745,0,0,0,0;
7.38, 1.22823,0.65922,0.448475,0,0,0,0;
7.39, 1.25866,0.607487,0.420923,0,0,0,0;
7.4, 1.2476,0.556959,0.398236,0,0,0,0;
7.41, 1.24232,0.498658,0.382772,0,0,0,0;
7.42, 1.2662,0.451414,0.363297,0,0,0,0;
7.43, 1.42262,0.408636,0.338245,0,0,0,0;
7.44, 1.4721,0.360649,0.315474,0,0,0,0;
7.45, 1.49045,0.314592,0.297876,0,0,0,0;
7.46, 1.42486,0.280279,0.279785,0,0,0,0;
7.47, 1.34341,0.235701,0.266405,0,0,0,0;
7.48, 1.42911,0.187425,0.251601,0,0,0,0;
7.49, 1.38861,0.140167,0.238916,0,0,0,0;
7.5, 1.38474,0.100417,0.226307,0,0,0,0;
7.51, 1.44426,0.0563631,0.211973,0,0,0,0;
7.52, 1.43339,0.0126699,0.198138,0,0,0,0;
7.53, 1.44548,-0.0234471,0.186111,0,0,0,0;
7.54, 1.45356,-0.0603841,0.175153,0,0,0,0;
7.55, 1.46624,-0.101438,0.16672,0,0,0,0;
7.56, 1.59598,-0.137581,0.154036,0,0,0,0;
7.57, 1.54308,-0.172334,0.142882,0,0,0,0;
7.58, 1.5725,-0.204099,0.129327,0,0,0,0;
7.59, 1.63238,-0.246121,0.117106,0,0,0,0;
7.6, 1.60333,-0.278331,0.110734,0,0,0,0;
7.61, 1.67773,-0.306195,0.106631,0,0,0,0;
7.62, 1.70353,-0.335901,0.102571,0,0,0,0;
7.63, 1.72319,-0.366173,0.0961699,0,0,0,0;
7.64, 1.70041,-0.398606,0.0907166,0,0,0,0;
7.65, 1.73083,-0.43103,0.0856609,0,0,0,0;
7.66, 1.73158,-0.464129,0.0844824,0,0,0,0;
7.67, 1.77573,-0.49171,0.086123,0,0,0,0;
7.68, 1.77502,-0.525198,0.0876954,0,0,0,0;
7.69, 1.804,-0.554107,0.0874014,0,0,0,0;
7.7, 1.71546,-0.591204,0.0895689,0,0,0,0;
7.71, 1.60637,-0.630423,0.0952203,0,0,0,0;
7.72, 1.70441,-0.660121,0.0963826,0,0,0,0;
7.73, 1.72193,-0.699108,0.0983973,0,0,0,0;
7.74, 1.74146,-0.738345,0.104404,0,0,0,0;
7.75, 1.7426,-0.775739,0.112359,0,0,0,0;
7.76, 1.76974,-0.815866,0.118126,0,0,0,0;
7.77, 1.82104,-0.859239,0.125132,0,0,0,0;
7.78, 1.81921,-0.906065,0.138328,0,0,0,0;
7.79, 1.76063,-0.956776,0.145472,0,0,0,0;
7.8, 1.81023,-1.0041,0.156616,0,0,0,0;
7.81, 1.81793,-1.05609,0.170148,0,0,0,0;
7.82, 1.66175,-1.12921,0.189707,0,0,0,0;
7.83, 1.70434,-1.18579,0.199666,0,0,0,0;
7.84, 1.71341,-1.25144,0.201121,0,0,0,0;
7.85, 1.62938,-1.32123,0.220781,0,0,0,0;
7.86, 1.47991,-1.39649,0.249028,0,0,0,0;
7.87, 1.44126,-1.46393,0.273196,0,0,0,0;
7.88, 1.25439,-1.54861,0.282812,0,0,0,0;
7.89, 1.2066,-1.62245,0.288787,0,0,0,0;
7.9, 1.17992,-1.68976,0.299465,0,0,0,0;
7.91, 1.0216,-1.77386,0.314158,0,0,0,0;
7.92, 0.96423,-1.84317,0.330082,0,0,0,0;
7.93, 0.812273,-1.92177,0.344796,0,0,0,0;
7.94, 0.653878,-2.00139,0.362065,0,0,0,0;
7.95, 0.628241,-2.06044,0.379146,0,0,0,0;
7.96, 0.558912,-2.11757,0.3863,0,0,0,0;
7.97, 0.391272,-2.17913,0.406999,0,0,0,0;
7.98, 0.30815,-2.22484,0.441798,0,0,0,0;
7.99, 0.157528,-2.27754,0.46596,0,0,0,0;
8, -0.096994,-2.33169,0.489101,0,0,0,0;
8.01, -0.30241,-2.36545,0.519567,0,0,0,0;
8.02, -0.410858,-2.38013,0.539852,0,0,0,0;
8.03, -0.63139,-2.39664,0.563526,0,0,0,0;
8.04, -0.738764,-2.39176,0.586575,0,0,0,0;
8.05, -0.858056,-2.37689,0.610264,0,0,0,0;
8.06, -0.965991,-2.35517,0.639003,0,0,0,0;
8.07, -1.09205,-2.32497,0.670204,0,0,0,0;
8.08, -1.33875,-2.28837,0.701135,0,0,0,0;
8.09, -1.50121,-2.23246,0.726603,0,0,0,0;
8.1, -1.63947,-2.1636,0.752879,0,0,0,0;
8.11, -1.66643,-2.08356,0.781463,0,0,0,0;
8.12, -1.83781,-1.99827,0.804626,0,0,0,0;
8.13, -1.97414,-1.90637,0.828928,0,0,0,0;
8.14, -2.04451,-1.79064,0.851051,0,0,0,0;
8.15, -2.08552,-1.67269,0.873248,0,0,0,0;
8.16, -2.08174,-1.55434,0.892755,0,0,0,0;
8.17, -2.23004,-1.43081,0.909579,0,0,0,0;
8.18, -2.25246,-1.29984,0.927988,0,0,0,0;
8.19, -2.32682,-1.16299,0.941112,0,0,0,0;
8.2, -2.33162,-1.02305,0.955265,0,0,0,0;
8.21, -2.28727,-0.885597,0.968266,0,0,0,0;
8.22, -2.35805,-0.744928,0.97824,0,0,0,0;
8.23, -2.32485,-0.604266,0.985749,0,0,0,0;
8.24, -2.34912,-0.470079,0.990019,0,0,0,0;
8.25, -2.32028,-0.33098,0.995783,0,0,0,0;
8.26, -2.30545,-0.186911,1.00334,0,0,0,0;
8.27, -2.22387,-0.0587608,1.00898,0,0,0,0;
8.28, -1.9493,0.0726345,1.01417,0,0,0,0;
8.29, -1.91806,0.191872,1.01711,0,0,0,0;
8.3, -1.91918,0.316183,1.01988,0,0,0,0;
8.31, -1.82056,0.426184,1.02453,0,0,0,0;
8.32, -1.71661,0.527212,1.02612,0,0,0,0;
8.33, -1.65527,0.640925,1.02702,0,0,0,0;
8.34, -1.61979,0.753907,1.0277,0,0,0,0;
8.35, -1.50185,0.847913,1.02935,0,0,0,0;
8.36, -1.45687,0.935516,1.03268,0,0,0,0;
8.37, -1.29628,1.02633,1.03524,0,0,0,0;
8.38, -1.30471,1.09339,1.04037,0,0,0,0;
8.39, -1.23292,1.15464,1.04656,0,0,0,0;
8.4, -1.1388,1.2291,1.05283,0,0,0,0;
8.41, -1.05199,1.29366,1.05654,0,0,0,0;
8.42, -0.90431,1.37925,1.06343,0,0,0,0;
8.43, -0.804623,1.41256,1.05928,0,0,0,0;
8.44, -0.712721,1.4677,1.05693,0,0,0,0;
8.45, -0.585975,1.53903,1.05986,0,0,0,0;
8.46, -0.560773,1.54514,1.06171,0,0,0,0;
8.47, -0.413022,1.5955,1.06001,0,0,0,0;
8.48, -0.263954,1.62168,1.05435,0,0,0,0;
8.49, -0.18834,1.62951,1.04948,0,0,0,0;
8.5, -0.143402,1.6518,1.04042,0,0,0,0;
8.51, -0.0509927,1.65504,1.02359,0,0,0,0;
8.52, 0.0299751,1.62164,1.01754,0,0,0,0;
8.53, 0.103918,1.62127,0.998255,0,0,0,0;
8.54, 0.238177,1.62334,0.973395,0,0,0,0;
8.55, 0.307561,1.59077,0.953876,0,0,0,0;
8.56, 0.311922,1.54247,0.930436,0,0,0,0;
8.57, 0.429141,1.52638,0.907715,0,0,0,0;
8.58, 0.538977,1.48026,0.885288,0,0,0,0;
8.59, 0.602887,1.41208,0.87075,0,0,0,0;
8.6, 0.639909,1.35737,0.849201,0,0,0,0;
8.61, 0.648217,1.29604,0.82382,0,0,0,0;
8.62, 0.821482,1.23915,0.795651,0,0,0,0;
8.63, 0.91333,1.18666,0.76655,0,0,0,0;
8.64, 0.989724,1.13679,0.738575,0,0,0,0;
8.65, 1.00488,1.06294,0.713471,0,0,0,0;
8.66, 1.01307,1.00245,0.684932,0,0,0,0;
8.67, 1.06539,0.950625,0.657134,0,0,0,0;
8.68, 1.16817,0.870255,0.633738,0,0,0,0;
8.69, 1.21343,0.801122,0.613449,0,0,0,0;
8.7, 1.25149,0.731097,0.57925,0,0,0,0;
8.71, 1.25235,0.681742,0.55003,0,0,0,0;
8.72, 1.24394,0.62259,0.523162,0,0,0,0;
8.73, 1.30766,0.53971,0.499875,0,0,0,0;
8.74, 1.36087,0.490001,0.484457,0,0,0,0;
8.75, 1.41395,0.44318,0.472242,0,0,0,0;
8.76, 1.43003,0.390932,0.449802,0,0,0,0;
8.77, 1.44588,0.343431,0.421955,0,0,0,0;
8.78, 1.4006,0.290105,0.401706,0,0,0,0;
8.79, 1.38235,0.246857,0.379213,0,0,0,0;
8.8, 1.40797,0.198501,0.359899,0,0,0,0;
8.81, 1.43286,0.160822,0.346212,0,0,0,0;
8.82, 1.39777,0.11765,0.328179,0,0,0,0;
8.83, 1.52289,0.0571563,0.309853,0,0,0,0;
8.84, 1.60432,0.0089381,0.294423,0,0,0,0;
8.85, 1.61223,-0.0288863,0.278793,0,0,0,0;
8.86, 1.51673,-0.0662161,0.263575,0,0,0,0;
8.87, 1.48521,-0.102255,0.249394,0,0,0,0;
8.88, 1.43511,-0.139142,0.241203,0,0,0,0;
8.89, 1.51354,-0.173308,0.227606,0,0,0,0;
8.9, 1.52267,-0.205676,0.216386,0,0,0,0;
8.91, 1.53393,-0.236971,0.206455,0,0,0,0;
8.92, 1.62835,-0.274162,0.192488,0,0,0,0;
8.93, 1.60571,-0.304711,0.180743,0,0,0,0;
8.94, 1.5398,-0.329805,0.171815,0,0,0,0;
8.95, 1.64021,-0.359798,0.16291,0,0,0,0;
8.96, 1.6713,-0.395671,0.153252,0,0,0,0;
8.97, 1.66593,-0.424637,0.150029,0,0,0,0;
8.98, 1.68402,-0.444991,0.147316,0,0,0,0;
8.99, 1.69491,-0.468917,0.141825,0,0,0,0;
9, 1.78596,-0.490401,0.136602,0,0,0,0;
9.01, 1.75708,-0.515597,0.13477,0,0,0,0;
9.02, 1.77381,-0.544761,0.136578,0,0,0,0;
9.03, 1.92687,-0.566389,0.136544,0,0,0,0;
9.04, 1.95069,-0.590367,0.140537,0,0,0,0;
9.05, 1.87134,-0.620715,0.150726,0,0,0,0;
9.06, 1.93499,-0.648383,0.157852,0,0,0,0;
9.07, 1.94532,-0.681407,0.166021,0,0,0,0;
9.08, 1.83956,-0.724203,0.177421,0,0,0,0;
9.09, 1.90792,-0.756201,0.187914,0,0,0,0;
9.1, 1.9516,-0.797175,0.196259,0,0,0,0;
9.11, 1.89511,-0.850838,0.208104,0,0,0,0;
9.12, 1.94177,-0.891242,0.223095,0,0,0,0;
9.13, 1.90753,-0.941025,0.23864,0,0,0,0;
9.14, 1.78324,-1.0083,0.253946,0,0,0,0;
9.15, 1.76178,-1.07472,0.269633,0,0,0,0;
9.16, 1.75128,-1.1373,0.284314,0,0,0,0;
9.17, 1.83398,-1.19145,0.302132,0,0,0,0;
9.18, 1.85932,-1.25783,0.315654,0,0,0,0;
9.19, 1.74469,-1.34066,0.329995,0,0,0,0;
9.2, 1.7015,-1.41725,0.349621,0,0,0,0;
9.21, 1.57217,-1.50853,0.372352,0,0,0,0;
9.22, 1.4964,-1.59541,0.386096,0,0,0,0;
9.23, 1.42656,-1.68976,0.407515,0,0,0,0;
9.24, 1.37093,-1.77362,0.434935,0,0,0,0;
9.25, 1.27235,-1.85855,0.460801,0,0,0,0;
9.26, 1.1001,-1.95885,0.481267,0,0,0,0;
9.27, 0.98359,-2.05815,0.49482,0,0,0,0;
9.28, 0.80613,-2.15648,0.508857,0,0,0,0;
9.29, 0.651339,-2.23951,0.535594,0,0,0,0;
9.3, 0.516987,-2.31993,0.557028,0,0,0,0;
9.31, 0.372933,-2.39443,0.582391,0,0,0,0;
9.32, 0.299082,-2.45197,0.605022,0,0,0,0;
9.33, 0.184521,-2.50142,0.633285,0,0,0,0;
9.34, -0.169674,-2.57171,0.665177,0,0,0,0;
9.35, -0.385462,-2.6163,0.698619,0,0,0,0;
9.36, -0.57649,-2.64163,0.732783,0,0,0,0;
9.37, -0.806319,-2.65853,0.766372,0,0,0,0;
9.38, -1.03494,-2.67016,0.795494,0,0,0,0;
9.39, -1.2515,-2.65305,0.824979,0,0,0,0;
9.4, -1.31788,-2.6099,0.857795,0,0,0,0;
9.41, -1.37593,-2.5554,0.892374,0,0,0,0;
9.42, -1.50488,-2.49433,0.929537,0,0,0,0;
9.43, -1.76145,-2.43223,0.962728,0,0,0,0;
9.44, -1.86313,-2.34645,0.997152,0,0,0,0;
9.45, -2.02516,-2.24846,1.02791,0,0,0,0;
9.46, -2.14168,-2.13108,1.05807,0,0,0,0;
9.47, -2.26254,-2.00488,1.08648,0,0,0,0;
9.48, -2.33393,-1.88008,1.11433,0,0,0,0;
9.49, -2.42459,-1.74467,1.13657,0,0,0,0;
9.5, -2.60718,-1.5941,1.15505,0,0,0,0;
9.51, -2.59834,-1.4326,1.17772,0,0,0,0;
9.52, -2.54596,-1.26491,1.19192,0,0,0,0;
9.53, -2.54842,-1.09705,1.20579,0,0,0,0;
9.54, -2.59701,-0.93426,1.21599,0,0,0,0;
9.55, -2.65392,-0.770105,1.22148,0,0,0,0;
9.56, -2.53632,-0.599765,1.23,0,0,0,0;
9.57, -2.42042,-0.434741,1.23561,0,0,0,0;
9.58, -2.5291,-0.276646,1.23486,0,0,0,0;
9.59, -2.49426,-0.134969,1.23429,0,0,0,0;
9.6, -2.43585,0.0336092,1.23618,0,0,0,0;
9.61, -2.32509,0.186844,1.23638,0,0,0,0;
9.62, -2.31007,0.312182,1.23712,0,0,0,0;
9.63, -2.20008,0.436154,1.23198,0,0,0,0;
9.64, -2.10353,0.562035,1.22718,0,0,0,0;
9.65, -2.05374,0.681004,1.22074,0,0,0,0;
9.66, -1.86464,0.800685,1.22208,0,0,0,0;
9.67, -1.72541,0.910514,1.22476,0,0,0,0;
9.68, -1.63894,1.01624,1.22609,0,0,0,0;
9.69, -1.51352,1.10744,1.22591,0,0,0,0;
9.7, -1.41577,1.19446,1.22332,0,0,0,0;
9.71, -1.33873,1.26916,1.21812,0,0,0,0;
9.72, -1.26437,1.3503,1.21905,0,0,0,0;
9.73, -1.11101,1.44254,1.22741,0,0,0,0;
9.74, -1.00159,1.50817,1.22578,0,0,0,0;
9.75, -0.935509,1.55896,1.21744,0,0,0,0;
9.76, -0.935358,1.60137,1.21363,0,0,0,0;
9.77, -0.792832,1.63683,1.21601,0,0,0,0;
9.78, -0.640343,1.6676,1.21904,0,0,0,0;
9.79, -0.544804,1.72686,1.21691,0,0,0,0;
9.8, -0.431086,1.78143,1.21203,0,0,0,0;
9.81, -0.239251,1.8005,1.20261,0,0,0,0;
9.82, -0.148278,1.80616,1.19046,0,0,0,0;
9.83, -0.0415182,1.7918,1.17163,0,0,0,0;
9.84, -0.00304717,1.78136,1.15579,0,0,0,0;
9.85, 0.0140927,1.7616,1.14094,0,0,0,0;
9.86, 0.113707,1.74336,1.11978,0,0,0,0;
9.87, 0.303738,1.74988,1.09766,0,0,0,0;
9.88, 0.363948,1.72575,1.07657,0,0,0,0;
9.89, 0.409884,1.64401,1.04349,0,0,0,0;
9.9, 0.490535,1.59767,1.0152,0,0,0,0;
9.91, 0.604284,1.55206,0.990278,0,0,0,0;
9.92, 0.678594,1.49667,0.964631,0,0,0,0;
9.93, 0.784128,1.43216,0.927137,0,0,0,0;
9.94, 0.852575,1.34385,0.890098,0,0,0,0;
9.95, 0.961351,1.27728,0.862049,0,0,0,0;
9.96, 1.02454,1.2064,0.835031,0,0,0,0;
9.97, 1.00136,1.13305,0.796304,0,0,0,0;
9.98, 0.987742,1.0659,0.772747,0,0,0,0;
9.99, 1.06052,1.01527,0.745987,0,0,0,0;
