0, 0.274227,-0.252296,-0.128386,0,0,0,0;
0.01, 0.274141,-0.252237,-0.128386,0,0,0,0;
0.02, 0.275051,-0.251417,-0.128381,0,0,0,0;
0.03, 0.277184,-0.249707,-0.128316,0,0,0,0;
0.04, 0.280203,-0.246526,-0.128083,0,0,0,0;
0.05, 0.283564,-0.242423,-0.127583,0,0,0,0;
0.06, 0.286938,-0.237333,-0.126739,0,0,0,0;
0.07, 0.290069,-0.23142,-0.125514,0,0,0,0;
0.08, 0.292666,-0.225166,-0.124003,0,0,0,0;
0.09, 0.294656,-0.219128,-0.122328,0,0,0,0;
0.1, 0.2961,-0.213501,-0.120567,0,0,0,0;
0.11, 0.297023,-0.208715,-0.118911,0,0,0,0;
0.12, 0.297516,-0.204787,-0.117358,0,0,0,0;
0.13, 0.297719,-0.201663,-0.116025,0,0,0,0;
0.14, 0.297736,-0.19899,-0.114816,0,0,0,0;
0.15, 0.29765,-0.19656,-0.113708,0,0,0,0;
0.16, 0.297509,-0.194255,-0.112665,0,0,0,0;
0.17, 0.297311,-0.191867,-0.111595,0,0,0,0;
0.18, 0.297095,-0.189442,-0.110538,0,0,0,0;
0.19, 0.296863,-0.187021,-0.109502,0,0,0,0;
0.2, 0.29661,-0.184651,-0.108492,0,0,0,0;
0.21, 0.296303,-0.182306,-0.107474,0,0,0,0;
0.22, 0.296012,-0.180145,-0.10655,0,0,0,0;
0.23, 0.295655,-0.178029,-0.105611,0,0,0,0;
0.24, 0.295275,-0.175957,-0.104689,0,0,0,0;
0.25, 0.294932,-0.17411,-0.103873,0,0,0,0;
0.26, 0.29455,-0.172317,-0.103055,0,0,0,0;
0.27, 0.294227,-0.170723,-0.102342,0,0,0,0;
0.28, 0.293932,-0.169268,-0.101696,0,0,0,0;
0.29, 0.293572,-0.167781,-0.101009,0,0,0,0;
0.3, 0.29324,-0.166407,-0.100379,0,0,0,0;
0.31, 0.292882,-0.165051,-0.0997471,0,0,0,0;
0.32, 0.292669,-0.163989,-0.0992853,0,0,0,0;
0.33, 0.292421,-0.162947,-0.0988141,0,0,0,0;
0.34, 0.29208,-0.161827,-0.0982707,0,0,0,0;
0.35, 0.2918,-0.160806,-0.0977969,0,0,0,0;
0.36, 0.291492,-0.159773,-0.0973069,0,0,0,0;
0.37, 0.291219,-0.158855,-0.0968713,0,0,0,0;
0.38, 0.291054,-0.158168,-0.0965623,0,0,0,0;
0.39, 0.290794,-0.157357,-0.0961697,0,0,0,0;
0.4, 0.290563,-0.15657,-0.0958041,0,0,0,0;
0.41, 0.290356,-0.155882,-0.0954804,0,0,0,0;
0.42, 0.290147,-0.155268,-0.0951794,0,0,0,0;
0.43, 0.289952,-0.154603,-0.0948728,0,0,0,0;
0.44, 0.289762,-0.153992,-0.0945846,0,0,0,0;
0.45, 0.289603,-0.153508,-0.0943492,0,0,0,0;
0.46, 0.28944,-0.153024,-0.0941135,0,0,0,0;
0.47, 0.289264,-0.152513,-0.0938658,0,0,0,0;
0.48, 0.28911,-0.152088,-0.0936559,0,0,0,0;
0.49, 0.288987,-0.151641,-0.093456,0,0,0,0;
0.5, 0.288834,-0.15127,-0.0932627,0,0,0,0;
0.51, 0.288721,-0.150974,-0.0931112,0,0,0,0;
0.52, 0.288672,-0.150701,-0.0929991,0,0,0,0;
0.53, 0.288515,-0.150299,-0.0927971,0,0,0,0;
0.54, 0.288453,-0.150053,-0.0926889,0,0,0,0;
0.55, 0.288244,-0.149594,-0.0924478,0,0,0,0;
0.56, 0.288207,-0.149471,-0.0923878,0,0,0,0;
0.57, 0.288123,-0.149272,-0.0922839,0,0,0,0;
0.58, 0.288082,-0.149066,-0.0922015,0,0,0,0;
0.59, 0.288003,-0.148832,-0.0920899,0,0,0,0;
0.6, 0.28795,-0.148625,-0.0919999,0,0,0,0;
0.61, 0.287791,-0.148343,-0.0918336,0,0,0,0;
0.62, 0.287717,-0.148174,-0.0917435,0,0,0,0;
0.63, 0.287682,-0.148064,-0.0916941,0,0,0,0;
0.64, 0.287565,-0.147808,-0.0915595,0,0,0,0;
0.65, 0.287751,-0.147983,-0.0916983,0,0,0,0;
0.66, 0.287672,-0.147862,-0.0916196,0,0,0,0;
0.67, 0.287497,-0.147545,-0.0914409,0,0,0,0;
0.68, 0.287524,-0.147464,-0.0914296,0,0,0,0;
0.69, 0.287585,-0.147499,-0.0914668,0,0,0,0;
0.7, 0.287469,-0.147319,-0.0913558,0,0,0,0;
0.71, 0.287387,-0.147219,-0.0912825,0,0,0,0;
0.72, 0.287459,-0.147246,-0.091325,0,0,0,0;
0.73, 0.287304,-0.147,-0.09118,0,0,0,0;
0.74, 0.287233,-0.146796,-0.0910838,0,0,0,0;
0.75, 0.287125,-0.146693,-0.0910003,0,0,0,0;
0.76, 0.287256,-0.146744,-0.0910773,0,0,0,0;
0.77, 0.28719,-0.146679,-0.0910257,0,0,0,0;
0.78, 0.287203,-0.146684,-0.0910328,0,0,0,0;
0.79, 0.287216,-0.146655,-0.0910298,0,0,0,0;
0.8, 0.28725,-0.146669,-0.0910498,0,0,0,0;
0.81, 0.287182,-0.146517,-0.0909727,0,0,0,0;
0.82, 0.287134,-0.146425,-0.0909227,0,0,0,0;
0.83, 0.287121,-0.146385,-0.0909052,0,0,0,0;
0.84, 0.28714,-0.146424,-0.090925,0,0,0,0;
0.85, 0.287102,-0.146319,-0.0908759,0,0,0,0;
0.86, 0.287082,-0.146258,-0.0908477,0,0,0,0;
0.87, 0.287101,-0.146287,-0.0908645,0,0,0,0;
0.88, 0.287098,-0.146246,-0.0908521,0,0,0,0;
0.89, 0.287094,-0.146215,-0.0908425,0,0,0,0;
0.9, 0.287065,-0.146139,-0.0908075,0,0,0,0;
0.91, 0.287027,-0.146094,-0.0907764,0,0,0,0;
0.92, 0.287032,-0.14607,-0.0907728,0,0,0,0;
0.93, 0.28704,-0.146041,-0.0907682,0,0,0,0;
0.94, 0.287035,-0.146024,-0.0907605,0,0,0,0;
0.95, 0.28705,-0.146031,-0.0907698,0,0,0,0;
0.96, 0.287036,-0.146008,-0.0907574,0,0,0,0;
0.97, 0.287029,-0.145981,-0.0907473,0,0,0,0;
0.98, 0.287043,-0.145973,-0.0907523,0,0,0,0;
0.99, 0.28704,-0.145957,-0.0907468,0,0,0,0;
1, 0.286949,-0.145865,-0.0906755,0,0,0,0;
1.01, 0.286957,-0.145837,-0.0906718,0,0,0,0;
1.02, 0.286988,-0.145852,-0.0906916,0,0,0,0;
1.03, 0.287012,-0.145917,-0.0907227,0,0,0,0;
1.04, 0.286966,-0.145829,-0.0906768,0,0,0,0;
1.05, 0.287015,-0.145867,-0.0907126,0,0,0,0;
1.06, 0.286987,-0.145823,-0.0906867,0,0,0,0;
1.07, 0.286955,-0.145783,-0.0906589,0,0,0,0;
1.08, 0.286941,-0.145745,-0.0906428,0,0,0,0;
1.09, 0.286999,-0.145817,-0.0906917,0,0,0,0;
1.1, 0.286927,-0.145731,-0.0906316,0,0,0,0;
1.11, 0.286961,-0.145772,-0.0906609,0,0,0,0;
1.12, 0.286941,-0.145727,-0.0906383,0,0,0,0;
1.13, 0.286935,-0.145716,-0.090633,0,0,0,0;
1.14, 0.286959,-0.145738,-0.0906512,0,0,0,0;
1.15, 0.286935,-0.145693,-0.0906266,0,0,0,0;
1.16, 0.286945,-0.145703,-0.0906338,0,0,0,0;
1.17, 0.286924,-0.145679,-0.0906173,0,0,0,0;
1.18, 0.286939,-0.145683,-0.0906258,0,0,0,0;
1.19, 0.286938,-0.145679,-0.0906235,0,0,0,0;
1.2, 0.286964,-0.145718,-0.0906474,0,0,0,0;
1.21, 0.286943,-0.145681,-0.0906266,0,0,0,0;
1.22, 0.286913,-0.145626,-0.0905968,0,0,0,0;
1.23, 0.286985,-0.145725,-0.0906602,0,0,0,0;
1.24, 0.286943,-0.145685,-0.090628,0,0,0,0;
1.25, 0.286947,-0.14567,-0.0906261,0,0,0,0;
1.26, 0.28705,-0.145788,-0.0907099,0,0,0,0;
1.27, 0.286944,-0.145677,-0.0906266,0,0,0,0;
1.28, 0.286987,-0.145692,-0.0906505,0,0,0,0;
1.29, 0.287027,-0.145743,-0.0906835,0,0,0,0;
1.3, 0.287011,-0.145773,-0.0906834,0,0,0,0;
1.31, 0.286906,-0.145588,-0.0905802,0,0,0,0;
1.32, 0.286975,-0.145657,-0.0906324,0,0,0,0;
1.33, 0.286975,-0.145686,-0.0906394,0,0,0,0;
1.34, 0.286971,-0.145734,-0.0906498,0,0,0,0;
1.35, 0.287023,-0.145758,-0.0906821,0,0,0,0;
1.36, 0.287018,-0.145768,-0.0906829,0,0,0,0;
1.37, 0.287036,-0.145806,-0.0907045,0,0,0,0;
1.38, 0.286951,-0.145698,-0.0906301,0,0,0,0;
1.39, 0.286939,-0.145673,-0.090617,0,0,0,0;
1.4, 0.286868,-0.14564,-0.0905722,0,0,0,0;
1.41, 0.287018,-0.145836,-0.0907006,0,0,0,0;
1.42, 0.28694,-0.14571,-0.0906242,0,0,0,0;
1.43, 0.287029,-0.145908,-0.0907238,0,0,0,0;
1.44, 0.287101,-0.146002,-0.0907857,0,0,0,0;
1.45, 0.287004,-0.145794,-0.0906792,0,0,0,0;
1.46, 0.286932,-0.145722,-0.0906228,0,0,0,0;
1.47, 0.287,-0.145839,-0.0906909,0,0,0,0;
1.48, 0.286989,-0.14574,-0.0906567,0,0,0,0;
1.49, 0.286935,-0.145708,-0.0906193,0,0,0,0;
1.5, 0.28677,-0.145573,-0.0904988,0,0,0,0;
1.51, 0.286933,-0.145737,-0.0906271,0,0,0,0;
1.52, 0.286954,-0.145753,-0.0906424,0,0,0,0;
1.53, 0.286972,-0.145821,-0.0906711,0,0,0,0;
1.54, 0.286961,-0.145754,-0.0906454,0,0,0,0;
1.55, 0.286901,-0.145725,-0.0906068,0,0,0,0;
1.56, 0.286891,-0.145701,-0.0905951,0,0,0,0;
1.57, 0.286943,-0.145747,-0.0906341,0,0,0,0;
1.58, 0.286944,-0.145737,-0.0906324,0,0,0,0;
1.59, 0.286934,-0.145732,-0.0906267,0,0,0,0;
1.6, 0.286921,-0.145717,-0.0906163,0,0,0,0;
1.61, 0.286942,-0.145753,-0.0906366,0,0,0,0;
1.62, 0.286916,-0.145719,-0.090614,0,0,0,0;
1.63, 0.286926,-0.145745,-0.0906264,0,0,0,0;
1.64, 0.286916,-0.145729,-0.0906169,0,0,0,0;
1.65, 0.286951,-0.145768,-0.0906456,0,0,0,0;
1.66, 0.286942,-0.145739,-0.0906336,0,0,0,0;
1.67, 0.286958,-0.145756,-0.0906468,0,0,0,0;
1.68, 0.286968,-0.145757,-0.0906527,0,0,0,0;
1.69, 0.286947,-0.145724,-0.0906334,0,0,0,0;
1.7, 0.286956,-0.145738,-0.0906419,0,0,0,0;
1.71, 0.287013,-0.145804,-0.0906893,0,0,0,0;
1.72, 0.286952,-0.145712,-0.0906336,0,0,0,0;
1.73, 0.286937,-0.145694,-0.0906211,0,0,0,0;
1.74, 0.28691,-0.145645,-0.0905947,0,0,0,0;
1.75, 0.286975,-0.14572,-0.0906484,0,0,0,0;
1.76, 0.28699,-0.145735,-0.0906604,0,0,0,0;
1.77, 0.286978,-0.145708,-0.0906477,0,0,0,0;
1.78, 0.287008,-0.145752,-0.090675,0,0,0,0;
1.79, 0.287021,-0.145762,-0.0906851,0,0,0,0;
1.8, 0.286958,-0.145659,-0.0906253,0,0,0,0;
1.81, 0.287001,-0.145736,-0.0906688,0,0,0,0;
1.82, 0.286993,-0.145695,-0.0906535,0,0,0,0;
1.83, 0.287055,-0.145777,-0.0907067,0,0,0,0;
1.84, 0.287026,-0.145747,-0.0906839,0,0,0,0;
1.85, 0.287045,-0.145772,-0.0907007,0,0,0,0;
1.86, 0.286973,-0.145659,-0.0906346,0,0,0,0;
1.87, 0.286968,-0.145665,-0.0906343,0,0,0,0;
1.88, 0.286955,-0.145659,-0.090627,0,0,0,0;
1.89, 0.286975,-0.145655,-0.0906351,0,0,0,0;
1.9, 0.28696,-0.145628,-0.0906198,0,0,0,0;
1.91, 0.286957,-0.145621,-0.0906153,0,0,0,0;
1.92, 0.286963,-0.145641,-0.0906245,0,0,0,0;
1.93, 0.286984,-0.145663,-0.0906418,0,0,0,0;
1.94, 0.286967,-0.145656,-0.0906314,0,0,0,0;
1.95, 0.286959,-0.145641,-0.0906236,0,0,0,0;
1.96, 0.287019,-0.145723,-0.0906756,0,0,0,0;
1.97, 0.287016,-0.145723,-0.0906735,0,0,0,0;
1.98, 0.28697,-0.145645,-0.090628,0,0,0,0;
1.99, 0.286966,-0.145673,-0.0906351,0,0,0,0;
2, 0.286963,-0.145674,-0.0906341,0,0,0,0;
2.01, 0.286906,-0.145608,-0.0905875,0,0,0,0;
2.02, 0.28696,-0.145655,-0.0906257,0,0,0,0;
2.03, 0.286962,-0.145686,-0.0906343,0,0,0,0;
2.04, 0.286952,-0.145684,-0.0906282,0,0,0,0;
2.05, 0.28694,-0.145652,-0.0906141,0,0,0,0;
2.06, 0.286981,-0.145717,-0.0906529,0,0,0,0;
2.07, 0.287007,-0.145793,-0.090686,0,0,0,0;
2.08, 0.286991,-0.145732,-0.0906608,0,0,0,0;
2.09, 0.286909,-0.145644,-0.0905956,0,0,0,0;
2.1, 0.286967,-0.145705,-0.090639,0,0,0,0;
2.11, 0.286908,-0.145678,-0.0906008,0,0,0,0;
2.12, 0.286876,-0.145621,-0.0905698,0,0,0,0;
2.13, 0.286977,-0.145779,-0.090666,0,0,0,0;
2.14, 0.287006,-0.145844,-0.090698,0,0,0,0;
2.15, 0.28699,-0.145796,-0.0906764,0,0,0,0;
2.16, 0.287012,-0.145839,-0.0906976,0,0,0,0;
2.17, 0.286948,-0.145729,-0.0906351,0,0,0,0;
2.18, 0.286969,-0.145729,-0.090645,0,0,0,0;
2.19, 0.286946,-0.145693,-0.0906234,0,0,0,0;
2.2, 0.286918,-0.145664,-0.0906029,0,0,0,0;
2.21, 0.286943,-0.145746,-0.0906383,0,0,0,0;
2.22, 0.286912,-0.145696,-0.0906073,0,0,0,0;
2.23, 0.286911,-0.145659,-0.0905946,0,0,0,0;
2.24, 0.286944,-0.145732,-0.0906304,0,0,0,0;
2.25, 0.286976,-0.145769,-0.0906565,0,0,0,0;
2.26, 0.287033,-0.145849,-0.0907087,0,0,0,0;
2.27, 0.286933,-0.145721,-0.0906247,0,0,0,0;
2.28, 0.286898,-0.145707,-0.0906035,0,0,0,0;
2.29, 0.286916,-0.145721,-0.0906156,0,0,0,0;
2.3, 0.286944,-0.14572,-0.0906288,0,0,0,0;
2.31, 0.286953,-0.145764,-0.0906452,0,0,0,0;
2.32, 0.286942,-0.145778,-0.0906443,0,0,0,0;
2.33, 0.286926,-0.145739,-0.0906251,0,0,0,0;
2.34, 0.286978,-0.145799,-0.0906684,0,0,0,0;
2.35, 0.286998,-0.145803,-0.0906795,0,0,0,0;
2.36, 0.286979,-0.145785,-0.0906653,0,0,0,0;
2.37, 0.286968,-0.145747,-0.09065,0,0,0,0;
2.38, 0.286964,-0.145735,-0.0906449,0,0,0,0;
2.39, 0.286954,-0.145721,-0.0906353,0,0,0,0;
2.4, 0.286945,-0.145706,-0.0906266,0,0,0,0;
2.41, 0.286962,-0.145723,-0.0906401,0,0,0,0;
2.42, 0.286952,-0.145719,-0.0906343,0,0,0,0;
2.43, 0.286949,-0.145703,-0.0906295,0,0,0,0;
2.44, 0.286951,-0.145699,-0.0906298,0,0,0,0;
2.45, 0.28695,-0.145696,-0.0906282,0,0,0,0;
2.46, 0.286948,-0.145667,-0.0906188,0,0,0,0;
2.47, 0.286962,-0.145694,-0.0906333,0,0,0,0;
2.48, 0.286977,-0.145723,-0.090649,0,0,0,0;
2.49, 0.286958,-0.145693,-0.0906319,0,0,0,0;
2.5, 0.28693,-0.145672,-0.0906139,0,0,0,0;
2.51, 0.286955,-0.145685,-0.0906309,0,0,0,0;
2.52, 0.286964,-0.145709,-0.0906426,0,0,0,0;
2.53, 0.286961,-0.145688,-0.0906344,0,0,0,0;
2.54, 0.286973,-0.145689,-0.0906403,0,0,0,0;
2.55, 0.286964,-0.145669,-0.0906301,0,0,0,0;
2.56, 0.28697,-0.145686,-0.0906386,0,0,0,0;
2.57, 0.286948,-0.145639,-0.0906153,0,0,0,0;
2.58, 0.286965,-0.145681,-0.0906357,0,0,0,0;
2.59, 0.286975,-0.145708,-0.0906484,0,0,0,0;
2.6, 0.286954,-0.145673,-0.0906286,0,0,0,0;
2.61, 0.286952,-0.145651,-0.0906217,0,0,0,0;
2.62, 0.286969,-0.145667,-0.0906341,0,0,0,0;
2.63, 0.286936,-0.145641,-0.0906104,0,0,0,0;
2.64, 0.286965,-0.145683,-0.0906367,0,0,0,0;
2.65, 0.286965,-0.145691,-0.0906389,0,0,0,0;
2.66, 0.286931,-0.14563,-0.0906054,0,0,0,0;
2.67, 0.286982,-0.145693,-0.0906483,0,0,0,0;
2.68, 0.286962,-0.145649,-0.0906261,0,0,0,0;
2.69, 0.286946,-0.145635,-0.0906141,0,0,0,0;
2.7, 0.286959,-0.145667,-0.0906292,0,0,0,0;
2.71, 0.286988,-0.145705,-0.090654,0,0,0,0;
2.72, 0.286979,-0.145684,-0.0906432,0,0,0,0;
2.73, 0.286977,-0.145672,-0.0906386,0,0,0,0;
2.74, 0.286965,-0.145654,-0.0906277,0,0,0,0;
2.75, 0.286966,-0.145656,-0.0906285,0,0,0,0;
2.76, 0.286992,-0.145703,-0.0906546,0,0,0,0;
2.77, 0.28693,-0.145622,-0.0906012,0,0,0,0;
2.78, 0.28692,-0.145633,-0.0905988,0,0,0,0;
2.79, 0.287001,-0.145774,-0.0906775,0,0,0,0;
2.8, 0.287005,-0.145704,-0.0906589,0,0,0,0;
2.81, 0.287001,-0.145719,-0.0906616,0,0,0,0;
2.82, 0.286996,-0.145726,-0.0906615,0,0,0,0;
2.83, 0.286933,-0.145695,-0.0906214,0,0,0,0;
2.84, 0.286952,-0.145668,-0.0906229,0,0,0,0;
2.85, 0.286929,-0.145655,-0.0906059,0,0,0,0;
2.86, 0.286938,-0.145675,-0.0906163,0,0,0,0;
2.87, 0.286952,-0.145679,-0.090625,0,0,0,0;
2.88, 0.287018,-0.145745,-0.0906751,0,0,0,0;
2.89, 0.287115,-0.145881,-0.0907614,0,0,0,0;
2.9, 0.287002,-0.14573,-0.0906624,0,0,0,0;
2.91, 0.286933,-0.145668,-0.0906112,0,0,0,0;
2.92, 0.286979,-0.145695,-0.0906423,0,0,0,0;
2.93, 0.286934,-0.145675,-0.0906142,0,0,0,0;
2.94, 0.286997,-0.145774,-0.0906719,0,0,0,0;
2.95, 0.286966,-0.14574,-0.0906453,0,0,0,0;
2.96, 0.286902,-0.145642,-0.0905878,0,0,0,0;
2.97, 0.286963,-0.145718,-0.0906397,0,0,0,0;
2.98, 0.286885,-0.145624,-0.0905754,0,0,0,0;
2.99, 0.286941,-0.145708,-0.0906267,0,0,0,0;
3, 0.286952,-0.145687,-0.0906246,0,0,0,0;
3.01, 0.286916,-0.145644,-0.0905942,0,0,0,0;
3.02, 0.286926,-0.145662,-0.0906039,0,0,0,0;
3.03, 0.286947,-0.145715,-0.0906291,0,0,0,0;
3.04, 0.286968,-0.145767,-0.0906545,0,0,0,0;
3.05, 0.286984,-0.145788,-0.0906681,0,0,0,0;
3.06, 0.286969,-0.145758,-0.0906519,0,0,0,0;
3.07, 0.286943,-0.145683,-0.0906183,0,0,0,0;
3.08, 0.28695,-0.145713,-0.0906311,0,0,0,0;
3.09, 0.286988,-0.145753,-0.0906613,0,0,0,0;
3.1, 0.286965,-0.145725,-0.0906417,0,0,0,0;
3.11, 0.286958,-0.145697,-0.090631,0,0,0,0;
3.12, 0.286985,-0.145733,-0.0906544,0,0,0,0;
3.13, 0.286948,-0.145704,-0.0906277,0,0,0,0;
3.14, 0.286954,-0.145696,-0.0906293,0,0,0,0;
3.15, 0.286967,-0.145711,-0.0906407,0,0,0,0;
3.16, 0.286985,-0.145736,-0.090657,0,0,0,0;
3.17, 0.286984,-0.145726,-0.0906544,0,0,0,0;
3.18, 0.286943,-0.14567,-0.0906183,0,0,0,0;
3.19, 0.286994,-0.145746,-0.0906644,0,0,0,0;
3.2, 0.286979,-0.145706,-0.0906456,0,0,0,0;
3.21, 0.286955,-0.145676,-0.0906254,0,0,0,0;
3.22, 0.286982,-0.14571,-0.0906488,0,0,0,0;
3.23, 0.286959,-0.145669,-0.0906268,0,0,0,0;
3.24, 0.286956,-0.145669,-0.0906262,0,0,0,0;
3.25, 0.286975,-0.14569,-0.0906412,0,0,0,0;
3.26, 0.286965,-0.145692,-0.0906367,0,0,0,0;
3.27, 0.286969,-0.145692,-0.0906386,0,0,0,0;
3.28, 0.287011,-0.145737,-0.0906729,0,0,0,0;
3.29, 0.286973,-0.145689,-0.0906412,0,0,0,0;
3.3, 0.286981,-0.145696,-0.0906476,0,0,0,0;
3.31, 0.286991,-0.145696,-0.0906516,0,0,0,0;
3.32, 0.286975,-0.145658,-0.0906333,0,0,0,0;
3.33, 0.286972,-0.145662,-0.0906328,0,0,0,0;
3.34, 0.286982,-0.145687,-0.090645,0,0,0,0;
3.35, 0.286949,-0.145639,-0.090616,0,0,0,0;
3.36, 0.28697,-0.145659,-0.0906322,0,0,0,0;
3.37, 0.286981,-0.145677,-0.0906428,0,0,0,0;
3.38, 0.287012,-0.145732,-0.0906731,0,0,0,0;
3.39, 0.286983,-0.145686,-0.0906458,0,0,0,0;
3.4, 0.286994,-0.145694,-0.0906537,0,0,0,0;
3.41, 0.286965,-0.145649,-0.0906262,0,0,0,0;
3.42, 0.286935,-0.145617,-0.0906018,0,0,0,0;
3.43, 0.286968,-0.145672,-0.0906342,0,0,0,0;
3.44, 0.286981,-0.145678,-0.0906431,0,0,0,0;
3.45, 0.286966,-0.14565,-0.0906274,0,0,0,0;
3.46, 0.287006,-0.145704,-0.0906616,0,0,0,0;
3.47, 0.286961,-0.145636,-0.0906199,0,0,0,0;
3.48, 0.286983,-0.14568,-0.0906424,0,0,0,0;
3.49, 0.286988,-0.14575,-0.0906637,0,0,0,0;
3.5, 0.287008,-0.145728,-0.0906673,0,0,0,0;
3.51, 0.286985,-0.145727,-0.0906556,0,0,0,0;
3.52, 0.286912,-0.145656,-0.0906015,0,0,0,0;
3.53, 0.287003,-0.145744,-0.0906704,0,0,0,0;
3.54, 0.286993,-0.145732,-0.0906616,0,0,0,0;
3.55, 0.286975,-0.145745,-0.0906577,0,0,0,0;
3.56, 0.286962,-0.145716,-0.0906433,0,0,0,0;
3.57, 0.286909,-0.1456,-0.0905837,0,0,0,0;
3.58, 0.287005,-0.145745,-0.0906703,0,0,0,0;
3.59, 0.286982,-0.145715,-0.09065,0,0,0,0;
3.6, 0.286898,-0.145579,-0.0905693,0,0,0,0;
3.61, 0.286883,-0.14553,-0.0905484,0,0,0,0;
3.62, 0.286876,-0.145576,-0.0905591,0,0,0,0;
3.63, 0.286969,-0.145692,-0.0906376,0,0,0,0;
3.64, 0.286987,-0.145702,-0.0906482,0,0,0,0;
3.65, 0.286971,-0.145718,-0.0906436,0,0,0,0;
3.66, 0.286984,-0.145729,-0.0906521,0,0,0,0;
3.67, 0.28697,-0.145732,-0.0906472,0,0,0,0;
3.68, 0.287009,-0.145829,-0.0906933,0,0,0,0;
3.69, 0.286994,-0.145794,-0.0906757,0,0,0,0;
3.7, 0.286998,-0.145786,-0.0906759,0,0,0,0;
3.71, 0.28694,-0.145709,-0.0906259,0,0,0,0;
3.72, 0.286932,-0.145672,-0.0906121,0,0,0,0;
3.73, 0.287001,-0.145803,-0.090683,0,0,0,0;
3.74, 0.286969,-0.145741,-0.0906493,0,0,0,0;
3.75, 0.28702,-0.145795,-0.0906883,0,0,0,0;
3.76, 0.286943,-0.145705,-0.0906245,0,0,0,0;
3.77, 0.28693,-0.14567,-0.090609,0,0,0,0;
3.78, 0.286877,-0.145581,-0.090558,0,0,0,0;
3.79, 0.286915,-0.145656,-0.0905986,0,0,0,0;
3.8, 0.286939,-0.145677,-0.0906157,0,0,0,0;
3.81, 0.286993,-0.145736,-0.0906595,0,0,0,0;
3.82, 0.287011,-0.145774,-0.0906792,0,0,0,0;
3.83, 0.286971,-0.145727,-0.0906458,0,0,0,0;
3.84, 0.286974,-0.145745,-0.0906519,0,0,0,0;
3.85, 0.286968,-0.145728,-0.0906442,0,0,0,0;
3.86, 0.286951,-0.1457,-0.0906286,0,0,0,0;
3.87, 0.286925,-0.145672,-0.090608,0,0,0,0;
3.88, 0.286959,-0.145697,-0.0906327,0,0,0,0;
3.89, 0.286958,-0.145703,-0.0906341,0,0,0,0;
3.9, 0.28698,-0.145737,-0.0906549,0,0,0,0;
3.91, 0.286964,-0.145702,-0.090638,0,0,0,0;
3.92, 0.286985,-0.145737,-0.0906584,0,0,0,0;
3.93, 0.28702,-0.145779,-0.0906867,0,0,0,0;
3.94, 0.286995,-0.145726,-0.0906593,0,0,0,0;
3.95, 0.286969,-0.145694,-0.0906378,0,0,0,0;
3.96, 0.286954,-0.145681,-0.0906278,0,0,0,0;
3.97, 0.286955,-0.145691,-0.0906317,0,0,0,0;
3.98, 0.286991,-0.14571,-0.0906546,0,0,0,0;
3.99, 0.286976,-0.145689,-0.0906417,0,0,0,0;
4, 0.28696,-0.145661,-0.0906255,0,0,0,0;
4.01, 0.286968,-0.145662,-0.090629,0,0,0,0;
4.02, 0.28696,-0.145656,-0.0906242,0,0,0,0;
4.03, 0.286972,-0.145679,-0.0906363,0,0,0,0;
4.04, 0.286961,-0.145681,-0.0906323,0,0,0,0;
4.05, 0.286969,-0.145703,-0.0906432,0,0,0,0;
4.06, 0.286971,-0.145684,-0.0906385,0,0,0,0;
4.07, 0.286965,-0.145667,-0.0906303,0,0,0,0;
4.08, 0.286971,-0.145693,-0.0906403,0,0,0,0;
4.09, 0.286958,-0.145653,-0.0906229,0,0,0,0;
4.1, 0.286959,-0.145654,-0.0906236,0,0,0,0;
4.11, 0.286966,-0.145675,-0.0906335,0,0,0,0;
4.12, 0.287006,-0.145754,-0.0906763,0,0,0,0;
4.13, 0.286982,-0.145702,-0.0906499,0,0,0,0;
4.14, 0.286968,-0.145665,-0.0906325,0,0,0,0;
4.15, 0.286997,-0.145704,-0.0906569,0,0,0,0;
4.16, 0.28695,-0.14563,-0.090612,0,0,0,0;
4.17, 0.286945,-0.145633,-0.0906108,0,0,0,0;
4.18, 0.286942,-0.145613,-0.0906033,0,0,0,0;
4.19, 0.286949,-0.145644,-0.0906147,0,0,0,0;
4.2, 0.287017,-0.145728,-0.0906738,0,0,0,0;
4.21, 0.286994,-0.145712,-0.0906585,0,0,0,0;
4.22, 0.286958,-0.145679,-0.0906315,0,0,0,0;
4.23, 0.286982,-0.145709,-0.0906516,0,0,0,0;
4.24, 0.286971,-0.145687,-0.0906388,0,0,0,0;
4.25, 0.286969,-0.145692,-0.0906385,0,0,0,0;
4.26, 0.286955,-0.14565,-0.0906189,0,0,0,0;
4.27, 0.286998,-0.145736,-0.0906641,0,0,0,0;
4.28, 0.28696,-0.145659,-0.0906242,0,0,0,0;
4.29, 0.286956,-0.145659,-0.0906223,0,0,0,0;
4.3, 0.286939,-0.145667,-0.0906164,0,0,0,0;
4.31, 0.286932,-0.145673,-0.0906139,0,0,0,0;
4.32, 0.286953,-0.145687,-0.0906281,0,0,0,0;
4.33, 0.286993,-0.145719,-0.0906562,0,0,0,0;
4.34, 0.286969,-0.145699,-0.0906383,0,0,0,0;
4.35, 0.286983,-0.145734,-0.0906559,0,0,0,0;
4.36, 0.286992,-0.145732,-0.09066,0,0,0,0;
4.37, 0.287016,-0.14575,-0.0906761,0,0,0,0;
4.38, 0.286995,-0.145722,-0.0906576,0,0,0,0;
4.39, 0.286963,-0.14569,-0.0906325,0,0,0,0;
4.4, 0.286963,-0.145667,-0.0906269,0,0,0,0;
4.41, 0.286936,-0.145671,-0.0906147,0,0,0,0;
4.42, 0.286928,-0.145625,-0.090598,0,0,0,0;
4.43, 0.28697,-0.145683,-0.0906337,0,0,0,0;
4.44, 0.286938,-0.145669,-0.0906135,0,0,0,0;
4.45, 0.287002,-0.145773,-0.0906733,0,0,0,0;
4.46, 0.286912,-0.145677,-0.0906025,0,0,0,0;
4.47, 0.286957,-0.145699,-0.0906318,0,0,0,0;
4.48, 0.286941,-0.145719,-0.0906304,0,0,0,0;
4.49, 0.286983,-0.145725,-0.0906522,0,0,0,0;
4.5, 0.286949,-0.145714,-0.0906316,0,0,0,0;
4.51, 0.28696,-0.145723,-0.0906401,0,0,0,0;
4.52, 0.286985,-0.145745,-0.090658,0,0,0,0;
4.53, 0.286935,-0.145655,-0.0906079,0,0,0,0;
4.54, 0.287006,-0.145756,-0.0906719,0,0,0,0;
4.55, 0.286959,-0.145693,-0.0906316,0,0,0,0;
4.56, 0.287011,-0.145753,-0.0906735,0,0,0,0;
4.57, 0.286981,-0.145721,-0.0906501,0,0,0,0;
4.58, 0.286987,-0.14572,-0.0906527,0,0,0,0;
4.59, 0.286985,-0.145716,-0.0906509,0,0,0,0;
4.6, 0.286969,-0.145704,-0.0906393,0,0,0,0;
4.61, 0.286969,-0.145702,-0.0906389,0,0,0,0;
4.62, 0.286964,-0.145707,-0.090638,0,0,0,0;
4.63, 0.28697,-0.145711,-0.0906433,0,0,0,0;
4.64, 0.286967,-0.145716,-0.0906432,0,0,0,0;
4.65, 0.286956,-0.145686,-0.0906298,0,0,0,0;
4.66, 0.286951,-0.145679,-0.0906248,0,0,0,0;
4.67, 0.286963,-0.14569,-0.0906335,0,0,0,0;
4.68, 0.286974,-0.145707,-0.0906438,0,0,0,0;
4.69, 0.28695,-0.145673,-0.0906227,0,0,0,0;
4.7, 0.286957,-0.14567,-0.0906251,0,0,0,0;
4.71, 0.286991,-0.145709,-0.090654,0,0,0,0;
4.72, 0.286975,-0.14569,-0.0906408,0,0,0,0;
4.73, 0.286966,-0.145682,-0.0906339,0,0,0,0;
4.74, 0.286959,-0.14567,-0.090627,0,0,0,0;
4.75, 0.28695,-0.145654,-0.0906191,0,0,0,0;
4.76, 0.286953,-0.145676,-0.0906267,0,0,0,0;
4.77, 0.286978,-0.145691,-0.090643,0,0,0,0;
4.78, 0.286972,-0.145676,-0.0906364,0,0,0,0;
4.79, 0.286974,-0.145695,-0.0906426,0,0,0,0;
4.8, 0.286969,-0.145676,-0.0906349,0,0,0,0;
4.81, 0.286995,-0.145725,-0.0906617,0,0,0,0;
4.82, 0.286962,-0.14567,-0.0906296,0,0,0,0;
4.83, 0.286945,-0.145641,-0.0906132,0,0,0,0;
4.84, 0.286978,-0.145664,-0.0906364,0,0,0,0;
4.85, 0.286978,-0.145688,-0.0906425,0,0,0,0;
4.86, 0.287009,-0.145726,-0.0906684,0,0,0,0;
4.87, 0.286988,-0.145698,-0.0906502,0,0,0,0;
4.88, 0.286967,-0.145661,-0.0906297,0,0,0,0;
4.89, 0.286938,-0.145628,-0.0906071,0,0,0,0;
4.9, 0.286978,-0.145674,-0.0906393,0,0,0,0;
4.91, 0.28696,-0.145686,-0.0906325,0,0,0,0;
4.92, 0.28697,-0.145699,-0.0906419,0,0,0,0;
4.93, 0.286954,-0.145633,-0.0906164,0,0,0,0;
4.94, 0.286952,-0.14565,-0.09062,0,0,0,0;
4.95, 0.286966,-0.145667,-0.0906313,0,0,0,0;
4.96, 0.286961,-0.145667,-0.0906276,0,0,0,0;
4.97, 0.286983,-0.145698,-0.0906473,0,0,0,0;
4.98, 0.286984,-0.14571,-0.090652,0,0,0,0;
4.99, 0.287024,-0.145745,-0.0906813,0,0,0,0;
5, 0.286946,-0.145674,-0.0906223,0,0,0,0;
5.01, 0.286949,-0.145656,-0.0906186,0,0,0,0;
5.02, 0.287005,-0.145738,-0.0906673,0,0,0,0;
5.03, 0.286976,-0.145714,-0.0906456,0,0,0,0;
5.04, 0.286934,-0.145666,-0.0906115,0,0,0,0;
5.05, 0.287018,-0.145798,-0.0906914,0,0,0,0;
5.06, 0.286999,-0.145749,-0.0906691,0,0,0,0;
5.07, 0.286944,-0.145722,-0.0906342,0,0,0,0;
5.08, 0.286931,-0.145668,-0.0906115,0,0,0,0;
5.09, 0.286936,-0.145636,-0.0906047,0,0,0,0;
5.1, 0.286962,-0.145692,-0.0906323,0,0,0,0;
5.11, 0.286925,-0.145673,-0.0906093,0,0,0,0;
5.12, 0.286975,-0.14575,-0.0906561,0,0,0,0;
5.13, 0.286994,-0.145787,-0.0906759,0,0,0,0;
5.14, 0.286937,-0.145678,-0.0906163,0,0,0,0;
5.15, 0.286982,-0.145749,-0.0906589,0,0,0,0;
5.16, 0.286969,-0.145704,-0.0906405,0,0,0,0;
5.17, 0.286983,-0.14577,-0.0906653,0,0,0,0;
5.18, 0.286898,-0.145673,-0.0905958,0,0,0,0;
5.19, 0.286934,-0.145704,-0.0906222,0,0,0,0;
5.2, 0.286934,-0.145686,-0.0906177,0,0,0,0;
5.21, 0.286899,-0.145642,-0.0905874,0,0,0,0;
5.22, 0.286924,-0.145644,-0.0906006,0,0,0,0;
5.23, 0.286961,-0.145707,-0.0906349,0,0,0,0;
5.24, 0.286981,-0.145734,-0.0906523,0,0,0,0;
5.25, 0.286999,-0.14578,-0.0906749,0,0,0,0;
5.26, 0.287009,-0.14579,-0.090683,0,0,0,0;
5.27, 0.286993,-0.145786,-0.0906738,0,0,0,0;
5.28, 0.286989,-0.145768,-0.0906666,0,0,0,0;
5.29, 0.28699,-0.145763,-0.0906666,0,0,0,0;
5.3, 0.286949,-0.145707,-0.0906308,0,0,0,0;
5.31, 0.28695,-0.145703,-0.0906296,0,0,0,0;
5.32, 0.287002,-0.145756,-0.0906699,0,0,0,0;
5.33, 0.286968,-0.145706,-0.0906393,0,0,0,0;
5.34, 0.28695,-0.145684,-0.0906245,0,0,0,0;
5.35, 0.286975,-0.145717,-0.0906456,0,0,0,0;
5.36, 0.286955,-0.145694,-0.0906297,0,0,0,0;
5.37, 0.286949,-0.14569,-0.0906258,0,0,0,0;
5.38, 0.286941,-0.145673,-0.0906174,0,0,0,0;
5.39, 0.286946,-0.145688,-0.0906244,0,0,0,0;
5.4, 0.286964,-0.145709,-0.0906391,0,0,0,0;
5.41, 0.286962,-0.145693,-0.0906341,0,0,0,0;
5.42, 0.286955,-0.145673,-0.0906257,0,0,0,0;
5.43, 0.286974,-0.145707,-0.0906446,0,0,0,0;
5.44, 0.286955,-0.145693,-0.0906311,0,0,0,0;
5.45, 0.28696,-0.145679,-0.0906301,0,0,0,0;
5.46, 0.28698,-0.145713,-0.0906495,0,0,0,0;
5.47, 0.286997,-0.14572,-0.0906604,0,0,0,0;
5.48, 0.286976,-0.145705,-0.0906462,0,0,0,0;
5.49, 0.286968,-0.145684,-0.0906364,0,0,0,0;
5.5, 0.286946,-0.145649,-0.0906152,0,0,0,0;
5.51, 0.286975,-0.145695,-0.0906421,0,0,0,0;
5.52, 0.286968,-0.145682,-0.0906355,0,0,0,0;
5.53, 0.286948,-0.145655,-0.0906185,0,0,0,0;
5.54, 0.286975,-0.145706,-0.0906465,0,0,0,0;
5.55, 0.286946,-0.145644,-0.0906151,0,0,0,0;
5.56, 0.286988,-0.145698,-0.0906504,0,0,0,0;
5.57, 0.287014,-0.145737,-0.0906738,0,0,0,0;
5.58, 0.286989,-0.145697,-0.0906502,0,0,0,0;
5.59, 0.286956,-0.145655,-0.0906221,0,0,0,0;
5.6, 0.286951,-0.14567,-0.0906244,0,0,0,0;
5.61, 0.286962,-0.14567,-0.09063,0,0,0,0;
5.62, 0.286981,-0.14569,-0.0906447,0,0,0,0;
5.63, 0.286953,-0.145667,-0.0906245,0,0,0,0;
5.64, 0.286964,-0.14567,-0.0906298,0,0,0,0;
5.65, 0.286996,-0.14571,-0.0906573,0,0,0,0;
5.66, 0.286983,-0.145694,-0.0906463,0,0,0,0;
5.67, 0.287001,-0.145703,-0.0906577,0,0,0,0;
5.68, 0.286957,-0.145653,-0.0906218,0,0,0,0;
5.69, 0.286944,-0.14565,-0.0906142,0,0,0,0;
5.7, 0.286993,-0.145706,-0.0906532,0,0,0,0;
5.71, 0.286933,-0.145638,-0.090605,0,0,0,0;
5.72, 0.286975,-0.14569,-0.0906411,0,0,0,0;
5.73, 0.287004,-0.145756,-0.0906747,0,0,0,0;
5.74, 0.286908,-0.145615,-0.0905873,0,0,0,0;
5.75, 0.28698,-0.145704,-0.0906471,0,0,0,0;
5.76, 0.286922,-0.145636,-0.0905978,0,0,0,0;
5.77, 0.287047,-0.145814,-0.0907088,0,0,0,0;
5.78, 0.286913,-0.145667,-0.0906012,0,0,0,0;
5.79, 0.286965,-0.145709,-0.0906399,0,0,0,0;
5.8, 0.286952,-0.145719,-0.0906377,0,0,0,0;
5.81, 0.286963,-0.145725,-0.0906451,0,0,0,0;
5.82, 0.286982,-0.145725,-0.0906543,0,0,0,0;
5.83, 0.286951,-0.14567,-0.0906213,0,0,0,0;
5.84, 0.286985,-0.145684,-0.0906402,0,0,0,0;
5.85, 0.286915,-0.145601,-0.090582,0,0,0,0;
5.86, 0.286999,-0.145725,-0.0906599,0,0,0,0;
5.87, 0.286982,-0.145729,-0.0906541,0,0,0,0;
5.88, 0.286928,-0.145669,-0.0906104,0,0,0,0;
5.89, 0.286923,-0.145667,-0.090607,0,0,0,0;
5.9, 0.286979,-0.145737,-0.0906532,0,0,0,0;
5.91, 0.286949,-0.14569,-0.090625,0,0,0,0;
5.92, 0.286946,-0.145712,-0.0906304,0,0,0,0;
5.93, 0.286976,-0.145733,-0.0906523,0,0,0,0;
5.94, 0.286963,-0.145711,-0.0906394,0,0,0,0;
5.95, 0.286972,-0.145746,-0.0906531,0,0,0,0;
5.96, 0.286981,-0.14575,-0.0906577,0,0,0,0;
5.97, 0.286974,-0.145752,-0.090655,0,0,0,0;
5.98, 0.286991,-0.145775,-0.0906694,0,0,0,0;
5.99, 0.286994,-0.145774,-0.09067,0,0,0,0;
6, 0.28694,-0.145714,-0.0906269,0,0,0,0;
6.01, 0.286908,-0.145657,-0.0905964,0,0,0,0;
6.02, 0.286966,-0.145731,-0.0906462,0,0,0,0;
6.03, 0.286979,-0.145754,-0.0906589,0,0,0,0;
6.04, 0.286967,-0.145736,-0.0906479,0,0,0,0;
6.05, 0.286971,-0.145746,-0.0906525,0,0,0,0;
6.06, 0.286948,-0.145715,-0.0906329,0,0,0,0;
6.07, 0.286982,-0.145753,-0.0906599,0,0,0,0;
6.08, 0.28697,-0.145742,-0.090652,0,0,0,0;
6.09, 0.286954,-0.145711,-0.090635,0,0,0,0;
6.1, 0.286964,-0.145729,-0.0906451,0,0,0,0;
6.11, 0.286938,-0.145691,-0.0906216,0,0,0,0;
6.12, 0.286959,-0.145739,-0.0906453,0,0,0,0;
6.13, 0.286943,-0.145696,-0.0906254,0,0,0,0;
6.14, 0.28693,-0.145678,-0.0906145,0,0,0,0;
6.15, 0.28694,-0.145688,-0.0906219,0,0,0,0;
6.16, 0.286956,-0.145698,-0.090633,0,0,0,0;
6.17, 0.286959,-0.145692,-0.0906329,0,0,0,0;
6.18, 0.286992,-0.145722,-0.0906575,0,0,0,0;
6.19, 0.286966,-0.145686,-0.0906352,0,0,0,0;
6.2, 0.286958,-0.14569,-0.0906324,0,0,0,0;
6.21, 0.286951,-0.145679,-0.0906257,0,0,0,0;
6.22, 0.286961,-0.145685,-0.0906328,0,0,0,0;
6.23, 0.286983,-0.145698,-0.0906467,0,0,0,0;
6.24, 0.286943,-0.145658,-0.0906166,0,0,0,0;
6.25, 0.286948,-0.145659,-0.0906193,0,0,0,0;
6.26, 0.286985,-0.145721,-0.0906542,0,0,0,0;
6.27, 0.286969,-0.145691,-0.0906388,0,0,0,0;
6.28, 0.286977,-0.145701,-0.090646,0,0,0,0;
6.29, 0.286988,-0.145723,-0.0906572,0,0,0,0;
6.3, 0.286976,-0.145701,-0.0906445,0,0,0,0;
6.31, 0.286958,-0.145661,-0.0906248,0,0,0,0;
6.32, 0.28696,-0.145678,-0.0906305,0,0,0,0;
6.33, 0.286955,-0.145679,-0.0906285,0,0,0,0;
6.34, 0.286988,-0.145709,-0.0906532,0,0,0,0;
6.35, 0.286989,-0.145707,-0.0906529,0,0,0,0;
6.36, 0.286989,-0.145708,-0.0906534,0,0,0,0;
6.37, 0.286996,-0.145707,-0.0906558,0,0,0,0;
6.38, 0.287006,-0.145715,-0.0906636,0,0,0,0;
6.39, 0.286912,-0.14559,-0.0905827,0,0,0,0;
6.4, 0.286944,-0.145666,-0.0906204,0,0,0,0;
6.41, 0.286918,-0.145622,-0.0905941,0,0,0,0;
6.42, 0.286941,-0.145638,-0.0906092,0,0,0,0;
6.43, 0.287009,-0.145727,-0.090668,0,0,0,0;
6.44, 0.287023,-0.145781,-0.09069,0,0,0,0;
6.45, 0.286979,-0.145714,-0.0906503,0,0,0,0;
6.46, 0.286974,-0.145681,-0.0906371,0,0,0,0;
6.47, 0.286984,-0.145717,-0.0906522,0,0,0,0;
6.48, 0.286971,-0.145665,-0.0906313,0,0,0,0;
6.49, 0.286973,-0.145707,-0.0906438,0,0,0,0;
6.5, 0.286974,-0.145707,-0.0906444,0,0,0,0;
6.51, 0.286998,-0.145737,-0.0906645,0,0,0,0;
6.52, 0.286972,-0.145715,-0.0906458,0,0,0,0;
6.53, 0.286912,-0.145588,-0.0905798,0,0,0,0;
6.54, 0.286985,-0.145705,-0.0906495,0,0,0,0;
6.55, 0.286938,-0.145667,-0.090614,0,0,0,0;
6.56, 0.286962,-0.145681,-0.0906301,0,0,0,0;
6.57, 0.286964,-0.145684,-0.0906318,0,0,0,0;
6.58, 0.286889,-0.145589,-0.0905685,0,0,0,0;
6.59, 0.286907,-0.145629,-0.0905884,0,0,0,0;
6.6, 0.286889,-0.145604,-0.0905722,0,0,0,0;
6.61, 0.287004,-0.145764,-0.0906734,0,0,0,0;
6.62, 0.287016,-0.145791,-0.090687,0,0,0,0;
6.63, 0.286987,-0.145741,-0.0906586,0,0,0,0;
6.64, 0.286993,-0.145789,-0.090675,0,0,0,0;
6.65, 0.287003,-0.145764,-0.0906731,0,0,0,0;
6.66, 0.287005,-0.145753,-0.0906715,0,0,0,0;
6.67, 0.286996,-0.145729,-0.0906598,0,0,0,0;
6.68, 0.286941,-0.145651,-0.0906108,0,0,0,0;
6.69, 0.287014,-0.145772,-0.0906811,0,0,0,0;
6.7, 0.286953,-0.145704,-0.0906323,0,0,0,0;
6.71, 0.286924,-0.145645,-0.0906007,0,0,0,0;
6.72, 0.286902,-0.145631,-0.0905859,0,0,0,0;
6.73, 0.286941,-0.145677,-0.0906181,0,0,0,0;
6.74, 0.286992,-0.145745,-0.0906621,0,0,0,0;
6.75, 0.286985,-0.145723,-0.0906526,0,0,0,0;
6.76, 0.286929,-0.145673,-0.0906113,0,0,0,0;
6.77, 0.287001,-0.145764,-0.0906727,0,0,0,0;
6.78, 0.286979,-0.145748,-0.090657,0,0,0,0;
6.79, 0.286965,-0.145692,-0.0906342,0,0,0,0;
6.8, 0.286992,-0.145747,-0.0906635,0,0,0,0;
6.81, 0.286984,-0.145736,-0.0906569,0,0,0,0;
6.82, 0.286949,-0.14568,-0.0906239,0,0,0,0;
6.83, 0.286921,-0.145626,-0.0905946,0,0,0,0;
6.84, 0.286931,-0.145633,-0.0906014,0,0,0,0;
6.85, 0.286985,-0.14573,-0.0906551,0,0,0,0;
6.86, 0.286961,-0.145703,-0.0906358,0,0,0,0;
6.87, 0.286952,-0.145696,-0.0906304,0,0,0,0;
6.88, 0.28695,-0.145683,-0.0906261,0,0,0,0;
6.89, 0.286971,-0.145695,-0.0906402,0,0,0,0;
6.9, 0.286988,-0.145727,-0.0906565,0,0,0,0;
6.91, 0.286974,-0.145709,-0.0906441,0,0,0,0;
6.92, 0.28697,-0.145708,-0.0906424,0,0,0,0;
6.93, 0.286947,-0.14568,-0.090624,0,0,0,0;
6.94, 0.286958,-0.145693,-0.0906339,0,0,0,0;
6.95, 0.286951,-0.145666,-0.0906221,0,0,0,0;
6.96, 0.286972,-0.145688,-0.0906384,0,0,0,0;
6.97, 0.286981,-0.145701,-0.0906463,0,0,0,0;
6.98, 0.287,-0.145727,-0.090663,0,0,0,0;
6.99, 0.286982,-0.145689,-0.0906436,0,0,0,0;
7, 0.286984,-0.145703,-0.090649,0,0,0,0;
7.01, 0.287003,-0.145736,-0.0906681,0,0,0,0;
7.02, 0.286977,-0.145703,-0.090646,0,0,0,0;
7.03, 0.286981,-0.145713,-0.0906509,0,0,0,0;
7.04, 0.286969,-0.145673,-0.0906335,0,0,0,0;
7.05, 0.286946,-0.145658,-0.0906175,0,0,0,0;
7.06, 0.286992,-0.145714,-0.0906564,0,0,0,0;
7.07, 0.286997,-0.145723,-0.0906612,0,0,0,0;
7.08, 0.286963,-0.14569,-0.0906355,0,0,0,0;
7.09, 0.286949,-0.145659,-0.0906194,0,0,0,0;
7.1, 0.28689,-0.145574,-0.090566,0,0,0,0;
7.11, 0.286982,-0.1457,-0.090647,0,0,0,0;
7.12, 0.286984,-0.145692,-0.0906464,0,0,0,0;
7.13, 0.286953,-0.145673,-0.0906261,0,0,0,0;
7.14, 0.286957,-0.145686,-0.0906313,0,0,0,0;
7.15, 0.286911,-0.145638,-0.0905955,0,0,0,0;
7.16, 0.286947,-0.145636,-0.090612,0,0,0,0;
7.17, 0.286958,-0.145654,-0.0906218,0,0,0,0;
7.18, 0.286978,-0.145683,-0.0906391,0,0,0,0;
7.19, 0.286957,-0.145653,-0.090621,0,0,0,0;
7.2, 0.287006,-0.145719,-0.0906638,0,0,0,0;
7.21, 0.287001,-0.14573,-0.0906648,0,0,0,0;
7.22, 0.286934,-0.145632,-0.090604,0,0,0,0;
7.23, 0.286973,-0.145719,-0.0906479,0,0,0,0;
7.24, 0.287011,-0.145766,-0.0906791,0,0,0,0;
7.25, 0.286999,-0.145737,-0.0906648,0,0,0,0;
7.26, 0.286966,-0.145719,-0.0906445,0,0,0,0;
7.27, 0.28696,-0.145703,-0.0906359,0,0,0,0;
7.28, 0.287008,-0.145758,-0.0906751,0,0,0,0;
7.29, 0.286976,-0.145715,-0.0906468,0,0,0,0;
7.3, 0.287029,-0.145781,-0.0906914,0,0,0,0;
7.31, 0.286928,-0.14565,-0.0906049,0,0,0,0;
7.32, 0.28699,-0.145713,-0.0906534,0,0,0,0;
7.33, 0.286878,-0.145557,-0.0905553,0,0,0,0;
7.34, 0.286927,-0.145649,-0.0906042,0,0,0,0;
7.35, 0.286978,-0.145754,-0.0906584,0,0,0,0;
7.36, 0.286996,-0.145779,-0.0906739,0,0,0,0;
7.37, 0.286968,-0.145713,-0.0906418,0,0,0,0;
7.38, 0.286941,-0.145676,-0.0906185,0,0,0,0;
7.39, 0.286975,-0.145729,-0.09065,0,0,0,0;
7.4, 0.286948,-0.145663,-0.0906184,0,0,0,0;
7.41, 0.286917,-0.145632,-0.0905942,0,0,0,0;
7.42, 0.286987,-0.145749,-0.0906608,0,0,0,0;
7.43, 0.286996,-0.145767,-0.0906691,0,0,0,0;
7.44, 0.286924,-0.145668,-0.0906065,0,0,0,0;
7.45, 0.286928,-0.145671,-0.0906096,0,0,0,0;
7.46, 0.286932,-0.145677,-0.0906142,0,0,0,0;
7.47, 0.286981,-0.145741,-0.0906564,0,0,0,0;
7.48, 0.286961,-0.14571,-0.0906373,0,0,0,0;
7.49, 0.286981,-0.145745,-0.0906571,0,0,0,0;
7.5, 0.28697,-0.145743,-0.0906511,0,0,0,0;
7.51, 0.286992,-0.145768,-0.0906692,0,0,0,0;
7.52, 0.286956,-0.145713,-0.0906363,0,0,0,0;
7.53, 0.28695,-0.145669,-0.0906213,0,0,0,0;
7.54, 0.287002,-0.145754,-0.0906706,0,0,0,0;
7.55, 0.287,-0.145741,-0.0906656,0,0,0,0;
7.56, 0.286972,-0.145696,-0.0906385,0,0,0,0;
7.57, 0.286951,-0.145656,-0.0906175,0,0,0,0;
7.58, 0.286941,-0.145663,-0.0906146,0,0,0,0;
7.59, 0.286964,-0.145706,-0.0906381,0,0,0,0;
7.6, 0.286966,-0.145693,-0.090636,0,0,0,0;
7.61, 0.286956,-0.145705,-0.0906346,0,0,0,0;
7.62, 0.286962,-0.145695,-0.0906349,0,0,0,0;
7.63, 0.286954,-0.145683,-0.0906273,0,0,0,0;
7.64, 0.286959,-0.14568,-0.0906293,0,0,0,0;
7.65, 0.286972,-0.145707,-0.0906426,0,0,0,0;
7.66, 0.286987,-0.145723,-0.0906553,0,0,0,0;
7.67, 0.286959,-0.145688,-0.0906323,0,0,0,0;
7.68, 0.286993,-0.145724,-0.0906582,0,0,0,0;
7.69, 0.286966,-0.145678,-0.0906319,0,0,0,0;
7.7, 0.286953,-0.145671,-0.0906238,0,0,0,0;
7.71, 0.286942,-0.145645,-0.0906115,0,0,0,0;
7.72, 0.286943,-0.145673,-0.0906202,0,0,0,0;
7.73, 0.286945,-0.145662,-0.0906182,0,0,0,0;
7.74, 0.286936,-0.14565,-0.0906102,0,0,0,0;
7.75, 0.286963,-0.14568,-0.090632,0,0,0,0;
7.76, 0.286964,-0.145677,-0.0906314,0,0,0,0;
7.77, 0.287001,-0.14573,-0.0906645,0,0,0,0;
7.78, 0.286985,-0.145711,-0.090652,0,0,0,0;
7.79, 0.28698,-0.14569,-0.0906439,0,0,0,0;
7.8, 0.286985,-0.145705,-0.0906506,0,0,0,0;
7.81, 0.286965,-0.145698,-0.0906385,0,0,0,0;
7.82, 0.286986,-0.145743,-0.0906613,0,0,0,0;
7.83, 0.287014,-0.14576,-0.0906802,0,0,0,0;
7.84, 0.286979,-0.14571,-0.090649,0,0,0,0;
7.85, 0.286936,-0.145659,-0.0906138,0,0,0,0;
7.86, 0.286958,-0.14565,-0.090622,0,0,0,0;
7.87, 0.286955,-0.145669,-0.090626,0,0,0,0;
7.88, 0.286955,-0.145642,-0.0906183,0,0,0,0;
7.89, 0.286978,-0.145689,-0.0906429,0,0,0,0;
7.9, 0.286967,-0.145677,-0.0906333,0,0,0,0;
7.91, 0.286943,-0.145656,-0.0906159,0,0,0,0;
7.92, 0.286974,-0.145698,-0.0906426,0,0,0,0;
7.93, 0.286991,-0.14572,-0.0906575,0,0,0,0;
7.94, 0.286996,-0.145743,-0.0906661,0,0,0,0;
7.95, 0.286955,-0.145675,-0.0906264,0,0,0,0;
7.96, 0.286907,-0.145645,-0.0905936,0,0,0,0;
7.97, 0.286939,-0.145674,-0.0906179,0,0,0,0;
7.98, 0.286998,-0.145721,-0.09066,0,0,0,0;
7.99, 0.287027,-0.14577,-0.0906874,0,0,0,0;
8, 0.287027,-0.145774,-0.0906879,0,0,0,0;
8.01, 0.286939,-0.145663,-0.0906149,0,0,0,0;
8.02, 0.286921,-0.145639,-0.0905996,0,0,0,0;
8.03, 0.286901,-0.14565,-0.0905923,0,0,0,0;
8.04, 0.286961,-0.145703,-0.0906357,0,0,0,0;
8.05, 0.286971,-0.145755,-0.0906554,0,0,0,0;
8.06, 0.286953,-0.145689,-0.0906274,0,0,0,0;
8.07, 0.287036,-0.145829,-0.0907088,0,0,0,0;
8.08, 0.286952,-0.145693,-0.0906297,0,0,0,0;
8.09, 0.286983,-0.145699,-0.0906458,0,0,0,0;
8.1, 0.286999,-0.145737,-0.0906633,0,0,0,0;
8.11, 0.286926,-0.145651,-0.0906032,0,0,0,0;
8.12, 0.286946,-0.14571,-0.0906289,0,0,0,0;
8.13, 0.286941,-0.145695,-0.0906223,0,0,0,0;
8.14, 0.286956,-0.145682,-0.0906275,0,0,0,0;
8.15, 0.286992,-0.145753,-0.0906652,0,0,0,0;
8.16, 0.286957,-0.145685,-0.0906286,0,0,0,0;
8.17, 0.287015,-0.14578,-0.0906845,0,0,0,0;
8.18, 0.286951,-0.145697,-0.0906288,0,0,0,0;
8.19, 0.286965,-0.145707,-0.0906383,0,0,0,0;
8.2, 0.286975,-0.1457,-0.0906424,0,0,0,0;
8.21, 0.28696,-0.145692,-0.0906329,0,0,0,0;
8.22, 0.286923,-0.145659,-0.0906044,0,0,0,0;
8.23, 0.286938,-0.145671,-0.0906142,0,0,0,0;
8.24, 0.286993,-0.145746,-0.0906632,0,0,0,0;
8.25, 0.286974,-0.145716,-0.0906456,0,0,0,0;
8.26, 0.286966,-0.145719,-0.0906429,0,0,0,0;
8.27, 0.286958,-0.145696,-0.0906332,0,0,0,0;
8.28, 0.286977,-0.145723,-0.0906497,0,0,0,0;
8.29, 0.286952,-0.145692,-0.0906285,0,0,0,0;
8.3, 0.286942,-0.145679,-0.0906198,0,0,0,0;
8.31, 0.286938,-0.145667,-0.0906145,0,0,0,0;
8.32, 0.286958,-0.145698,-0.0906332,0,0,0,0;
8.33, 0.286972,-0.145727,-0.0906481,0,0,0,0;
8.34, 0.286969,-0.145711,-0.090642,0,0,0,0;
8.35, 0.286964,-0.145696,-0.0906359,0,0,0,0;
8.36, 0.286963,-0.145694,-0.0906356,0,0,0,0;
8.37, 0.286948,-0.145675,-0.0906234,0,0,0,0;
8.38, 0.286975,-0.145704,-0.0906443,0,0,0,0;
8.39, 0.286972,-0.145701,-0.0906415,0,0,0,0;
8.4, 0.286988,-0.145728,-0.0906564,0,0,0,0;
8.41, 0.286972,-0.145706,-0.0906427,0,0,0,0;
8.42, 0.286961,-0.145661,-0.0906253,0,0,0,0;
8.43, 0.286965,-0.145676,-0.0906325,0,0,0,0;
8.44, 0.286929,-0.145648,-0.0906071,0,0,0,0;
8.45, 0.286953,-0.145677,-0.0906274,0,0,0,0;
8.46, 0.286992,-0.145733,-0.0906616,0,0,0,0;
8.47, 0.286988,-0.145719,-0.0906552,0,0,0,0;
8.48, 0.286991,-0.145708,-0.0906539,0,0,0,0;
8.49, 0.28699,-0.145716,-0.0906556,0,0,0,0;
8.5, 0.286972,-0.145697,-0.0906412,0,0,0,0;
8.51, 0.28698,-0.145704,-0.0906473,0,0,0,0;
8.52, 0.286958,-0.145672,-0.0906282,0,0,0,0;
8.53, 0.286942,-0.145654,-0.0906154,0,0,0,0;
8.54, 0.28695,-0.145646,-0.0906162,0,0,0,0;
8.55, 0.287015,-0.145722,-0.0906694,0,0,0,0;
8.56, 0.286977,-0.145684,-0.0906397,0,0,0,0;
8.57, 0.286986,-0.145689,-0.0906463,0,0,0,0;
8.58, 0.286941,-0.145648,-0.0906131,0,0,0,0;
8.59, 0.286964,-0.145664,-0.0906289,0,0,0,0;
8.6, 0.286965,-0.145674,-0.0906317,0,0,0,0;
8.61, 0.286963,-0.14568,-0.0906327,0,0,0,0;
8.62, 0.286962,-0.145682,-0.0906325,0,0,0,0;
8.63, 0.286972,-0.145702,-0.0906433,0,0,0,0;
8.64, 0.28698,-0.145684,-0.0906425,0,0,0,0;
8.65, 0.286986,-0.145722,-0.0906554,0,0,0,0;
8.66, 0.287012,-0.145741,-0.0906728,0,0,0,0;
8.67, 0.286996,-0.145704,-0.0906544,0,0,0,0;
8.68, 0.28693,-0.145644,-0.0906056,0,0,0,0;
8.69, 0.287016,-0.145733,-0.0906731,0,0,0,0;
8.7, 0.286901,-0.145569,-0.0905704,0,0,0,0;
8.71, 0.286941,-0.145637,-0.0906089,0,0,0,0;
8.72, 0.286897,-0.145584,-0.090572,0,0,0,0;
8.73, 0.286994,-0.145737,-0.0906621,0,0,0,0;
8.74, 0.287057,-0.145814,-0.0907155,0,0,0,0;
8.75, 0.286994,-0.145705,-0.0906541,0,0,0,0;
8.76, 0.28699,-0.145729,-0.0906585,0,0,0,0;
8.77, 0.286954,-0.145686,-0.0906283,0,0,0,0;
8.78, 0.287027,-0.145789,-0.0906931,0,0,0,0;
8.79, 0.286953,-0.145702,-0.0906319,0,0,0,0;
8.8, 0.286926,-0.14564,-0.0906007,0,0,0,0;
8.81, 0.287007,-0.145747,-0.0906711,0,0,0,0;
8.82, 0.286925,-0.145643,-0.0906024,0,0,0,0;
8.83, 0.286966,-0.145703,-0.0906384,0,0,0,0;
8.84, 0.28691,-0.14561,-0.0905837,0,0,0,0;
8.85, 0.286971,-0.145712,-0.0906429,0,0,0,0;
8.86, 0.286962,-0.145706,-0.0906373,0,0,0,0;
8.87, 0.286918,-0.14566,-0.0906025,0,0,0,0;
8.88, 0.286935,-0.145693,-0.09062,0,0,0,0;
8.89, 0.286952,-0.145692,-0.0906287,0,0,0,0;
8.9, 0.286954,-0.145686,-0.0906278,0,0,0,0;
8.91, 0.28698,-0.145742,-0.0906563,0,0,0,0;
8.92, 0.286949,-0.145704,-0.0906306,0,0,0,0;
8.93, 0.286992,-0.145737,-0.0906596,0,0,0,0;
8.94, 0.286987,-0.145716,-0.0906509,0,0,0,0;
8.95, 0.286976,-0.145707,-0.090643,0,0,0,0;
8.96, 0.286957,-0.14568,-0.0906265,0,0,0,0;
8.97, 0.286943,-0.145654,-0.0906125,0,0,0,0;
8.98, 0.286983,-0.145726,-0.090652,0,0,0,0;
8.99, 0.286982,-0.145715,-0.0906488,0,0,0,0;
9, 0.286971,-0.145699,-0.0906398,0,0,0,0;
9.01, 0.286967,-0.145698,-0.0906374,0,0,0,0;
9.02, 0.286954,-0.14569,-0.0906288,0,0,0,0;
9.03, 0.286967,-0.145713,-0.0906411,0,0,0,0;
9.04, 0.286952,-0.145716,-0.0906345,0,0,0,0;
9.05, 0.286928,-0.145692,-0.0906168,0,0,0,0;
9.06, 0.286985,-0.145747,-0.0906611,0,0,0,0;
9.07, 0.286945,-0.145688,-0.0906246,0,0,0,0;
9.08, 0.286941,-0.145664,-0.090616,0,0,0,0;
9.09, 0.286969,-0.145699,-0.090639,0,0,0,0;
9.1, 0.286994,-0.145742,-0.0906632,0,0,0,0;
9.11, 0.286997,-0.145742,-0.0906641,0,0,0,0;
9.12, 0.286986,-0.145734,-0.0906566,0,0,0,0;
9.13, 0.286949,-0.145689,-0.0906265,0,0,0,0;
9.14, 0.286959,-0.145707,-0.0906378,0,0,0,0;
9.15, 0.286958,-0.145685,-0.0906314,0,0,0,0;
9.16, 0.28697,-0.145703,-0.0906416,0,0,0,0;
9.17, 0.286949,-0.145668,-0.0906208,0,0,0,0;
9.18, 0.286961,-0.145669,-0.090627,0,0,0,0;
9.19, 0.286972,-0.145685,-0.0906368,0,0,0,0;
9.2, 0.286968,-0.145696,-0.0906385,0,0,0,0;
9.21, 0.286947,-0.145662,-0.0906187,0,0,0,0;
9.22, 0.286953,-0.14566,-0.0906223,0,0,0,0;
9.23, 0.286972,-0.145693,-0.0906401,0,0,0,0;
9.24, 0.286951,-0.145665,-0.0906222,0,0,0,0;
9.25, 0.286992,-0.145718,-0.0906573,0,0,0,0;
9.26, 0.287017,-0.145752,-0.0906793,0,0,0,0;
9.27, 0.287007,-0.145751,-0.0906737,0,0,0,0;
9.28, 0.286975,-0.145697,-0.0906423,0,0,0,0;
9.29, 0.286981,-0.145698,-0.0906461,0,0,0,0;
9.3, 0.286957,-0.14567,-0.0906269,0,0,0,0;
9.31, 0.286956,-0.14565,-0.0906213,0,0,0,0;
9.32, 0.286978,-0.145689,-0.090643,0,0,0,0;
9.33, 0.286944,-0.145654,-0.090616,0,0,0,0;
9.34, 0.286953,-0.145656,-0.0906204,0,0,0,0;
9.35, 0.287012,-0.145739,-0.0906724,0,0,0,0;
9.36, 0.287025,-0.145757,-0.0906835,0,0,0,0;
9.37, 0.286954,-0.145668,-0.0906235,0,0,0,0;
9.38, 0.286947,-0.145661,-0.0906184,0,0,0,0;
9.39, 0.286943,-0.145652,-0.0906144,0,0,0,0;
9.4, 0.286931,-0.145635,-0.090604,0,0,0,0;
9.41, 0.286955,-0.145669,-0.0906249,0,0,0,0;
9.42, 0.287019,-0.145742,-0.090677,0,0,0,0;
9.43, 0.287002,-0.145714,-0.0906609,0,0,0,0;
9.44, 0.28695,-0.145643,-0.0906157,0,0,0,0;
9.45, 0.286957,-0.145691,-0.0906327,0,0,0,0;
9.46, 0.286947,-0.145682,-0.0906248,0,0,0,0;
9.47, 0.286915,-0.145629,-0.0905937,0,0,0,0;
9.48, 0.286972,-0.145713,-0.090645,0,0,0,0;
9.49, 0.286963,-0.145701,-0.0906371,0,0,0,0;
9.5, 0.286933,-0.145678,-0.0906158,0,0,0,0;
9.51, 0.286932,-0.145651,-0.0906077,0,0,0,0;
9.52, 0.287,-0.145735,-0.090665,0,0,0,0;
9.53, 0.287012,-0.145759,-0.0906764,0,0,0,0;
9.54, 0.286976,-0.145738,-0.0906535,0,0,0,0;
9.55, 0.286966,-0.145718,-0.0906427,0,0,0,0;
9.56, 0.286959,-0.145683,-0.0906304,0,0,0,0;
9.57, 0.286959,-0.145687,-0.0906303,0,0,0,0;
9.58, 0.286972,-0.145742,-0.0906528,0,0,0,0;
9.59, 0.286978,-0.145724,-0.090651,0,0,0,0;
9.6, 0.286905,-0.145619,-0.0905852,0,0,0,0;
9.61, 0.286988,-0.145716,-0.0906532,0,0,0,0;
9.62, 0.286954,-0.145712,-0.0906349,0,0,0,0;
9.63, 0.286989,-0.14576,-0.090665,0,0,0,0;
9.64, 0.286982,-0.145735,-0.0906544,0,0,0,0;
9.65, 0.286978,-0.145724,-0.090649,0,0,0,0;
9.66, 0.286949,-0.145694,-0.0906264,0,0,0,0;
9.67, 0.286967,-0.145712,-0.0906404,0,0,0,0;
9.68, 0.286933,-0.145652,-0.0906072,0,0,0,0;
9.69, 0.286967,-0.145708,-0.0906402,0,0,0,0;
9.7, 0.287001,-0.145763,-0.0906723,0,0,0,0;
9.71, 0.286942,-0.145668,-0.0906154,0,0,0,0;
9.72, 0.286974,-0.145724,-0.090648,0,0,0,0;
9.73, 0.28698,-0.145732,-0.090654,0,0,0,0;
9.74, 0.286932,-0.145683,-0.0906169,0,0,0,0;
9.75, 0.286946,-0.145684,-0.0906238,0,0,0,0;
9.76, 0.286996,-0.145742,-0.0906639,0,0,0,0;
9.77, 0.28701,-0.145757,-0.090675,0,0,0,0;
9.78, 0.286974,-0.145695,-0.0906393,0,0,0,0;
9.79, 0.28699,-0.145734,-0.0906582,0,0,0,0;
9.8, 0.286935,-0.145669,-0.0906135,0,0,0,0;
9.81, 0.286961,-0.145694,-0.0906337,0,0,0,0;
9.82, 0.286976,-0.145711,-0.0906462,0,0,0,0;
9.83, 0.28697,-0.145699,-0.0906399,0,0,0,0;
9.84, 0.286947,-0.145659,-0.0906172,0,0,0,0;
9.85, 0.286948,-0.145668,-0.0906199,0,0,0,0;
9.86, 0.286934,-0.14565,-0.0906088,0,0,0,0;
9.87, 0.28693,-0.145647,-0.0906062,0,0,0,0;
9.88, 0.286968,-0.145706,-0.0906415,0,0,0,0;
9.89, 0.286985,-0.14575,-0.0906626,0,0,0,0;
9.9, 0.287004,-0.145743,-0.0906699,0,0,0,0;
9.91, 0.286998,-0.145737,-0.0906653,0,0,0,0;
9.92, 0.286955,-0.145665,-0.0906233,0,0,0,0;
9.93, 0.286971,-0.145696,-0.0906402,0,0,0,0;
9.94, 0.286939,-0.145662,-0.0906149,0,0,0,0;
9.95, 0.286963,-0.14568,-0.0906316,0,0,0,0;
9.96, 0.28697,-0.145696,-0.0906394,0,0,0,0;
9.97, 0.286952,-0.145673,-0.0906249,0,0,0,0;
9.98, 0.286937,-0.145663,-0.0906153,0,0,0,0;
9.99, 0.286952,-0.145672,-0.0906252,0,0,0,0;
