0, -1.46805, -0.0349739, 0.699698; 
0.01, -1.46805, -0.0349739, 0.699698; 
0.02, -1.46805, -0.0349739, 0.699698; 
0.03, -1.46805, -0.0349739, 0.699698; 
0.04, -1.46805, -0.0349739, 0.699698; 
0.05, -1.46805, -0.0349739, 0.699698; 
0.06, -1.46805, -0.0349739, 0.699698; 
0.07, -1.46805, -0.0349739, 0.699698; 
0.08, -1.46805, -0.0349739, 0.699698; 
0.09, -1.46805, -0.0349739, 0.699698; 
0.1, -1.46805, -0.0349739, 0.699698; 
0.11, -1.46805, -0.0349739, 0.699698; 
0.12, -1.46805, -0.0349739, 0.699698; 
0.13, -1.46805, -0.0349739, 0.699698; 
0.14, -1.46805, -0.0349739, 0.699698; 
0.15, -1.46805, -0.0349739, 0.699698; 
0.16, -1.46805, -0.0349739, 0.699698; 
0.17, -1.46805, -0.0349739, 0.699698; 
0.18, -1.46805, -0.0349739, 0.699698; 
0.19, -1.46805, -0.0349739, 0.699698; 
0.2, -1.46805, -0.0349739, 0.699698; 
0.21, -1.46805, -0.0349739, 0.699698; 
0.22, -1.46805, -0.0349739, 0.699698; 
0.23, -1.46805, -0.0349739, 0.699698; 
0.24, -1.46805, -0.0349739, 0.699698; 
0.25, -1.46805, -0.0349739, 0.699698; 
0.26, -1.46805, -0.0349739, 0.699698; 
0.27, -1.46805, -0.0349739, 0.699698; 
0.28, -1.46805, -0.0349739, 0.699698; 
0.29, -1.46805, -0.0349739, 0.699698; 
0.3, -1.46805, -0.0349739, 0.699698; 
0.31, -1.46805, -0.0349739, 0.699698; 
0.32, -1.46805, -0.0349739, 0.699698; 
0.33, -1.46805, -0.0349739, 0.699698; 
0.34, -1.46805, -0.0349739, 0.699698; 
0.35, -1.46805, -0.0349739, 0.699698; 
0.36, -1.46805, -0.0349739, 0.699698; 
0.37, -1.46805, -0.0349739, 0.699698; 
0.38, -1.46805, -0.0349739, 0.699698; 
0.39, -1.46805, -0.0349739, 0.699698; 
0.4, -1.46805, -0.0349739, 0.699698; 
0.41, -1.46805, -0.0349739, 0.699698; 
0.42, -1.46805, -0.0349739, 0.699698; 
0.43, -1.46805, -0.0349739, 0.699698; 
0.44, -1.46805, -0.0349739, 0.699698; 
0.45, -1.46805, -0.0349739, 0.699698; 
0.46, -1.46805, -0.0349739, 0.699698; 
0.47, -1.46805, -0.0349739, 0.699698; 
0.48, -1.46805, -0.0349739, 0.699698; 
0.49, -1.46805, -0.0349739, 0.699698; 
0.5, -1.46805, -0.0349739, 0.699698; 
0.51, -1.46805, -0.0349739, 0.699698; 
0.52, -1.46805, -0.0349739, 0.699698; 
0.53, -1.46805, -0.0349739, 0.699698; 
0.54, -1.46805, -0.0349739, 0.699698; 
0.55, -1.46805, -0.0349739, 0.699698; 
0.56, -1.46805, -0.0349739, 0.699698; 
0.57, -1.46805, -0.0349739, 0.699698; 
0.58, -1.46805, -0.0349739, 0.699698; 
0.59, -1.46805, -0.0349739, 0.699698; 
0.6, -1.46805, -0.0349739, 0.699698; 
0.61, -1.46805, -0.0349739, 0.699698; 
0.62, -1.46805, -0.0349739, 0.699698; 
0.63, -1.46805, -0.0349739, 0.699698; 
0.64, -1.46805, -0.0349739, 0.699698; 
0.65, -1.46805, -0.0349739, 0.699698; 
0.66, -1.46805, -0.0349739, 0.699698; 
0.67, -1.46805, -0.0349739, 0.699698; 
0.68, -1.46805, -0.0349739, 0.699698; 
0.69, -1.46805, -0.0349739, 0.699698; 
0.7, -1.46805, -0.0349739, 0.699698; 
0.71, -1.46805, -0.0349739, 0.699698; 
0.72, -1.46805, -0.0349739, 0.699698; 
0.73, -1.46805, -0.0349739, 0.699698; 
0.74, -1.46805, -0.0349739, 0.699698; 
0.75, -1.46805, -0.0349739, 0.699698; 
0.76, -1.46805, -0.0349739, 0.699698; 
0.77, -1.46805, -0.0349739, 0.699698; 
0.78, -1.46805, -0.0349739, 0.699698; 
0.79, -1.46805, -0.0349739, 0.699698; 
0.8, -1.46805, -0.0349739, 0.699698; 
0.81, -1.46805, -0.0349739, 0.699698; 
0.82, -1.46805, -0.0349739, 0.699698; 
0.83, -1.46805, -0.0349739, 0.699698; 
0.84, -1.46805, -0.0349739, 0.699698; 
0.85, -1.46805, -0.0349739, 0.699698; 
0.86, -1.46805, -0.0349739, 0.699698; 
0.87, -1.46805, -0.0349739, 0.699698; 
0.88, -1.46805, -0.0349739, 0.699698; 
0.89, -1.46805, -0.0349739, 0.699698; 
0.9, -1.46805, -0.0349739, 0.699698; 
0.91, -1.46805, -0.0349739, 0.699698; 
0.92, -1.46805, -0.0349739, 0.699698; 
0.93, -1.46805, -0.0349739, 0.699698; 
0.94, -1.46805, -0.0349739, 0.699698; 
0.95, -1.46805, -0.0349739, 0.699698; 
0.96, -1.46805, -0.0349739, 0.699698; 
0.97, -1.46805, -0.0349739, 0.699698; 
0.98, -1.46805, -0.0349739, 0.699698; 
0.99, -1.46805, -0.0349739, 0.699698; 
1, -1.46805, -0.0349739, 0.699698; 
1.01, -1.46805, -0.0349739, 0.699698; 
1.02, -1.46805, -0.0349739, 0.699698; 
1.03, -1.46805, -0.0349739, 0.699698; 
1.04, -1.46805, -0.0349739, 0.699698; 
1.05, -1.46805, -0.0349739, 0.699698; 
1.06, -1.46805, -0.0349739, 0.699698; 
1.07, -1.46805, -0.0349739, 0.699698; 
1.08, -1.46805, -0.0349739, 0.699698; 
1.09, -1.46805, -0.0349739, 0.699698; 
1.1, -1.46805, -0.0349739, 0.699698; 
1.11, -1.46805, -0.0349739, 0.699698; 
1.12, -1.46805, -0.0349739, 0.699698; 
1.13, -1.46805, -0.0349739, 0.699698; 
1.14, -1.46805, -0.0349739, 0.699698; 
1.15, -1.46805, -0.0349739, 0.699698; 
1.16, -1.46805, -0.0349739, 0.699698; 
1.17, -1.46805, -0.0349739, 0.699698; 
1.18, -1.46805, -0.0349739, 0.699698; 
1.19, -1.46805, -0.0349739, 0.699698; 
1.2, -1.46805, -0.0349739, 0.699698; 
1.21, -1.46805, -0.0349739, 0.699698; 
1.22, -1.46805, -0.0349739, 0.699698; 
1.23, -1.46805, -0.0349739, 0.699698; 
1.24, -1.46805, -0.0349739, 0.699698; 
1.25, -1.46805, -0.0349739, 0.699698; 
1.26, -1.46805, -0.0349739, 0.699698; 
1.27, -1.46805, -0.0349739, 0.699698; 
1.28, -1.46805, -0.0349739, 0.699698; 
1.29, -1.46805, -0.0349739, 0.699698; 
1.3, -1.46805, -0.0349739, 0.699698; 
1.31, -1.46805, -0.0349739, 0.699698; 
1.32, -1.46805, -0.0349739, 0.699698; 
1.33, -1.46805, -0.0349739, 0.699698; 
1.34, -1.46805, -0.0349739, 0.699698; 
1.35, -1.46805, -0.0349739, 0.699698; 
1.36, -1.46805, -0.0349739, 0.699698; 
1.37, -1.46805, -0.0349739, 0.699698; 
1.38, -1.46805, -0.0349739, 0.699698; 
1.39, -1.46805, -0.0349739, 0.699698; 
1.4, -1.46805, -0.0349739, 0.699698; 
1.41, -1.46805, -0.0349739, 0.699698; 
1.42, -1.46805, -0.0349739, 0.699698; 
1.43, -1.46805, -0.0349739, 0.699698; 
1.44, -1.46805, -0.0349739, 0.699698; 
1.45, -1.46805, -0.0349739, 0.699698; 
1.46, -1.46805, -0.0349739, 0.699698; 
1.47, -1.46805, -0.0349739, 0.699698; 
1.48, -1.46805, -0.0349739, 0.699698; 
1.49, -1.46805, -0.0349739, 0.699698; 
1.5, -1.46805, -0.0349739, 0.699698; 
1.51, -1.46805, -0.0349739, 0.699698; 
1.52, -1.46805, -0.0349739, 0.699698; 
1.53, -1.46805, -0.0349739, 0.699698; 
1.54, -1.46805, -0.0349739, 0.699698; 
1.55, -1.46805, -0.0349739, 0.699698; 
1.56, -1.46805, -0.0349739, 0.699698; 
1.57, -1.46805, -0.0349739, 0.699698; 
1.58, -1.46805, -0.0349739, 0.699698; 
1.59, -1.46805, -0.0349739, 0.699698; 
1.6, -1.46805, -0.0349739, 0.699698; 
1.61, -1.46805, -0.0349739, 0.699698; 
1.62, -1.46805, -0.0349739, 0.699698; 
1.63, -1.46805, -0.0349739, 0.699698; 
1.64, -1.46805, -0.0349739, 0.699698; 
1.65, -1.46805, -0.0349739, 0.699698; 
1.66, -1.46805, -0.0349739, 0.699698; 
1.67, -1.46805, -0.0349739, 0.699698; 
1.68, -1.46805, -0.0349739, 0.699698; 
1.69, -1.46805, -0.0349739, 0.699698; 
1.7, -1.46805, -0.0349739, 0.699698; 
1.71, -1.46805, -0.0349739, 0.699698; 
1.72, -1.46805, -0.0349739, 0.699698; 
1.73, -1.46805, -0.0349739, 0.699698; 
1.74, -1.46805, -0.0349739, 0.699698; 
1.75, -1.46805, -0.0349739, 0.699698; 
1.76, -1.46805, -0.0349739, 0.699698; 
1.77, -1.46805, -0.0349739, 0.699698; 
1.78, -1.46805, -0.0349739, 0.699698; 
1.79, -1.46805, -0.0349739, 0.699698; 
1.8, -1.46805, -0.0349739, 0.699698; 
1.81, -1.46805, -0.0349739, 0.699698; 
1.82, -1.46805, -0.0349739, 0.699698; 
1.83, -1.46805, -0.0349739, 0.699698; 
1.84, -1.46805, -0.0349739, 0.699698; 
1.85, -1.46805, -0.0349739, 0.699698; 
1.86, -1.46805, -0.0349739, 0.699698; 
1.87, -1.46805, -0.0349739, 0.699698; 
1.88, -1.46805, -0.0349739, 0.699698; 
1.89, -1.46805, -0.0349739, 0.699698; 
1.9, -1.46805, -0.0349739, 0.699698; 
1.91, -1.46805, -0.0349739, 0.699698; 
1.92, -1.46805, -0.0349739, 0.699698; 
1.93, -1.46805, -0.0349739, 0.699698; 
1.94, -1.46805, -0.0349739, 0.699698; 
1.95, -1.46805, -0.0349739, 0.699698; 
1.96, -1.46805, -0.0349739, 0.699698; 
1.97, -1.46805, -0.0349739, 0.699698; 
1.98, -1.46805, -0.0349739, 0.699698; 
1.99, -1.46805, -0.0349739, 0.699698; 
2, -1.46805, -0.0349739, 0.699698; 
2.01, -1.46805, -0.0349739, 0.699698; 
2.02, -1.46805, -0.0349739, 0.699698; 
2.03, -1.46805, -0.0349739, 0.699698; 
2.04, -1.46805, -0.0349739, 0.699698; 
2.05, -1.46805, -0.0349739, 0.699698; 
2.06, -1.46805, -0.0349739, 0.699698; 
2.07, -1.46805, -0.0349739, 0.699698; 
2.08, -1.46805, -0.0349739, 0.699698; 
2.09, -1.46805, -0.0349739, 0.699698; 
2.1, -1.46805, -0.0349739, 0.699698; 
2.11, -1.46805, -0.0349739, 0.699698; 
2.12, -1.46805, -0.0349739, 0.699698; 
2.13, -1.46805, -0.0349739, 0.699698; 
2.14, -1.46805, -0.0349739, 0.699698; 
2.15, -1.46805, -0.0349739, 0.699698; 
2.16, -1.46805, -0.0349739, 0.699698; 
2.17, -1.46805, -0.0349739, 0.699698; 
2.18, -1.46805, -0.0349739, 0.699698; 
2.19, -1.46805, -0.0349739, 0.699698; 
2.2, -1.46805, -0.0349739, 0.699698; 
2.21, -1.46805, -0.0349739, 0.699698; 
2.22, -1.46805, -0.0349739, 0.699698; 
2.23, -1.46805, -0.0349739, 0.699698; 
2.24, -1.46805, -0.0349739, 0.699698; 
2.25, -1.46805, -0.0349739, 0.699698; 
2.26, -1.46805, -0.0349739, 0.699698; 
2.27, -1.46805, -0.0349739, 0.699698; 
2.28, -1.46805, -0.0349739, 0.699698; 
2.29, -1.46805, -0.0349739, 0.699698; 
2.3, -1.46805, -0.0349739, 0.699698; 
2.31, -1.46805, -0.0349739, 0.699698; 
2.32, -1.46805, -0.0349739, 0.699698; 
2.33, -1.46805, -0.0349739, 0.699698; 
2.34, -1.46805, -0.0349739, 0.699698; 
2.35, -1.46805, -0.0349739, 0.699698; 
2.36, -1.46805, -0.0349739, 0.699698; 
2.37, -1.46805, -0.0349739, 0.699698; 
2.38, -1.46805, -0.0349739, 0.699698; 
2.39, -1.46805, -0.0349739, 0.699698; 
2.4, -1.46805, -0.0349739, 0.699698; 
2.41, -1.46805, -0.0349739, 0.699698; 
2.42, -1.46805, -0.0349739, 0.699698; 
2.43, -1.46805, -0.0349739, 0.699698; 
2.44, -1.46805, -0.0349739, 0.699698; 
2.45, -1.46805, -0.0349739, 0.699698; 
2.46, -1.46805, -0.0349739, 0.699698; 
2.47, -1.46805, -0.0349739, 0.699698; 
2.48, -1.46805, -0.0349739, 0.699698; 
2.49, -1.46805, -0.0349739, 0.699698; 
2.5, -1.46805, -0.0349739, 0.699698; 
2.51, -1.46805, -0.0349739, 0.699698; 
2.52, -1.46805, -0.0349739, 0.699698; 
2.53, -1.46805, -0.0349739, 0.699698; 
2.54, -1.46805, -0.0349739, 0.699698; 
2.55, -1.46805, -0.0349739, 0.699698; 
2.56, -1.46805, -0.0349739, 0.699698; 
2.57, -1.46805, -0.0349739, 0.699698; 
2.58, -1.46805, -0.0349739, 0.699698; 
2.59, -1.46805, -0.0349739, 0.699698; 
2.6, -1.46805, -0.0349739, 0.699698; 
2.61, -1.46805, -0.0349739, 0.699698; 
2.62, -1.46805, -0.0349739, 0.699698; 
2.63, -1.46805, -0.0349739, 0.699698; 
2.64, -1.46805, -0.0349739, 0.699698; 
2.65, -1.46805, -0.0349739, 0.699698; 
2.66, -1.46805, -0.0349739, 0.699698; 
2.67, -1.46805, -0.0349739, 0.699698; 
2.68, -1.46805, -0.0349739, 0.699698; 
2.69, -1.46805, -0.0349739, 0.699698; 
2.7, -1.46805, -0.0349739, 0.699698; 
2.71, -1.46805, -0.0349739, 0.699698; 
2.72, -1.46805, -0.0349739, 0.699698; 
2.73, -1.46805, -0.0349739, 0.699698; 
2.74, -1.46805, -0.0349739, 0.699698; 
2.75, -1.46805, -0.0349739, 0.699698; 
2.76, -1.46805, -0.0349739, 0.699698; 
2.77, -1.46805, -0.0349739, 0.699698; 
2.78, -1.46805, -0.0349739, 0.699698; 
2.79, -1.46805, -0.0349739, 0.699698; 
2.8, -1.46805, -0.0349739, 0.699698; 
2.81, -1.46805, -0.0349739, 0.699698; 
2.82, -1.46805, -0.0349739, 0.699698; 
2.83, -1.46805, -0.0349739, 0.699698; 
2.84, -1.46805, -0.0349739, 0.699698; 
2.85, -1.46805, -0.0349739, 0.699698; 
2.86, -1.46805, -0.0349739, 0.699698; 
2.87, -1.46805, -0.0349739, 0.699698; 
2.88, -1.46805, -0.0349739, 0.699698; 
2.89, -1.46805, -0.0349739, 0.699698; 
2.9, -1.46805, -0.0349739, 0.699698; 
2.91, -1.46805, -0.0349739, 0.699698; 
2.92, -1.46805, -0.0349739, 0.699698; 
2.93, -1.46805, -0.0349739, 0.699698; 
2.94, -1.46805, -0.0349739, 0.699698; 
2.95, -1.46805, -0.0349739, 0.699698; 
2.96, -1.46805, -0.0349739, 0.699698; 
2.97, -1.46805, -0.0349739, 0.699698; 
2.98, -1.46805, -0.0349739, 0.699698; 
2.99, -1.46805, -0.0349739, 0.699698; 
3, -1.46805, -0.0349739, 0.699698; 
3.01, -1.46805, -0.0349739, 0.699698; 
3.02, -1.46805, -0.0349739, 0.699698; 
3.03, -1.46805, -0.0349739, 0.699698; 
3.04, -1.46805, -0.0349739, 0.699698; 
3.05, -1.46805, -0.0349739, 0.699698; 
3.06, -1.46805, -0.0349739, 0.699698; 
3.07, -1.46805, -0.0349739, 0.699698; 
3.08, -1.46805, -0.0349739, 0.699698; 
3.09, -1.46805, -0.0349739, 0.699698; 
3.1, -1.46805, -0.0349739, 0.699698; 
3.11, -1.46805, -0.0349739, 0.699698; 
3.12, -1.46805, -0.0349739, 0.699698; 
3.13, -1.46805, -0.0349739, 0.699698; 
3.14, -1.46805, -0.0349739, 0.699698; 
3.15, -1.46805, -0.0349739, 0.699698; 
3.16, -1.46805, -0.0349739, 0.699698; 
3.17, -1.46805, -0.0349739, 0.699698; 
3.18, -1.46805, -0.0349739, 0.699698; 
3.19, -1.46805, -0.0349739, 0.699698; 
3.2, -1.46805, -0.0349739, 0.699698; 
3.21, -1.46805, -0.0349739, 0.699698; 
3.22, -1.46805, -0.0349739, 0.699698; 
3.23, -1.46805, -0.0349739, 0.699698; 
3.24, -1.46805, -0.0349739, 0.699698; 
3.25, -1.46805, -0.0349739, 0.699698; 
3.26, -1.46805, -0.0349739, 0.699698; 
3.27, -1.46805, -0.0349739, 0.699698; 
3.28, -1.46805, -0.0349739, 0.699698; 
3.29, -1.46805, -0.0349739, 0.699698; 
3.3, -1.46805, -0.0349739, 0.699698; 
3.31, -1.46805, -0.0349739, 0.699698; 
3.32, -1.46805, -0.0349739, 0.699698; 
3.33, -1.46805, -0.0349739, 0.699698; 
3.34, -1.46805, -0.0349739, 0.699698; 
3.35, -1.46805, -0.0349739, 0.699698; 
3.36, -1.46805, -0.0349739, 0.699698; 
3.37, -1.46805, -0.0349739, 0.699698; 
3.38, -1.46805, -0.0349739, 0.699698; 
3.39, -1.46805, -0.0349739, 0.699698; 
3.4, -1.46805, -0.0349739, 0.699698; 
3.41, -1.46805, -0.0349739, 0.699698; 
3.42, -1.46805, -0.0349739, 0.699698; 
3.43, -1.46805, -0.0349739, 0.699698; 
3.44, -1.46805, -0.0349739, 0.699698; 
3.45, -1.46805, -0.0349739, 0.699698; 
3.46, -1.46805, -0.0349739, 0.699698; 
3.47, -1.46805, -0.0349739, 0.699698; 
3.48, -1.46805, -0.0349739, 0.699698; 
3.49, -1.46805, -0.0349739, 0.699698; 
3.5, -1.46805, -0.0349739, 0.699698; 
3.51, -1.46805, -0.0349739, 0.699698; 
3.52, -1.46805, -0.0349739, 0.699698; 
3.53, -1.46805, -0.0349739, 0.699698; 
3.54, -1.46805, -0.0349739, 0.699698; 
3.55, -1.46805, -0.0349739, 0.699698; 
3.56, -1.46805, -0.0349739, 0.699698; 
3.57, -1.46805, -0.0349739, 0.699698; 
3.58, -1.46805, -0.0349739, 0.699698; 
3.59, -1.46805, -0.0349739, 0.699698; 
3.6, -1.46805, -0.0349739, 0.699698; 
3.61, -1.46805, -0.0349739, 0.699698; 
3.62, -1.46805, -0.0349739, 0.699698; 
3.63, -1.46805, -0.0349739, 0.699698; 
3.64, -1.46805, -0.0349739, 0.699698; 
3.65, -1.46805, -0.0349739, 0.699698; 
3.66, -1.46805, -0.0349739, 0.699698; 
3.67, -1.46805, -0.0349739, 0.699698; 
3.68, -1.46805, -0.0349739, 0.699698; 
3.69, -1.46805, -0.0349739, 0.699698; 
3.7, -1.46805, -0.0349739, 0.699698; 
3.71, -1.46805, -0.0349739, 0.699698; 
3.72, -1.46805, -0.0349739, 0.699698; 
3.73, -1.46805, -0.0349739, 0.699698; 
3.74, -1.46805, -0.0349739, 0.699698; 
3.75, -1.46805, -0.0349739, 0.699698; 
3.76, -1.46805, -0.0349739, 0.699698; 
3.77, -1.46805, -0.0349739, 0.699698; 
3.78, -1.46805, -0.0349739, 0.699698; 
3.79, -1.46805, -0.0349739, 0.699698; 
3.8, -1.46805, -0.0349739, 0.699698; 
3.81, -1.46805, -0.0349739, 0.699698; 
3.82, -1.46805, -0.0349739, 0.699698; 
3.83, -1.46805, -0.0349739, 0.699698; 
3.84, -1.46805, -0.0349739, 0.699698; 
3.85, -1.46805, -0.0349739, 0.699698; 
3.86, -1.46805, -0.0349739, 0.699698; 
3.87, -1.46805, -0.0349739, 0.699698; 
3.88, -1.46805, -0.0349739, 0.699698; 
3.89, -1.46805, -0.0349739, 0.699698; 
3.9, -1.46805, -0.0349739, 0.699698; 
3.91, -1.46805, -0.0349739, 0.699698; 
3.92, -1.46805, -0.0349739, 0.699698; 
3.93, -1.46805, -0.0349739, 0.699698; 
3.94, -1.46805, -0.0349739, 0.699698; 
3.95, -1.46805, -0.0349739, 0.699698; 
3.96, -1.46805, -0.0349739, 0.699698; 
3.97, -1.46805, -0.0349739, 0.699698; 
3.98, -1.46805, -0.0349739, 0.699698; 
3.99, -1.46805, -0.0349739, 0.699698; 
4, -1.46805, -0.0349739, 0.699698; 
4.01, -1.46805, -0.0349739, 0.699698; 
4.02, -1.46805, -0.0349739, 0.699698; 
4.03, -1.46805, -0.0349739, 0.699698; 
4.04, -1.46805, -0.0349739, 0.699698; 
4.05, -1.46805, -0.0349739, 0.699698; 
4.06, -1.46805, -0.0349739, 0.699698; 
4.07, -1.46805, -0.0349739, 0.699698; 
4.08, -1.46805, -0.0349739, 0.699698; 
4.09, -1.46805, -0.0349739, 0.699698; 
4.1, -1.46805, -0.0349739, 0.699698; 
4.11, -1.46805, -0.0349739, 0.699698; 
4.12, -1.46805, -0.0349739, 0.699698; 
4.13, -1.46805, -0.0349739, 0.699698; 
4.14, -1.46805, -0.0349739, 0.699698; 
4.15, -1.46805, -0.0349739, 0.699698; 
4.16, -1.46805, -0.0349739, 0.699698; 
4.17, -1.46805, -0.0349739, 0.699698; 
4.18, -1.46805, -0.0349739, 0.699698; 
4.19, -1.46805, -0.0349739, 0.699698; 
4.2, -1.46805, -0.0349739, 0.699698; 
4.21, -1.46805, -0.0349739, 0.699698; 
4.22, -1.46805, -0.0349739, 0.699698; 
4.23, -1.46805, -0.0349739, 0.699698; 
4.24, -1.46805, -0.0349739, 0.699698; 
4.25, -1.46805, -0.0349739, 0.699698; 
4.26, -1.46805, -0.0349739, 0.699698; 
4.27, -1.46805, -0.0349739, 0.699698; 
4.28, -1.46805, -0.0349739, 0.699698; 
4.29, -1.46805, -0.0349739, 0.699698; 
4.3, -1.46805, -0.0349739, 0.699698; 
4.31, -1.46805, -0.0349739, 0.699698; 
4.32, -1.46805, -0.0349739, 0.699698; 
4.33, -1.46805, -0.0349739, 0.699698; 
4.34, -1.46805, -0.0349739, 0.699698; 
4.35, -1.46805, -0.0349739, 0.699698; 
4.36, -1.46805, -0.0349739, 0.699698; 
4.37, -1.46805, -0.0349739, 0.699698; 
4.38, -1.46805, -0.0349739, 0.699698; 
4.39, -1.46805, -0.0349739, 0.699698; 
4.4, -1.46805, -0.0349739, 0.699698; 
4.41, -1.46805, -0.0349739, 0.699698; 
4.42, -1.46805, -0.0349739, 0.699698; 
4.43, -1.46805, -0.0349739, 0.699698; 
4.44, -1.46805, -0.0349739, 0.699698; 
4.45, -1.46805, -0.0349739, 0.699698; 
4.46, -1.46805, -0.0349739, 0.699698; 
4.47, -1.46805, -0.0349739, 0.699698; 
4.48, -1.46805, -0.0349739, 0.699698; 
4.49, -1.46805, -0.0349739, 0.699698; 
4.5, -1.46805, -0.0349739, 0.699698; 
4.51, -1.46805, -0.0349739, 0.699698; 
4.52, -1.46805, -0.0349739, 0.699698; 
4.53, -1.46805, -0.0349739, 0.699698; 
4.54, -1.46805, -0.0349739, 0.699698; 
4.55, -1.46805, -0.0349739, 0.699698; 
4.56, -1.46805, -0.0349739, 0.699698; 
4.57, -1.46805, -0.0349739, 0.699698; 
4.58, -1.46805, -0.0349739, 0.699698; 
4.59, -1.46805, -0.0349739, 0.699698; 
4.6, -1.46805, -0.0349739, 0.699698; 
4.61, -1.46805, -0.0349739, 0.699698; 
4.62, -1.46805, -0.0349739, 0.699698; 
4.63, -1.46805, -0.0349739, 0.699698; 
4.64, -1.46805, -0.0349739, 0.699698; 
4.65, -1.46805, -0.0349739, 0.699698; 
4.66, -1.46805, -0.0349739, 0.699698; 
4.67, -1.46805, -0.0349739, 0.699698; 
4.68, -1.46805, -0.0349739, 0.699698; 
4.69, -1.46805, -0.0349739, 0.699698; 
4.7, -1.46805, -0.0349739, 0.699698; 
4.71, -1.46805, -0.0349739, 0.699698; 
4.72, -1.46805, -0.0349739, 0.699698; 
4.73, -1.46805, -0.0349739, 0.699698; 
4.74, -1.46805, -0.0349739, 0.699698; 
4.75, -1.46805, -0.0349739, 0.699698; 
4.76, -1.46805, -0.0349739, 0.699698; 
4.77, -1.46805, -0.0349739, 0.699698; 
4.78, -1.46805, -0.0349739, 0.699698; 
4.79, -1.46805, -0.0349739, 0.699698; 
4.8, -1.46805, -0.0349739, 0.699698; 
4.81, -1.46805, -0.0349739, 0.699698; 
4.82, -1.46805, -0.0349739, 0.699698; 
4.83, -1.46805, -0.0349739, 0.699698; 
4.84, -1.46805, -0.0349739, 0.699698; 
4.85, -1.46805, -0.0349739, 0.699698; 
4.86, -1.46805, -0.0349739, 0.699698; 
4.87, -1.46805, -0.0349739, 0.699698; 
4.88, -1.46805, -0.0349739, 0.699698; 
4.89, -1.46805, -0.0349739, 0.699698; 
4.9, -1.46805, -0.0349739, 0.699698; 
4.91, -1.46805, -0.0349739, 0.699698; 
4.92, -1.46805, -0.0349739, 0.699698; 
4.93, -1.46805, -0.0349739, 0.699698; 
4.94, -1.46805, -0.0349739, 0.699698; 
4.95, -1.46805, -0.0349739, 0.699698; 
4.96, -1.46805, -0.0349739, 0.699698; 
4.97, -1.46805, -0.0349739, 0.699698; 
4.98, -1.46805, -0.0349739, 0.699698; 
4.99, -1.46805, -0.0349739, 0.699698; 
5, -1.46805, -0.0349739, 0.699698; 
5.01, -1.46805, -0.0349739, 0.699698; 
5.02, -1.46805, -0.0349739, 0.699698; 
5.03, -1.46805, -0.0349739, 0.699698; 
5.04, -1.46805, -0.0349739, 0.699698; 
5.05, -1.46805, -0.0349739, 0.699698; 
5.06, -1.46805, -0.0349739, 0.699698; 
5.07, -1.46805, -0.0349739, 0.699698; 
5.08, -1.46805, -0.0349739, 0.699698; 
5.09, -1.46805, -0.0349739, 0.699698; 
5.1, -1.46805, -0.0349739, 0.699698; 
5.11, -1.46805, -0.0349739, 0.699698; 
5.12, -1.46805, -0.0349739, 0.699698; 
5.13, -1.46805, -0.0349739, 0.699698; 
5.14, -1.46805, -0.0349739, 0.699698; 
5.15, -1.46805, -0.0349739, 0.699698; 
5.16, -1.46805, -0.0349739, 0.699698; 
5.17, -1.46805, -0.0349739, 0.699698; 
5.18, -1.46805, -0.0349739, 0.699698; 
5.19, -1.46805, -0.0349739, 0.699698; 
5.2, -1.46805, -0.0349739, 0.699698; 
5.21, -1.46805, -0.0349739, 0.699698; 
5.22, -1.46805, -0.0349739, 0.699698; 
5.23, -1.46805, -0.0349739, 0.699698; 
5.24, -1.46805, -0.0349739, 0.699698; 
5.25, -1.46805, -0.0349739, 0.699698; 
5.26, -1.46805, -0.0349739, 0.699698; 
5.27, -1.46805, -0.0349739, 0.699698; 
5.28, -1.46805, -0.0349739, 0.699698; 
5.29, -1.46805, -0.0349739, 0.699698; 
5.3, -1.46805, -0.0349739, 0.699698; 
5.31, -1.46805, -0.0349739, 0.699698; 
5.32, -1.46805, -0.0349739, 0.699698; 
5.33, -1.46805, -0.0349739, 0.699698; 
5.34, -1.46805, -0.0349739, 0.699698; 
5.35, -1.46805, -0.0349739, 0.699698; 
5.36, -1.46805, -0.0349739, 0.699698; 
5.37, -1.46805, -0.0349739, 0.699698; 
5.38, -1.46805, -0.0349739, 0.699698; 
5.39, -1.46805, -0.0349739, 0.699698; 
5.4, -1.46805, -0.0349739, 0.699698; 
5.41, -1.46805, -0.0349739, 0.699698; 
5.42, -1.46805, -0.0349739, 0.699698; 
5.43, -1.46805, -0.0349739, 0.699698; 
5.44, -1.46805, -0.0349739, 0.699698; 
5.45, -1.46805, -0.0349739, 0.699698; 
5.46, -1.46805, -0.0349739, 0.699698; 
5.47, -1.46805, -0.0349739, 0.699698; 
5.48, -1.46805, -0.0349739, 0.699698; 
5.49, -1.46805, -0.0349739, 0.699698; 
5.5, -1.46805, -0.0349739, 0.699698; 
5.51, -1.46805, -0.0349739, 0.699698; 
5.52, -1.46805, -0.0349739, 0.699698; 
5.53, -1.46805, -0.0349739, 0.699698; 
5.54, -1.46805, -0.0349739, 0.699698; 
5.55, -1.46805, -0.0349739, 0.699698; 
5.56, -1.46805, -0.0349739, 0.699698; 
5.57, -1.46805, -0.0349739, 0.699698; 
5.58, -1.46805, -0.0349739, 0.699698; 
5.59, -1.46805, -0.0349739, 0.699698; 
5.6, -1.46805, -0.0349739, 0.699698; 
5.61, -1.46805, -0.0349739, 0.699698; 
5.62, -1.46805, -0.0349739, 0.699698; 
5.63, -1.46805, -0.0349739, 0.699698; 
5.64, -1.46805, -0.0349739, 0.699698; 
5.65, -1.46805, -0.0349739, 0.699698; 
5.66, -1.46805, -0.0349739, 0.699698; 
5.67, -1.46805, -0.0349739, 0.699698; 
5.68, -1.46805, -0.0349739, 0.699698; 
5.69, -1.46805, -0.0349739, 0.699698; 
5.7, -1.46805, -0.0349739, 0.699698; 
5.71, -1.46805, -0.0349739, 0.699698; 
5.72, -1.46805, -0.0349739, 0.699698; 
5.73, -1.46805, -0.0349739, 0.699698; 
5.74, -1.46805, -0.0349739, 0.699698; 
5.75, -1.46805, -0.0349739, 0.699698; 
5.76, -1.46805, -0.0349739, 0.699698; 
5.77, -1.46805, -0.0349739, 0.699698; 
5.78, -1.46805, -0.0349739, 0.699698; 
5.79, -1.46805, -0.0349739, 0.699698; 
5.8, -1.46805, -0.0349739, 0.699698; 
5.81, -1.46805, -0.0349739, 0.699698; 
5.82, -1.46805, -0.0349739, 0.699698; 
5.83, -1.46805, -0.0349739, 0.699698; 
5.84, -1.46805, -0.0349739, 0.699698; 
5.85, -1.46805, -0.0349739, 0.699698; 
5.86, -1.46805, -0.0349739, 0.699698; 
5.87, -1.46805, -0.0349739, 0.699698; 
5.88, -1.46805, -0.0349739, 0.699698; 
5.89, -1.46805, -0.0349739, 0.699698; 
5.9, -1.46805, -0.0349739, 0.699698; 
5.91, -1.46805, -0.0349739, 0.699698; 
5.92, -1.46805, -0.0349739, 0.699698; 
5.93, -1.46805, -0.0349739, 0.699698; 
5.94, -1.46805, -0.0349739, 0.699698; 
5.95, -1.46805, -0.0349739, 0.699698; 
5.96, -1.46805, -0.0349739, 0.699698; 
5.97, -1.46805, -0.0349739, 0.699698; 
5.98, -1.46805, -0.0349739, 0.699698; 
5.99, -1.46805, -0.0349739, 0.699698; 
6, -1.46805, -0.0349739, 0.699698; 
6.01, -1.46805, -0.0349739, 0.699698; 
6.02, -1.46805, -0.0349739, 0.699698; 
6.03, -1.46805, -0.0349739, 0.699698; 
6.04, -1.46805, -0.0349739, 0.699698; 
6.05, -1.46805, -0.0349739, 0.699698; 
6.06, -1.46805, -0.0349739, 0.699698; 
6.07, -1.46805, -0.0349739, 0.699698; 
6.08, -1.46805, -0.0349739, 0.699698; 
6.09, -1.46805, -0.0349739, 0.699698; 
6.1, -1.46805, -0.0349739, 0.699698; 
6.11, -1.46805, -0.0349739, 0.699698; 
6.12, -1.46805, -0.0349739, 0.699698; 
6.13, -1.46805, -0.0349739, 0.699698; 
6.14, -1.46805, -0.0349739, 0.699698; 
6.15, -1.46805, -0.0349739, 0.699698; 
6.16, -1.46805, -0.0349739, 0.699698; 
6.17, -1.46805, -0.0349739, 0.699698; 
6.18, -1.46805, -0.0349739, 0.699698; 
6.19, -1.46805, -0.0349739, 0.699698; 
6.2, -1.46805, -0.0349739, 0.699698; 
6.21, -1.46805, -0.0349739, 0.699698; 
6.22, -1.46805, -0.0349739, 0.699698; 
6.23, -1.46805, -0.0349739, 0.699698; 
6.24, -1.46805, -0.0349739, 0.699698; 
6.25, -1.46805, -0.0349739, 0.699698; 
6.26, -1.46805, -0.0349739, 0.699698; 
6.27, -1.46805, -0.0349739, 0.699698; 
6.28, -1.46805, -0.0349739, 0.699698; 
6.29, -1.46805, -0.0349739, 0.699698; 
6.3, -1.46805, -0.0349739, 0.699698; 
6.31, -1.46805, -0.0349739, 0.699698; 
6.32, -1.46805, -0.0349739, 0.699698; 
6.33, -1.46805, -0.0349739, 0.699698; 
6.34, -1.46805, -0.0349739, 0.699698; 
6.35, -1.46805, -0.0349739, 0.699698; 
6.36, -1.46805, -0.0349739, 0.699698; 
6.37, -1.46805, -0.0349739, 0.699698; 
6.38, -1.46805, -0.0349739, 0.699698; 
6.39, -1.46805, -0.0349739, 0.699698; 
6.4, -1.46805, -0.0349739, 0.699698; 
6.41, -1.46805, -0.0349739, 0.699698; 
6.42, -1.46805, -0.0349739, 0.699698; 
6.43, -1.46805, -0.0349739, 0.699698; 
6.44, -1.46805, -0.0349739, 0.699698; 
6.45, -1.46805, -0.0349739, 0.699698; 
6.46, -1.46805, -0.0349739, 0.699698; 
6.47, -1.46805, -0.0349739, 0.699698; 
6.48, -1.46805, -0.0349739, 0.699698; 
6.49, -1.46805, -0.0349739, 0.699698; 
6.5, -1.46805, -0.0349739, 0.699698; 
6.51, -1.46805, -0.0349739, 0.699698; 
6.52, -1.46805, -0.0349739, 0.699698; 
6.53, -1.46805, -0.0349739, 0.699698; 
6.54, -1.46805, -0.0349739, 0.699698; 
6.55, -1.46805, -0.0349739, 0.699698; 
6.56, -1.46805, -0.0349739, 0.699698; 
6.57, -1.46805, -0.0349739, 0.699698; 
6.58, -1.46805, -0.0349739, 0.699698; 
6.59, -1.46805, -0.0349739, 0.699698; 
6.6, -1.46805, -0.0349739, 0.699698; 
6.61, -1.46805, -0.0349739, 0.699698; 
6.62, -1.46805, -0.0349739, 0.699698; 
6.63, -1.46805, -0.0349739, 0.699698; 
6.64, -1.46805, -0.0349739, 0.699698; 
6.65, -1.46805, -0.0349739, 0.699698; 
6.66, -1.46805, -0.0349739, 0.699698; 
6.67, -1.46805, -0.0349739, 0.699698; 
6.68, -1.46805, -0.0349739, 0.699698; 
6.69, -1.46805, -0.0349739, 0.699698; 
6.7, -1.46805, -0.0349739, 0.699698; 
6.71, -1.46805, -0.0349739, 0.699698; 
6.72, -1.46805, -0.0349739, 0.699698; 
6.73, -1.46805, -0.0349739, 0.699698; 
6.74, -1.46805, -0.0349739, 0.699698; 
6.75, -1.46805, -0.0349739, 0.699698; 
6.76, -1.46805, -0.0349739, 0.699698; 
6.77, -1.46805, -0.0349739, 0.699698; 
6.78, -1.46805, -0.0349739, 0.699698; 
6.79, -1.46805, -0.0349739, 0.699698; 
6.8, -1.46805, -0.0349739, 0.699698; 
6.81, -1.46805, -0.0349739, 0.699698; 
6.82, -1.46805, -0.0349739, 0.699698; 
6.83, -1.46805, -0.0349739, 0.699698; 
6.84, -1.46805, -0.0349739, 0.699698; 
6.85, -1.46805, -0.0349739, 0.699698; 
6.86, -1.46805, -0.0349739, 0.699698; 
6.87, -1.46805, -0.0349739, 0.699698; 
6.88, -1.46805, -0.0349739, 0.699698; 
6.89, -1.46805, -0.0349739, 0.699698; 
6.9, -1.46805, -0.0349739, 0.699698; 
6.91, -1.46805, -0.0349739, 0.699698; 
6.92, -1.46805, -0.0349739, 0.699698; 
6.93, -1.46805, -0.0349739, 0.699698; 
6.94, -1.46805, -0.0349739, 0.699698; 
6.95, -1.46805, -0.0349739, 0.699698; 
6.96, -1.46805, -0.0349739, 0.699698; 
6.97, -1.46805, -0.0349739, 0.699698; 
6.98, -1.46805, -0.0349739, 0.699698; 
6.99, -1.46805, -0.0349739, 0.699698; 
7, -1.46805, -0.0349739, 0.699698; 
7.01, -1.46805, -0.0349739, 0.699698; 
7.02, -1.46805, -0.0349739, 0.699698; 
7.03, -1.46805, -0.0349739, 0.699698; 
7.04, -1.46805, -0.0349739, 0.699698; 
7.05, -1.46805, -0.0349739, 0.699698; 
7.06, -1.46805, -0.0349739, 0.699698; 
7.07, -1.46805, -0.0349739, 0.699698; 
7.08, -1.46805, -0.0349739, 0.699698; 
7.09, -1.46805, -0.0349739, 0.699698; 
7.1, -1.46805, -0.0349739, 0.699698; 
7.11, -1.46805, -0.0349739, 0.699698; 
7.12, -1.46805, -0.0349739, 0.699698; 
7.13, -1.46805, -0.0349739, 0.699698; 
7.14, -1.46805, -0.0349739, 0.699698; 
7.15, -1.46805, -0.0349739, 0.699698; 
7.16, -1.46805, -0.0349739, 0.699698; 
7.17, -1.46805, -0.0349739, 0.699698; 
7.18, -1.46805, -0.0349739, 0.699698; 
7.19, -1.46805, -0.0349739, 0.699698; 
7.2, -1.46805, -0.0349739, 0.699698; 
7.21, -1.46805, -0.0349739, 0.699698; 
7.22, -1.46805, -0.0349739, 0.699698; 
7.23, -1.46805, -0.0349739, 0.699698; 
7.24, -1.46805, -0.0349739, 0.699698; 
7.25, -1.46805, -0.0349739, 0.699698; 
7.26, -1.46805, -0.0349739, 0.699698; 
7.27, -1.46805, -0.0349739, 0.699698; 
7.28, -1.46805, -0.0349739, 0.699698; 
7.29, -1.46805, -0.0349739, 0.699698; 
7.3, -1.46805, -0.0349739, 0.699698; 
7.31, -1.46805, -0.0349739, 0.699698; 
7.32, -1.46805, -0.0349739, 0.699698; 
7.33, -1.46805, -0.0349739, 0.699698; 
7.34, -1.46805, -0.0349739, 0.699698; 
7.35, -1.46805, -0.0349739, 0.699698; 
7.36, -1.46805, -0.0349739, 0.699698; 
7.37, -1.46805, -0.0349739, 0.699698; 
7.38, -1.46805, -0.0349739, 0.699698; 
7.39, -1.46805, -0.0349739, 0.699698; 
7.4, -1.46805, -0.0349739, 0.699698; 
7.41, -1.46805, -0.0349739, 0.699698; 
7.42, -1.46805, -0.0349739, 0.699698; 
7.43, -1.46805, -0.0349739, 0.699698; 
7.44, -1.46805, -0.0349739, 0.699698; 
7.45, -1.46805, -0.0349739, 0.699698; 
7.46, -1.46805, -0.0349739, 0.699698; 
7.47, -1.46805, -0.0349739, 0.699698; 
7.48, -1.46805, -0.0349739, 0.699698; 
7.49, -1.46805, -0.0349739, 0.699698; 
7.5, -1.46805, -0.0349739, 0.699698; 
7.51, -1.46805, -0.0349739, 0.699698; 
7.52, -1.46805, -0.0349739, 0.699698; 
7.53, -1.46805, -0.0349739, 0.699698; 
7.54, -1.46805, -0.0349739, 0.699698; 
7.55, -1.46805, -0.0349739, 0.699698; 
7.56, -1.46805, -0.0349739, 0.699698; 
7.57, -1.46805, -0.0349739, 0.699698; 
7.58, -1.46805, -0.0349739, 0.699698; 
7.59, -1.46805, -0.0349739, 0.699698; 
7.6, -1.46805, -0.0349739, 0.699698; 
7.61, -1.46805, -0.0349739, 0.699698; 
7.62, -1.46805, -0.0349739, 0.699698; 
7.63, -1.46805, -0.0349739, 0.699698; 
7.64, -1.46805, -0.0349739, 0.699698; 
7.65, -1.46805, -0.0349739, 0.699698; 
7.66, -1.46805, -0.0349739, 0.699698; 
7.67, -1.46805, -0.0349739, 0.699698; 
7.68, -1.46805, -0.0349739, 0.699698; 
7.69, -1.46805, -0.0349739, 0.699698; 
7.7, -1.46805, -0.0349739, 0.699698; 
7.71, -1.46805, -0.0349739, 0.699698; 
7.72, -1.46805, -0.0349739, 0.699698; 
7.73, -1.46805, -0.0349739, 0.699698; 
7.74, -1.46805, -0.0349739, 0.699698; 
7.75, -1.46805, -0.0349739, 0.699698; 
7.76, -1.46805, -0.0349739, 0.699698; 
7.77, -1.46805, -0.0349739, 0.699698; 
7.78, -1.46805, -0.0349739, 0.699698; 
7.79, -1.46805, -0.0349739, 0.699698; 
7.8, -1.46805, -0.0349739, 0.699698; 
7.81, -1.46805, -0.0349739, 0.699698; 
7.82, -1.46805, -0.0349739, 0.699698; 
7.83, -1.46805, -0.0349739, 0.699698; 
7.84, -1.46805, -0.0349739, 0.699698; 
7.85, -1.46805, -0.0349739, 0.699698; 
7.86, -1.46805, -0.0349739, 0.699698; 
7.87, -1.46805, -0.0349739, 0.699698; 
7.88, -1.46805, -0.0349739, 0.699698; 
7.89, -1.46805, -0.0349739, 0.699698; 
7.9, -1.46805, -0.0349739, 0.699698; 
7.91, -1.46805, -0.0349739, 0.699698; 
7.92, -1.46805, -0.0349739, 0.699698; 
7.93, -1.46805, -0.0349739, 0.699698; 
7.94, -1.46805, -0.0349739, 0.699698; 
7.95, -1.46805, -0.0349739, 0.699698; 
7.96, -1.46805, -0.0349739, 0.699698; 
7.97, -1.46805, -0.0349739, 0.699698; 
7.98, -1.46805, -0.0349739, 0.699698; 
7.99, -1.46805, -0.0349739, 0.699698; 
8, -1.46805, -0.0349739, 0.699698; 
8.01, -1.46805, -0.0349739, 0.699698; 
8.02, -1.46805, -0.0349739, 0.699698; 
8.03, -1.46805, -0.0349739, 0.699698; 
8.04, -1.46805, -0.0349739, 0.699698; 
8.05, -1.46805, -0.0349739, 0.699698; 
8.06, -1.46805, -0.0349739, 0.699698; 
8.07, -1.46805, -0.0349739, 0.699698; 
8.08, -1.46805, -0.0349739, 0.699698; 
8.09, -1.46805, -0.0349739, 0.699698; 
8.1, -1.46805, -0.0349739, 0.699698; 
8.11, -1.46805, -0.0349739, 0.699698; 
8.12, -1.46805, -0.0349739, 0.699698; 
8.13, -1.46805, -0.0349739, 0.699698; 
8.14, -1.46805, -0.0349739, 0.699698; 
8.15, -1.46805, -0.0349739, 0.699698; 
8.16, -1.46805, -0.0349739, 0.699698; 
8.17, -1.46805, -0.0349739, 0.699698; 
8.18, -1.46805, -0.0349739, 0.699698; 
8.19, -1.46805, -0.0349739, 0.699698; 
8.2, -1.46805, -0.0349739, 0.699698; 
8.21, -1.46805, -0.0349739, 0.699698; 
8.22, -1.46805, -0.0349739, 0.699698; 
8.23, -1.46805, -0.0349739, 0.699698; 
8.24, -1.46805, -0.0349739, 0.699698; 
8.25, -1.46805, -0.0349739, 0.699698; 
8.26, -1.46805, -0.0349739, 0.699698; 
8.27, -1.46805, -0.0349739, 0.699698; 
8.28, -1.46805, -0.0349739, 0.699698; 
8.29, -1.46805, -0.0349739, 0.699698; 
8.3, -1.46805, -0.0349739, 0.699698; 
8.31, -1.46805, -0.0349739, 0.699698; 
8.32, -1.46805, -0.0349739, 0.699698; 
8.33, -1.46805, -0.0349739, 0.699698; 
8.34, -1.46805, -0.0349739, 0.699698; 
8.35, -1.46805, -0.0349739, 0.699698; 
8.36, -1.46805, -0.0349739, 0.699698; 
8.37, -1.46805, -0.0349739, 0.699698; 
8.38, -1.46805, -0.0349739, 0.699698; 
8.39, -1.46805, -0.0349739, 0.699698; 
8.4, -1.46805, -0.0349739, 0.699698; 
8.41, -1.46805, -0.0349739, 0.699698; 
8.42, -1.46805, -0.0349739, 0.699698; 
8.43, -1.46805, -0.0349739, 0.699698; 
8.44, -1.46805, -0.0349739, 0.699698; 
8.45, -1.46805, -0.0349739, 0.699698; 
8.46, -1.46805, -0.0349739, 0.699698; 
8.47, -1.46805, -0.0349739, 0.699698; 
8.48, -1.46805, -0.0349739, 0.699698; 
8.49, -1.46805, -0.0349739, 0.699698; 
8.5, -1.46805, -0.0349739, 0.699698; 
8.51, -1.46805, -0.0349739, 0.699698; 
8.52, -1.46805, -0.0349739, 0.699698; 
8.53, -1.46805, -0.0349739, 0.699698; 
8.54, -1.46805, -0.0349739, 0.699698; 
8.55, -1.46805, -0.0349739, 0.699698; 
8.56, -1.46805, -0.0349739, 0.699698; 
8.57, -1.46805, -0.0349739, 0.699698; 
8.58, -1.46805, -0.0349739, 0.699698; 
8.59, -1.46805, -0.0349739, 0.699698; 
8.6, -1.46805, -0.0349739, 0.699698; 
8.61, -1.46805, -0.0349739, 0.699698; 
8.62, -1.46805, -0.0349739, 0.699698; 
8.63, -1.46805, -0.0349739, 0.699698; 
8.64, -1.46805, -0.0349739, 0.699698; 
8.65, -1.46805, -0.0349739, 0.699698; 
8.66, -1.46805, -0.0349739, 0.699698; 
8.67, -1.46805, -0.0349739, 0.699698; 
8.68, -1.46805, -0.0349739, 0.699698; 
8.69, -1.46805, -0.0349739, 0.699698; 
8.7, -1.46805, -0.0349739, 0.699698; 
8.71, -1.46805, -0.0349739, 0.699698; 
8.72, -1.46805, -0.0349739, 0.699698; 
8.73, -1.46805, -0.0349739, 0.699698; 
8.74, -1.46805, -0.0349739, 0.699698; 
8.75, -1.46805, -0.0349739, 0.699698; 
8.76, -1.46805, -0.0349739, 0.699698; 
8.77, -1.46805, -0.0349739, 0.699698; 
8.78, -1.46805, -0.0349739, 0.699698; 
8.79, -1.46805, -0.0349739, 0.699698; 
8.8, -1.46805, -0.0349739, 0.699698; 
8.81, -1.46805, -0.0349739, 0.699698; 
8.82, -1.46805, -0.0349739, 0.699698; 
8.83, -1.46805, -0.0349739, 0.699698; 
8.84, -1.46805, -0.0349739, 0.699698; 
8.85, -1.46805, -0.0349739, 0.699698; 
8.86, -1.46805, -0.0349739, 0.699698; 
8.87, -1.46805, -0.0349739, 0.699698; 
8.88, -1.46805, -0.0349739, 0.699698; 
8.89, -1.46805, -0.0349739, 0.699698; 
8.9, -1.46805, -0.0349739, 0.699698; 
8.91, -1.46805, -0.0349739, 0.699698; 
8.92, -1.46805, -0.0349739, 0.699698; 
8.93, -1.46805, -0.0349739, 0.699698; 
8.94, -1.46805, -0.0349739, 0.699698; 
8.95, -1.46805, -0.0349739, 0.699698; 
8.96, -1.46805, -0.0349739, 0.699698; 
8.97, -1.46805, -0.0349739, 0.699698; 
8.98, -1.46805, -0.0349739, 0.699698; 
8.99, -1.46805, -0.0349739, 0.699698; 
9, -1.46805, -0.0349739, 0.699698; 
9.01, -1.46805, -0.0349739, 0.699698; 
9.02, -1.46805, -0.0349739, 0.699698; 
9.03, -1.46805, -0.0349739, 0.699698; 
9.04, -1.46805, -0.0349739, 0.699698; 
9.05, -1.46805, -0.0349739, 0.699698; 
9.06, -1.46805, -0.0349739, 0.699698; 
9.07, -1.46805, -0.0349739, 0.699698; 
9.08, -1.46805, -0.0349739, 0.699698; 
9.09, -1.46805, -0.0349739, 0.699698; 
9.1, -1.46805, -0.0349739, 0.699698; 
9.11, -1.46805, -0.0349739, 0.699698; 
9.12, -1.46805, -0.0349739, 0.699698; 
9.13, -1.46805, -0.0349739, 0.699698; 
9.14, -1.46805, -0.0349739, 0.699698; 
9.15, -1.46805, -0.0349739, 0.699698; 
9.16, -1.46805, -0.0349739, 0.699698; 
9.17, -1.46805, -0.0349739, 0.699698; 
9.18, -1.46805, -0.0349739, 0.699698; 
9.19, -1.46805, -0.0349739, 0.699698; 
9.2, -1.46805, -0.0349739, 0.699698; 
9.21, -1.46805, -0.0349739, 0.699698; 
9.22, -1.46805, -0.0349739, 0.699698; 
9.23, -1.46805, -0.0349739, 0.699698; 
9.24, -1.46805, -0.0349739, 0.699698; 
9.25, -1.46805, -0.0349739, 0.699698; 
9.26, -1.46805, -0.0349739, 0.699698; 
9.27, -1.46805, -0.0349739, 0.699698; 
9.28, -1.46805, -0.0349739, 0.699698; 
9.29, -1.46805, -0.0349739, 0.699698; 
9.3, -1.46805, -0.0349739, 0.699698; 
9.31, -1.46805, -0.0349739, 0.699698; 
9.32, -1.46805, -0.0349739, 0.699698; 
9.33, -1.46805, -0.0349739, 0.699698; 
9.34, -1.46805, -0.0349739, 0.699698; 
9.35, -1.46805, -0.0349739, 0.699698; 
9.36, -1.46805, -0.0349739, 0.699698; 
9.37, -1.46805, -0.0349739, 0.699698; 
9.38, -1.46805, -0.0349739, 0.699698; 
9.39, -1.46805, -0.0349739, 0.699698; 
9.4, -1.46805, -0.0349739, 0.699698; 
9.41, -1.46805, -0.0349739, 0.699698; 
9.42, -1.46805, -0.0349739, 0.699698; 
9.43, -1.46805, -0.0349739, 0.699698; 
9.44, -1.46805, -0.0349739, 0.699698; 
9.45, -1.46805, -0.0349739, 0.699698; 
9.46, -1.46805, -0.0349739, 0.699698; 
9.47, -1.46805, -0.0349739, 0.699698; 
9.48, -1.46805, -0.0349739, 0.699698; 
9.49, -1.46805, -0.0349739, 0.699698; 
9.5, -1.46805, -0.0349739, 0.699698; 
9.51, -1.46805, -0.0349739, 0.699698; 
9.52, -1.46805, -0.0349739, 0.699698; 
9.53, -1.46805, -0.0349739, 0.699698; 
9.54, -1.46805, -0.0349739, 0.699698; 
9.55, -1.46805, -0.0349739, 0.699698; 
9.56, -1.46805, -0.0349739, 0.699698; 
9.57, -1.46805, -0.0349739, 0.699698; 
9.58, -1.46805, -0.0349739, 0.699698; 
9.59, -1.46805, -0.0349739, 0.699698; 
9.6, -1.46805, -0.0349739, 0.699698; 
9.61, -1.46805, -0.0349739, 0.699698; 
9.62, -1.46805, -0.0349739, 0.699698; 
9.63, -1.46805, -0.0349739, 0.699698; 
9.64, -1.46805, -0.0349739, 0.699698; 
9.65, -1.46805, -0.0349739, 0.699698; 
9.66, -1.46805, -0.0349739, 0.699698; 
9.67, -1.46805, -0.0349739, 0.699698; 
9.68, -1.46805, -0.0349739, 0.699698; 
9.69, -1.46805, -0.0349739, 0.699698; 
9.7, -1.46805, -0.0349739, 0.699698; 
9.71, -1.46805, -0.0349739, 0.699698; 
9.72, -1.46805, -0.0349739, 0.699698; 
9.73, -1.46805, -0.0349739, 0.699698; 
9.74, -1.46805, -0.0349739, 0.699698; 
9.75, -1.46805, -0.0349739, 0.699698; 
9.76, -1.46805, -0.0349739, 0.699698; 
9.77, -1.46805, -0.0349739, 0.699698; 
9.78, -1.46805, -0.0349739, 0.699698; 
9.79, -1.46805, -0.0349739, 0.699698; 
9.8, -1.46805, -0.0349739, 0.699698; 
9.81, -1.46805, -0.0349739, 0.699698; 
9.82, -1.46805, -0.0349739, 0.699698; 
9.83, -1.46805, -0.0349739, 0.699698; 
9.84, -1.46805, -0.0349739, 0.699698; 
9.85, -1.46805, -0.0349739, 0.699698; 
9.86, -1.46805, -0.0349739, 0.699698; 
9.87, -1.46805, -0.0349739, 0.699698; 
9.88, -1.46805, -0.0349739, 0.699698; 
9.89, -1.46805, -0.0349739, 0.699698; 
9.9, -1.46805, -0.0349739, 0.699698; 
9.91, -1.46805, -0.0349739, 0.699698; 
9.92, -1.46805, -0.0349739, 0.699698; 
9.93, -1.46805, -0.0349739, 0.699698; 
9.94, -1.46805, -0.0349739, 0.699698; 
9.95, -1.46805, -0.0349739, 0.699698; 
9.96, -1.46805, -0.0349739, 0.699698; 
9.97, -1.46805, -0.0349739, 0.699698; 
9.98, -1.46805, -0.0349739, 0.699698; 
9.99, -1.46805, -0.0349739, 0.699698; 
