0, -1.52949, -0.141434, 0.717765; 
0.01, -1.5295, -0.141528, 0.717805; 
0.02, -1.52896, -0.140669, 0.717595; 
0.03, -1.52772, -0.138548, 0.717234; 
0.04, -1.52577, -0.135383, 0.716865; 
0.05, -1.52342, -0.131507, 0.716697; 
0.06, -1.52074, -0.127081, 0.716326; 
0.07, -1.51779, -0.12219, 0.715591; 
0.08, -1.51471, -0.117103, 0.714157; 
0.09, -1.51163, -0.111923, 0.712038; 
0.1, -1.5086, -0.106688, 0.70952; 
0.11, -1.50585, -0.101813, 0.706983; 
0.12, -1.50347, -0.0973153, 0.704848; 
0.13, -1.50151, -0.0934919, 0.703151; 
0.14, -1.49986, -0.0901664, 0.701975; 
0.15, -1.49841, -0.0872538, 0.701185; 
0.16, -1.49707, -0.0845908, 0.700563; 
0.17, -1.49571, -0.081935, 0.700047; 
0.18, -1.49432, -0.0793202, 0.699506; 
0.19, -1.49293, -0.076759, 0.698951; 
0.2, -1.49155, -0.0742726, 0.698423; 
0.21, -1.49019, -0.071812, 0.697988; 
0.22, -1.48894, -0.069604, 0.69763; 
0.23, -1.48774, -0.0674227, 0.6974; 
0.24, -1.48658, -0.0653362, 0.697269; 
0.25, -1.48552, -0.0634702, 0.697118; 
0.26, -1.48449, -0.0616015, 0.696991; 
0.27, -1.48354, -0.0599321, 0.696811; 
0.28, -1.48266, -0.058405, 0.696632; 
0.29, -1.4818, -0.0568664, 0.696591; 
0.3, -1.48101, -0.0554638, 0.696562; 
0.31, -1.48024, -0.0541006, 0.696611; 
0.32, -1.47957, -0.0529904, 0.69646; 
0.33, -1.47894, -0.0519069, 0.696395; 
0.34, -1.47829, -0.0507243, 0.696445; 
0.35, -1.47771, -0.0497091, 0.696495; 
0.36, -1.47713, -0.0486863, 0.696592; 
0.37, -1.4766, -0.0477507, 0.696645; 
0.38, -1.47615, -0.0470016, 0.69656; 
0.39, -1.47568, -0.0461703, 0.696632; 
0.4, -1.47524, -0.0454215, 0.696721; 
0.41, -1.47484, -0.0447418, 0.696783; 
0.42, -1.47449, -0.044112, 0.696853; 
0.43, -1.47412, -0.0434959, 0.696942; 
0.44, -1.47377, -0.042898, 0.697008; 
0.45, -1.47347, -0.0423741, 0.697024; 
0.46, -1.47318, -0.041868, 0.697063; 
0.47, -1.4729, -0.0413786, 0.697156; 
0.48, -1.47267, -0.0409617, 0.697236; 
0.49, -1.47241, -0.0405595, 0.69729; 
0.5, -1.4722, -0.0401626, 0.697355; 
0.51, -1.47202, -0.0398274, 0.697375; 
0.52, -1.47183, -0.039547, 0.697333; 
0.53, -1.47162, -0.039166, 0.697437; 
0.54, -1.47146, -0.03893, 0.697443; 
0.55, -1.47126, -0.0385347, 0.697646; 
0.56, -1.47116, -0.0383686, 0.697612; 
0.57, -1.47105, -0.0381519, 0.697644; 
0.58, -1.47094, -0.0380061, 0.697683; 
0.59, -1.4708, -0.0377839, 0.697723; 
0.6, -1.47068, -0.037606, 0.69775; 
0.61, -1.47054, -0.0372861, 0.697846; 
0.62, -1.47043, -0.0370875, 0.697863; 
0.63, -1.47038, -0.0370151, 0.697908; 
0.64, -1.47026, -0.0367842, 0.698009; 
0.65, -1.47028, -0.0369348, 0.697771; 
0.66, -1.4702, -0.0367504, 0.697783; 
0.67, -1.47008, -0.03649, 0.697979; 
0.68, -1.47002, -0.0364611, 0.697955; 
0.69, -1.47, -0.0364708, 0.697852; 
0.7, -1.46992, -0.036288, 0.697955; 
0.71, -1.46987, -0.0361281, 0.697984; 
0.72, -1.46985, -0.0361788, 0.697907; 
0.73, -1.46979, -0.0360061, 0.698114; 
0.74, -1.46968, -0.0358426, 0.69818; 
0.75, -1.46965, -0.0357075, 0.698271; 
0.76, -1.46963, -0.0357925, 0.698126; 
0.77, -1.46961, -0.0357148, 0.698189; 
0.78, -1.4696, -0.0357158, 0.698167; 
0.79, -1.46958, -0.035697, 0.698146; 
0.8, -1.46957, -0.035718, 0.698107; 
0.81, -1.46951, -0.0356122, 0.698193; 
0.82, -1.46948, -0.0355442, 0.698252; 
0.83, -1.46947, -0.0355313, 0.698282; 
0.84, -1.46947, -0.0355393, 0.698238; 
0.85, -1.46943, -0.0354711, 0.698289; 
0.86, -1.4694, -0.0354228, 0.698307; 
0.87, -1.4694, -0.0354388, 0.698279; 
0.88, -1.46939, -0.0354351, 0.698302; 
0.89, -1.46938, -0.0354412, 0.698331; 
0.9, -1.46936, -0.0354109, 0.698388; 
0.91, -1.46935, -0.0353762, 0.698437; 
0.92, -1.46934, -0.0353843, 0.69845; 
0.93, -1.46933, -0.0353801, 0.69845; 
0.94, -1.46932, -0.0353631, 0.698451; 
0.95, -1.46932, -0.0353798, 0.698441; 
0.96, -1.46932, -0.0353782, 0.698473; 
0.97, -1.46932, -0.0353819, 0.698501; 
0.98, -1.46931, -0.0353971, 0.698499; 
0.99, -1.46931, -0.0353973, 0.698512; 
1, -1.46928, -0.0352965, 0.698605; 
1.01, -1.46927, -0.0353005, 0.698612; 
1.02, -1.46927, -0.0353293, 0.698583; 
1.03, -1.4693, -0.0353816, 0.698561; 
1.04, -1.46928, -0.0353456, 0.698644; 
1.05, -1.4693, -0.0354185, 0.69862; 
1.06, -1.46929, -0.035386, 0.698654; 
1.07, -1.46927, -0.0353361, 0.698677; 
1.08, -1.46927, -0.0353418, 0.698724; 
1.09, -1.46929, -0.0354078, 0.69866; 
1.1, -1.46926, -0.0353223, 0.698735; 
1.11, -1.46928, -0.0353714, 0.698707; 
1.12, -1.46927, -0.0353513, 0.698744; 
1.13, -1.46927, -0.0353515, 0.698758; 
1.14, -1.46927, -0.0353825, 0.69874; 
1.15, -1.46926, -0.0353486, 0.698768; 
1.16, -1.46926, -0.0353543, 0.698754; 
1.17, -1.46925, -0.0353336, 0.698778; 
1.18, -1.46925, -0.0353497, 0.698768; 
1.19, -1.46925, -0.0353428, 0.698767; 
1.2, -1.46926, -0.035374, 0.698736; 
1.21, -1.46925, -0.0353492, 0.698765; 
1.22, -1.46923, -0.0353153, 0.698806; 
1.23, -1.46926, -0.035399, 0.698724; 
1.24, -1.46925, -0.0353528, 0.698765; 
1.25, -1.46925, -0.0353535, 0.698767; 
1.26, -1.46928, -0.0354656, 0.698655; 
1.27, -1.46925, -0.0353535, 0.698768; 
1.28, -1.46923, -0.0353658, 0.698707; 
1.29, -1.46924, -0.035396, 0.698648; 
1.3, -1.46925, -0.0353795, 0.698641; 
1.31, -1.4692, -0.0352601, 0.698786; 
1.32, -1.4692, -0.0353107, 0.698693; 
1.33, -1.46921, -0.0352981, 0.698665; 
1.34, -1.46922, -0.0352905, 0.698638; 
1.35, -1.46922, -0.035334, 0.698588; 
1.36, -1.46923, -0.0353423, 0.698598; 
1.37, -1.46926, -0.0353991, 0.698603; 
1.38, -1.46921, -0.0352669, 0.698665; 
1.39, -1.4692, -0.0352509, 0.698682; 
1.4, -1.4692, -0.0351709, 0.69873; 
1.41, -1.46925, -0.0353297, 0.698548; 
1.42, -1.46919, -0.0351951, 0.698607; 
1.43, -1.46926, -0.0353157, 0.698479; 
1.44, -1.46928, -0.0353924, 0.698391; 
1.45, -1.46921, -0.0352628, 0.698529; 
1.46, -1.46919, -0.035181, 0.6986; 
1.47, -1.46924, -0.0352866, 0.698533; 
1.48, -1.46919, -0.0352413, 0.698561; 
1.49, -1.46918, -0.0351633, 0.698587; 
1.5, -1.46914, -0.0349716, 0.698726; 
1.51, -1.46919, -0.0351714, 0.69858; 
1.52, -1.4692, -0.0352064, 0.698574; 
1.53, -1.46923, -0.0352465, 0.698547; 
1.54, -1.46919, -0.0351994, 0.698556; 
1.55, -1.46919, -0.0351267, 0.698593; 
1.56, -1.46918, -0.0351101, 0.698605; 
1.57, -1.46919, -0.0351748, 0.698564; 
1.58, -1.46919, -0.0351786, 0.69857; 
1.59, -1.46919, -0.0351804, 0.69859; 
1.6, -1.46919, -0.0351741, 0.698613; 
1.61, -1.4692, -0.0351971, 0.698583; 
1.62, -1.46919, -0.0351637, 0.698609; 
1.63, -1.4692, -0.0351848, 0.6986; 
1.64, -1.4692, -0.0351706, 0.698611; 
1.65, -1.46921, -0.0352101, 0.698573; 
1.66, -1.4692, -0.0352056, 0.698598; 
1.67, -1.46921, -0.0352345, 0.698592; 
1.68, -1.46922, -0.035254, 0.698595; 
1.69, -1.46921, -0.0352318, 0.698623; 
1.7, -1.46921, -0.0352509, 0.698621; 
1.71, -1.46923, -0.0353187, 0.698562; 
1.72, -1.46921, -0.035253, 0.698642; 
1.73, -1.46921, -0.0352395, 0.698662; 
1.74, -1.4692, -0.035222, 0.698714; 
1.75, -1.46922, -0.0353011, 0.69865; 
1.76, -1.46923, -0.0353214, 0.698638; 
1.77, -1.46922, -0.0353196, 0.698669; 
1.78, -1.46924, -0.0353565, 0.698635; 
1.79, -1.46924, -0.0353802, 0.698632; 
1.8, -1.46922, -0.035312, 0.698719; 
1.81, -1.46924, -0.0353708, 0.698667; 
1.82, -1.46923, -0.0353619, 0.698694; 
1.83, -1.46925, -0.0354242, 0.698614; 
1.84, -1.46924, -0.0353919, 0.698644; 
1.85, -1.46925, -0.0354221, 0.69863; 
1.86, -1.46923, -0.0353555, 0.698737; 
1.87, -1.46924, -0.0353631, 0.698749; 
1.88, -1.46924, -0.0353604, 0.698768; 
1.89, -1.46923, -0.0353675, 0.698747; 
1.9, -1.46922, -0.0353394, 0.698758; 
1.91, -1.46921, -0.0353246, 0.698753; 
1.92, -1.46922, -0.0353427, 0.69875; 
1.93, -1.46923, -0.035377, 0.698739; 
1.94, -1.46923, -0.0353647, 0.698757; 
1.95, -1.46923, -0.0353581, 0.698771; 
1.96, -1.46925, -0.035413, 0.698687; 
1.97, -1.46924, -0.0353963, 0.698675; 
1.98, -1.46921, -0.0353307, 0.698726; 
1.99, -1.46923, -0.0353513, 0.698736; 
2, -1.46924, -0.0353532, 0.698741; 
2.01, -1.46922, -0.0352882, 0.698801; 
2.02, -1.46922, -0.0353185, 0.698724; 
2.03, -1.46922, -0.0353116, 0.698698; 
2.04, -1.46922, -0.035294, 0.698697; 
2.05, -1.46921, -0.0352882, 0.698727; 
2.06, -1.46924, -0.0353442, 0.698683; 
2.07, -1.46925, -0.035361, 0.698618; 
2.08, -1.46923, -0.0353319, 0.698648; 
2.09, -1.46921, -0.0352446, 0.698736; 
2.1, -1.46921, -0.0352681, 0.698639; 
2.11, -1.46919, -0.0351879, 0.698666; 
2.12, -1.46918, -0.0351581, 0.698717; 
2.13, -1.46924, -0.035311, 0.698623; 
2.14, -1.46926, -0.0353399, 0.698571; 
2.15, -1.46924, -0.0353166, 0.6986; 
2.16, -1.46925, -0.0353166, 0.698544; 
2.17, -1.46921, -0.0352304, 0.698617; 
2.18, -1.4692, -0.0352477, 0.698604; 
2.19, -1.46919, -0.0352145, 0.698626; 
2.2, -1.46919, -0.0352115, 0.698681; 
2.21, -1.46923, -0.0352497, 0.698635; 
2.22, -1.4692, -0.0351872, 0.69865; 
2.23, -1.46916, -0.035142, 0.698628; 
2.24, -1.46918, -0.0351693, 0.698565; 
2.25, -1.46919, -0.0352074, 0.698533; 
2.26, -1.46923, -0.0352955, 0.698486; 
2.27, -1.4692, -0.0352037, 0.698619; 
2.28, -1.4692, -0.0351746, 0.698653; 
2.29, -1.4692, -0.035178, 0.69862; 
2.3, -1.46919, -0.0351961, 0.698596; 
2.31, -1.46921, -0.0352088, 0.698571; 
2.32, -1.46922, -0.0352072, 0.698578; 
2.33, -1.4692, -0.0351862, 0.698604; 
2.34, -1.46922, -0.0352557, 0.698559; 
2.35, -1.46922, -0.0352772, 0.698548; 
2.36, -1.46922, -0.0352628, 0.698573; 
2.37, -1.46921, -0.0352569, 0.698604; 
2.38, -1.46921, -0.0352503, 0.698609; 
2.39, -1.4692, -0.0352271, 0.69861; 
2.4, -1.46919, -0.035214, 0.698619; 
2.41, -1.4692, -0.0352405, 0.69861; 
2.42, -1.4692, -0.0352363, 0.698624; 
2.43, -1.4692, -0.0352467, 0.698646; 
2.44, -1.46921, -0.035254, 0.698652; 
2.45, -1.46921, -0.0352559, 0.698658; 
2.46, -1.46919, -0.0352362, 0.698657; 
2.47, -1.4692, -0.0352606, 0.698646; 
2.48, -1.46921, -0.0352804, 0.698625; 
2.49, -1.46921, -0.0352733, 0.698664; 
2.5, -1.46922, -0.0352697, 0.698714; 
2.51, -1.46923, -0.0353129, 0.69871; 
2.52, -1.46924, -0.0353347, 0.698704; 
2.53, -1.46922, -0.0353132, 0.6987; 
2.54, -1.46922, -0.0353141, 0.698681; 
2.55, -1.46921, -0.0353027, 0.698696; 
2.56, -1.46922, -0.0353237, 0.698697; 
2.57, -1.46921, -0.0353078, 0.69874; 
2.58, -1.46923, -0.0353344, 0.698717; 
2.59, -1.46924, -0.0353505, 0.698702; 
2.6, -1.46923, -0.0353287, 0.698732; 
2.61, -1.46923, -0.0353303, 0.698749; 
2.62, -1.46923, -0.0353441, 0.698728; 
2.63, -1.46922, -0.0353071, 0.698757; 
2.64, -1.46923, -0.0353446, 0.698726; 
2.65, -1.46924, -0.0353477, 0.698725; 
2.66, -1.46922, -0.0353089, 0.698772; 
2.67, -1.46924, -0.0353631, 0.698712; 
2.68, -1.46922, -0.0353395, 0.698744; 
2.69, -1.46922, -0.0353225, 0.69876; 
2.7, -1.46923, -0.0353304, 0.698729; 
2.71, -1.46924, -0.0353612, 0.698695; 
2.72, -1.46923, -0.0353417, 0.698701; 
2.73, -1.46922, -0.0353369, 0.698707; 
2.74, -1.46922, -0.035325, 0.698724; 
2.75, -1.46921, -0.0353226, 0.698719; 
2.76, -1.46923, -0.0353503, 0.698679; 
2.77, -1.46921, -0.0352829, 0.698753; 
2.78, -1.46921, -0.0352688, 0.698749; 
2.79, -1.46925, -0.0353538, 0.698631; 
2.8, -1.46921, -0.0353226, 0.698634; 
2.81, -1.46922, -0.0353308, 0.698639; 
2.82, -1.46923, -0.0353348, 0.698647; 
2.83, -1.46922, -0.0352641, 0.69869; 
2.84, -1.46921, -0.0352758, 0.698689; 
2.85, -1.46919, -0.0352207, 0.698678; 
2.86, -1.4692, -0.035232, 0.698664; 
2.87, -1.4692, -0.0352572, 0.698664; 
2.88, -1.46921, -0.0353129, 0.698583; 
2.89, -1.46925, -0.035426, 0.698469; 
2.9, -1.4692, -0.035286, 0.698589; 
2.91, -1.46919, -0.035216, 0.69866; 
2.92, -1.4692, -0.0352766, 0.698634; 
2.93, -1.4692, -0.035227, 0.698665; 
2.94, -1.46922, -0.0352859, 0.698573; 
2.95, -1.4692, -0.0352241, 0.69858; 
2.96, -1.46918, -0.0351724, 0.69868; 
2.97, -1.4692, -0.0352506, 0.698621; 
2.98, -1.46918, -0.0351689, 0.698711; 
2.99, -1.46921, -0.035238, 0.698647; 
3, -1.46918, -0.0352183, 0.698624; 
3.01, -1.46917, -0.0351671, 0.698653; 
3.02, -1.46917, -0.0351765, 0.698637; 
3.03, -1.46919, -0.0352077, 0.698607; 
3.04, -1.46921, -0.0352392, 0.698576; 
3.05, -1.46922, -0.0352578, 0.698558; 
3.06, -1.46921, -0.0352341, 0.698575; 
3.07, -1.46918, -0.0351959, 0.698618; 
3.08, -1.4692, -0.0352263, 0.69862; 
3.09, -1.46921, -0.0352698, 0.698583; 
3.1, -1.4692, -0.0352434, 0.698608; 
3.11, -1.46919, -0.0352349, 0.698625; 
3.12, -1.4692, -0.0352646, 0.698593; 
3.13, -1.4692, -0.0352263, 0.698629; 
3.14, -1.4692, -0.035238, 0.698634; 
3.15, -1.46921, -0.0352687, 0.698636; 
3.16, -1.46922, -0.0352977, 0.698623; 
3.17, -1.46922, -0.0353007, 0.698632; 
3.18, -1.4692, -0.0352574, 0.698684; 
3.19, -1.46922, -0.0353093, 0.698615; 
3.2, -1.4692, -0.0352818, 0.698633; 
3.21, -1.4692, -0.0352588, 0.698664; 
3.22, -1.46921, -0.0352989, 0.698643; 
3.23, -1.4692, -0.0352811, 0.698682; 
3.24, -1.46921, -0.035292, 0.698696; 
3.25, -1.46922, -0.0353142, 0.698679; 
3.26, -1.46922, -0.0353026, 0.698682; 
3.27, -1.46922, -0.0353063, 0.698679; 
3.28, -1.46923, -0.0353621, 0.698643; 
3.29, -1.46922, -0.0353295, 0.698696; 
3.3, -1.46923, -0.0353438, 0.698693; 
3.31, -1.46922, -0.0353435, 0.698679; 
3.32, -1.46921, -0.0353219, 0.698703; 
3.33, -1.46921, -0.0353191, 0.698703; 
3.34, -1.46922, -0.0353379, 0.698692; 
3.35, -1.46921, -0.0353086, 0.698739; 
3.36, -1.46922, -0.0353371, 0.698724; 
3.37, -1.46922, -0.0353492, 0.698709; 
3.38, -1.46924, -0.0353877, 0.69867; 
3.39, -1.46923, -0.0353489, 0.698701; 
3.4, -1.46923, -0.0353605, 0.698691; 
3.41, -1.46921, -0.0353178, 0.698719; 
3.42, -1.4692, -0.0352747, 0.69874; 
3.43, -1.46922, -0.035327, 0.698711; 
3.44, -1.46923, -0.0353506, 0.69871; 
3.45, -1.46922, -0.0353322, 0.698731; 
3.46, -1.46923, -0.0353638, 0.698671; 
3.47, -1.4692, -0.0352972, 0.698712; 
3.48, -1.46921, -0.0353196, 0.698677; 
3.49, -1.46923, -0.0353233, 0.698635; 
3.5, -1.46922, -0.035332, 0.698624; 
3.51, -1.46922, -0.0353106, 0.698639; 
3.52, -1.46922, -0.0352638, 0.698743; 
3.53, -1.46924, -0.0353516, 0.698642; 
3.54, -1.46923, -0.035336, 0.69865; 
3.55, -1.46925, -0.0353414, 0.698674; 
3.56, -1.46924, -0.0353262, 0.698695; 
3.57, -1.46919, -0.0352435, 0.69876; 
3.58, -1.46922, -0.0353312, 0.698619; 
3.59, -1.46921, -0.0352924, 0.698633; 
3.6, -1.46916, -0.0351762, 0.698724; 
3.61, -1.46914, -0.0351556, 0.698754; 
3.62, -1.46918, -0.0351797, 0.698761; 
3.63, -1.46921, -0.0352826, 0.698655; 
3.64, -1.4692, -0.0352871, 0.698629; 
3.65, -1.4692, -0.035256, 0.698614; 
3.66, -1.4692, -0.0352564, 0.69859; 
3.67, -1.46921, -0.035262, 0.698614; 
3.68, -1.46924, -0.0353084, 0.698546; 
3.69, -1.46923, -0.0352817, 0.698562; 
3.7, -1.46922, -0.03529, 0.698568; 
3.71, -1.46921, -0.0352295, 0.698641; 
3.72, -1.46919, -0.0352198, 0.698663; 
3.73, -1.46924, -0.03531, 0.698573; 
3.74, -1.46921, -0.0352628, 0.698611; 
3.75, -1.46922, -0.0352996, 0.69854; 
3.76, -1.46919, -0.0352038, 0.698614; 
3.77, -1.46918, -0.0351962, 0.698645; 
3.78, -1.46916, -0.0351341, 0.698715; 
3.79, -1.46919, -0.0351951, 0.698674; 
3.8, -1.46919, -0.0352117, 0.698643; 
3.81, -1.4692, -0.0352776, 0.698591; 
3.82, -1.46922, -0.0353005, 0.698565; 
3.83, -1.4692, -0.0352566, 0.69861; 
3.84, -1.46921, -0.035253, 0.698593; 
3.85, -1.4692, -0.0352419, 0.6986; 
3.86, -1.4692, -0.0352309, 0.69863; 
3.87, -1.46919, -0.0352123, 0.698668; 
3.88, -1.4692, -0.0352599, 0.698648; 
3.89, -1.46921, -0.0352648, 0.698651; 
3.9, -1.46922, -0.0352967, 0.698629; 
3.91, -1.46921, -0.0352835, 0.698659; 
3.92, -1.46923, -0.0353155, 0.698639; 
3.93, -1.46923, -0.0353437, 0.69859; 
3.94, -1.46921, -0.0353053, 0.69862; 
3.95, -1.46921, -0.0352812, 0.698654; 
3.96, -1.46921, -0.0352786, 0.69868; 
3.97, -1.46922, -0.0352924, 0.698686; 
3.98, -1.46922, -0.0353308, 0.698659; 
3.99, -1.46922, -0.0353151, 0.698678; 
4, -1.4692, -0.035288, 0.698692; 
4.01, -1.4692, -0.0352885, 0.69868; 
4.02, -1.4692, -0.0352897, 0.698696; 
4.03, -1.46921, -0.0353025, 0.698678; 
4.04, -1.46922, -0.0353089, 0.698699; 
4.05, -1.46923, -0.035329, 0.698694; 
4.06, -1.46922, -0.0353206, 0.698693; 
4.07, -1.46921, -0.0353025, 0.698694; 
4.08, -1.46922, -0.035313, 0.698682; 
4.09, -1.46921, -0.035297, 0.698708; 
4.1, -1.46921, -0.0352976, 0.698706; 
4.11, -1.46922, -0.0353198, 0.698705; 
4.12, -1.46925, -0.0353857, 0.698665; 
4.13, -1.46924, -0.0353568, 0.698702; 
4.14, -1.46922, -0.035329, 0.698716; 
4.15, -1.46922, -0.0353475, 0.698669; 
4.16, -1.46919, -0.0352759, 0.698712; 
4.17, -1.4692, -0.0352774, 0.698719; 
4.18, -1.46919, -0.035265, 0.698723; 
4.19, -1.4692, -0.0352726, 0.698704; 
4.2, -1.46923, -0.0353758, 0.698653; 
4.21, -1.46923, -0.0353598, 0.69868; 
4.22, -1.46923, -0.0353214, 0.698716; 
4.23, -1.46923, -0.0353465, 0.698687; 
4.24, -1.46922, -0.0353147, 0.698686; 
4.25, -1.46922, -0.0353024, 0.698675; 
4.26, -1.46919, -0.0352655, 0.698684; 
4.27, -1.46922, -0.0353168, 0.698621; 
4.28, -1.4692, -0.0352827, 0.698689; 
4.29, -1.4692, -0.0352743, 0.698686; 
4.3, -1.46921, -0.0352669, 0.6987; 
4.31, -1.46921, -0.0352504, 0.698692; 
4.32, -1.46921, -0.0352678, 0.698669; 
4.33, -1.46921, -0.0352977, 0.698619; 
4.34, -1.4692, -0.0352693, 0.69864; 
4.35, -1.46922, -0.0352975, 0.698626; 
4.36, -1.46922, -0.0353071, 0.698622; 
4.37, -1.46922, -0.0353222, 0.698591; 
4.38, -1.4692, -0.0352904, 0.698608; 
4.39, -1.4692, -0.0352553, 0.698641; 
4.4, -1.46919, -0.0352662, 0.698664; 
4.41, -1.4692, -0.0352407, 0.698677; 
4.42, -1.46918, -0.0352272, 0.698702; 
4.43, -1.46919, -0.0352545, 0.698633; 
4.44, -1.46919, -0.035216, 0.698652; 
4.45, -1.46921, -0.0352761, 0.698557; 
4.46, -1.46919, -0.0351908, 0.698664; 
4.47, -1.4692, -0.0352496, 0.69864; 
4.48, -1.46922, -0.0352528, 0.698655; 
4.49, -1.46921, -0.03528, 0.698615; 
4.5, -1.46921, -0.0352374, 0.698632; 
4.51, -1.46921, -0.0352562, 0.698628; 
4.52, -1.46921, -0.0352717, 0.698593; 
4.53, -1.46918, -0.0352077, 0.698657; 
4.54, -1.46921, -0.0353007, 0.698583; 
4.55, -1.4692, -0.0352506, 0.69864; 
4.56, -1.46921, -0.0353034, 0.69858; 
4.57, -1.46921, -0.0352758, 0.698616; 
4.58, -1.4692, -0.0352813, 0.698613; 
4.59, -1.46921, -0.0352833, 0.69862; 
4.6, -1.4692, -0.035265, 0.698634; 
4.61, -1.4692, -0.0352627, 0.698632; 
4.62, -1.46921, -0.0352661, 0.69864; 
4.63, -1.46921, -0.0352858, 0.698647; 
4.64, -1.46922, -0.0352899, 0.698653; 
4.65, -1.46921, -0.0352774, 0.698674; 
4.66, -1.4692, -0.035264, 0.698673; 
4.67, -1.46921, -0.0352738, 0.698659; 
4.68, -1.46921, -0.0352889, 0.698647; 
4.69, -1.4692, -0.0352643, 0.698678; 
4.7, -1.4692, -0.0352701, 0.698675; 
4.71, -1.46921, -0.0353183, 0.698647; 
4.72, -1.46921, -0.0353026, 0.698667; 
4.73, -1.46921, -0.0352958, 0.698679; 
4.74, -1.46921, -0.0352853, 0.698686; 
4.75, -1.46921, -0.035285, 0.698707; 
4.76, -1.46922, -0.0352941, 0.698699; 
4.77, -1.46922, -0.0353196, 0.698679; 
4.78, -1.46921, -0.0353131, 0.698689; 
4.79, -1.46922, -0.0353186, 0.698681; 
4.8, -1.46922, -0.0353151, 0.698696; 
4.81, -1.46923, -0.0353461, 0.698659; 
4.82, -1.46921, -0.0353048, 0.6987; 
4.83, -1.46921, -0.0352874, 0.698725; 
4.84, -1.46921, -0.0353258, 0.698699; 
4.85, -1.46922, -0.0353216, 0.698682; 
4.86, -1.46923, -0.0353572, 0.698649; 
4.87, -1.46922, -0.0353301, 0.698669; 
4.88, -1.46921, -0.0353103, 0.698703; 
4.89, -1.46921, -0.0352939, 0.698748; 
4.9, -1.46922, -0.0353305, 0.698698; 
4.91, -1.46922, -0.0352968, 0.698687; 
4.92, -1.46922, -0.0353159, 0.698682; 
4.93, -1.46921, -0.0353078, 0.698735; 
4.94, -1.46922, -0.0353098, 0.698731; 
4.95, -1.46922, -0.0353167, 0.698707; 
4.96, -1.46921, -0.0352912, 0.69869; 
4.97, -1.46922, -0.0353179, 0.698665; 
4.98, -1.46923, -0.0353321, 0.69867; 
4.99, -1.46923, -0.0353762, 0.698634; 
5, -1.46922, -0.0352858, 0.698704; 
5.01, -1.46921, -0.0352809, 0.698705; 
5.02, -1.46921, -0.0353113, 0.698604; 
5.03, -1.4692, -0.0352716, 0.698624; 
5.04, -1.46919, -0.0352249, 0.698669; 
5.05, -1.46924, -0.0353458, 0.698584; 
5.06, -1.46923, -0.0353347, 0.698629; 
5.07, -1.46923, -0.0352818, 0.698677; 
5.08, -1.4692, -0.0352406, 0.698687; 
5.09, -1.46918, -0.0352302, 0.698687; 
5.1, -1.4692, -0.0352516, 0.698638; 
5.11, -1.4692, -0.035226, 0.69868; 
5.12, -1.46923, -0.0352935, 0.698626; 
5.13, -1.46924, -0.0353128, 0.698595; 
5.14, -1.4692, -0.0352346, 0.698667; 
5.15, -1.46922, -0.035296, 0.698619; 
5.16, -1.46921, -0.0352773, 0.698644; 
5.17, -1.46923, -0.0352948, 0.698604; 
5.18, -1.4692, -0.0351949, 0.698689; 
5.19, -1.46921, -0.0352321, 0.698654; 
5.2, -1.46921, -0.0352402, 0.698672; 
5.21, -1.46919, -0.0351906, 0.698702; 
5.22, -1.46919, -0.0352165, 0.698688; 
5.23, -1.4692, -0.0352381, 0.698619; 
5.24, -1.4692, -0.0352591, 0.698594; 
5.25, -1.46922, -0.03529, 0.69857; 
5.26, -1.46923, -0.0353079, 0.698566; 
5.27, -1.46923, -0.035292, 0.698578; 
5.28, -1.46922, -0.035288, 0.698591; 
5.29, -1.46923, -0.0352991, 0.698602; 
5.3, -1.46921, -0.0352523, 0.698649; 
5.31, -1.4692, -0.0352447, 0.698643; 
5.32, -1.46921, -0.0352974, 0.698586; 
5.33, -1.4692, -0.0352566, 0.698625; 
5.34, -1.4692, -0.035246, 0.698655; 
5.35, -1.4692, -0.0352686, 0.698621; 
5.36, -1.4692, -0.0352489, 0.698644; 
5.37, -1.4692, -0.035253, 0.69866; 
5.38, -1.4692, -0.0352424, 0.698671; 
5.39, -1.4692, -0.0352507, 0.698662; 
5.4, -1.46921, -0.0352729, 0.698645; 
5.41, -1.46921, -0.0352745, 0.698659; 
5.42, -1.4692, -0.0352718, 0.698677; 
5.43, -1.46922, -0.0352979, 0.698655; 
5.44, -1.46921, -0.0352769, 0.698671; 
5.45, -1.46921, -0.0352839, 0.698678; 
5.46, -1.46922, -0.0353106, 0.698655; 
5.47, -1.46922, -0.0353368, 0.69865; 
5.48, -1.46923, -0.0353236, 0.698678; 
5.49, -1.46922, -0.0353115, 0.69869; 
5.5, -1.4692, -0.0352732, 0.698705; 
5.51, -1.46921, -0.035305, 0.698667; 
5.52, -1.46921, -0.0353025, 0.698682; 
5.53, -1.46921, -0.0352897, 0.698715; 
5.54, -1.46923, -0.0353241, 0.698678; 
5.55, -1.46921, -0.035292, 0.698725; 
5.56, -1.46922, -0.0353338, 0.698673; 
5.57, -1.46923, -0.03536, 0.698638; 
5.58, -1.46922, -0.0353289, 0.698668; 
5.59, -1.4692, -0.0352895, 0.698702; 
5.6, -1.46922, -0.0352983, 0.69871; 
5.61, -1.46922, -0.0353101, 0.698705; 
5.62, -1.46922, -0.0353263, 0.698681; 
5.63, -1.46922, -0.0352999, 0.69871; 
5.64, -1.46921, -0.0352952, 0.698688; 
5.65, -1.46922, -0.0353328, 0.698653; 
5.66, -1.46922, -0.0353196, 0.698669; 
5.67, -1.46922, -0.035337, 0.698654; 
5.68, -1.4692, -0.0352898, 0.698703; 
5.69, -1.4692, -0.0352714, 0.698706; 
5.7, -1.46921, -0.0353089, 0.698638; 
5.71, -1.4692, -0.0352558, 0.698715; 
5.72, -1.46922, -0.0353145, 0.698679; 
5.73, -1.46924, -0.0353618, 0.698643; 
5.74, -1.4692, -0.0352448, 0.698754; 
5.75, -1.46922, -0.0353105, 0.69866; 
5.76, -1.46919, -0.0352202, 0.698698; 
5.77, -1.46923, -0.0353499, 0.698536; 
5.78, -1.4692, -0.0352042, 0.69868; 
5.79, -1.46921, -0.0352766, 0.698647; 
5.8, -1.46923, -0.0352907, 0.698674; 
5.81, -1.46923, -0.0353067, 0.69867; 
5.82, -1.46923, -0.0353251, 0.698659; 
5.83, -1.46919, -0.0352482, 0.698663; 
5.84, -1.46917, -0.0352431, 0.698599; 
5.85, -1.46915, -0.0351655, 0.698677; 
5.86, -1.4692, -0.0352869, 0.698597; 
5.87, -1.46922, -0.0353029, 0.698636; 
5.88, -1.4692, -0.0352415, 0.698692; 
5.89, -1.4692, -0.0352241, 0.698683; 
5.9, -1.46921, -0.0352714, 0.698606; 
5.91, -1.46919, -0.0352315, 0.698639; 
5.92, -1.46921, -0.035246, 0.698645; 
5.93, -1.46922, -0.0352949, 0.698635; 
5.94, -1.46921, -0.0352778, 0.698651; 
5.95, -1.46922, -0.0352783, 0.698618; 
5.96, -1.46921, -0.0352743, 0.698599; 
5.97, -1.46922, -0.0352696, 0.698603; 
5.98, -1.46922, -0.0352797, 0.698574; 
5.99, -1.46922, -0.0352787, 0.698571; 
6, -1.4692, -0.0352239, 0.698632; 
6.01, -1.4692, -0.0352077, 0.698696; 
6.02, -1.46922, -0.0352775, 0.698635; 
6.03, -1.46922, -0.0352902, 0.698614; 
6.04, -1.46922, -0.0352788, 0.698632; 
6.05, -1.46922, -0.035278, 0.698619; 
6.06, -1.46921, -0.0352558, 0.698649; 
6.07, -1.46922, -0.0352888, 0.698609; 
6.08, -1.46923, -0.0352905, 0.698634; 
6.09, -1.46922, -0.0352696, 0.698656; 
6.1, -1.46922, -0.0352864, 0.698647; 
6.11, -1.46921, -0.0352502, 0.698672; 
6.12, -1.46923, -0.0352793, 0.698642; 
6.13, -1.46921, -0.035257, 0.698669; 
6.14, -1.46921, -0.0352506, 0.698692; 
6.15, -1.46921, -0.035259, 0.69868; 
6.16, -1.46921, -0.0352782, 0.698668; 
6.17, -1.46921, -0.0352835, 0.698672; 
6.18, -1.46922, -0.0353169, 0.698638; 
6.19, -1.46921, -0.0352975, 0.698679; 
6.2, -1.46921, -0.0352856, 0.698676; 
6.21, -1.46921, -0.0352809, 0.698689; 
6.22, -1.46921, -0.0352953, 0.698684; 
6.23, -1.46921, -0.0353099, 0.698658; 
6.24, -1.46921, -0.0352757, 0.698707; 
6.25, -1.46921, -0.0352848, 0.698708; 
6.26, -1.46922, -0.0353216, 0.698654; 
6.27, -1.46922, -0.0353105, 0.698683; 
6.28, -1.46922, -0.0353228, 0.698676; 
6.29, -1.46923, -0.0353357, 0.698661; 
6.3, -1.46922, -0.0353137, 0.698671; 
6.31, -1.46921, -0.0352898, 0.698696; 
6.32, -1.46921, -0.0352979, 0.698692; 
6.33, -1.46922, -0.0352959, 0.698697; 
6.34, -1.46922, -0.0353297, 0.698663; 
6.35, -1.46922, -0.0353303, 0.698664; 
6.36, -1.46922, -0.0353321, 0.698664; 
6.37, -1.46922, -0.0353294, 0.698653; 
6.38, -1.46922, -0.0353457, 0.698648; 
6.39, -1.46919, -0.0352522, 0.698769; 
6.4, -1.46922, -0.0352985, 0.698722; 
6.41, -1.4692, -0.03525, 0.69874; 
6.42, -1.4692, -0.0352671, 0.698714; 
6.43, -1.46922, -0.0353388, 0.698629; 
6.44, -1.46924, -0.0353634, 0.698603; 
6.45, -1.46923, -0.0353223, 0.698666; 
6.46, -1.4692, -0.0352942, 0.698666; 
6.47, -1.46922, -0.0353071, 0.698643; 
6.48, -1.4692, -0.035288, 0.698673; 
6.49, -1.46922, -0.0352965, 0.698655; 
6.5, -1.46922, -0.0353002, 0.698658; 
6.51, -1.46922, -0.035323, 0.698627; 
6.52, -1.46922, -0.0352998, 0.698655; 
6.53, -1.46917, -0.035211, 0.698732; 
6.54, -1.46921, -0.0353071, 0.698648; 
6.55, -1.4692, -0.0352386, 0.698676; 
6.56, -1.4692, -0.035267, 0.698659; 
6.57, -1.4692, -0.0352632, 0.69865; 
6.58, -1.46917, -0.0351854, 0.698741; 
6.59, -1.46919, -0.0352076, 0.698713; 
6.6, -1.46918, -0.0351765, 0.698723; 
6.61, -1.46922, -0.0353051, 0.698586; 
6.62, -1.46923, -0.0353211, 0.698568; 
6.63, -1.46921, -0.0352859, 0.698606; 
6.64, -1.46923, -0.0352998, 0.698583; 
6.65, -1.46922, -0.0353027, 0.698584; 
6.66, -1.46922, -0.0353133, 0.698598; 
6.67, -1.46921, -0.0352945, 0.698607; 
6.68, -1.46918, -0.0352276, 0.698668; 
6.69, -1.46922, -0.0353203, 0.69858; 
6.7, -1.46921, -0.0352604, 0.698652; 
6.71, -1.46919, -0.0352183, 0.69869; 
6.72, -1.46919, -0.035196, 0.698709; 
6.73, -1.46919, -0.0352332, 0.69866; 
6.74, -1.46921, -0.0352904, 0.698601; 
6.75, -1.46921, -0.0352806, 0.698614; 
6.76, -1.4692, -0.0352283, 0.698675; 
6.77, -1.46923, -0.0353137, 0.698598; 
6.78, -1.46922, -0.0352856, 0.698613; 
6.79, -1.4692, -0.0352643, 0.698646; 
6.8, -1.46922, -0.0353012, 0.698609; 
6.81, -1.46922, -0.0352985, 0.698624; 
6.82, -1.4692, -0.0352567, 0.698668; 
6.83, -1.46918, -0.0352209, 0.698706; 
6.84, -1.46918, -0.0352249, 0.698691; 
6.85, -1.46921, -0.03529, 0.698618; 
6.86, -1.46921, -0.0352682, 0.698649; 
6.87, -1.46921, -0.0352738, 0.698671; 
6.88, -1.46921, -0.0352767, 0.698684; 
6.89, -1.46921, -0.0352995, 0.698667; 
6.9, -1.46922, -0.0353057, 0.698631; 
6.91, -1.46921, -0.0352851, 0.698642; 
6.92, -1.46922, -0.0352923, 0.698656; 
6.93, -1.46921, -0.0352756, 0.698689; 
6.94, -1.46922, -0.0352998, 0.698688; 
6.95, -1.46921, -0.0352794, 0.698695; 
6.96, -1.46921, -0.0352964, 0.698667; 
6.97, -1.46921, -0.035304, 0.698654; 
6.98, -1.46922, -0.0353253, 0.698631; 
6.99, -1.46921, -0.0353064, 0.698661; 
7, -1.46922, -0.0353185, 0.698662; 
7.01, -1.46923, -0.0353479, 0.698643; 
7.02, -1.46922, -0.0353196, 0.698673; 
7.03, -1.46923, -0.0353231, 0.698664; 
7.04, -1.46921, -0.0353066, 0.69869; 
7.05, -1.46921, -0.035279, 0.698707; 
7.06, -1.46922, -0.0353322, 0.698657; 
7.07, -1.46923, -0.0353381, 0.69865; 
7.08, -1.46922, -0.0353056, 0.698688; 
7.09, -1.4692, -0.035278, 0.6987; 
7.1, -1.46918, -0.0352055, 0.698766; 
7.11, -1.46922, -0.0353162, 0.698665; 
7.12, -1.46922, -0.0353232, 0.698672; 
7.13, -1.46922, -0.0352962, 0.698703; 
7.14, -1.46922, -0.0353002, 0.698695; 
7.15, -1.46921, -0.035257, 0.698749; 
7.16, -1.4692, -0.0352773, 0.698716; 
7.17, -1.4692, -0.0352797, 0.698692; 
7.18, -1.4692, -0.0352861, 0.698651; 
7.19, -1.4692, -0.0352728, 0.698686; 
7.2, -1.46921, -0.0353282, 0.698629; 
7.21, -1.46922, -0.0353317, 0.698633; 
7.22, -1.46919, -0.0352523, 0.698713; 
7.23, -1.46923, -0.0353095, 0.698661; 
7.24, -1.46923, -0.0353363, 0.698603; 
7.25, -1.46922, -0.0353171, 0.698619; 
7.26, -1.46923, -0.0353022, 0.698664; 
7.27, -1.46921, -0.0352787, 0.69866; 
7.28, -1.46922, -0.0353251, 0.698601; 
7.29, -1.46921, -0.0352852, 0.698636; 
7.3, -1.46923, -0.0353422, 0.698574; 
7.31, -1.46919, -0.0352313, 0.698692; 
7.32, -1.46921, -0.0353042, 0.698634; 
7.33, -1.46917, -0.0351869, 0.698775; 
7.34, -1.46919, -0.0352336, 0.698697; 
7.35, -1.46922, -0.0352884, 0.698614; 
7.36, -1.46923, -0.0353064, 0.698591; 
7.37, -1.46921, -0.03527, 0.698635; 
7.38, -1.4692, -0.0352457, 0.698672; 
7.39, -1.46922, -0.0352873, 0.698632; 
7.4, -1.46919, -0.0352506, 0.698673; 
7.41, -1.46918, -0.0352111, 0.698699; 
7.42, -1.46922, -0.0352861, 0.698602; 
7.43, -1.46921, -0.0352815, 0.698575; 
7.44, -1.46919, -0.0352082, 0.698667; 
7.45, -1.46919, -0.0352174, 0.698668; 
7.46, -1.4692, -0.0352408, 0.698681; 
7.47, -1.46922, -0.0352912, 0.698619; 
7.48, -1.46921, -0.0352606, 0.698638; 
7.49, -1.46922, -0.0352894, 0.698616; 
7.5, -1.46922, -0.035278, 0.698623; 
7.51, -1.46923, -0.0353028, 0.698599; 
7.52, -1.46921, -0.0352654, 0.698648; 
7.53, -1.4692, -0.0352534, 0.698669; 
7.54, -1.46922, -0.0353125, 0.6986; 
7.55, -1.46921, -0.0353007, 0.698599; 
7.56, -1.4692, -0.0352657, 0.698634; 
7.57, -1.46919, -0.0352432, 0.698666; 
7.58, -1.4692, -0.0352445, 0.698679; 
7.59, -1.46921, -0.0352721, 0.698647; 
7.6, -1.46921, -0.0352763, 0.698654; 
7.61, -1.46921, -0.0352758, 0.698662; 
7.62, -1.46921, -0.0352806, 0.698663; 
7.63, -1.46921, -0.0352684, 0.698671; 
7.64, -1.46921, -0.0352783, 0.698674; 
7.65, -1.46921, -0.0352867, 0.698648; 
7.66, -1.46922, -0.0353084, 0.698636; 
7.67, -1.46921, -0.035285, 0.698675; 
7.68, -1.46922, -0.0353127, 0.698632; 
7.69, -1.4692, -0.0352765, 0.698663; 
7.7, -1.4692, -0.0352711, 0.698681; 
7.71, -1.46919, -0.0352575, 0.698698; 
7.72, -1.46921, -0.0352719, 0.698695; 
7.73, -1.46921, -0.0352762, 0.698703; 
7.74, -1.4692, -0.0352642, 0.698712; 
7.75, -1.46921, -0.035291, 0.69868; 
7.76, -1.46921, -0.0352871, 0.698676; 
7.77, -1.46922, -0.0353326, 0.698635; 
7.78, -1.46922, -0.0353229, 0.69866; 
7.79, -1.46922, -0.0353191, 0.698675; 
7.8, -1.46922, -0.0353285, 0.698669; 
7.81, -1.46922, -0.0353081, 0.698684; 
7.82, -1.46924, -0.0353329, 0.698651; 
7.83, -1.46924, -0.0353612, 0.698626; 
7.84, -1.46923, -0.0353238, 0.698671; 
7.85, -1.46921, -0.03528, 0.698721; 
7.86, -1.46921, -0.035297, 0.698709; 
7.87, -1.46921, -0.0352997, 0.698706; 
7.88, -1.4692, -0.0352891, 0.69871; 
7.89, -1.46922, -0.0353204, 0.69868; 
7.9, -1.46921, -0.035295, 0.698679; 
7.91, -1.46921, -0.0352738, 0.698706; 
7.92, -1.46922, -0.0353091, 0.698671; 
7.93, -1.46922, -0.0353299, 0.698653; 
7.94, -1.46923, -0.0353348, 0.698637; 
7.95, -1.46921, -0.0352829, 0.698688; 
7.96, -1.4692, -0.0352235, 0.698719; 
7.97, -1.46921, -0.0352577, 0.698687; 
7.98, -1.46922, -0.0353194, 0.698632; 
7.99, -1.46923, -0.0353424, 0.698583; 
8, -1.46922, -0.0353356, 0.698575; 
8.01, -1.4692, -0.0352585, 0.698694; 
8.02, -1.4692, -0.0352466, 0.698723; 
8.03, -1.4692, -0.0352178, 0.698719; 
8.04, -1.46921, -0.035266, 0.698647; 
8.05, -1.46923, -0.0352889, 0.698625; 
8.06, -1.4692, -0.0352509, 0.698653; 
8.07, -1.46925, -0.0353704, 0.698564; 
8.08, -1.46921, -0.0352743, 0.698673; 
8.09, -1.4692, -0.0352919, 0.698641; 
8.1, -1.46921, -0.0352887, 0.698592; 
8.11, -1.46919, -0.0352131, 0.698677; 
8.12, -1.4692, -0.0352327, 0.698634; 
8.13, -1.4692, -0.0352274, 0.698645; 
8.14, -1.4692, -0.035259, 0.698659; 
8.15, -1.46922, -0.0353039, 0.698609; 
8.16, -1.4692, -0.0352614, 0.698659; 
8.17, -1.46923, -0.0353325, 0.698586; 
8.18, -1.4692, -0.0352447, 0.698644; 
8.19, -1.46921, -0.0352659, 0.698639; 
8.2, -1.46921, -0.0352887, 0.698649; 
8.21, -1.46921, -0.0352765, 0.698664; 
8.22, -1.4692, -0.0352228, 0.698687; 
8.23, -1.46919, -0.0352236, 0.698659; 
8.24, -1.46921, -0.0352934, 0.698601; 
8.25, -1.46921, -0.0352735, 0.698627; 
8.26, -1.46921, -0.0352734, 0.698637; 
8.27, -1.46921, -0.0352735, 0.698661; 
8.28, -1.46922, -0.0352906, 0.698635; 
8.29, -1.46921, -0.03526, 0.69866; 
8.3, -1.4692, -0.0352501, 0.698674; 
8.31, -1.4692, -0.0352437, 0.69868; 
8.32, -1.46921, -0.0352693, 0.698657; 
8.33, -1.46921, -0.0352791, 0.698629; 
8.34, -1.46921, -0.0352753, 0.698639; 
8.35, -1.46921, -0.0352795, 0.698659; 
8.36, -1.46921, -0.0352872, 0.698668; 
8.37, -1.46921, -0.0352788, 0.698693; 
8.38, -1.46922, -0.0353013, 0.698658; 
8.39, -1.46921, -0.0352901, 0.698654; 
8.4, -1.46921, -0.0352989, 0.698623; 
8.41, -1.46921, -0.0352877, 0.698649; 
8.42, -1.4692, -0.035283, 0.698686; 
8.43, -1.46921, -0.0352988, 0.698686; 
8.44, -1.46921, -0.03527, 0.698728; 
8.45, -1.46922, -0.035299, 0.698703; 
8.46, -1.46923, -0.0353327, 0.698646; 
8.47, -1.46922, -0.0353246, 0.698654; 
8.48, -1.46922, -0.0353223, 0.698652; 
8.49, -1.46922, -0.0353229, 0.698649; 
8.5, -1.46921, -0.0353009, 0.698666; 
8.51, -1.46922, -0.035316, 0.698665; 
8.52, -1.46921, -0.0352992, 0.698699; 
8.53, -1.46921, -0.0352865, 0.698721; 
8.54, -1.4692, -0.0352784, 0.698706; 
8.55, -1.46922, -0.0353493, 0.698635; 
8.56, -1.4692, -0.0352944, 0.698659; 
8.57, -1.46921, -0.0353206, 0.698669; 
8.58, -1.46921, -0.0352792, 0.698719; 
8.59, -1.46921, -0.0353027, 0.698698; 
8.6, -1.46921, -0.035302, 0.698691; 
8.61, -1.46921, -0.035302, 0.69869; 
8.62, -1.46921, -0.0352951, 0.698684; 
8.63, -1.46922, -0.0353152, 0.698677; 
8.64, -1.46922, -0.035324, 0.698684; 
8.65, -1.46923, -0.035327, 0.698657; 
8.66, -1.46922, -0.035336, 0.698615; 
8.67, -1.46921, -0.0353134, 0.698638; 
8.68, -1.4692, -0.0352522, 0.698712; 
8.69, -1.46922, -0.0353493, 0.698627; 
8.7, -1.46917, -0.0352163, 0.698762; 
8.71, -1.46919, -0.0352588, 0.698705; 
8.72, -1.46918, -0.0352036, 0.698748; 
8.73, -1.46922, -0.0353093, 0.698619; 
8.74, -1.46924, -0.0353903, 0.698559; 
8.75, -1.46921, -0.0353158, 0.698642; 
8.76, -1.46922, -0.0353119, 0.698632; 
8.77, -1.46921, -0.0352677, 0.698668; 
8.78, -1.46924, -0.0353508, 0.698581; 
8.79, -1.46921, -0.0352647, 0.698658; 
8.8, -1.46919, -0.0352243, 0.698695; 
8.81, -1.46922, -0.0353225, 0.698608; 
8.82, -1.4692, -0.0352424, 0.698711; 
8.83, -1.46921, -0.0352729, 0.698646; 
8.84, -1.46917, -0.0351932, 0.698706; 
8.85, -1.46921, -0.0352691, 0.698629; 
8.86, -1.46921, -0.0352696, 0.698647; 
8.87, -1.4692, -0.0352211, 0.698692; 
8.88, -1.46921, -0.0352417, 0.698668; 
8.89, -1.46921, -0.0352605, 0.69866; 
8.9, -1.4692, -0.0352614, 0.698662; 
8.91, -1.46922, -0.0352967, 0.698626; 
8.92, -1.46922, -0.0352674, 0.698666; 
8.93, -1.46921, -0.0352868, 0.698602; 
8.94, -1.4692, -0.035272, 0.698607; 
8.95, -1.46919, -0.0352558, 0.698612; 
8.96, -1.46919, -0.0352438, 0.698644; 
8.97, -1.46918, -0.035225, 0.698661; 
8.98, -1.4692, -0.0352714, 0.698606; 
8.99, -1.4692, -0.0352763, 0.698619; 
9, -1.46921, -0.0352785, 0.698646; 
9.01, -1.46921, -0.035274, 0.698649; 
9.02, -1.4692, -0.0352551, 0.698653; 
9.03, -1.46921, -0.0352715, 0.698638; 
9.04, -1.46921, -0.0352567, 0.698645; 
9.05, -1.46921, -0.0352416, 0.698679; 
9.06, -1.46923, -0.0353125, 0.69863; 
9.07, -1.46921, -0.0352673, 0.698681; 
9.08, -1.4692, -0.035263, 0.698696; 
9.09, -1.46921, -0.0352791, 0.698649; 
9.1, -1.46922, -0.0353032, 0.69861; 
9.11, -1.46921, -0.0352989, 0.698603; 
9.12, -1.46922, -0.0352929, 0.698618; 
9.13, -1.46921, -0.0352652, 0.698672; 
9.14, -1.46922, -0.035298, 0.698678; 
9.15, -1.46922, -0.0352942, 0.698687; 
9.16, -1.46922, -0.0353018, 0.698668; 
9.17, -1.4692, -0.0352626, 0.698681; 
9.18, -1.4692, -0.035276, 0.698675; 
9.19, -1.4692, -0.035287, 0.698661; 
9.2, -1.46921, -0.0352892, 0.698661; 
9.21, -1.4692, -0.035273, 0.698697; 
9.22, -1.46921, -0.0352883, 0.698702; 
9.23, -1.46922, -0.035306, 0.698674; 
9.24, -1.46921, -0.0352862, 0.698702; 
9.25, -1.46922, -0.0353302, 0.698653; 
9.26, -1.46923, -0.0353586, 0.698623; 
9.27, -1.46923, -0.0353422, 0.698623; 
9.28, -1.46921, -0.0353035, 0.698665; 
9.29, -1.46921, -0.0353113, 0.698662; 
9.3, -1.46921, -0.0352971, 0.6987; 
9.31, -1.46921, -0.0352974, 0.698712; 
9.32, -1.46922, -0.0353227, 0.698682; 
9.33, -1.46921, -0.0352822, 0.698714; 
9.34, -1.4692, -0.0352762, 0.698694; 
9.35, -1.46922, -0.0353414, 0.698622; 
9.36, -1.46923, -0.0353502, 0.698601; 
9.37, -1.4692, -0.0352705, 0.698681; 
9.38, -1.4692, -0.0352647, 0.698689; 
9.39, -1.4692, -0.0352721, 0.698707; 
9.4, -1.4692, -0.0352629, 0.698726; 
9.41, -1.46921, -0.0352796, 0.698687; 
9.42, -1.46923, -0.0353521, 0.69862; 
9.43, -1.46922, -0.0353387, 0.698649; 
9.44, -1.4692, -0.0352819, 0.698711; 
9.45, -1.46922, -0.0353003, 0.698692; 
9.46, -1.46922, -0.0352797, 0.698692; 
9.47, -1.46919, -0.0352334, 0.698725; 
9.48, -1.46922, -0.0352958, 0.698653; 
9.49, -1.46921, -0.0352814, 0.698659; 
9.5, -1.46921, -0.0352541, 0.698691; 
9.51, -1.4692, -0.0352423, 0.698696; 
9.52, -1.46922, -0.0353223, 0.698624; 
9.53, -1.46922, -0.0353172, 0.698588; 
9.54, -1.46922, -0.0352909, 0.698628; 
9.55, -1.46922, -0.0352796, 0.698644; 
9.56, -1.46921, -0.035277, 0.69867; 
9.57, -1.4692, -0.0352636, 0.698657; 
9.58, -1.46923, -0.0352953, 0.698636; 
9.59, -1.46922, -0.0352975, 0.698639; 
9.6, -1.46919, -0.0352137, 0.698727; 
9.61, -1.46921, -0.0352977, 0.698629; 
9.62, -1.46921, -0.0352647, 0.698651; 
9.63, -1.46922, -0.0352881, 0.698594; 
9.64, -1.46921, -0.0352766, 0.698608; 
9.65, -1.46921, -0.0352698, 0.698614; 
9.66, -1.4692, -0.0352429, 0.698648; 
9.67, -1.4692, -0.0352626, 0.69863; 
9.68, -1.46919, -0.0352274, 0.698681; 
9.69, -1.46921, -0.0352716, 0.69864; 
9.7, -1.46922, -0.0353098, 0.698595; 
9.71, -1.46919, -0.0352239, 0.698655; 
9.72, -1.46921, -0.0352778, 0.698626; 
9.73, -1.46922, -0.0353003, 0.698635; 
9.74, -1.46921, -0.0352544, 0.69869; 
9.75, -1.46921, -0.0352678, 0.698682; 
9.76, -1.46922, -0.0353065, 0.698612; 
9.77, -1.46922, -0.035317, 0.698592; 
9.78, -1.4692, -0.0352647, 0.69863; 
9.79, -1.46921, -0.0352879, 0.698607; 
9.8, -1.4692, -0.035238, 0.698678; 
9.81, -1.46921, -0.035273, 0.698658; 
9.82, -1.46921, -0.0352931, 0.698645; 
9.83, -1.46921, -0.0352877, 0.698656; 
9.84, -1.46919, -0.0352528, 0.698679; 
9.85, -1.4692, -0.0352548, 0.698675; 
9.86, -1.4692, -0.0352491, 0.698699; 
9.87, -1.4692, -0.0352516, 0.69871; 
9.88, -1.46922, -0.0352983, 0.698665; 
9.89, -1.46923, -0.0353224, 0.698637; 
9.9, -1.46923, -0.0353361, 0.698626; 
9.91, -1.46923, -0.0353327, 0.698635; 
9.92, -1.4692, -0.0352766, 0.698687; 
9.93, -1.46921, -0.0352963, 0.698664; 
9.94, -1.4692, -0.0352586, 0.698694; 
9.95, -1.46921, -0.0352851, 0.698674; 
9.96, -1.46921, -0.0352943, 0.698664; 
9.97, -1.46921, -0.0352838, 0.698693; 
9.98, -1.46921, -0.0352784, 0.698716; 
9.99, -1.46922, -0.0352976, 0.698707; 
