0, 1.16612,0.25317,0.0346831,0,0,0,0;
0.01, -5.1987,0.765774,-0.223784,0,0,0,0;
0.02, 52.4926,11.1327,1.18508,0,0,0,0;
0.03, 113.767,18.7978,2.02095,0,0,0,0;
0.04, 121.949,25.5792,1.70607,0,0,0,0;
0.05, 94.6915,19.3315,0.810725,0,0,0,0;
0.06, 65.2643,11.7715,2.83775,0,0,0,0;
0.07, 42.7695,7.1637,5.74853,0,0,0,0;
0.08, 9.04287,0.682617,8.48894,0,0,0,0;
0.09, -21.7849,-7.42185,9.45536,0,0,0,0;
0.1, -34.6692,-12.3031,7.64436,0,0,0,0;
0.11, -51.2316,-15.2165,3.31569,0,0,0,0;
0.12, -52.5583,-17.1762,-1.62405,0,0,0,0;
0.13, -54.2094,-14.2776,-4.89744,0,0,0,0;
0.14, -44.7236,-9.05025,-6.16101,0,0,0,0;
0.15, -31.3083,-4.22317,-5.62435,0,0,0,0;
0.16, -22.3247,-1.16881,-3.63964,0,0,0,0;
0.17, -9.57977,0.52541,-1.56156,0,0,0,0;
0.18, -5.87744,1.60221,-0.142627,0,0,0,0;
0.19, -7.37406,1.5595,0.266389,0,0,0,0;
0.2, -7.74952,0.720084,-0.0310294,0,0,0,0;
0.21, -4.82525,-0.271021,-0.437821,0,0,0,0;
0.22, -10.2384,-0.512018,-1.26305,0,0,0,0;
0.23, -6.72859,-1.20577,-1.33146,0,0,0,0;
0.24, -3.6759,-0.846298,-1.15839,0,0,0,0;
0.25, -10.6797,-0.866238,-1.09678,0,0,0,0;
0.26, -7.26037,-1.35506,-0.527014,0,0,0,0;
0.27, -9.69029,-0.998704,-0.487288,0,0,0,0;
0.28, -11.2471,-0.731075,-0.742869,0,0,0,0;
0.29, -2.37836,-0.859098,-0.897164,0,0,0,0;
0.3, -3.49399,-0.643108,-0.926567,0,0,0,0;
0.31, -3.18346,-0.556851,-0.862296,0,0,0,0;
0.32, -12.3856,-0.420229,-0.421786,0,0,0,0;
0.33, -8.10842,-0.729647,-0.551327,0,0,0,0;
0.34, 3.56524,-1.13918,-0.474807,0,0,0,0;
0.35, -1.70402,-0.230098,-0.722352,0,0,0,0;
0.36, -2.12279,-0.0505286,-0.588202,0,0,0,0;
0.37, -3.52914,-0.55692,-0.321767,0,0,0,0;
0.38, -10.8656,-0.748227,-0.268892,0,0,0,0;
0.39, -1.09244,-0.54087,-0.45919,0,0,0,0;
0.4, 0.863301,0.213331,-0.611204,0,0,0,0;
0.41, -3.60731,-0.272969,-0.463119,0,0,0,0;
0.42, -3.53177,-1.00995,-0.428243,0,0,0,0;
0.43, -1.19934,0.259554,-0.288145,0,0,0,0;
0.44, -1.27215,0.064892,-0.0767378,0,0,0,0;
0.45, -4.13046,-0.986117,-0.130957,0,0,0,0;
0.46, -2.5228,-0.574237,-0.25158,0,0,0,0;
0.47, 0.245297,0.0886452,-0.397024,0,0,0,0;
0.48, -1.90838,-0.352593,-0.471547,0,0,0,0;
0.49, -2.34535,0.411576,-0.127251,0,0,0,0;
0.5, -1.09156,-0.748824,-0.103232,0,0,0,0;
0.51, -2.9218,-0.926667,-0.163787,0,0,0,0;
0.52, -4.44638,0.540592,0.0172623,0,0,0,0;
0.53, 3.39173,0.221849,-0.152421,0,0,0,0;
0.54, -2.11411,-0.186911,-0.333243,0,0,0,0;
0.55, 4.5633,-0.105962,-0.305181,0,0,0,0;
0.56, -5.7144,-0.845824,-0.161346,0,0,0,0;
0.57, -4.38862,-0.508746,-0.0949009,0,0,0,0;
0.58, -0.655549,0.788571,-0.307455,0,0,0,0;
0.59, 0.920452,0.197543,0.0885741,0,0,0,0;
0.6, -0.180175,-0.00234565,0.0567152,0,0,0,0;
0.61, 3.95928,-0.841576,0.190327,0,0,0,0;
0.62, -1.36716,-0.477474,0.00171079,0,0,0,0;
0.63, -5.30273,0.193724,-0.715008,0,0,0,0;
0.64, 2.87543,0.258911,-0.0235228,0,0,0,0;
0.65, -13.231,0.339271,0.0375712,0,0,0,0;
0.66, 1.88197,-0.896742,0.205363,0,0,0,0;
0.67, 13.6589,-0.0670281,-0.167387,0,0,0,0;
0.68, -4.62673,1.02974,-0.27108,0,0,0,0;
0.69, -9.27526,-0.197754,0.0459001,0,0,0,0;
0.7, 5.88533,-0.890002,0.0104332,0,0,0,0;
0.71, 3.74603,-0.78227,0.144758,0,0,0,0;
0.72, -7.73986,0.81684,-0.251229,0,0,0,0;
0.73, 6.1176,0.233754,-0.490301,0,0,0,0;
0.74, 4.30243,0.422051,0.355421,0,0,0,0;
0.75, -1.55911,-1.10231,0.0549823,0,0,0,0;
0.76, -10.4674,0.980599,-0.00675867,0,0,0,0;
0.77, 0.705533,-0.46897,-0.178887,0,0,0,0;
0.78, 0.951633,-0.578251,-0.140889,0,0,0,0;
0.79, -1.26957,0.508054,0.105282,0,0,0,0;
0.8, -1.26099,0.164396,-0.028883,0,0,0,0;
0.81, 4.8342,0.143866,-0.0205454,0,0,0,0;
0.82, 2.4421,-0.192585,-0.0485469,0,0,0,0;
0.83, -2.43482,-0.191505,-0.161449,0,0,0,0;
0.84, -3.67745,-0.399038,0.0911782,0,0,0,0;
0.85, 2.22628,0.364195,0.101445,0,0,0,0;
0.86, 1.38924,0.22924,0.0420272,0,0,0,0;
0.87, -3.1132,-0.406095,-0.0792704,0,0,0,0;
0.88, -0.289837,0.170695,-0.168139,0,0,0,0;
0.89, 0.741177,0.181447,-0.146807,0,0,0,0;
0.9, 1.54821,0.0623137,-0.0157982,0,0,0,0;
0.91, 0.916697,-0.43403,0.037313,0,0,0,0;
0.92, -1.64497,0.106566,0.010052,0,0,0,0;
0.93, -1.17181,0.344761,0.107536,0,0,0,0;
0.94, 0.0632012,-0.248114,0.105082,0,0,0,0;
0.95, -0.888096,-0.14502,-0.0592633,0,0,0,0;
0.96, 0.590526,-0.0918058,-0.158134,0,0,0,0;
0.97, 0.670135,0.0855951,-0.0786197,0,0,0,0;
0.98, -0.888971,0.20637,0.0692114,0,0,0,0;
0.99, -0.00536656,-0.0894042,0.0461128,0,0,0,0;
1, 4.36522,-0.694882,0.0689615,0,0,0,0;
1.01, -1.20066,0.441846,0.00971601,0,0,0,0;
1.02, -3.89896,0.444873,0.00927136,0,0,0,0;
1.03, -2.02718,-0.590318,-0.144252,0,0,0,0;
1.04, 3.87822,0.114167,-0.126691,0,0,0,0;
1.05, -1.73873,0.452366,-0.0477065,0,0,0,0;
1.06, 0.71286,-0.200447,0.163497,0,0,0,0;
1.07, 2.33078,-0.377525,0.237979,0,0,0,0;
1.08, -0.286035,0.201435,-0.20486,0,0,0,0;
1.09, -4.33192,0.10406,-0.0243816,0,0,0,0;
1.1, 3.69309,-0.386101,0.157559,0,0,0,0;
1.11, -1.13172,0.0822264,-0.0717189,0,0,0,0;
1.12, -0.0885072,0.257384,-0.0515962,0,0,0,0;
1.13, 0.694661,-0.0628212,0.00612426,0,0,0,0;
1.14, -1.87446,0.0304149,0.00884936,0,0,0,0;
1.15, 1.46511,0.00654813,0.087744,0,0,0,0;
1.16, -0.219073,-0.100979,0.0582505,0,0,0,0;
1.17, 0.33924,-0.132962,-0.0357461,0,0,0,0;
1.18, -0.676651,0.187083,-0.0384011,0,0,0,0;
1.19, -0.296418,-0.0225632,0.0435305,0,0,0,0;
1.2, -1.23643,-0.137441,-0.00801336,0,0,0,0;
1.21, 1.58865,0.0551141,-0.0219012,0,0,0,0;
1.22, 2.27176,0.119151,-0.0122294,0,0,0,0;
1.23, -4.89458,-0.0191818,-0.00968509,0,0,0,0;
1.24, 1.84861,-0.331984,0.028286,0,0,0,0;
1.25, 1.6428,0.231861,0.0110416,0,0,0,0;
1.26, -5.91097,0.394736,-0.00589126,0,0,0,0;
1.27, 6.25366,-0.649844,-0.0144188,0,0,0,0;
1.28, 0.131337,0.353938,0.221794,0,0,0,0;
1.29, -4.109,0.151041,0.0562514,0,0,0,0;
1.3, 1.10676,-0.831496,-0.102178,0,0,0,0;
1.31, 7.3806,0.472639,-0.159928,0,0,0,0;
1.32, -4.70291,0.52874,0.142824,0,0,0,0;
1.33, -3.16297,-0.601431,0.113516,0,0,0,0;
1.34, 0.851359,-0.707173,-0.0445356,0,0,0,0;
1.35, -1.406,0.89188,-0.0706982,0,0,0,0;
1.36, 0.935033,0.077935,-0.178432,0,0,0,0;
1.37, -0.0102706,-0.271292,-0.283729,0,0,0,0;
1.38, 5.06462,-0.16267,0.40947,0,0,0,0;
1.39, 0.344261,0.190611,0.0879383,0,0,0,0;
1.4, -0.0138621,-0.638514,-0.0557843,0,0,0,0;
1.41, -9.36223,0.385017,0.0174133,0,0,0,0;
1.42, 4.89328,0.452881,0.248464,0,0,0,0;
1.43, -2.80837,-0.783655,-0.186529,0,0,0,0;
1.44, -4.11806,0.263907,-0.15919,0,0,0,0;
1.45, 10.5331,1.10929,0.0217368,0,0,0,0;
1.46, 4.43874,-0.540682,0.00120833,0,0,0,0;
1.47, -8.34307,-0.467616,-0.220121,0,0,0,0;
1.48, 0.464876,1.0407,0.15764,0,0,0,0;
1.49, 3.77323,-0.680686,0.254847,0,0,0,0;
1.5, 5.85933,-1.49748,0.0567693,0,0,0,0;
1.51, -11.3342,1.39742,-0.371264,0,0,0,0;
1.52, -3.44801,0.680197,-0.178184,0,0,0,0;
1.53, 2.49918,-0.848801,0.0425285,0,0,0,0;
1.54, 3.15418,0.442245,0.300185,0,0,0,0;
1.55, 3.18078,-0.558052,0.126728,0,0,0,0;
1.56, -0.669683,0.0224319,-0.107152,0,0,0,0;
1.57, -4.11798,0.658439,-0.176566,0,0,0,0;
1.58, 0.0710976,0.0365856,-0.0412243,0,0,0,0;
1.59, 1.64623,-0.314922,-0.0354611,0,0,0,0;
1.6, 0.700268,-0.126394,-0.0138924,0,0,0,0;
1.61, -1.56783,-0.0236995,0.0939677,0,0,0,0;
1.62, 1.28529,-0.0104745,0.0775642,0,0,0,0;
1.63, -0.448265,-0.0511656,-0.0715998,0,0,0,0;
1.64, 0.0650629,0.0767393,0.0149546,0,0,0,0;
1.65, -1.56655,0.207136,0.0219314,0,0,0,0;
1.66, 0.884756,0.145166,-0.0723856,0,0,0,0;
1.67, 0.00169051,-0.0364938,-0.0698324,0,0,0,0;
1.68, -0.403617,0.0149246,-0.0144043,0,0,0,0;
1.69, 1.69504,-0.0935165,0.0671889,0,0,0,0;
1.7, -0.528889,-0.112464,-0.00658045,0,0,0,0;
1.71, -3.3647,0.147613,0.00329785,0,0,0,0;
1.72, 4.3194,-0.00641907,0.0172496,0,0,0,0;
1.73, 1.58588,-0.163133,0.0139932,0,0,0,0;
1.74, -0.362306,0.0920137,-0.085574,0,0,0,0;
1.75, -4.40658,0.19351,-0.00846306,0,0,0,0;
1.76, -0.887619,-0.061708,0.0616325,0,0,0,0;
1.77, 2.717,-0.0321986,-0.0469077,0,0,0,0;
1.78, -1.1073,-0.117227,0.0389335,0,0,0,0;
1.79, -0.495902,0.0364769,-0.00267102,0,0,0,0;
1.8, 4.66746,0.078885,-0.00954778,0,0,0,0;
1.81, -3.04804,-0.246668,0.0170705,0,0,0,0;
1.82, -0.463315,0.268153,0.00562366,0,0,0,0;
1.83, -2.22119,0.0404477,0.107154,0,0,0,0;
1.84, 1.94258,-0.322283,0.0288312,0,0,0,0;
1.85, 0.47303,0.00140753,-0.103116,0,0,0,0;
1.86, 3.70238,0.190742,-0.127308,0,0,0,0;
1.87, -0.545647,-0.167283,-0.00653696,0,0,0,0;
1.88, -1.84412,-0.162268,0.0393817,0,0,0,0;
1.89, -1.04807,0.41474,0.160836,0,0,0,0;
1.9, 0.724095,0.0228967,0.112744,0,0,0,0;
1.91, 0.270092,-0.192803,0.0229821,0,0,0,0;
1.92, -1.11606,-0.154082,-0.146164,0,0,0,0;
1.93, -1.14244,0.134984,-0.128543,0,0,0,0;
1.94, 1.21807,-0.158501,0.024597,0,0,0,0;
1.95, 0.956613,0.0258258,0.0462473,0,0,0,0;
1.96, -3.5157,0.121522,0.13993,0,0,0,0;
1.97, 0.680256,-0.0850493,0.10175,0,0,0,0;
1.98, 4.49213,0.0901346,-0.0115258,0,0,0,0;
1.99, -0.917783,-0.28928,-0.242708,0,0,0,0;
2, -1.42445,-0.0086565,-0.0541071,0,0,0,0;
2.01, 2.7575,0.00162971,0.10993,0,0,0,0;
2.02, -3.14222,0.377206,0.223655,0,0,0,0;
2.03, -1.52451,-0.293007,0.0447092,0,0,0,0;
2.04, 1.62689,-0.185055,-0.0837612,0,0,0,0;
2.05, 1.18004,0.39892,-0.184544,0,0,0,0;
2.06, -2.69174,0.0198955,-0.0952015,0,0,0,0;
2.07, -1.8004,-0.529666,0.216315,0,0,0,0;
2.08, 3.30053,0.533801,0.0291618,0,0,0,0;
2.09, 4.90605,-0.152847,-0.103504,0,0,0,0;
2.1, -4.35689,0.0355035,0.266567,0,0,0,0;
2.11, 0.611138,-0.544978,0.0983082,0,0,0,0;
2.12, 2.34428,0.262136,-0.294974,0,0,0,0;
2.13, -7.48651,0.296897,-0.392443,0,0,0,0;
2.14, -1.59743,-0.257107,0.161415,0,0,0,0;
2.15, 5.02852,0.363086,0.145965,0,0,0,0;
2.16, 0.0701108,-0.0975265,0.197768,0,0,0,0;
2.17, 3.58567,0.0917593,0.0183626,0,0,0,0;
2.18, -0.993696,0.363828,-0.145621,0,0,0,0;
2.19, -0.665485,-0.155111,-0.0169424,0,0,0,0;
2.2, 0.90999,-0.294408,-0.242033,0,0,0,0;
2.21, -3.18062,-0.507073,0.020368,0,0,0,0;
2.22, 1.55363,0.173557,0.323683,0,0,0,0;
2.23, 1.30635,0.592835,0.261697,0,0,0,0;
2.24, -3.23877,-0.335353,-0.0797924,0,0,0,0;
2.25, -1.57829,0.0105474,-0.257807,0,0,0,0;
2.26, -1.52885,0.216041,-0.269468,0,0,0,0;
2.27, 7.05608,-0.201269,-0.105313,0,0,0,0;
2.28, 1.99079,-0.408251,0.110544,0,0,0,0;
2.29, -3.80267,0.292032,0.240873,0,0,0,0;
2.3, -1.87118,0.641414,0.0543791,0,0,0,0;
2.31, -0.463109,-0.469377,-0.0530339,0,0,0,0;
2.32, 0.898539,-0.485686,-0.0866484,0,0,0,0;
2.33, 1.75509,0.413848,-0.0176466,0,0,0,0;
2.34, -2.87378,0.355523,-0.0758332,0,0,0,0;
2.35, -0.634771,0.149138,0.00839586,0,0,0,0;
2.36, 2.51592,-0.280162,0.0228216,0,0,0,0;
2.37, 1.30259,0.0937579,-0.0444231,0,0,0,0;
2.38, -0.357493,0.0254433,0.0658801,0,0,0,0;
2.39, -0.101075,-0.201379,0.141595,0,0,0,0;
2.4, 0.0773,-0.0470179,-0.00290868,0,0,0,0;
2.41, -1.36025,0.10223,-0.125571,0,0,0,0;
2.42, 0.215004,-0.143286,-0.0460389,0,0,0,0;
2.43, 0.597157,0.137248,-0.0717005,0,0,0,0;
2.44, -0.249446,0.0868534,0.0167456,0,0,0,0;
2.45, -0.0821154,-0.0942613,0.059213,0,0,0,0;
2.46, 0.489462,0.189519,0.154981,0,0,0,0;
2.47, -1.06325,-0.161119,-0.0638954,0,0,0,0;
2.48, -1.02623,-0.204781,-0.0470456,0,0,0,0;
2.49, 1.74001,0.08265,-0.0926792,0,0,0,0;
2.5, 1.45398,-0.126891,-0.148112,0,0,0,0;
2.51, -1.86878,0.310161,-0.0182722,0,0,0,0;
2.52, -1.13361,-0.09497,0.0924978,0,0,0,0;
2.53, 1.17113,0.0209057,0.247805,0,0,0,0;
2.54, -0.00490326,0.140629,0.108672,0,0,0,0;
2.55, 0.509365,-0.0563181,-0.0870074,0,0,0,0;
2.56, -0.479563,-0.187532,-0.153194,0,0,0,0;
2.57, 1.17143,0.162103,-0.0707489,0,0,0,0;
2.58, -1.32749,-0.215066,0.0504665,0,0,0,0;
2.59, -1.19621,-0.186762,0.0577261,0,0,0,0;
2.6, 1.9769,0.172346,0.0109237,0,0,0,0;
2.61, 0.605454,0.292314,-0.0391175,0,0,0,0;
2.62, -1.479,0.0157885,0.062798,0,0,0,0;
2.63, 1.3216,-0.403538,0.0560702,0,0,0,0;
2.64, -1.58057,0.0026257,-0.0515415,0,0,0,0;
2.65, -0.490578,0.0506601,-0.0217288,0,0,0,0;
2.66, 2.83686,0.182191,0.0068491,0,0,0,0;
2.67, -2.91937,0.109299,0.0316416,0,0,0,0;
2.68, 0.858399,0.0615017,-0.01062,0,0,0,0;
2.69, 1.72502,-0.214816,-0.00265362,0,0,0,0;
2.7, -1.64609,-0.233211,0.0853337,0,0,0,0;
2.71, -1.77203,0.10433,-0.0106123,0,0,0,0;
2.72, 1.49127,0.15861,0.0112861,0,0,0,0;
2.73, 1.05527,0.0774028,-0.0267811,0,0,0,0;
2.74, 0.356825,-0.059924,-0.0560912,0,0,0,0;
2.75, -0.420319,-0.073627,0.0242753,0,0,0,0;
2.76, -1.96274,-0.125556,0.0335482,0,0,0,0;
2.77, 3.59146,-0.0509625,-0.0423817,0,0,0,0;
2.78, 0.210986,-0.19224,0.0388936,0,0,0,0;
2.79, -6.50097,-0.142762,0.0850039,0,0,0,0;
2.8, 1.92636,1.02233,0.11118,0,0,0,0;
2.81, 2.32391,-0.220817,-0.179702,0,0,0,0;
2.82, -0.0984683,-0.505592,-0.148121,0,0,0,0;
2.83, 2.52864,-0.555189,0.118035,0,0,0,0;
2.84, -0.856584,0.851144,0.0110029,0,0,0,0;
2.85, -0.397856,-0.0432405,0.210149,0,0,0,0;
2.86, -1.05355,-0.272135,-0.0679413,0,0,0,0;
2.87, -1.03509,0.344475,-0.247533,0,0,0,0;
2.88, -2.61865,0.293292,0.108137,0,0,0,0;
2.89, -3.95492,-0.140968,0.00282064,0,0,0,0;
2.9, 9.26667,-0.349983,0.0443721,0,0,0,0;
2.91, 4.88585,-0.416604,-0.0412797,0,0,0,0;
2.92, -5.78857,0.643266,-0.174226,0,0,0,0;
2.93, -0.104709,-0.371156,0.0848573,0,0,0,0;
2.94, -3.16421,-0.204515,0.170202,0,0,0,0;
2.95, 1.65534,0.114559,0.165888,0,0,0,0;
2.96, 4.88841,0.276029,-0.302273,0,0,0,0;
2.97, -4.7292,0.245061,-0.178674,0,0,0,0;
2.98, 2.57156,-0.287361,0.0728657,0,0,0,0;
2.99, -2.62522,-0.0594458,0.0385868,0,0,0,0;
3, -1.13997,0.428759,0.231061,0,0,0,0;
3.01, 3.31402,-0.170929,0.0647231,0,0,0,0;
3.02, -0.889321,-0.21871,-0.120144,0,0,0,0;
3.03, -2.39263,-0.177898,-0.10387,0,0,0,0;
3.04, -0.909431,-0.123317,-0.0400788,0,0,0,0;
3.05, 0.516544,0.240458,0.0121021,0,0,0,0;
3.06, 2.23691,0.223241,0.0533482,0,0,0,0;
3.07, 2.36367,0.388134,0.0105759,0,0,0,0;
3.08, -1.75825,-0.327677,-0.171499,0,0,0,0;
3.09, -2.87664,-0.0444243,0.00645478,0,0,0,0;
3.1, 1.92117,-0.0309313,0.0988022,0,0,0,0;
3.11, 1.43026,0.135362,0.0081426,0,0,0,0;
3.12, -2.09771,-0.00667432,0.0127801,0,0,0,0;
3.13, 1.56437,-0.398195,0.0073458,0,0,0,0;
3.14, 0.199795,0.226588,-0.0589245,0,0,0,0;
3.15, -1.51305,0.181053,-0.113757,0,0,0,0;
3.16, -0.857805,-0.091496,0.00160101,0,0,0,0;
3.17, 0.820064,0.0390969,0.0631297,0,0,0,0;
3.18, 2.77789,-0.0883669,0.0386343,0,0,0,0;
3.19, -3.33325,-0.0968456,0.0960167,0,0,0,0;
3.2, 0.570613,0.207609,0.0631006,0,0,0,0;
3.21, 2.35255,-0.0680665,-0.0747756,0,0,0,0;
3.22, -2.16973,-0.020253,-0.109663,0,0,0,0;
3.23, 0.891049,0.092792,-0.0407409,0,0,0,0;
3.24, 0.390825,-0.087779,-0.0322675,0,0,0,0;
3.25, -1.58449,-0.00722418,0.0632358,0,0,0,0;
3.26, 0.416096,-0.207987,0.100278,0,0,0,0;
3.27, 0.319564,0.0807709,0.0133625,0,0,0,0;
3.28, -2.13685,0.287195,-0.0861468,0,0,0,0;
3.29, 2.53996,-0.134265,-0.0552542,0,0,0,0;
3.3, 0.343959,-0.0417327,0.0221396,0,0,0,0;
3.31, -1.08251,0.125332,0.130698,0,0,0,0;
3.32, 1.2237,0.0920912,0.0247075,0,0,0,0;
3.33, -0.0898303,-0.228257,-0.0297867,0,0,0,0;
3.34, -1.34778,-0.202188,-0.0554847,0,0,0,0;
3.35, 1.80193,0.10494,-0.0548452,0,0,0,0;
3.36, -1.05627,0.181707,-0.00880597,0,0,0,0;
3.37, -1.3328,-0.0548529,0.0662144,0,0,0,0;
3.38, -1.19519,-0.173696,0.02247,0,0,0,0;
3.39, 2.58262,0.0632719,0.0431373,0,0,0,0;
3.4, 0.224102,0.136171,-0.00411088,0,0,0,0;
3.41, 0.991957,-0.00813917,0.0465959,0,0,0,0;
3.42, 1.17789,-0.203986,0.0626186,0,0,0,0;
3.43, -3.30692,-0.0421045,-0.170066,0,0,0,0;
3.44, -1.0661,0.261344,-0.112237,0,0,0,0;
3.45, 2.07762,0.0683913,0.0716715,0,0,0,0;
3.46, -1.81024,-0.0887954,0.167189,0,0,0,0;
3.47, 2.58597,-0.0556334,0.100107,0,0,0,0;
3.48, -0.869768,-0.163498,-0.0597889,0,0,0,0;
3.49, -2.12919,-0.678403,0.013338,0,0,0,0;
3.5, 0.627887,0.833853,-0.0212406,0,0,0,0;
3.51, 1.63778,-0.0543084,-0.0724857,0,0,0,0;
3.52, 3.3696,-0.463512,-0.273537,0,0,0,0;
3.53, -5.48286,0.691738,0.11701,0,0,0,0;
3.54, -0.345487,0.0425197,0.154091,0,0,0,0;
3.55, 2.30895,-0.59065,-0.16501,0,0,0,0;
3.56, 0.812501,0.201005,0.00581238,0,0,0,0;
3.57, 3.11629,0.576914,0.19759,0,0,0,0;
3.58, -6.67908,-0.249634,0.171624,0,0,0,0;
3.59, 0.453638,-0.272695,-0.0122925,0,0,0,0;
3.6, 7.21322,0.172331,-0.0149035,0,0,0,0;
3.61, -0.405751,0.301425,-0.130319,0,0,0,0;
3.62, -3.8512,-0.704146,-0.260291,0,0,0,0;
3.63, -5.78023,0.164471,0.041967,0,0,0,0;
3.64, 0.811493,0.384139,0.195816,0,0,0,0;
3.65, 3.37142,-0.551153,0.146521,0,0,0,0;
3.66, 0.260337,0.0717833,-0.00409673,0,0,0,0;
3.67, 0.403753,0.0392717,-0.261644,0,0,0,0;
3.68, -2.49126,-0.38441,0.00578615,0,0,0,0;
3.69, 1.65049,0.379786,0.108066,0,0,0,0;
3.7, 1.28556,0.426977,-0.0782747,0,0,0,0;
3.71, 2.65067,-0.143347,-0.0619064,0,0,0,0;
3.72, -0.0889108,0.200861,0.00485948,0,0,0,0;
3.73, -6.23616,-0.382764,-0.00697477,0,0,0,0;
3.74, 2.39452,0.0811206,0.0917675,0,0,0,0;
3.75, -0.508745,0.293986,0.149387,0,0,0,0;
3.76, 3.69414,-0.372778,0.021235,0,0,0,0;
3.77, 1.1177,0.161069,-0.189338,0,0,0,0;
3.78, 0.677233,0.213697,-0.0530072,0,0,0,0;
3.79, -4.14212,-0.312524,-0.0685669,0,0,0,0;
3.8, -2.3379,0.0702582,0.100418,0,0,0,0;
3.81, -1.24113,0.282651,-0.00666533,0,0,0,0;
3.82, 0.387609,-0.248978,-0.0106126,0,0,0,0;
3.83, 4.0635,-0.22615,0.0239719,0,0,0,0;
3.84, 0.0819497,-0.0865283,0.0804014,0,0,0,0;
3.85, -0.502747,0.233137,0.00812758,0,0,0,0;
3.86, 0.833642,0.139929,-0.122185,0,0,0,0;
3.87, 0.717002,-0.147401,-0.0816001,0,0,0,0;
3.88, -2.4581,0.273296,-0.0391479,0,0,0,0;
3.89, -0.50271,-0.0985651,0.0458728,0,0,0,0;
3.9, -0.450981,-0.153833,0.0304219,0,0,0,0;
3.91, 1.51424,0.158177,-0.00628571,0,0,0,0;
3.92, -0.719279,-0.0637983,-0.00630806,0,0,0,0;
3.93, -1.82932,-0.0126824,0.13061,0,0,0,0;
3.94, 2.75088,0.147727,0.0703445,0,0,0,0;
3.95, 1.97173,-0.131208,-0.0903384,0,0,0,0;
3.96, -0.545532,-0.151151,-0.124455,0,0,0,0;
3.97, -1.29893,-0.0397715,-0.0448915,0,0,0,0;
3.98, -1.86855,0.421337,0.0556847,0,0,0,0;
3.99, 1.21823,-0.0606915,0.0628145,0,0,0,0;
4, 1.61258,-0.175433,0.089828,0,0,0,0;
4.01, -0.818416,0.0602561,0.0413133,0,0,0,0;
4.02, -0.276662,-0.0962523,-0.118585,0,0,0,0;
4.03, -0.768147,-0.110935,-0.000434853,0,0,0,0;
4.04, 0.28133,-0.134281,-0.0902677,0,0,0,0;
4.05, -0.310406,0.00498989,-0.0341201,0,0,0,0;
4.06, 0.346863,0.34329,0.142207,0,0,0,0;
4.07, 0.784365,0.0746122,0.113314,0,0,0,0;
4.08, -0.802421,-0.33217,-0.0498058,0,0,0,0;
4.09, 0.8638,0.230716,-0.0685944,0,0,0,0;
4.1, -0.023512,0.0433345,0.00495178,0,0,0,0;
4.11, -1.13452,-0.208132,-0.0830005,0,0,0,0;
4.12, -2.44324,-0.193879,-0.0996845,0,0,0,0;
4.13, 2.60468,0.286379,0.0759479,0,0,0,0;
4.14, 2.17411,0.236332,0.160934,0,0,0,0;
4.15, -2.42112,-0.134849,0.114068,0,0,0,0;
4.16, 2.35841,-0.0863592,0.0598937,0,0,0,0;
4.17, 0.0978506,-0.12791,-0.149877,0,0,0,0;
4.18, -1.08282,0.160883,-0.0326357,0,0,0,0;
4.19, -1.06863,-0.21869,0.0247272,0,0,0,0;
4.2, -3.69126,0.188847,-0.246559,0,0,0,0;
4.21, 2.27254,-0.082067,-0.0141622,0,0,0,0;
4.22, 3.57948,-0.276701,0.144599,0,0,0,0;
4.23, -1.861,0.174417,0.0600017,0,0,0,0;
4.24, 0.0755458,0.168562,0.143442,0,0,0,0;
4.25, 0.38155,-0.126996,0.0427444,0,0,0,0;
4.26, 0.770254,0.205623,0.0218396,0,0,0,0;
4.27, -3.07061,-0.247615,-0.083246,0,0,0,0;
4.28, 2.39199,0.222367,-0.205909,0,0,0,0;
4.29, 0.962543,-0.0057098,0.0455815,0,0,0,0;
4.3, -0.816821,-0.437666,0.00447583,0,0,0,0;
4.31, -0.203275,-0.0930193,0.0849846,0,0,0,0;
4.32, -1.19394,0.422305,0.0296998,0,0,0,0;
4.33, -1.62293,0.373301,0.032466,0,0,0,0;
4.34, 2.06609,-0.321518,-0.0261311,0,0,0,0;
4.35, -0.227788,-0.263215,-0.133606,0,0,0,0;
4.36, -0.448057,0.281861,-0.0199887,0,0,0,0;
4.37, -0.364083,0.217337,0.113417,0,0,0,0;
4.38, 1.63809,-0.184,0.0587612,0,0,0,0;
4.39, 1.84557,-0.255074,-0.0532046,0,0,0,0;
4.4, -0.693626,0.340773,-0.162565,0,0,0,0;
4.41, -0.305219,-0.453332,0.0435633,0,0,0,0;
4.42, 0.391521,0.346659,0.0456684,0,0,0,0;
4.43, -2.93568,0.146953,0.161743,0,0,0,0;
4.44, 1.18144,-0.534085,0.0266454,0,0,0,0;
4.45, -2.72196,-0.0925574,0.00612406,0,0,0,0;
4.46, 4.7006,-0.0864588,-0.175552,0,0,0,0;
4.47, -0.951606,0.718645,-0.171959,0,0,0,0;
4.48, -1.59482,-0.33172,-0.028448,0,0,0,0;
4.49, -0.687049,0.42175,0.189788,0,0,0,0;
4.5, 1.70281,-0.379814,0.133608,0,0,0,0;
4.51, -0.0418994,-0.0806782,-0.116559,0,0,0,0;
4.52, -1.57891,0.313599,0.0413599,0,0,0,0;
4.53, 3.4801,0.118635,0.0288501,0,0,0,0;
4.54, -3.96643,-0.0925823,-0.146583,0,0,0,0;
4.55, 1.80067,-0.167723,-0.0136776,0,0,0,0;
4.56, -1.16607,0.125365,0.0853653,0,0,0,0;
4.57, 1.00185,-0.152439,-0.0266259,0,0,0,0;
4.58, 0.772753,0.0407682,-0.00832818,0,0,0,0;
4.59, -0.480821,0.0538112,-0.0124129,0,0,0,0;
4.6, 0.673729,-0.169327,0.0303512,0,0,0,0;
4.61, -0.237049,0.0270187,0.0350885,0,0,0,0;
4.62, -0.375619,-0.0585026,-0.0648332,0,0,0,0;
4.63, -0.431722,0.10927,-0.098667,0,0,0,0;
4.64, 0.0573026,-0.03235,0.0107677,0,0,0,0;
4.65, 0.965053,0.139146,0.061584,0,0,0,0;
4.66, 0.102773,-0.0188546,0.104532,0,0,0,0;
4.67, -1.08163,-0.0217313,0.020142,0,0,0,0;
4.68, -0.728177,-0.0248377,-0.0548473,0,0,0,0;
4.69, 1.71085,-0.0294486,-0.0315793,0,0,0,0;
4.7, -0.0983399,0.146589,0.0101746,0,0,0,0;
4.71, -2.39062,0.0899916,-0.0665334,0,0,0,0;
4.72, 1.26742,-0.159885,0.0113567,0,0,0,0;
4.73, 1.24026,-0.139374,0.0297877,0,0,0,0;
4.74, -0.00841764,0.0346249,0.0402834,0,0,0,0;
4.75, 0.0497541,0.087615,-0.0643604,0,0,0,0;
4.76, -0.86348,-0.209384,-0.00679328,0,0,0,0;
4.77, -1.2113,0.241648,0.0414214,0,0,0,0;
4.78, 0.872494,0.122129,0.0170858,0,0,0,0;
4.79, 0.182909,-0.307838,0.00751589,0,0,0,0;
4.8, 0.414624,0.114277,-0.0312187,0,0,0,0;
4.81, -1.52341,-0.0740525,0.0228165,0,0,0,0;
4.82, 2.11279,0.042093,0.034543,0,0,0,0;
4.83, 1.36347,0.0898126,-0.0305053,0,0,0,0;
4.84, -2.69127,0.237021,-0.0405577,0,0,0,0;
4.85, -0.687572,-0.383422,0.0896081,0,0,0,0;
4.86, -0.733579,-0.0269122,-0.00513148,0,0,0,0;
4.87, 1.84254,0.093021,-0.00132275,0,0,0,0;
4.88, 1.90767,0.0675782,-0.0515854,0,0,0,0;
4.89, 0.523441,-0.0736988,-0.121653,0,0,0,0;
4.9, -3.12928,0.0743593,0.108769,0,0,0,0;
4.91, 0.0450952,-0.455265,0.214207,0,0,0,0;
4.92, 0.318916,0.109246,-0.119921,0,0,0,0;
4.93, 1.51291,0.749292,-0.224754,0,0,0,0;
4.94, -0.278688,-0.328678,0.0524923,0,0,0,0;
4.95, -1.45398,-0.214333,0.159744,0,0,0,0;
4.96, 0.399701,-0.0491547,0.163976,0,0,0,0;
4.97, -0.836444,0.0323855,-0.0982085,0,0,0,0;
4.98, -0.0144376,-0.0147187,-0.185193,0,0,0,0;
4.99, -1.01117,0.279078,-0.0102752,0,0,0,0;
5, 4.35823,-0.476126,0.122779,0,0,0,0;
5.01, 0.316092,0.219047,0.0380521,0,0,0,0;
5.02, -4.93647,0.105841,0.219066,0,0,0,0;
5.03, 1.69034,-0.277711,-0.0249845,0,0,0,0;
5.04, 3.36822,-0.0437345,-0.176348,0,0,0,0;
5.05, -5.87047,0.10535,-0.248236,0,0,0,0;
5.06, 1.30746,0.391124,-0.0827082,0,0,0,0;
5.07, 4.44875,-0.578931,0.128184,0,0,0,0;
5.08, 0.374102,0.333222,0.239813,0,0,0,0;
5.09, -1.36356,0.621848,0.0457245,0,0,0,0;
5.1, -2.73717,-0.486458,-0.0221952,0,0,0,0;
5.11, 1.48315,-0.545518,-0.161887,0,0,0,0;
5.12, -2.27771,0.15267,-0.11186,0,0,0,0;
5.13, -1.09868,0.129493,0.0959099,0,0,0,0;
5.14, 5.42589,0.350101,0.095143,0,0,0,0;
5.15, -2.56109,-0.048087,-0.0974526,0,0,0,0;
5.16, -0.188121,0.154886,-0.0193035,0,0,0,0;
5.17, -0.517604,-0.578199,0.089122,0,0,0,0;
5.18, 4.14518,-0.333221,0.0485745,0,0,0,0;
5.19, -1.98722,0.581568,-0.046639,0,0,0,0;
5.2, -1.70922,0.380152,-0.129752,0,0,0,0;
5.21, 2.3303,-0.245746,0.100816,0,0,0,0;
5.22, -1.39474,0.242694,0.00347459,0,0,0,0;
5.23, -2.90858,-0.22716,0.138015,0,0,0,0;
5.24, -0.151914,-0.160171,-0.0262188,0,0,0,0;
5.25, 0.236859,-0.136014,-0.149577,0,0,0,0;
5.26, 0.715732,0.115723,-0.0688329,0,0,0,0;
5.27, 1.64884,-0.102271,0.0472865,0,0,0,0;
5.28, 0.705921,0.162735,0.00808532,0,0,0,0;
5.29, -0.396038,0.179476,-0.0741517,0,0,0,0;
5.3, 1.85412,-0.12152,0.0446396,0,0,0,0;
5.31, -0.57565,-0.013667,0.110979,0,0,0,0;
5.32, -3.7544,0.227397,0.00976937,0,0,0,0;
5.33, 2.25592,-0.0773325,-0.0241243,0,0,0,0;
5.34, 1.80405,-0.164415,-0.0968345,0,0,0,0;
5.35, -2.3775,-0.00845051,0.0470491,0,0,0,0;
5.36, 0.632631,-0.050523,0.0191327,0,0,0,0;
5.37, 0.61479,-0.026311,-0.0962955,0,0,0,0;
5.38, -0.0390736,0.091424,0.0343599,0,0,0,0;
5.39, -0.765179,-0.0606819,0.0446565,0,0,0,0;
5.4, -1.10584,0.059764,-0.0155276,0,0,0,0;
5.41, 0.721225,0.160876,-0.0405584,0,0,0,0;
5.42, 0.9715,0.0550699,-0.0239014,0,0,0,0;
5.43, -1.33809,-0.18725,0.0209104,0,0,0,0;
5.44, 0.831045,-0.22575,0.0560445,0,0,0,0;
5.45, 0.433965,0.309261,-0.0215771,0,0,0,0;
5.46, -1.56076,-0.0352061,-0.0172587,0,0,0,0;
5.47, -0.436596,0.0893917,-0.0488975,0,0,0,0;
5.48, 1.7351,-0.185034,-0.0225493,0,0,0,0;
5.49, 0.855548,0.0162863,0.0775241,0,0,0,0;
5.5, 0.669967,0.0494954,0.143404,0,0,0,0;
5.51, -2.38088,-0.0887846,-0.00900158,0,0,0,0;
5.52, 0.00947165,0.0324502,-0.111654,0,0,0,0;
5.53, 1.7371,0.0184975,-0.083162,0,0,0,0;
5.54, -2.04201,-0.14813,0.0400735,0,0,0,0;
5.55, 1.68271,0.253006,0.0144886,0,0,0,0;
5.56, -1.73088,0.0617272,0.056542,0,0,0,0;
5.57, -1.78179,-0.146793,0.0456618,0,0,0,0;
5.58, 2.91517,-0.0186319,-0.0128245,0,0,0,0;
5.59, 2.32465,-0.0610123,-0.000883549,0,0,0,0;
5.6, -1.26494,-0.220418,-0.0981919,0,0,0,0;
5.61, -1.45005,0.249555,-0.0119333,0,0,0,0;
5.62, -0.906493,0.162333,0.083101,0,0,0,0;
5.63, 1.66764,-0.268466,-0.00891652,0,0,0,0;
5.64, -0.0998842,0.0900975,0.101875,0,0,0,0;
5.65, -2.20998,0.142703,-0.0343182,0,0,0,0;
5.66, 1.21169,-0.088951,-0.0745407,0,0,0,0;
5.67, 0.121278,0.139501,-7.6564e-05,0,0,0,0;
5.68, 2.12807,-0.197825,-0.00264849,0,0,0,0;
5.69, 0.260439,-0.238422,0.0544558,0,0,0,0;
5.7, -3.71673,0.247273,0.113963,0,0,0,0;
5.71, 3.06372,-0.0983877,-0.161771,0,0,0,0;
5.72, -1.65001,0.116173,-0.14506,0,0,0,0;
5.73, -2.90793,-0.168358,0.000159578,0,0,0,0;
5.74, 6.84125,0.004545,0.131034,0,0,0,0;
5.75, -3.67894,0.261789,0.149838,0,0,0,0;
5.76, 1.04604,-0.227969,0.158847,0,0,0,0;
5.77, -5.78481,-0.0149608,-0.0243064,0,0,0,0;
5.78, 6.83588,-0.389292,-0.16463,0,0,0,0;
5.79, -0.422794,0.554081,-0.230736,0,0,0,0;
5.8, -2.47756,-0.0519905,-0.156513,0,0,0,0;
5.81, 0.375981,-0.00402641,0.0938543,0,0,0,0;
5.82, -0.410051,0.385507,0.118555,0,0,0,0;
5.83, 2.41579,-0.107457,0.357215,0,0,0,0;
5.84, -1.30932,0.106175,0.227064,0,0,0,0;
5.85, 2.70388,-0.32489,-0.26119,0,0,0,0;
5.86, -5.11941,-0.10726,-0.397526,0,0,0,0;
5.87, -0.35137,-0.165011,-0.221699,0,0,0,0;
5.88, 5.0042,-0.126956,0.196805,0,0,0,0;
5.89, -0.339278,0.117435,0.257101,0,0,0,0;
5.9, -4.39187,0.251933,0.0977253,0,0,0,0;
5.91, 2.07199,0.0756029,-0.053629,0,0,0,0;
5.92, 0.844671,-0.290166,-0.187921,0,0,0,0;
5.93, -2.01017,0.324318,-0.15202,0,0,0,0;
5.94, 1.19665,0.0779204,0.102084,0,0,0,0;
5.95, -0.186834,-0.401056,0.206544,0,0,0,0;
5.96, -0.3925,0.1105,0.0761063,0,0,0,0;
5.97, 0.679717,0.00206107,-0.0997496,0,0,0,0;
5.98, -0.673471,0.010971,0.00450362,0,0,0,0;
5.99, 0.131584,0.112163,-0.00646127,0,0,0,0;
6, 3.12159,-0.177196,-0.0767373,0,0,0,0;
6.01, 1.19052,0.193574,-0.187055,0,0,0,0;
6.02, -5.04318,0.185727,0.0229057,0,0,0,0;
6.03, -1.26534,-0.167095,0.142448,0,0,0,0;
6.04, 2.44492,-0.0644248,0.0125096,0,0,0,0;
6.05, 0.264975,-0.037875,0.0490987,0,0,0,0;
6.06, 0.97756,-0.0148371,-0.0305811,0,0,0,0;
6.07, -1.84351,0.154984,0.00758427,0,0,0,0;
6.08, 0.243834,-0.0583657,-0.104834,0,0,0,0;
6.09, 1.7424,0.0220372,0.0191019,0,0,0,0;
6.1, -1.03251,-0.0252356,0.0263933,0,0,0,0;
6.11, 0.946624,-0.0454545,0.0702945,0,0,0,0;
6.12, -1.52763,-0.174294,-0.00719221,0,0,0,0;
6.13, 0.748976,0.258025,-0.0221131,0,0,0,0;
6.14, 1.0304,0.0694023,-0.0577701,0,0,0,0;
6.15, -1.21303,-0.0617107,0.0318637,0,0,0,0;
6.16, -1.03966,0.109165,0.00927466,0,0,0,0;
6.17, 0.367534,0.0289292,-0.0275799,0,0,0,0;
6.18, -1.04854,0.0712321,0.0320534,0,0,0,0;
6.19, 1.82606,-0.133912,-0.0606056,0,0,0,0;
6.2, 0.729605,-0.295363,0.069573,0,0,0,0;
6.21, -0.305727,0.0314497,0.00154942,0,0,0,0;
6.22, -0.772648,0.210495,-0.0432692,0,0,0,0;
6.23, -1.0087,0.157353,0.0760673,0,0,0,0;
6.24, 2.28278,-0.285073,-0.054476,0,0,0,0;
6.25, -0.131269,0.00884455,-0.0477705,0,0,0,0;
6.26, -3.03445,-0.0523144,0.0927901,0,0,0,0;
6.27, 1.42299,0.0968905,-0.0464241,0,0,0,0;
6.28, 0.554285,0.0548394,-0.0330384,0,0,0,0;
6.29, -0.884121,-0.132221,0.0402452,0,0,0,0;
6.3, 1.14508,0.0340374,0.0737496,0,0,0,0;
6.31, 1.38303,0.18956,-0.00181163,0,0,0,0;
6.32, -1.03235,-0.197012,-0.0623236,0,0,0,0;
6.33, -0.544702,-0.143917,-0.0213092,0,0,0,0;
6.34, -1.46718,0.289949,0.0265341,0,0,0,0;
6.35, 0.370124,0.0345306,0.00488634,0,0,0,0;
6.36, 0.855227,-0.110083,-0.00984098,0,0,0,0;
6.37, -0.00983795,0.0573676,0.06771,0,0,0,0;
6.38, -0.387027,0.0450744,-0.0559556,0,0,0,0;
6.39, 5.08384,-0.168444,-0.120839,0,0,0,0;
6.4, -3.26808,-0.331451,0.0199562,0,0,0,0;
6.41, -0.687149,0.150752,0.204139,0,0,0,0;
6.42, -0.497089,0.349967,0.0308808,0,0,0,0;
6.43, -4.07392,0.0596781,-0.0463066,0,0,0,0;
6.44, 0.134742,-0.476654,-0.0692418,0,0,0,0;
6.45, 4.91768,0.0893299,-0.101802,0,0,0,0;
6.46, 1.22912,0.414053,0.159026,0,0,0,0;
6.47, -2.32336,-0.308186,0.0311688,0,0,0,0;
6.48, 0.78466,0.288207,-0.0923311,0,0,0,0;
6.49, -0.617531,-0.39028,-0.0127446,0,0,0,0;
6.5, -0.500923,-0.0646005,-0.0202104,0,0,0,0;
6.51, -0.884375,0.253938,0.0330477,0,0,0,0;
6.52, 1.55114,-0.140706,-0.0223289,0,0,0,0;
6.53, 4.32191,0.416994,0.0865641,0,0,0,0;
6.54, -5.81084,-0.113592,-0.0880381,0,0,0,0;
6.55, 0.886369,-0.571847,0.115529,0,0,0,0;
6.56, 0.506216,0.355032,-0.0408616,0,0,0,0;
6.57, -0.781378,0.142739,-0.025585,0,0,0,0;
6.58, 4.26358,-0.227233,-0.0491499,0,0,0,0;
6.59, -2.09697,-0.111532,-0.00898373,0,0,0,0;
6.6, -0.970845,0.0895269,0.107952,0,0,0,0;
6.61, -5.99181,0.150432,-0.0164764,0,0,0,0;
6.62, 0.349858,-0.0657141,-0.0560056,0,0,0,0;
6.63, 5.47348,0.0879082,-0.0120002,0,0,0,0;
6.64, -0.332826,-0.388805,0.00181867,0,0,0,0;
6.65, -0.513861,0.479155,0.00683806,0,0,0,0;
6.66, 0.485614,0.300679,-0.0928808,0,0,0,0;
6.67, 0.690904,-0.145135,0.0669302,0,0,0,0;
6.68, 2.70297,-0.182312,0.0735661,0,0,0,0;
6.69, -5.42422,-0.249314,-0.08041,0,0,0,0;
6.7, 2.27404,-0.153292,-0.0595727,0,0,0,0;
6.71, 3.26912,0.319585,0.0775628,0,0,0,0;
6.72, -1.02274,-0.107123,0.0261074,0,0,0,0;
6.73, -3.54406,0.080868,0.0284734,0,0,0,0;
6.74, -2.87104,0.133813,-0.0197636,0,0,0,0;
6.75, 2.32163,0.0553249,-0.0323085,0,0,0,0;
6.76, 4.11697,-0.382637,-0.0487627,0,0,0,0;
6.77, -4.42838,0.15319,-0.0277111,0,0,0,0;
6.78, 0.468058,-0.0501594,0.0850251,0,0,0,0;
6.79, 3.0273,0.377296,0.00204393,0,0,0,0;
6.8, -2.35349,-0.166454,-0.0364478,0,0,0,0;
6.81, 0.0357249,-0.166923,-0.0377625,0,0,0,0;
6.82, 2.7636,0.119732,0.0313812,0,0,0,0;
6.83, 1.10316,0.132928,0.0347842,0,0,0,0;
6.84, -2.09382,-0.0117704,0.0491076,0,0,0,0;
6.85, -4.31853,-0.309455,-0.01471,0,0,0,0;
6.86, 2.09083,-0.0877466,-0.0672648,0,0,0,0;
6.87, 1.93226,0.110611,-0.108834,0,0,0,0;
6.88, -0.228846,0.212407,-0.00223186,0,0,0,0;
6.89, -1.1972,0.184704,0.0717992,0,0,0,0;
6.9, -0.903797,-0.247307,0.158839,0,0,0,0;
6.91, 1.50026,-0.127524,0.0236272,0,0,0,0;
6.92, 0.55858,0.0298555,-0.160709,0,0,0,0;
6.93, 0.739355,-0.00642839,-0.0737053,0,0,0,0;
6.94, -1.03226,0.104343,-0.0259989,0,0,0,0;
6.95, 0.171443,0.15913,0.138355,0,0,0,0;
6.96, -0.931814,-0.00119026,0.0891553,0,0,0,0;
6.97, -0.567177,-0.124428,-0.0224588,0,0,0,0;
6.98, -0.3354,-0.0521793,-0.0373516,0,0,0,0;
6.99, 1.78904,0.13289,-0.0478708,0,0,0,0;
7, 0.0367028,-0.157214,-0.0552045,0,0,0,0;
7.01, -1.62671,-0.0901343,-0.0154997,0,0,0,0;
7.02, 1.73417,0.00988627,0.0475711,0,0,0,0;
7.03, 0.0406929,-0.00832596,0.0560366,0,0,0,0;
7.04, 0.406563,0.297825,-0.0106693,0,0,0,0;
7.05, 0.764455,-0.242045,0.0277414,0,0,0,0;
7.06, -3.21233,0.0300686,-0.0168087,0,0,0,0;
7.07, -0.32469,0.0501404,-0.0156767,0,0,0,0;
7.08, 2.92645,-0.205217,-0.0169554,0,0,0,0;
7.09, 0.90441,0.14497,0.0838596,0,0,0,0;
7.1, 2.05785,0.0562886,0.0299112,0,0,0,0;
7.11, -6.45717,0.0452972,-0.106099,0,0,0,0;
7.12, -0.672137,0.105031,-0.064533,0,0,0,0;
7.13, 3.82698,-0.35227,0.0132207,0,0,0,0;
7.14, -0.234129,-0.0983444,0.053714,0,0,0,0;
7.15, 1.56169,-0.0163885,-0.0275558,0,0,0,0;
7.16, -1.58356,0.688524,0.0935756,0,0,0,0;
7.17, -1.58092,-0.0742235,0.0872803,0,0,0,0;
7.18, -0.445905,-0.350626,0.0606531,0,0,0,0;
7.19, 1.78591,0.00710784,-0.175461,0,0,0,0;
7.2, -2.17901,0.0790863,-0.0637065,0,0,0,0;
7.21, 0.139929,-0.204545,-0.00960785,0,0,0,0;
7.22, 5.10261,0.0140047,0.0346193,0,0,0,0;
7.23, -3.33258,-0.218878,-0.0323714,0,0,0,0;
7.24, -3.3004,0.168128,0.132343,0,0,0,0;
7.25, 2.56839,0.287255,0.0204823,0,0,0,0;
7.26, 2.33857,-0.310497,-0.208856,0,0,0,0;
7.27, -0.126538,0.0523453,0.128432,0,0,0,0;
7.28, -3.29997,0.279709,0.0951857,0,0,0,0;
7.29, 1.91644,-0.0826842,-0.0444793,0,0,0,0;
7.3, -1.8006,0.0310726,-0.034757,0,0,0,0;
7.31, 5.134,-0.164373,-0.0417811,0,0,0,0;
7.32, -2.9016,0.280911,-0.0614412,0,0,0,0;
7.33, 3.80827,-0.0344503,-0.0495073,0,0,0,0;
7.34, -3.23246,-0.424516,0.153283,0,0,0,0;
7.35, -5.71741,-0.277796,0.0983744,0,0,0,0;
7.36, 1.15503,0.251512,-0.0586379,0,0,0,0;
7.37, 4.27256,0.509561,-0.0604475,0,0,0,0;
7.38, 1.77816,-0.0522052,-0.0665143,0,0,0,0;
7.39, -3.25542,-0.188739,-0.00529024,0,0,0,0;
7.4, 1.37422,0.281058,0.0426976,0,0,0,0;
7.41, 1.91586,-0.226896,0.065684,0,0,0,0;
7.42, -5.32102,-0.309814,0.0421686,0,0,0,0;
7.43, -0.425844,0.0269094,0.0697981,0,0,0,0;
7.44, 6.09275,0.113066,-0.135367,0,0,0,0;
7.45, -0.573652,0.12302,-0.103083,0,0,0,0;
7.46, -2.37414,0.0678477,-0.111127,0,0,0,0;
7.47, -2.69777,0.0384994,0.108615,0,0,0,0;
7.48, 1.97644,-0.0447621,0.136732,0,0,0,0;
7.49, 0.0533571,-0.101789,-0.0616242,0,0,0,0;
7.5, 0.267978,-0.136499,-0.0105939,0,0,0,0;
7.51, -0.556201,0.151542,0.00945383,0,0,0,0;
7.52, 2.14756,0.102809,-0.0394128,0,0,0,0;
7.53, 0.941495,0.339172,0.00338568,0,0,0,0;
7.54, -4.25321,-0.238863,0.0422185,0,0,0,0;
7.55, 0.418078,-0.114344,0.0633323,0,0,0,0;
7.56, 3.18832,0.0395152,-0.0171908,0,0,0,0;
7.57, 0.89441,0.0471208,-0.0626079,0,0,0,0;
7.58, -1.10553,-0.268338,-0.0773356,0,0,0,0;
7.59, -2.35931,-0.109408,0.0397673,0,0,0,0;
7.6, 0.227231,0.309056,0.00637512,0,0,0,0;
7.61, 0.879329,-0.225442,-0.0334364,0,0,0,0;
7.62, -0.00523776,0.179175,0.0241399,0,0,0,0;
7.63, 0.412431,0.0743279,0.0543132,0,0,0,0;
7.64, -0.250209,0.0376834,-0.0384298,0,0,0,0;
7.65, -1.01732,-0.155897,0.0625682,0,0,0,0;
7.66, -0.511386,0.0348327,-0.0284959,0,0,0,0;
7.67, 2.07468,-0.0165244,-0.0795577,0,0,0,0;
7.68, -1.40895,0.0832528,0.0958798,0,0,0,0;
7.69, 1.25663,0.0610638,0.0535379,0,0,0,0;
7.7, 0.880384,-0.194239,-0.0986962,0,0,0,0;
7.71, -0.219082,0.0842364,-0.0119877,0,0,0,0;
7.72, -1.12286,-0.243608,-0.0345579,0,0,0,0;
7.73, -0.278418,0.191554,-0.0100371,0,0,0,0;
7.74, 0.6671,0.0860264,0.0639328,0,0,0,0;
7.75, -1.47377,0.0251389,0.0463844,0,0,0,0;
7.76, 0.107477,-0.00199582,0.0214735,0,0,0,0;
7.77, -1.24978,-0.0555142,-0.0485741,0,0,0,0;
7.78, 1.40818,-0.0484011,-0.0714236,0,0,0,0;
7.79, 1.4677,0.151377,-0.0065588,0,0,0,0;
7.8, -0.774862,-0.112068,0.0277756,0,0,0,0;
7.81, 0.538354,-0.307981,0.0434614,0,0,0,0;
7.82, -1.37451,-0.0598522,0.0283692,0,0,0,0;
7.83, -1.20615,0.445937,-0.00923853,0,0,0,0;
7.84, 2.92862,0.0419548,-0.0310652,0,0,0,0;
7.85, 2.41912,-0.230261,-0.0194305,0,0,0,0;
7.86, -2.11882,0.434956,0.0224738,0,0,0,0;
7.87, -1.49503,-0.298746,0.00269923,0,0,0,0;
7.88, 0.573473,0.0961041,0.0500773,0,0,0,0;
7.89, -1.43704,-0.120066,-0.0231767,0,0,0,0;
7.9, 0.754501,-0.177904,0.083497,0,0,0,0;
7.91, 1.73839,-0.050653,-0.0501853,0,0,0,0;
7.92, -2.11125,0.109492,-0.0603172,0,0,0,0;
7.93, -1.12071,0.113701,-0.00359438,0,0,0,0;
7.94, 0.609243,-0.177539,0.0374849,0,0,0,0;
7.95, 3.18171,0.113973,0.0225073,0,0,0,0;
7.96, 1.76126,-0.365671,0.0701952,0,0,0,0;
7.97, -3.39221,0.280646,-0.0441356,0,0,0,0;
7.98, -3.58696,0.603847,-0.0724978,0,0,0,0;
7.99, -0.2668,-0.285023,0.0866472,0,0,0,0;
8, 2.08491,-0.275988,0.0388575,0,0,0,0;
8.01, 5.64213,-0.0901898,-0.2263,0,0,0,0;
8.02, -0.0836911,0.065443,-0.0661629,0,0,0,0;
8.03, -2.36634,-0.367273,0.213434,0,0,0,0;
8.04, -3.75235,0.471678,0.131895,0,0,0,0;
8.05, -0.857901,-0.209205,-0.120464,0,0,0,0;
8.06, 3.45528,0.359479,0.0117106,0,0,0,0;
8.07, -4.37483,-0.0760071,-0.170791,0,0,0,0;
8.08, 5.23662,0.00342575,-0.0196311,0,0,0,0;
8.09, 0.467978,0.408312,0.171896,0,0,0,0;
8.1, -3.11841,-0.398312,0.198237,0,0,0,0;
8.11, 4.11631,-0.385432,-0.132859,0,0,0,0;
8.12, -1.85302,-0.202651,-0.0462733,0,0,0,0;
8.13, -1.27502,0.319,-0.0309761,0,0,0,0;
8.14, 0.0945795,0.607743,-0.197686,0,0,0,0;
8.15, -2.26751,-0.322929,0.0465883,0,0,0,0;
8.16, 2.97704,-0.0129716,0.0874865,0,0,0,0;
8.17, -2.55386,-0.0936052,0.00346918,0,0,0,0;
8.18, 3.19997,-0.197294,0.139878,0,0,0,0;
8.19, 0.308445,0.214578,-0.086445,0,0,0,0;
8.2, -1.83195,0.315851,-0.173498,0,0,0,0;
8.21, 0.732284,-0.267332,0.0381103,0,0,0,0;
8.22, 1.7502,-0.384929,0.195292,0,0,0,0;
8.23, -1.39894,0.19427,0.102793,0,0,0,0;
8.24, -3.86853,0.210261,-0.15213,0,0,0,0;
8.25, 2.04141,0.00520327,-0.0798526,0,0,0,0;
8.26, 1.68482,-0.201473,-0.0245242,0,0,0,0;
8.27, 0.178313,0.15947,-0.060306,0,0,0,0;
8.28, -1.31192,0.048207,0.0921658,0,0,0,0;
8.29, 1.18889,-0.143316,0.0691846,0,0,0,0;
8.3, 0.705644,-0.0149426,-0.0312686,0,0,0,0;
8.31, -0.517918,0.114069,-0.0035997,0,0,0,0;
8.32, -1.63209,-0.0310773,-0.0150864,0,0,0,0;
8.33, -0.825926,-0.137348,0.0680401,0,0,0,0;
8.34, 1.2233,0.162208,-0.0250332,0,0,0,0;
8.35, 0.892865,0.140663,-0.123451,0,0,0,0;
8.36, -0.193373,-0.0605812,-0.0350216,0,0,0,0;
8.37, 0.499656,-0.0936169,0.00853768,0,0,0,0;
8.38, -1.51197,0.0589356,0.115006,0,0,0,0;
8.39, 0.07855,-0.0691669,0.0927885,0,0,0,0;
8.4, -0.249762,-0.0930949,0.043104,0,0,0,0;
8.41, 1.07506,0.0238165,-0.117985,0,0,0,0;
8.42, 1.30464,0.375916,-0.144802,0,0,0,0;
8.43, -1.10034,-0.156071,-0.0154263,0,0,0,0;
8.44, 0.995251,-0.431334,0.0208421,0,0,0,0;
8.45, -1.5148,0.150181,0.0543895,0,0,0,0;
8.46, -2.60857,0.118295,0.136221,0,0,0,0;
8.47, 1.52897,0.0621038,0.00478119,0,0,0,0;
8.48, 1.28139,0.141899,-0.0222075,0,0,0,0;
8.49, -0.114079,-0.189297,-0.0217254,0,0,0,0;
8.5, 0.861286,-0.149429,0.00122434,0,0,0,0;
8.51, -0.566598,0.122507,-0.0648577,0,0,0,0;
8.52, 0.72475,0.0533237,-0.059383,0,0,0,0;
8.53, 0.600147,-0.0855555,0.00873679,0,0,0,0;
8.54, -0.952995,0.186401,0.159437,0,0,0,0;
8.55, -3.76401,0.169677,0.00189147,0,0,0,0;
8.56, 2.64449,-0.370599,0.0608075,0,0,0,0;
8.57, 1.01507,0.0477939,-0.181572,0,0,0,0;
8.58, 1.36016,-0.177931,-0.0778088,0,0,0,0;
8.59, -1.41204,0.199008,0.0806844,0,0,0,0;
8.6, -1.0807,-0.016744,0.0608408,0,0,0,0;
8.61, 0.3838,-0.147075,0.000364175,0,0,0,0;
8.62, 0.188558,0.0240078,0.0383638,0,0,0,0;
8.63, -0.595594,0.027869,-0.0759449,0,0,0,0;
8.64, 0.190243,0.379392,-0.0539727,0,0,0,0;
8.65, -0.34704,-0.391881,0.112735,0,0,0,0;
8.66, -0.806427,0.0730371,0.149967,0,0,0,0;
8.67, 1.83353,0.265673,-0.0648867,0,0,0,0;
8.68, 3.37819,-0.472962,-0.152835,0,0,0,0;
8.69, -5.44761,0.376873,-0.0485432,0,0,0,0;
8.7, 5.4083,0.0717285,0.0595264,0,0,0,0;
8.71, -1.84697,-0.307289,0.0668511,0,0,0,0;
8.72, -0.484367,-0.104864,0.0387572,0,0,0,0;
8.73, -5.16635,-0.0608078,0.0180329,0,0,0,0;
8.74, -2.92048,0.298206,-0.141573,0,0,0,0;
8.75, 7.5782,0.267512,-0.0210847,0,0,0,0;
8.76, 1.20224,-0.464082,0.084519,0,0,0,0;
8.77, 0.0829279,-0.1499,0.0365598,0,0,0,0;
8.78, -4.54874,0.215224,-0.0321386,0,0,0,0;
8.79, 3.65144,-0.134241,0.013604,0,0,0,0;
8.8, 2.96015,0.309772,0.025165,0,0,0,0;
8.81, -6.60956,0.191112,-0.0893046,0,0,0,0;
8.82, 3.89211,-0.292147,-0.0970919,0,0,0,0;
8.83, -0.983356,-0.0973835,0.18056,0,0,0,0;
8.84, 1.75037,0.177199,0.121877,0,0,0,0;
8.85, -3.48715,-0.125163,-0.117774,0,0,0,0;
8.86, -0.482167,-0.0657813,-0.140049,0,0,0,0;
8.87, 3.83764,-0.112241,0.0298515,0,0,0,0;
8.88, -1.5293,-0.00134661,0.0439226,0,0,0,0;
8.89, -1.51705,0.443976,-0.0250397,0,0,0,0;
8.9, 0.610309,0.0876421,0.00295796,0,0,0,0;
8.91, -1.28892,-0.386893,-0.00124964,0,0,0,0;
8.92, 2.05805,-0.078974,-0.0289172,0,0,0,0;
8.93, -1.17836,0.372366,0.211665,0,0,0,0;
8.94, 0.232027,0.120912,0.0245086,0,0,0,0;
8.95, 1.27886,-0.271352,-0.0828085,0,0,0,0;
8.96, 0.702373,-0.0578362,-0.13547,0,0,0,0;
8.97, 0.24553,0.0825993,0.00363175,0,0,0,0;
8.98, -3.2195,-0.175277,0.0485817,0,0,0,0;
8.99, 0.21696,0.112924,-0.0689029,0,0,0,0;
9, 1.79655,0.0995797,-0.104599,0,0,0,0;
9.01, 0.116562,-0.117422,0.0715673,0,0,0,0;
9.02, 0.180621,-0.143949,0.125933,0,0,0,0;
9.03, -1.01803,0.0145058,-0.0177053,0,0,0,0;
9.04, 0.286418,-0.172284,-0.00767078,0,0,0,0;
9.05, 1.33861,0.0219142,-0.0813868,0,0,0,0;
9.06, -3.18419,0.515792,-0.0680382,0,0,0,0;
9.07, 2.25704,-0.00246987,0.0552335,0,0,0,0;
9.08, 1.38735,0.0288712,0.0309856,0,0,0,0;
9.09, -2.57858,-0.0666556,0.142358,0,0,0,0;
9.1, -1.52603,-0.21718,0.0352254,0,0,0,0;
9.11, 1.09822,0.00947613,-0.0312545,0,0,0,0;
9.12, 1.46164,-0.0361377,-0.0951049,0,0,0,0;
9.13, 1.88012,-0.0509483,-0.127608,0,0,0,0;
9.14, -1.42588,0.0700079,-0.110863,0,0,0,0;
9.15, -0.583328,0.26509,0.100567,0,0,0,0;
9.16, -0.487943,-0.0784657,0.153858,0,0,0,0;
9.17, 1.2341,-0.118591,0.121252,0,0,0,0;
9.18, -0.401073,0.172501,-0.0772553,0,0,0,0;
9.19, -1.16362,-0.0625454,-0.0534896,0,0,0,0;
9.2, 0.197338,-0.281855,-0.0240769,0,0,0,0;
9.21, 1.57309,0.0859626,-0.0715902,0,0,0,0;
9.22, -0.444703,0.221256,-0.0422695,0,0,0,0;
9.23, -1.68607,-0.127591,0.0997497,0,0,0,0;
9.24, 1.39561,-0.0891787,0.0129846,0,0,0,0;
9.25, -1.76501,0.0992409,0.0111669,0,0,0,0;
9.26, -1.2756,0.023866,0.0129919,0,0,0,0;
9.27, 1.89729,-0.192716,0.0536012,0,0,0,0;
9.28, 2.76434,0.0989859,-0.0205338,0,0,0,0;
9.29, -0.806194,0.163457,-0.0486612,0,0,0,0;
9.3, 0.0865762,-0.122706,-0.0993067,0,0,0,0;
9.31, -0.0592355,0.17649,0.000747152,0,0,0,0;
9.32, -2.07537,-0.11578,0.0782908,0,0,0,0;
9.33, 1.69345,-0.275409,0.057037,0,0,0,0;
9.34, -0.00656354,0.169497,0.10577,0,0,0,0;
9.35, -3.90398,0.0952988,-0.0374257,0,0,0,0;
9.36, 0.225147,-0.0539292,-0.0291288,0,0,0,0;
9.37, 5.67355,-0.14845,-0.0238415,0,0,0,0;
9.38, 0.0140247,0.0131458,-0.043238,0,0,0,0;
9.39, -1.90622,0.151439,-0.108069,0,0,0,0;
9.4, 0.0337668,0.00322985,-0.00380474,0,0,0,0;
9.41, -1.65263,-0.0316349,0.157569,0,0,0,0;
9.42, -3.21109,0.203622,-0.0155657,0,0,0,0;
9.43, 2.51673,0.00172424,-0.0945061,0,0,0,0;
9.44, 4.45261,-0.177996,0.0079268,0,0,0,0;
9.45, -1.96781,-0.438954,0.0115207,0,0,0,0;
9.46, -0.917713,0.0416485,0.101095,0,0,0,0;
9.47, 2.02095,0.33647,0.0638532,0,0,0,0;
9.48, -3.82263,0.0350085,-0.0428206,0,0,0,0;
9.49, 0.172616,-0.0284013,-0.0169475,0,0,0,0;
9.5, 2.82636,-0.207835,-0.061907,0,0,0,0;
9.51, 0.0791938,0.348484,0.0334757,0,0,0,0;
9.52, -4.35915,0.212605,-0.0391318,0,0,0,0;
9.53, -0.113257,-0.285191,0.14025,0,0,0,0;
9.54, 3.61071,-0.411625,-0.096815,0,0,0,0;
9.55, 0.981642,0.187779,-0.085529,0,0,0,0;
9.56, -0.21005,0.483433,-0.0402651,0,0,0,0;
9.57, -0.687345,-0.162258,0.138527,0,0,0,0;
9.58, -1.80683,-0.519842,-0.0608969,0,0,0,0;
9.59, 0.342094,0.408236,-0.0338761,0,0,0,0;
9.6, 4.6807,0.138786,0.0363506,0,0,0,0;
9.61, -5.09991,0.0934453,0.060554,0,0,0,0;
9.62, -0.0692859,-0.568552,0.00441807,0,0,0,0;
9.63, -0.0433781,-0.0229834,0.0903018,0,0,0,0;
9.64, 0.770299,0.43304,-0.0483258,0,0,0,0;
9.65, 1.16508,0.0546828,-0.0734997,0,0,0,0;
9.66, 1.07544,-0.213542,-0.0500616,0,0,0,0;
9.67, -1.44805,0.0708361,-0.00317678,0,0,0,0;
9.68, 1.34541,0.170994,-0.0235174,0,0,0,0;
9.69, -2.14155,-0.135073,-0.00883906,0,0,0,0;
9.7, -2.49493,-0.136715,0.0498048,0,0,0,0;
9.71, 4.92466,0.108668,0.141833,0,0,0,0;
9.72, -1.56767,-0.0523894,-0.158064,0,0,0,0;
9.73, -1.6534,0.0201988,-0.167846,0,0,0,0;
9.74, 3.21161,-0.15796,0.0542333,0,0,0,0;
9.75, -0.695253,0.236247,0.0823639,0,0,0,0;
9.76, -3.58401,0.172074,0.165066,0,0,0,0;
9.77, 0.0503166,-0.0835776,0.018478,0,0,0,0;
9.78, 3.77638,-0.00477927,-0.0124148,0,0,0,0;
9.79, -1.06176,-0.23602,-0.0691004,0,0,0,0;
9.8, 1.82807,-0.16369,-0.128206,0,0,0,0;
9.81, -1.4969,0.283527,-0.035867,0,0,0,0;
9.82, -1.95931,0.123839,0.0398207,0,0,0,0;
9.83, 1.06683,-0.0497884,0.0349796,0,0,0,0;
9.84, 1.78214,-0.00682668,0.0871621,0,0,0,0;
9.85, -0.662994,-0.137222,-0.00202593,0,0,0,0;
9.86, -0.129052,-0.010302,-0.106165,0,0,0,0;
9.87, -0.0763317,0.0162762,-0.0396234,0,0,0,0;
9.88, -2.55896,-0.0311507,0.0372595,0,0,0,0;
9.89, -0.810214,-0.162009,0.0424865,0,0,0,0;
9.9, 1.10567,0.443065,0.0315986,0,0,0,0;
9.91, 1.35691,0.00721821,-0.0213582,0,0,0,0;
9.92, 2.87655,-0.106814,0.033707,0,0,0,0;
9.93, -1.79092,-0.133502,0.00788404,0,0,0,0;
9.94, 0.286032,-0.171104,0.00856849,0,0,0,0;
9.95, -1.09992,0.264053,-0.0325009,0,0,0,0;
9.96, -1.03698,-0.0225678,-0.0149754,0,0,0,0;
9.97, 1.47169,-0.0917387,-0.0621579,0,0,0,0;
9.98, 0.700445,-0.0801917,-0.05188,0,0,0,0;
9.99, -1.24265,0.188691,0.0291591,0,0,0,0;
