0, 0.0116612,0.0025317,0.000346831,0,0,0,0;
0.01, -0.0403258,0.0101894,-0.00189101,0,0,0,0;
0.02, 0.4846,0.121517,0.00995977,0,0,0,0;
0.03, 1.62227,0.309495,0.0301693,0,0,0,0;
0.04, 2.84176,0.565287,0.04723,0,0,0,0;
0.05, 3.78868,0.758602,0.0553372,0,0,0,0;
0.06, 4.44132,0.876316,0.0837148,0,0,0,0;
0.07, 4.86901,0.947953,0.1412,0,0,0,0;
0.08, 4.95944,0.954779,0.226089,0,0,0,0;
0.09, 4.74159,0.880561,0.320643,0,0,0,0;
0.1, 4.3949,0.757529,0.397087,0,0,0,0;
0.11, 3.88258,0.605364,0.430244,0,0,0,0;
0.12, 3.357,0.433602,0.414003,0,0,0,0;
0.13, 2.81491,0.290827,0.365029,0,0,0,0;
0.14, 2.36767,0.200324,0.303419,0,0,0,0;
0.15, 2.05459,0.158093,0.247175,0,0,0,0;
0.16, 1.83134,0.146404,0.210779,0,0,0,0;
0.17, 1.73554,0.151659,0.195163,0,0,0,0;
0.18, 1.67677,0.167681,0.193737,0,0,0,0;
0.19, 1.60303,0.183276,0.196401,0,0,0,0;
0.2, 1.52553,0.190476,0.19609,0,0,0,0;
0.21, 1.47728,0.187766,0.191712,0,0,0,0;
0.22, 1.3749,0.182646,0.179082,0,0,0,0;
0.23, 1.30761,0.170588,0.165767,0,0,0,0;
0.24, 1.27085,0.162125,0.154183,0,0,0,0;
0.25, 1.16406,0.153463,0.143215,0,0,0,0;
0.26, 1.09145,0.139912,0.137945,0,0,0,0;
0.27, 0.994549,0.129925,0.133072,0,0,0,0;
0.28, 0.882078,0.122615,0.125644,0,0,0,0;
0.29, 0.858294,0.114024,0.116672,0,0,0,0;
0.3, 0.823354,0.107593,0.107406,0,0,0,0;
0.31, 0.79152,0.102024,0.0987834,0,0,0,0;
0.32, 0.667664,0.0978218,0.0945656,0,0,0,0;
0.33, 0.58658,0.0905253,0.0890523,0,0,0,0;
0.34, 0.622232,0.0791335,0.0843042,0,0,0,0;
0.35, 0.605192,0.0768325,0.0770807,0,0,0,0;
0.36, 0.583964,0.0763272,0.0711987,0,0,0,0;
0.37, 0.548672,0.070758,0.067981,0,0,0,0;
0.38, 0.440016,0.0632757,0.0652921,0,0,0,0;
0.39, 0.429092,0.057867,0.0607002,0,0,0,0;
0.4, 0.437725,0.0600003,0.0545882,0,0,0,0;
0.41, 0.401652,0.0572706,0.049957,0,0,0,0;
0.42, 0.366334,0.0471711,0.0456746,0,0,0,0;
0.43, 0.354341,0.0497666,0.0427931,0,0,0,0;
0.44, 0.341619,0.0504156,0.0420257,0,0,0,0;
0.45, 0.300315,0.0405544,0.0407162,0,0,0,0;
0.46, 0.275087,0.034812,0.0382004,0,0,0,0;
0.47, 0.27754,0.0356985,0.0342301,0,0,0,0;
0.48, 0.258456,0.0321725,0.0295146,0,0,0,0;
0.49, 0.235003,0.0362883,0.0282421,0,0,0,0;
0.5, 0.224087,0.0288001,0.0272098,0,0,0,0;
0.51, 0.194869,0.0195334,0.025572,0,0,0,0;
0.52, 0.150405,0.0249393,0.0257446,0,0,0,0;
0.53, 0.184322,0.0271578,0.0242204,0,0,0,0;
0.54, 0.163181,0.0252887,0.0208879,0,0,0,0;
0.55, 0.208814,0.0242291,0.0178361,0,0,0,0;
0.56, 0.15167,0.0157708,0.0162227,0,0,0,0;
0.57, 0.107784,0.0106834,0.0152737,0,0,0,0;
0.58, 0.101229,0.0185691,0.0121991,0,0,0,0;
0.59, 0.110433,0.0205445,0.0130849,0,0,0,0;
0.6, 0.108631,0.0205211,0.013652,0,0,0,0;
0.61, 0.148224,0.0121053,0.0155553,0,0,0,0;
0.62, 0.134553,0.00733056,0.0155724,0,0,0,0;
0.63, 0.0815254,0.0092678,0.0084223,0,0,0,0;
0.64, 0.11028,0.0118569,0.00818708,0,0,0,0;
0.65, -0.0220307,0.0152496,0.00856279,0,0,0,0;
0.66, -0.00321095,0.0062822,0.0106164,0,0,0,0;
0.67, 0.133378,0.00561192,0.00894255,0,0,0,0;
0.68, 0.0871103,0.0159093,0.00623175,0,0,0,0;
0.69, -0.00564235,0.0139318,0.00669075,0,0,0,0;
0.7, 0.0532109,0.00503178,0.00679508,0,0,0,0;
0.71, 0.0906713,-0.00279093,0.00824267,0,0,0,0;
0.72, 0.0132727,0.00537747,0.00573037,0,0,0,0;
0.73, 0.0744486,0.00771501,0.000827365,0,0,0,0;
0.74, 0.117473,0.0119355,0.00438158,0,0,0,0;
0.75, 0.101882,0.000912468,0.0049314,0,0,0,0;
0.76, -0.00279257,0.0107185,0.00486382,0,0,0,0;
0.77, 0.00426275,0.00602876,0.00307494,0,0,0,0;
0.78, 0.0137791,0.000246243,0.00166606,0,0,0,0;
0.79, 0.00108339,0.00532679,0.00271888,0,0,0,0;
0.8, -0.0115265,0.00697075,0.00243005,0,0,0,0;
0.81, 0.0368155,0.0084094,0.00222459,0,0,0,0;
0.82, 0.0612365,0.00648355,0.00173913,0,0,0,0;
0.83, 0.0368883,0.0045685,0.000124634,0,0,0,0;
0.84, 0.000113735,0.000578117,0.00103642,0,0,0,0;
0.85, 0.0223766,0.00422007,0.00205087,0,0,0,0;
0.86, 0.0362689,0.00651247,0.00247114,0,0,0,0;
0.87, 0.00513696,0.00245152,0.00167844,0,0,0,0;
0.88, 0.00223859,0.00415847,-2.94758e-06,0,0,0,0;
0.89, 0.00965036,0.00597294,-0.00147101,0,0,0,0;
0.9, 0.0251324,0.00659607,-0.001629,0,0,0,0;
0.91, 0.0342994,0.00225577,-0.00125587,0,0,0,0;
0.92, 0.0178497,0.00332143,-0.00115535,0,0,0,0;
0.93, 0.0061316,0.00676903,-7.99832e-05,0,0,0,0;
0.94, 0.00676361,0.00428789,0.000970832,0,0,0,0;
0.95, -0.00211735,0.00283768,0.000378199,0,0,0,0;
0.96, 0.00378791,0.00191963,-0.00120314,0,0,0,0;
0.97, 0.0104893,0.00277558,-0.00198934,0,0,0,0;
0.98, 0.00159955,0.00483928,-0.00129722,0,0,0,0;
0.99, 0.00154588,0.00394523,-0.000836095,0,0,0,0;
1, 0.0451981,-0.00300359,-0.00014648,0,0,0,0;
1.01, 0.0331915,0.00141487,-4.93202e-05,0,0,0,0;
1.02, -0.00579813,0.0058636,4.33934e-05,0,0,0,0;
1.03, -0.0260699,-3.95793e-05,-0.00139912,0,0,0,0;
1.04, 0.0127123,0.00110209,-0.00266603,0,0,0,0;
1.05, -0.00467509,0.00562575,-0.0031431,0,0,0,0;
1.06, 0.00245351,0.00362128,-0.00150813,0,0,0,0;
1.07, 0.0257613,-0.000153966,0.000871661,0,0,0,0;
1.08, 0.0229009,0.00186038,-0.00117694,0,0,0,0;
1.09, -0.0204183,0.00290098,-0.00142076,0,0,0,0;
1.1, 0.0165126,-0.000960026,0.000154831,0,0,0,0;
1.11, 0.00519538,-0.000137762,-0.000562358,0,0,0,0;
1.12, 0.00431031,0.00243608,-0.00107832,0,0,0,0;
1.13, 0.0112569,0.00180786,-0.00101708,0,0,0,0;
1.14, -0.00748767,0.00211201,-0.000928584,0,0,0,0;
1.15, 0.00716347,0.00217749,-5.11437e-05,0,0,0,0;
1.16, 0.00497274,0.00116771,0.000531361,0,0,0,0;
1.17, 0.00836514,-0.000161917,0.0001739,0,0,0,0;
1.18, 0.00159862,0.00170891,-0.000210111,0,0,0,0;
1.19, -0.00136555,0.00148328,0.000225194,0,0,0,0;
1.2, -0.0137299,0.000108863,0.00014506,0,0,0,0;
1.21, 0.00215666,0.000660004,-7.39516e-05,0,0,0,0;
1.22, 0.0248742,0.00185152,-0.000196245,0,0,0,0;
1.23, -0.0240716,0.0016597,-0.000293096,0,0,0,0;
1.24, -0.00558543,-0.00166014,-1.02362e-05,0,0,0,0;
1.25, 0.0108426,0.000658475,0.00010018,0,0,0,0;
1.26, -0.0482671,0.00460584,4.12677e-05,0,0,0,0;
1.27, 0.0142695,-0.0018926,-0.00010292,0,0,0,0;
1.28, 0.0155828,0.00164678,0.00211502,0,0,0,0;
1.29, -0.0255071,0.00315719,0.00267753,0,0,0,0;
1.3, -0.0144395,-0.00515777,0.00165576,0,0,0,0;
1.31, 0.0593664,-0.00043138,5.648e-05,0,0,0,0;
1.32, 0.0123373,0.00485602,0.00148472,0,0,0,0;
1.33, -0.0192924,-0.00115829,0.00261988,0,0,0,0;
1.34, -0.0107788,-0.00823002,0.00217452,0,0,0,0;
1.35, -0.0248388,0.000688781,0.00146754,0,0,0,0;
1.36, -0.0154885,0.00146813,-0.000316783,0,0,0,0;
1.37, -0.0155912,-0.00124479,-0.00315407,0,0,0,0;
1.38, 0.035055,-0.00287149,0.000940632,0,0,0,0;
1.39, 0.0384976,-0.000965379,0.00182001,0,0,0,0;
1.4, 0.0383589,-0.00735052,0.00126217,0,0,0,0;
1.41, -0.0552633,-0.00350035,0.0014363,0,0,0,0;
1.42, -0.00633055,0.00102847,0.00392094,0,0,0,0;
1.43, -0.0344143,-0.00680809,0.00205565,0,0,0,0;
1.44, -0.0755949,-0.00416902,0.000463752,0,0,0,0;
1.45, 0.0297359,0.00692387,0.00068112,0,0,0,0;
1.46, 0.0741232,0.00151705,0.000693204,0,0,0,0;
1.47, -0.00930752,-0.00315911,-0.00150801,0,0,0,0;
1.48, -0.00465876,0.00724787,6.83973e-05,0,0,0,0;
1.49, 0.0330735,0.000441001,0.00261686,0,0,0,0;
1.5, 0.0916668,-0.0145338,0.00318456,0,0,0,0;
1.51, -0.0216753,-0.000559627,-0.000528081,0,0,0,0;
1.52, -0.0561554,0.00624235,-0.00230992,0,0,0,0;
1.53, -0.0311637,-0.00224566,-0.00188464,0,0,0,0;
1.54, 0.000378101,0.00217678,0.00111722,0,0,0,0;
1.55, 0.0321859,-0.00340373,0.0023845,0,0,0,0;
1.56, 0.0254891,-0.00317941,0.00131298,0,0,0,0;
1.57, -0.0156906,0.00340497,-0.000452671,0,0,0,0;
1.58, -0.0149797,0.00377083,-0.000864914,0,0,0,0;
1.59, 0.00148265,0.000621605,-0.00121952,0,0,0,0;
1.6, 0.00848533,-0.00064233,-0.00135845,0,0,0,0;
1.61, -0.00719301,-0.000879325,-0.000418772,0,0,0,0;
1.62, 0.00565992,-0.00098407,0.00035687,0,0,0,0;
1.63, 0.00117726,-0.00149573,-0.000359128,0,0,0,0;
1.64, 0.00182789,-0.000728333,-0.000209582,0,0,0,0;
1.65, -0.0138376,0.00134302,9.73238e-06,0,0,0,0;
1.66, -0.00499003,0.00279468,-0.000714123,0,0,0,0;
1.67, -0.00497313,0.00242974,-0.00141245,0,0,0,0;
1.68, -0.0090093,0.00257899,-0.00155649,0,0,0,0;
1.69, 0.00794111,0.00164382,-0.000884601,0,0,0,0;
1.7, 0.00265222,0.000519188,-0.000950405,0,0,0,0;
1.71, -0.0309948,0.00199532,-0.000917427,0,0,0,0;
1.72, 0.0121991,0.00193113,-0.000744931,0,0,0,0;
1.73, 0.0280579,0.000299803,-0.000604999,0,0,0,0;
1.74, 0.0244349,0.00121994,-0.00146074,0,0,0,0;
1.75, -0.0196309,0.00315504,-0.00154537,0,0,0,0;
1.76, -0.0285071,0.00253796,-0.000929045,0,0,0,0;
1.77, -0.0013371,0.00221597,-0.00139812,0,0,0,0;
1.78, -0.0124101,0.00104371,-0.00100879,0,0,0,0;
1.79, -0.0173691,0.00140848,-0.0010355,0,0,0,0;
1.8, 0.0293055,0.00219733,-0.00113097,0,0,0,0;
1.81, -0.00117492,-0.000269355,-0.000960269,0,0,0,0;
1.82, -0.00580807,0.00241218,-0.000904033,0,0,0,0;
1.83, -0.02802,0.00281665,0.000167507,0,0,0,0;
1.84, -0.00859418,-0.000406181,0.000455818,0,0,0,0;
1.85, -0.00386388,-0.000392105,-0.00057534,0,0,0,0;
1.86, 0.0331599,0.00151532,-0.00184842,0,0,0,0;
1.87, 0.0277034,-0.00015751,-0.00191379,0,0,0,0;
1.88, 0.00926228,-0.00178019,-0.00151997,0,0,0,0;
1.89, -0.00121844,0.00236721,8.83898e-05,0,0,0,0;
1.9, 0.00602251,0.00259618,0.00121583,0,0,0,0;
1.91, 0.00872343,0.000668153,0.00144565,0,0,0,0;
1.92, -0.00243716,-0.000872664,-1.59874e-05,0,0,0,0;
1.93, -0.0138615,0.000477173,-0.00130141,0,0,0,0;
1.94, -0.00168078,-0.00110784,-0.00105544,0,0,0,0;
1.95, 0.00788535,-0.000849581,-0.000592971,0,0,0,0;
1.96, -0.0272717,0.000365641,0.000806333,0,0,0,0;
1.97, -0.0204691,-0.000484852,0.00182383,0,0,0,0;
1.98, 0.0244522,0.000416495,0.00170857,0,0,0,0;
1.99, 0.0152743,-0.00247631,-0.000718506,0,0,0,0;
2, 0.00102985,-0.00256287,-0.00125958,0,0,0,0;
2.01, 0.0286049,-0.00254657,-0.000160282,0,0,0,0;
2.02, -0.00281733,0.00122549,0.00207627,0,0,0,0;
2.03, -0.0180624,-0.00170458,0.00252336,0,0,0,0;
2.04, -0.00179347,-0.00355513,0.00168575,0,0,0,0;
2.05, 0.0100069,0.000434076,-0.000159691,0,0,0,0;
2.06, -0.0169104,0.000633032,-0.00111171,0,0,0,0;
2.07, -0.0349144,-0.00466363,0.00105145,0,0,0,0;
2.08, -0.00190916,0.000674385,0.00134306,0,0,0,0;
2.09, 0.0471513,-0.000854084,0.000308026,0,0,0,0;
2.1, 0.00358244,-0.000499049,0.0029737,0,0,0,0;
2.11, 0.00969382,-0.00594883,0.00395678,0,0,0,0;
2.12, 0.0331366,-0.00332747,0.00100705,0,0,0,0;
2.13, -0.0417285,-0.000358506,-0.00291739,0,0,0,0;
2.14, -0.0577027,-0.00292957,-0.00130324,0,0,0,0;
2.15, -0.00741751,0.000701285,0.000156411,0,0,0,0;
2.16, -0.0067164,-0.00027398,0.00213409,0,0,0,0;
2.17, 0.0291403,0.000643613,0.00231771,0,0,0,0;
2.18, 0.0192033,0.00428189,0.000861501,0,0,0,0;
2.19, 0.0125485,0.00273078,0.000692077,0,0,0,0;
2.2, 0.0216484,-0.000213299,-0.00172826,0,0,0,0;
2.21, -0.0101578,-0.00528403,-0.00152458,0,0,0,0;
2.22, 0.00537854,-0.00354847,0.00171225,0,0,0,0;
2.23, 0.018442,0.00237988,0.00432922,0,0,0,0;
2.24, -0.0139456,-0.000973652,0.0035313,0,0,0,0;
2.25, -0.0297285,-0.000868178,0.000953222,0,0,0,0;
2.26, -0.0450171,0.00129223,-0.00174146,0,0,0,0;
2.27, 0.0255437,-0.000720461,-0.00279458,0,0,0,0;
2.28, 0.0454516,-0.00480297,-0.00168915,0,0,0,0;
2.29, 0.00742487,-0.00188265,0.000719584,0,0,0,0;
2.3, -0.0112869,0.00453149,0.00126338,0,0,0,0;
2.31, -0.015918,-0.000162279,0.000733036,0,0,0,0;
2.32, -0.00693259,-0.00501914,-0.000133448,0,0,0,0;
2.33, 0.0106183,-0.000880659,-0.000309914,0,0,0,0;
2.34, -0.0181195,0.00267457,-0.00106825,0,0,0,0;
2.35, -0.0244672,0.00416595,-0.000984288,0,0,0,0;
2.36, 0.000692017,0.00136433,-0.000756072,0,0,0,0;
2.37, 0.0137179,0.00230191,-0.0012003,0,0,0,0;
2.38, 0.0101429,0.00255634,-0.000541502,0,0,0,0;
2.39, 0.00913219,0.000542554,0.000874451,0,0,0,0;
2.4, 0.00990519,7.23752e-05,0.000845365,0,0,0,0;
2.41, -0.00369732,0.00109467,-0.00041035,0,0,0,0;
2.42, -0.00154728,-0.000338184,-0.000870738,0,0,0,0;
2.43, 0.00442429,0.00103429,-0.00158774,0,0,0,0;
2.44, 0.00192983,0.00190283,-0.00142029,0,0,0,0;
2.45, 0.00110868,0.000960212,-0.000828157,0,0,0,0;
2.46, 0.0060033,0.0028554,0.000721652,0,0,0,0;
2.47, -0.00462917,0.00124422,8.26982e-05,0,0,0,0;
2.48, -0.0148915,-0.000803599,-0.000387757,0,0,0,0;
2.49, 0.00250866,2.29005e-05,-0.00131455,0,0,0,0;
2.5, 0.0170485,-0.00124601,-0.00279567,0,0,0,0;
2.51, -0.00163929,0.0018556,-0.00297839,0,0,0,0;
2.52, -0.0129754,0.000905904,-0.00205342,0,0,0,0;
2.53, -0.00126411,0.00111496,0.000424631,0,0,0,0;
2.54, -0.00131314,0.00252125,0.00151135,0,0,0,0;
2.55, 0.00378051,0.00195807,0.000641275,0,0,0,0;
2.56, -0.00101512,8.27562e-05,-0.000890663,0,0,0,0;
2.57, 0.0106992,0.00170378,-0.00159815,0,0,0,0;
2.58, -0.00257573,-0.000446873,-0.00109349,0,0,0,0;
2.59, -0.0145379,-0.00231449,-0.000516226,0,0,0,0;
2.6, 0.00523113,-0.000591029,-0.000406989,0,0,0,0;
2.61, 0.0112857,0.00233211,-0.000798163,0,0,0,0;
2.62, -0.00350433,0.00248999,-0.000170183,0,0,0,0;
2.63, 0.00971166,-0.00154538,0.000390519,0,0,0,0;
2.64, -0.00609399,-0.00151913,-0.000124896,0,0,0,0;
2.65, -0.0109998,-0.00101253,-0.000342184,0,0,0,0;
2.66, 0.0173688,0.000809383,-0.000273693,0,0,0,0;
2.67, -0.0118249,0.00190237,4.27232e-05,0,0,0,0;
2.68, -0.00324095,0.00251739,-6.34771e-05,0,0,0,0;
2.69, 0.0140092,0.000369231,-9.00133e-05,0,0,0,0;
2.7, -0.00245168,-0.00196288,0.000763324,0,0,0,0;
2.71, -0.020172,-0.00091958,0.000657201,0,0,0,0;
2.72, -0.00525931,0.000666518,0.000770062,0,0,0,0;
2.73, 0.00529337,0.00144055,0.000502251,0,0,0,0;
2.74, 0.00886162,0.000841306,-5.86612e-05,0,0,0,0;
2.75, 0.00465843,0.000105036,0.000184092,0,0,0,0;
2.76, -0.014969,-0.00115053,0.000519574,0,0,0,0;
2.77, 0.0209457,-0.00166015,9.57561e-05,0,0,0,0;
2.78, 0.0230555,-0.00358255,0.000484692,0,0,0,0;
2.79, -0.0419542,-0.00501017,0.00133473,0,0,0,0;
2.8, -0.0226906,0.00521311,0.00244653,0,0,0,0;
2.81, 0.000548492,0.00300494,0.000649508,0,0,0,0;
2.82, -0.000436191,-0.00205097,-0.0008317,0,0,0,0;
2.83, 0.0248502,-0.00760287,0.000348648,0,0,0,0;
2.84, 0.0162844,0.000908578,0.000458677,0,0,0,0;
2.85, 0.0123058,0.000476173,0.00256016,0,0,0,0;
2.86, 0.00177029,-0.00224518,0.00188075,0,0,0,0;
2.87, -0.00858063,0.00119957,-0.000594583,0,0,0,0;
2.88, -0.0347671,0.00413249,0.000486782,0,0,0,0;
2.89, -0.0743163,0.00272281,0.000514989,0,0,0,0;
2.9, 0.0183504,-0.000777023,0.00095871,0,0,0,0;
2.91, 0.0672089,-0.00494307,0.000545913,0,0,0,0;
2.92, 0.00932322,0.0014896,-0.00119634,0,0,0,0;
2.93, 0.00827613,-0.00222196,-0.000347772,0,0,0,0;
2.94, -0.023366,-0.00426711,0.00135425,0,0,0,0;
2.95, -0.00681257,-0.00312151,0.00301313,0,0,0,0;
2.96, 0.0420715,-0.000361228,-9.59472e-06,0,0,0,0;
2.97, -0.00522046,0.00208938,-0.00179633,0,0,0,0;
2.98, 0.0204951,-0.00078423,-0.00106767,0,0,0,0;
2.99, -0.00575708,-0.00137869,-0.000681805,0,0,0,0;
3, -0.0171567,0.0029089,0.0016288,0,0,0,0;
3.01, 0.0159835,0.00119961,0.00227603,0,0,0,0;
3.02, 0.00709024,-0.000987487,0.00107459,0,0,0,0;
3.03, -0.0168361,-0.00276647,3.58881e-05,0,0,0,0;
3.04, -0.0259304,-0.00399964,-0.0003649,0,0,0,0;
3.05, -0.020765,-0.00159506,-0.000243879,0,0,0,0;
3.06, 0.00160412,0.000637349,0.000289603,0,0,0,0;
3.07, 0.0252409,0.00451869,0.000395362,0,0,0,0;
3.08, 0.00765835,0.00124191,-0.00131962,0,0,0,0;
3.09, -0.021108,0.000797669,-0.00125508,0,0,0,0;
3.1, -0.00189639,0.000488356,-0.000267055,0,0,0,0;
3.11, 0.0124062,0.00184197,-0.000185629,0,0,0,0;
3.12, -0.00857092,0.00177523,-5.78278e-05,0,0,0,0;
3.13, 0.00707282,-0.00220672,1.56302e-05,0,0,0,0;
3.14, 0.00907076,5.9163e-05,-0.000573615,0,0,0,0;
3.15, -0.00605978,0.0018697,-0.00171118,0,0,0,0;
3.16, -0.0146378,0.000954736,-0.00169517,0,0,0,0;
3.17, -0.00643719,0.0013457,-0.00106387,0,0,0,0;
3.18, 0.0213417,0.000462036,-0.000677531,0,0,0,0;
3.19, -0.0119908,-0.00050642,0.000282636,0,0,0,0;
3.2, -0.00628463,0.00156967,0.000913642,0,0,0,0;
3.21, 0.0172408,0.000889004,0.000165886,0,0,0,0;
3.22, -0.00445644,0.000686475,-0.000930745,0,0,0,0;
3.23, 0.00445405,0.00161439,-0.00133815,0,0,0,0;
3.24, 0.00836231,0.000736605,-0.00166083,0,0,0,0;
3.25, -0.00748261,0.000664363,-0.00102847,0,0,0,0;
3.26, -0.00332166,-0.0014155,-2.56931e-05,0,0,0,0;
3.27, -0.000126022,-0.000607793,0.000107932,0,0,0,0;
3.28, -0.0214945,0.00226416,-0.000753537,0,0,0,0;
3.29, 0.00390509,0.000921511,-0.00130608,0,0,0,0;
3.3, 0.00734468,0.000504184,-0.00108468,0,0,0,0;
3.31, -0.00348041,0.0017575,0.000222296,0,0,0,0;
3.32, 0.0087566,0.00267841,0.00046937,0,0,0,0;
3.33, 0.0078583,0.000395848,0.000171503,0,0,0,0;
3.34, -0.00561951,-0.00162604,-0.000383344,0,0,0,0;
3.35, 0.0123998,-0.000576634,-0.000931796,0,0,0,0;
3.36, 0.00183707,0.00124043,-0.00101986,0,0,0,0;
3.37, -0.0114909,0.000691903,-0.000357711,0,0,0,0;
3.38, -0.0234428,-0.00104506,-0.000133011,0,0,0,0;
3.39, 0.00238346,-0.000412339,0.000298362,0,0,0,0;
3.4, 0.00462448,0.000949372,0.000257254,0,0,0,0;
3.41, 0.0145441,0.000867981,0.000723213,0,0,0,0;
3.42, 0.026323,-0.00117188,0.0013494,0,0,0,0;
3.43, -0.00674624,-0.00159293,-0.000351257,0,0,0,0;
3.44, -0.0174072,0.00102051,-0.00147362,0,0,0,0;
3.45, 0.003369,0.00170442,-0.000756907,0,0,0,0;
3.46, -0.0147334,0.000816471,0.000914978,0,0,0,0;
3.47, 0.0111263,0.000260137,0.00191605,0,0,0,0;
3.48, 0.00242865,-0.00137485,0.00131816,0,0,0,0;
3.49, -0.0188633,-0.00815888,0.00145154,0,0,0,0;
3.5, -0.0125844,0.000179648,0.00123914,0,0,0,0;
3.51, 0.00379342,-0.000363436,0.00051428,0,0,0,0;
3.52, 0.0374894,-0.00499855,-0.00222109,0,0,0,0;
3.53, -0.0173391,0.00191883,-0.00105099,0,0,0,0;
3.54, -0.020794,0.00234403,0.000489916,0,0,0,0;
3.55, 0.00229555,-0.00356247,-0.00116018,0,0,0,0;
3.56, 0.0104206,-0.00155242,-0.00110206,0,0,0,0;
3.57, 0.0415835,0.00421671,0.000873847,0,0,0,0;
3.58, -0.0252073,0.00172037,0.00259009,0,0,0,0;
3.59, -0.0206709,-0.00100658,0.00246716,0,0,0,0;
3.6, 0.0514613,0.000716729,0.00231813,0,0,0,0;
3.61, 0.0474038,0.00373098,0.00101494,0,0,0,0;
3.62, 0.00889179,-0.00331048,-0.00158797,0,0,0,0;
3.63, -0.0489106,-0.00166577,-0.0011683,0,0,0,0;
3.64, -0.0407956,0.00217562,0.000789864,0,0,0,0;
3.65, -0.00708143,-0.00333591,0.00225508,0,0,0,0;
3.66, -0.00447806,-0.00261807,0.00221411,0,0,0,0;
3.67, -0.000440532,-0.00222536,-0.000402332,0,0,0,0;
3.68, -0.0253531,-0.00606945,-0.000344471,0,0,0,0;
3.69, -0.00884817,-0.0022716,0.000736194,0,0,0,0;
3.7, 0.00400742,0.00199818,-4.6554e-05,0,0,0,0;
3.71, 0.0305141,0.000564706,-0.000665618,0,0,0,0;
3.72, 0.029625,0.00257332,-0.000617023,0,0,0,0;
3.73, -0.0327366,-0.00125432,-0.000686771,0,0,0,0;
3.74, -0.00879137,-0.000443114,0.000230905,0,0,0,0;
3.75, -0.0138788,0.00249674,0.00172478,0,0,0,0;
3.76, 0.0230626,-0.00123104,0.00193713,0,0,0,0;
3.77, 0.0342396,0.00037965,4.37495e-05,0,0,0,0;
3.78, 0.0410119,0.00251662,-0.000486322,0,0,0,0;
3.79, -0.000409361,-0.000608627,-0.00117199,0,0,0,0;
3.8, -0.0237884,9.39543e-05,-0.000167811,0,0,0,0;
3.81, -0.0361996,0.00292046,-0.000234464,0,0,0,0;
3.82, -0.0323235,0.000430675,-0.00034059,0,0,0,0;
3.83, 0.00831148,-0.00183083,-0.000100872,0,0,0,0;
3.84, 0.00913097,-0.00269611,0.000703142,0,0,0,0;
3.85, 0.0041035,-0.000364742,0.000784418,0,0,0,0;
3.86, 0.0124399,0.00103454,-0.000437428,0,0,0,0;
3.87, 0.0196099,-0.000439461,-0.00125343,0,0,0,0;
3.88, -0.00497102,0.0022935,-0.00164491,0,0,0,0;
3.89, -0.00999812,0.00130785,-0.00118618,0,0,0,0;
3.9, -0.0145079,-0.00023048,-0.000881961,0,0,0,0;
3.91, 0.000634453,0.00135129,-0.000944818,0,0,0,0;
3.92, -0.00655833,0.000713308,-0.0010079,0,0,0,0;
3.93, -0.0248516,0.000586484,0.000298203,0,0,0,0;
3.94, 0.00265725,0.00206375,0.00100165,0,0,0,0;
3.95, 0.0223746,0.00075167,9.82647e-05,0,0,0,0;
3.96, 0.0169192,-0.000759843,-0.00114629,0,0,0,0;
3.97, 0.00392992,-0.00115756,-0.0015952,0,0,0,0;
3.98, -0.0147556,0.00305581,-0.00103836,0,0,0,0;
3.99, -0.00257331,0.0024489,-0.000410211,0,0,0,0;
4, 0.0135525,0.000694562,0.000488069,0,0,0,0;
4.01, 0.00536831,0.00129712,0.000901202,0,0,0,0;
4.02, 0.00260169,0.000334601,-0.000284644,0,0,0,0;
4.03, -0.00507978,-0.000774754,-0.000288993,0,0,0,0;
4.04, -0.00226647,-0.00211756,-0.00119167,0,0,0,0;
4.05, -0.00537053,-0.00206766,-0.00153287,0,0,0,0;
4.06, -0.0019019,0.00136524,-0.000110801,0,0,0,0;
4.07, 0.00594175,0.00211136,0.00102234,0,0,0,0;
4.08, -0.00208246,-0.00121035,0.000524282,0,0,0,0;
4.09, 0.00655554,0.00109681,-0.000161662,0,0,0,0;
4.1, 0.00632042,0.00153015,-0.000112144,0,0,0,0;
4.11, -0.00502483,-0.000551166,-0.000942149,0,0,0,0;
4.12, -0.0294572,-0.00248996,-0.00193899,0,0,0,0;
4.13, -0.00341042,0.000373833,-0.00117952,0,0,0,0;
4.14, 0.0183307,0.00273715,0.000429826,0,0,0,0;
4.15, -0.00588047,0.00138867,0.0015705,0,0,0,0;
4.16, 0.0177036,0.000525076,0.00216944,0,0,0,0;
4.17, 0.0186821,-0.000754026,0.000670667,0,0,0,0;
4.18, 0.00785393,0.000854803,0.000344309,0,0,0,0;
4.19, -0.00283237,-0.0013321,0.000591581,0,0,0,0;
4.2, -0.039745,0.000556378,-0.00187401,0,0,0,0;
4.21, -0.0170196,-0.000264291,-0.00201563,0,0,0,0;
4.22, 0.0187752,-0.0030313,-0.000569643,0,0,0,0;
4.23, 0.000165198,-0.00128713,3.03739e-05,0,0,0,0;
4.24, 0.000920656,0.00039849,0.00146479,0,0,0,0;
4.25, 0.00473616,-0.000871473,0.00189224,0,0,0,0;
4.26, 0.0124387,0.00118475,0.00211063,0,0,0,0;
4.27, -0.0182674,-0.00129139,0.00127817,0,0,0,0;
4.28, 0.00565249,0.000932274,-0.000780917,0,0,0,0;
4.29, 0.0152779,0.000875176,-0.000325102,0,0,0,0;
4.3, 0.00710971,-0.00350148,-0.000280344,0,0,0,0;
4.31, 0.00507696,-0.00443168,0.000569503,0,0,0,0;
4.32, -0.00686239,-0.00020863,0.000866501,0,0,0,0;
4.33, -0.0230917,0.00352438,0.00119116,0,0,0,0;
4.34, -0.00243078,0.000309198,0.000929851,0,0,0,0;
4.35, -0.00470866,-0.00232295,-0.000406208,0,0,0,0;
4.36, -0.00918923,0.000495663,-0.000606094,0,0,0,0;
4.37, -0.0128301,0.00266904,0.00052808,0,0,0,0;
4.38, 0.00355083,0.000829036,0.00111569,0,0,0,0;
4.39, 0.0220065,-0.0017217,0.000583646,0,0,0,0;
4.4, 0.0150703,0.00168602,-0.001042,0,0,0,0;
4.41, 0.0120181,-0.00284729,-0.000606371,0,0,0,0;
4.42, 0.0159333,0.000619295,-0.000149687,0,0,0,0;
4.43, -0.0134235,0.00208883,0.00146775,0,0,0,0;
4.44, -0.0016091,-0.00325202,0.0017342,0,0,0,0;
4.45, -0.0288287,-0.00417759,0.00179544,0,0,0,0;
4.46, 0.0181773,-0.00504218,3.99206e-05,0,0,0,0;
4.47, 0.00866129,0.00214427,-0.00167967,0,0,0,0;
4.48, -0.00728692,-0.00117293,-0.00196415,0,0,0,0;
4.49, -0.0141574,0.00304457,-6.62673e-05,0,0,0,0;
4.5, 0.00287068,-0.00075357,0.00126981,0,0,0,0;
4.51, 0.00245168,-0.00156035,0.000104219,0,0,0,0;
4.52, -0.0133374,0.00157564,0.000517818,0,0,0,0;
4.53, 0.0214637,0.00276199,0.000806319,0,0,0,0;
4.54, -0.0182006,0.00183616,-0.00065951,0,0,0,0;
4.55, -0.000193955,0.000158931,-0.000796286,0,0,0,0;
4.56, -0.0118546,0.00141258,5.73676e-05,0,0,0,0;
4.57, -0.00183608,-0.000111808,-0.000208891,0,0,0,0;
4.58, 0.00589145,0.000295874,-0.000292173,0,0,0,0;
4.59, 0.00108324,0.000833986,-0.000416302,0,0,0,0;
4.6, 0.00782053,-0.000859285,-0.00011279,0,0,0,0;
4.61, 0.00545004,-0.000589098,0.000238095,0,0,0,0;
4.62, 0.00169384,-0.00117412,-0.000410237,0,0,0,0;
4.63, -0.00262337,-8.14243e-05,-0.00139691,0,0,0,0;
4.64, -0.00205035,-0.000404924,-0.00128923,0,0,0,0;
4.65, 0.00760018,0.000986538,-0.00067339,0,0,0,0;
4.66, 0.00862791,0.000797992,0.000371925,0,0,0,0;
4.67, -0.00218837,0.000580679,0.000573345,0,0,0,0;
4.68, -0.00947014,0.000332302,2.48719e-05,0,0,0,0;
4.69, 0.0076384,3.78158e-05,-0.000290921,0,0,0,0;
4.7, 0.006655,0.0015037,-0.000189175,0,0,0,0;
4.71, -0.0172512,0.00240362,-0.000854509,0,0,0,0;
4.72, -0.00457696,0.000804769,-0.000740941,0,0,0,0;
4.73, 0.0078256,-0.000588974,-0.000443065,0,0,0,0;
4.74, 0.00774143,-0.000242726,-4.02303e-05,0,0,0,0;
4.75, 0.00823897,0.000633424,-0.000683834,0,0,0,0;
4.76, -0.000395828,-0.00146042,-0.000751766,0,0,0,0;
4.77, -0.0125089,0.000956066,-0.000337553,0,0,0,0;
4.78, -0.00378392,0.00217736,-0.000166694,0,0,0,0;
4.79, -0.00195483,-0.000901022,-9.15353e-05,0,0,0,0;
4.8, 0.00219141,0.000241744,-0.000403722,0,0,0,0;
4.81, -0.0130426,-0.000498781,-0.000175557,0,0,0,0;
4.82, 0.00808526,-7.78508e-05,0.000169874,0,0,0,0;
4.83, 0.02172,0.000820275,-0.000135179,0,0,0,0;
4.84, -0.00519275,0.00319049,-0.000540756,0,0,0,0;
4.85, -0.0120685,-0.000643732,0.000355326,0,0,0,0;
4.86, -0.0194043,-0.000912853,0.000304011,0,0,0,0;
4.87, -0.000978861,1.73569e-05,0.000290783,0,0,0,0;
4.88, 0.0180979,0.000693139,-0.00022507,0,0,0,0;
4.89, 0.0233323,-4.38492e-05,-0.0014416,0,0,0,0;
4.9, -0.0079605,0.000699744,-0.000353912,0,0,0,0;
4.91, -0.00750955,-0.00385291,0.00178816,0,0,0,0;
4.92, -0.00432038,-0.00276045,0.000588945,0,0,0,0;
4.93, 0.0108087,0.00473248,-0.0016586,0,0,0,0;
4.94, 0.00802182,0.0014457,-0.00113367,0,0,0,0;
4.95, -0.00651794,-0.000697633,0.000463772,0,0,0,0;
4.96, -0.00252092,-0.00118918,0.00210353,0,0,0,0;
4.97, -0.0108854,-0.000865325,0.00112144,0,0,0,0;
4.98, -0.0110297,-0.00101251,-0.000730482,0,0,0,0;
4.99, -0.0211415,0.00177827,-0.000833235,0,0,0,0;
5, 0.0224409,-0.00298299,0.000394557,0,0,0,0;
5.01, 0.0256018,-0.000792524,0.000775078,0,0,0,0;
5.02, -0.0237629,0.000265885,0.00296574,0,0,0,0;
5.03, -0.00685946,-0.00251122,0.0027159,0,0,0,0;
5.04, 0.0268227,-0.00294857,0.000952418,0,0,0,0;
5.05, -0.031882,-0.00189507,-0.00152994,0,0,0,0;
5.06, -0.0188074,0.00201617,-0.00235702,0,0,0,0;
5.07, 0.0256801,-0.00377314,-0.00107519,0,0,0,0;
5.08, 0.0294211,-0.00044092,0.00132294,0,0,0,0;
5.09, 0.0157856,0.00577756,0.00178019,0,0,0,0;
5.1, -0.0115862,0.000912975,0.00155823,0,0,0,0;
5.11, 0.00324529,-0.0045422,-6.0636e-05,0,0,0,0;
5.12, -0.0195318,-0.0030155,-0.00117924,0,0,0,0;
5.13, -0.0305186,-0.00172058,-0.000220138,0,0,0,0;
5.14, 0.0237403,0.00178043,0.000731292,0,0,0,0;
5.15, -0.00187067,0.00129956,-0.000243234,0,0,0,0;
5.16, -0.00375189,0.00284842,-0.000436269,0,0,0,0;
5.17, -0.00892793,-0.00293357,0.00045495,0,0,0,0;
5.18, 0.0325239,-0.00626578,0.000940695,0,0,0,0;
5.19, 0.0126517,-0.000450099,0.000474305,0,0,0,0;
5.2, -0.00444052,0.00335142,-0.000823212,0,0,0,0;
5.21, 0.0188625,0.000893963,0.000184947,0,0,0,0;
5.22, 0.00491503,0.0033209,0.000219693,0,0,0,0;
5.23, -0.0241707,0.0010493,0.00159984,0,0,0,0;
5.24, -0.0256899,-0.000552415,0.00133766,0,0,0,0;
5.25, -0.0233213,-0.00191256,-0.000158113,0,0,0,0;
5.26, -0.016164,-0.00075533,-0.000846442,0,0,0,0;
5.27, 0.00032447,-0.00177804,-0.000373576,0,0,0,0;
5.28, 0.00738368,-0.000150691,-0.000292723,0,0,0,0;
5.29, 0.0034233,0.00164407,-0.00103424,0,0,0,0;
5.3, 0.0219645,0.000428867,-0.000587845,0,0,0,0;
5.31, 0.016208,0.000292197,0.000521942,0,0,0,0;
5.32, -0.021336,0.00256617,0.000619636,0,0,0,0;
5.33, 0.00122323,0.00179284,0.000378393,0,0,0,0;
5.34, 0.0192638,0.00014869,-0.000589952,0,0,0,0;
5.35, -0.00451126,6.41847e-05,-0.00011946,0,0,0,0;
5.36, 0.00181505,-0.000441046,7.18661e-05,0,0,0,0;
5.37, 0.00796295,-0.000704156,-0.000891089,0,0,0,0;
5.38, 0.00757222,0.000210084,-0.00054749,0,0,0,0;
5.39, -7.95694e-05,-0.000396735,-0.000100924,0,0,0,0;
5.4, -0.0111379,0.000200905,-0.0002562,0,0,0,0;
5.41, -0.00392569,0.00180966,-0.000661784,0,0,0,0;
5.42, 0.00578931,0.00236036,-0.000900798,0,0,0,0;
5.43, -0.00759158,0.000487861,-0.000691693,0,0,0,0;
5.44, 0.000718873,-0.00176964,-0.000131249,0,0,0,0;
5.45, 0.00505852,0.00132297,-0.00034702,0,0,0,0;
5.46, -0.0105491,0.000970905,-0.000519606,0,0,0,0;
5.47, -0.0149151,0.00186482,-0.00100858,0,0,0,0;
5.48, 0.00243596,1.44837e-05,-0.00123407,0,0,0,0;
5.49, 0.0109914,0.000177347,-0.000458833,0,0,0,0;
5.5, 0.0176911,0.000672301,0.000975206,0,0,0,0;
5.51, -0.00611768,-0.000215545,0.00088519,0,0,0,0;
5.52, -0.00602296,0.000108957,-0.000231355,0,0,0,0;
5.53, 0.011348,0.000293932,-0.00106297,0,0,0,0;
5.54, -0.00907207,-0.00118737,-0.00066224,0,0,0,0;
5.55, 0.00775501,0.00134269,-0.000517354,0,0,0,0;
5.56, -0.00955379,0.00195996,4.80666e-05,0,0,0,0;
5.57, -0.0273717,0.000492038,0.000504684,0,0,0,0;
5.58, 0.00178002,0.000305719,0.00037644,0,0,0,0;
5.59, 0.0250266,-0.000304403,0.000367604,0,0,0,0;
5.6, 0.0123771,-0.00250858,-0.000614315,0,0,0,0;
5.61, -0.0021234,-1.30316e-05,-0.000733648,0,0,0,0;
5.62, -0.0111883,0.0016103,9.7362e-05,0,0,0,0;
5.63, 0.00548811,-0.00107436,8.19685e-06,0,0,0,0;
5.64, 0.00448927,-0.000173385,0.00102695,0,0,0,0;
5.65, -0.0176106,0.00125364,0.000683767,0,0,0,0;
5.66, -0.00549371,0.000364135,-6.164e-05,0,0,0,0;
5.67, -0.00428094,0.00175914,-6.24057e-05,0,0,0,0;
5.68, 0.0169998,-0.000219106,-8.88905e-05,0,0,0,0;
5.69, 0.0196042,-0.00260332,0.000455668,0,0,0,0;
5.7, -0.0175631,-0.000130593,0.0015953,0,0,0,0;
5.71, 0.0130741,-0.00111447,-2.24123e-05,0,0,0,0;
5.72, -0.00342602,4.72552e-05,-0.00147301,0,0,0,0;
5.73, -0.0325053,-0.00163633,-0.00147141,0,0,0,0;
5.74, 0.0359072,-0.00159088,-0.000161072,0,0,0,0;
5.75, -0.000882156,0.00102701,0.00133731,0,0,0,0;
5.76, 0.00957828,-0.00125268,0.00292578,0,0,0,0;
5.77, -0.0482698,-0.00140229,0.00268271,0,0,0,0;
5.78, 0.020089,-0.00529521,0.00103641,0,0,0,0;
5.79, 0.0158611,0.000245607,-0.00127095,0,0,0,0;
5.8, -0.00891449,-0.000274298,-0.00283608,0,0,0,0;
5.81, -0.00515468,-0.000314562,-0.00189754,0,0,0,0;
5.82, -0.00925519,0.00354051,-0.000711994,0,0,0,0;
5.83, 0.0149028,0.00246594,0.00286015,0,0,0,0;
5.84, 0.00180956,0.00352769,0.00513079,0,0,0,0;
5.85, 0.0288484,0.000278794,0.00251889,0,0,0,0;
5.86, -0.0223457,-0.000793805,-0.00145636,0,0,0,0;
5.87, -0.0258594,-0.00244391,-0.00367335,0,0,0,0;
5.88, 0.0241826,-0.00371348,-0.0017053,0,0,0,0;
5.89, 0.0207898,-0.00253913,0.000865707,0,0,0,0;
5.9, -0.0231289,-1.97939e-05,0.00184296,0,0,0,0;
5.91, -0.002409,0.000736235,0.00130667,0,0,0,0;
5.92, 0.0060377,-0.00216543,-0.000572541,0,0,0,0;
5.93, -0.014064,0.00107775,-0.00209274,0,0,0,0;
5.94, -0.00209749,0.00185696,-0.00107189,0,0,0,0;
5.95, -0.00396583,-0.00215361,0.000993546,0,0,0,0;
5.96, -0.00789083,-0.0010486,0.00175461,0,0,0,0;
5.97, -0.00109366,-0.00102799,0.000757113,0,0,0,0;
5.98, -0.00782836,-0.000918284,0.00080215,0,0,0,0;
5.99, -0.00651253,0.000203342,0.000737537,0,0,0,0;
6, 0.0247033,-0.00156862,-2.98367e-05,0,0,0,0;
6.01, 0.0366085,0.000367119,-0.00190039,0,0,0,0;
6.02, -0.0138232,0.00222439,-0.00167133,0,0,0,0;
6.03, -0.0264766,0.000553448,-0.000246851,0,0,0,0;
6.04, -0.00202746,-9.08e-05,-0.000121756,0,0,0,0;
6.05, 0.000622293,-0.00046955,0.000369231,0,0,0,0;
6.06, 0.0103979,-0.00061792,6.34201e-05,0,0,0,0;
6.07, -0.00803718,0.000931917,0.000139263,0,0,0,0;
6.08, -0.00559884,0.000348261,-0.000909079,0,0,0,0;
6.09, 0.0118252,0.000568632,-0.00071806,0,0,0,0;
6.1, 0.00150011,0.000316277,-0.000454127,0,0,0,0;
6.11, 0.0109663,-0.000138268,0.000248818,0,0,0,0;
6.12, -0.00430993,-0.00188121,0.000176896,0,0,0,0;
6.13, 0.00317983,0.00069904,-4.42349e-05,0,0,0,0;
6.14, 0.0134839,0.00139306,-0.000621936,0,0,0,0;
6.15, 0.00135354,0.000775956,-0.000303299,0,0,0,0;
6.16, -0.00904309,0.00186761,-0.000210552,0,0,0,0;
6.17, -0.00536775,0.0021569,-0.000486351,0,0,0,0;
6.18, -0.0158531,0.00286922,-0.000165817,0,0,0,0;
6.19, 0.0024075,0.0015301,-0.000771873,0,0,0,0;
6.2, 0.00970355,-0.00142353,-7.61432e-05,0,0,0,0;
6.21, 0.00664628,-0.00110904,-6.0649e-05,0,0,0,0;
6.22, -0.00108019,0.000995909,-0.000493341,0,0,0,0;
6.23, -0.0111672,0.00256944,0.000267332,0,0,0,0;
6.24, 0.0116606,-0.000281287,-0.000277428,0,0,0,0;
6.25, 0.0103479,-0.000192842,-0.000755133,0,0,0,0;
6.26, -0.0199966,-0.000715986,0.000172768,0,0,0,0;
6.27, -0.00576666,0.000252919,-0.000291473,0,0,0,0;
6.28, -0.000223802,0.000801313,-0.000621857,0,0,0,0;
6.29, -0.00906501,-0.000520896,-0.000219406,0,0,0,0;
6.3, 0.00238584,-0.000180522,0.00051809,0,0,0,0;
6.31, 0.0162161,0.00171507,0.000499973,0,0,0,0;
6.32, 0.00589266,-0.000255044,-0.000123263,0,0,0,0;
6.33, 0.000445638,-0.00169422,-0.000336355,0,0,0,0;
6.34, -0.0142261,0.00120527,-7.10139e-05,0,0,0,0;
6.35, -0.0105249,0.00155058,-2.21505e-05,0,0,0,0;
6.36, -0.00197261,0.000449744,-0.00012056,0,0,0,0;
6.37, -0.00207099,0.00102342,0.000556539,0,0,0,0;
6.38, -0.00594125,0.00147416,-3.01641e-06,0,0,0,0;
6.39, 0.0448971,-0.000210275,-0.00121141,0,0,0,0;
6.4, 0.0122164,-0.00352478,-0.00101185,0,0,0,0;
6.41, 0.00534488,-0.00201726,0.00102955,0,0,0,0;
6.42, 0.000373992,0.00148241,0.00133835,0,0,0,0;
6.43, -0.0403652,0.00207919,0.000875288,0,0,0,0;
6.44, -0.0390178,-0.00268734,0.00018287,0,0,0,0;
6.45, 0.010159,-0.00179405,-0.000835151,0,0,0,0;
6.46, 0.0224503,0.00234649,0.000755112,0,0,0,0;
6.47, -0.000783333,-0.000735375,0.0010668,0,0,0,0;
6.48, 0.00706327,0.0021467,0.00014349,0,0,0,0;
6.49, 0.000887956,-0.00175611,1.60438e-05,0,0,0,0;
6.5, -0.00412128,-0.00240211,-0.00018606,0,0,0,0;
6.51, -0.012965,0.00013727,0.000144417,0,0,0,0;
6.52, 0.00254634,-0.00126979,-7.88716e-05,0,0,0,0;
6.53, 0.0457654,0.00290016,0.000786769,0,0,0,0;
6.54, -0.012343,0.00176424,-9.36121e-05,0,0,0,0;
6.55, -0.00347926,-0.00395423,0.00106167,0,0,0,0;
6.56, 0.00158289,-0.000403917,0.000653057,0,0,0,0;
6.57, -0.00623089,0.00102347,0.000397208,0,0,0,0;
6.58, 0.0364049,-0.00124886,-9.42912e-05,0,0,0,0;
6.59, 0.0154352,-0.00236418,-0.000184128,0,0,0,0;
6.6, 0.00572672,-0.00146891,0.000895394,0,0,0,0;
6.61, -0.0541914,3.54091e-05,0.00073063,0,0,0,0;
6.62, -0.0506928,-0.000621732,0.000170574,0,0,0,0;
6.63, 0.00404201,0.00025735,5.05721e-05,0,0,0,0;
6.64, 0.000713745,-0.0036307,6.87587e-05,0,0,0,0;
6.65, -0.00442487,0.00116085,0.000137139,0,0,0,0;
6.66, 0.000431274,0.00416764,-0.000791669,0,0,0,0;
6.67, 0.00734031,0.0027163,-0.000122366,0,0,0,0;
6.68, 0.03437,0.000893177,0.000613294,0,0,0,0;
6.69, -0.0198722,-0.00159996,-0.000190806,0,0,0,0;
6.7, 0.00286819,-0.00313288,-0.000786533,0,0,0,0;
6.71, 0.0355594,6.29768e-05,-1.09049e-05,0,0,0,0;
6.72, 0.025332,-0.00100825,0.000250169,0,0,0,0;
6.73, -0.0101086,-0.000199569,0.000534903,0,0,0,0;
6.74, -0.038819,0.00113857,0.000337268,0,0,0,0;
6.75, -0.0156028,0.00169182,1.41824e-05,0,0,0,0;
6.76, 0.025567,-0.00213455,-0.000473444,0,0,0,0;
6.77, -0.0187168,-0.000602649,-0.000750555,0,0,0,0;
6.78, -0.0140363,-0.00110424,9.96955e-05,0,0,0,0;
6.79, 0.0162367,0.00266871,0.000120135,0,0,0,0;
6.8, -0.00729812,0.00100418,-0.000244344,0,0,0,0;
6.81, -0.00694087,-0.00066505,-0.000621969,0,0,0,0;
6.82, 0.0206951,0.000532271,-0.000308157,0,0,0,0;
6.83, 0.0317268,0.00186155,3.96848e-05,0,0,0,0;
6.84, 0.0107886,0.00174385,0.000530761,0,0,0,0;
6.85, -0.0323967,-0.0013507,0.000383661,0,0,0,0;
6.86, -0.0114885,-0.00222816,-0.000288987,0,0,0,0;
6.87, 0.00783415,-0.00112205,-0.00137733,0,0,0,0;
6.88, 0.00554569,0.00100202,-0.00139965,0,0,0,0;
6.89, -0.00642631,0.00284906,-0.000681657,0,0,0,0;
6.9, -0.0154643,0.000375991,0.000906734,0,0,0,0;
6.91, -0.000461712,-0.000899247,0.00114301,0,0,0,0;
6.92, 0.00512409,-0.000600692,-0.000464087,0,0,0,0;
6.93, 0.0125176,-0.000664976,-0.00120114,0,0,0,0;
6.94, 0.00219506,0.000378456,-0.00146113,0,0,0,0;
6.95, 0.0039095,0.00196976,-7.75788e-05,0,0,0,0;
6.96, -0.00540865,0.00195786,0.000813974,0,0,0,0;
6.97, -0.0110804,0.000713581,0.000589386,0,0,0,0;
6.98, -0.0144344,0.000191788,0.000215871,0,0,0,0;
6.99, 0.00345599,0.00152069,-0.000262838,0,0,0,0;
7, 0.00382302,-5.14459e-05,-0.000814883,0,0,0,0;
7.01, -0.0124441,-0.000952789,-0.000969879,0,0,0,0;
7.02, 0.00489768,-0.000853926,-0.000494168,0,0,0,0;
7.03, 0.00530461,-0.000937185,6.6198e-05,0,0,0,0;
7.04, 0.00937024,0.00204107,-4.04951e-05,0,0,0,0;
7.05, 0.0170148,-0.000379386,0.000236919,0,0,0,0;
7.06, -0.0151085,-7.86992e-05,6.88316e-05,0,0,0,0;
7.07, -0.0183554,0.000422705,-8.7935e-05,0,0,0,0;
7.08, 0.0109091,-0.00162947,-0.000257489,0,0,0,0;
7.09, 0.0199532,-0.000179772,0.000581107,0,0,0,0;
7.1, 0.0405318,0.000383114,0.000880219,0,0,0,0;
7.11, -0.0240399,0.000836086,-0.000180776,0,0,0,0;
7.12, -0.0307612,0.00188639,-0.000826106,0,0,0,0;
7.13, 0.00750851,-0.00163631,-0.0006939,0,0,0,0;
7.14, 0.00516722,-0.00261975,-0.00015676,0,0,0,0;
7.15, 0.0207841,-0.00278364,-0.000432317,0,0,0,0;
7.16, 0.00494854,0.0041016,0.000503439,0,0,0,0;
7.17, -0.0108606,0.00335937,0.00137624,0,0,0,0;
7.18, -0.0153197,-0.000146897,0.00198277,0,0,0,0;
7.19, 0.00253939,-7.58182e-05,0.000228158,0,0,0,0;
7.2, -0.0192508,0.000715044,-0.000408907,0,0,0,0;
7.21, -0.0178515,-0.00133041,-0.000504985,0,0,0,0;
7.22, 0.0331746,-0.00119036,-0.000158792,0,0,0,0;
7.23, -0.00015118,-0.00337913,-0.000482506,0,0,0,0;
7.24, -0.0331552,-0.00169785,0.000840926,0,0,0,0;
7.25, -0.00747124,0.00117469,0.00104575,0,0,0,0;
7.26, 0.0159145,-0.00193027,-0.00104281,0,0,0,0;
7.27, 0.0146491,-0.00140682,0.000241511,0,0,0,0;
7.28, -0.0183507,0.00139027,0.00119337,0,0,0,0;
7.29, 0.000813777,0.00056343,0.000748575,0,0,0,0;
7.3, -0.0171923,0.000874156,0.000401006,0,0,0,0;
7.31, 0.0341477,-0.000769571,-1.68055e-05,0,0,0,0;
7.32, 0.00513174,0.00203953,-0.000631218,0,0,0,0;
7.33, 0.0432145,0.00169503,-0.00112629,0,0,0,0;
7.34, 0.0108899,-0.00255013,0.000406537,0,0,0,0;
7.35, -0.0462842,-0.00532808,0.00139028,0,0,0,0;
7.36, -0.0347339,-0.00281296,0.000803901,0,0,0,0;
7.37, 0.00799171,0.00228265,0.000199426,0,0,0,0;
7.38, 0.0257733,0.0017606,-0.000465716,0,0,0,0;
7.39, -0.00678097,-0.000126792,-0.000518619,0,0,0,0;
7.4, 0.0069612,0.00268379,-9.16424e-05,0,0,0,0;
7.41, 0.0261198,0.000414827,0.000565197,0,0,0,0;
7.42, -0.0270904,-0.00268331,0.000986883,0,0,0,0;
7.43, -0.0313488,-0.00241422,0.00168486,0,0,0,0;
7.44, 0.0295787,-0.00128355,0.000331196,0,0,0,0;
7.45, 0.0238422,-5.3356e-05,-0.000699634,0,0,0,0;
7.46, 0.000100746,0.000625121,-0.00181091,0,0,0,0;
7.47, -0.0268769,0.00101011,-0.000724756,0,0,0,0;
7.48, -0.00711246,0.000562494,0.000642561,0,0,0,0;
7.49, -0.00657889,-0.000455392,2.63197e-05,0,0,0,0;
7.5, -0.00389911,-0.00182039,-7.96192e-05,0,0,0,0;
7.51, -0.00946112,-0.000304967,1.4919e-05,0,0,0,0;
7.52, 0.0120145,0.000723128,-0.000379209,0,0,0,0;
7.53, 0.0214295,0.00411485,-0.000345353,0,0,0,0;
7.54, -0.0211026,0.00172622,7.68327e-05,0,0,0,0;
7.55, -0.0169219,0.000582782,0.000710156,0,0,0,0;
7.56, 0.0149613,0.000977934,0.000538248,0,0,0,0;
7.57, 0.0239054,0.00144914,-8.78307e-05,0,0,0,0;
7.58, 0.0128501,-0.00123424,-0.000861187,0,0,0,0;
7.59, -0.010743,-0.00232832,-0.000463514,0,0,0,0;
7.6, -0.00847069,0.000762238,-0.000399762,0,0,0,0;
7.61, 0.000322607,-0.00149218,-0.000734126,0,0,0,0;
7.62, 0.00027023,0.000299567,-0.000492727,0,0,0,0;
7.63, 0.00439454,0.00104284,5.04043e-05,0,0,0,0;
7.64, 0.00189244,0.00141968,-0.000333894,0,0,0,0;
7.65, -0.0082808,-0.000139288,0.000291788,0,0,0,0;
7.66, -0.0133947,0.000209039,6.82901e-06,0,0,0,0;
7.67, 0.00735209,4.37946e-05,-0.000788748,0,0,0,0;
7.68, -0.00673746,0.000876323,0.00017005,0,0,0,0;
7.69, 0.00582881,0.00148696,0.00070543,0,0,0,0;
7.7, 0.0146326,-0.000455428,-0.000281533,0,0,0,0;
7.71, 0.0124418,0.000386936,-0.000401409,0,0,0,0;
7.72, 0.00121321,-0.00204914,-0.000746988,0,0,0,0;
7.73, -0.00157096,-0.000133601,-0.000847359,0,0,0,0;
7.74, 0.00510004,0.000726663,-0.000208031,0,0,0,0;
7.75, -0.0096377,0.000978053,0.000255814,0,0,0,0;
7.76, -0.00856293,0.000958094,0.000470549,0,0,0,0;
7.77, -0.0210607,0.000402952,-1.51919e-05,0,0,0,0;
7.78, -0.00697892,-8.1059e-05,-0.000729428,0,0,0,0;
7.79, 0.00769813,0.00143271,-0.000795016,0,0,0,0;
7.8, -5.04921e-05,0.000312028,-0.00051726,0,0,0,0;
7.81, 0.00533304,-0.00276778,-8.26454e-05,0,0,0,0;
7.82, -0.00841203,-0.00336631,0.000201047,0,0,0,0;
7.83, -0.0204736,0.00109307,0.000108662,0,0,0,0;
7.84, 0.00881263,0.00151262,-0.000201991,0,0,0,0;
7.85, 0.0330038,-0.000789989,-0.000396296,0,0,0,0;
7.86, 0.0118155,0.00355957,-0.000171557,0,0,0,0;
7.87, -0.00313479,0.00057211,-0.000144565,0,0,0,0;
7.88, 0.00259994,0.00153315,0.000356208,0,0,0,0;
7.89, -0.0117705,0.000332492,0.000124442,0,0,0,0;
7.9, -0.00422549,-0.00144655,0.000959412,0,0,0,0;
7.91, 0.0131584,-0.00195308,0.000457559,0,0,0,0;
7.92, -0.0079541,-0.000858159,-0.000145613,0,0,0,0;
7.93, -0.0191612,0.00027885,-0.000181557,0,0,0,0;
7.94, -0.0130687,-0.00149654,0.000193292,0,0,0,0;
7.95, 0.0187484,-0.000356806,0.000418365,0,0,0,0;
7.96, 0.036361,-0.00401352,0.00112032,0,0,0,0;
7.97, 0.00243881,-0.00120706,0.000678961,0,0,0,0;
7.98, -0.0334308,0.00483141,-4.60177e-05,0,0,0,0;
7.99, -0.0360988,0.00198119,0.000820454,0,0,0,0;
8, -0.0152497,-0.00077869,0.00120903,0,0,0,0;
8.01, 0.0411716,-0.00168059,-0.00105398,0,0,0,0;
8.02, 0.0403347,-0.00102616,-0.0017156,0,0,0,0;
8.03, 0.0166712,-0.00469889,0.00041874,0,0,0,0;
8.04, -0.0208523,1.78926e-05,0.00173769,0,0,0,0;
8.05, -0.0294313,-0.00207416,0.000533043,0,0,0,0;
8.06, 0.00512151,0.00152063,0.00065015,0,0,0,0;
8.07, -0.0386268,0.000760563,-0.00105776,0,0,0,0;
8.08, 0.0137394,0.00079482,-0.00125407,0,0,0,0;
8.09, 0.0184191,0.00487794,0.000464887,0,0,0,0;
8.1, -0.012765,0.000894822,0.00244725,0,0,0,0;
8.11, 0.0283981,-0.00295949,0.00111866,0,0,0,0;
8.12, 0.00986789,-0.004986,0.000655927,0,0,0,0;
8.13, -0.00288234,-0.001796,0.000346166,0,0,0,0;
8.14, -0.00193655,0.00428143,-0.0016307,0,0,0,0;
8.15, -0.0246116,0.00105214,-0.00116482,0,0,0,0;
8.16, 0.00515876,0.000922426,-0.00028995,0,0,0,0;
8.17, -0.0203799,-1.36257e-05,-0.000255258,0,0,0,0;
8.18, 0.0116199,-0.00198656,0.00114353,0,0,0,0;
8.19, 0.0147043,0.000159217,0.000279075,0,0,0,0;
8.2, -0.0036152,0.00331772,-0.00145591,0,0,0,0;
8.21, 0.00370763,0.0006444,-0.0010748,0,0,0,0;
8.22, 0.0212096,-0.00320488,0.000878117,0,0,0,0;
8.23, 0.00722019,-0.00126218,0.00190604,0,0,0,0;
8.24, -0.0314651,0.000840431,0.000384742,0,0,0,0;
8.25, -0.011051,0.000892464,-0.000413784,0,0,0,0;
8.26, 0.00579717,-0.00112226,-0.000659026,0,0,0,0;
8.27, 0.0075803,0.00047244,-0.00126209,0,0,0,0;
8.28, -0.00553888,0.00095451,-0.000340428,0,0,0,0;
8.29, 0.00635004,-0.000478654,0.000351418,0,0,0,0;
8.3, 0.0134065,-0.00062808,3.87324e-05,0,0,0,0;
8.31, 0.0082273,0.000512615,2.73539e-06,0,0,0,0;
8.32, -0.00809365,0.000201841,-0.000148129,0,0,0,0;
8.33, -0.0163529,-0.00117164,0.000532273,0,0,0,0;
8.34, -0.00411994,0.000450441,0.00028194,0,0,0,0;
8.35, 0.00480871,0.00185707,-0.000952568,0,0,0,0;
8.36, 0.00287497,0.00125126,-0.00130278,0,0,0,0;
8.37, 0.00787154,0.000315089,-0.00121741,0,0,0,0;
8.38, -0.00724812,0.000904445,-6.73495e-05,0,0,0,0;
8.39, -0.00646262,0.000212776,0.000860535,0,0,0,0;
8.4, -0.00896024,-0.000718173,0.00129158,0,0,0,0;
8.41, 0.00179034,-0.000480008,0.000111722,0,0,0,0;
8.42, 0.0148368,0.00327915,-0.0013363,0,0,0,0;
8.43, 0.00383339,0.00171844,-0.00149056,0,0,0,0;
8.44, 0.0137859,-0.00259491,-0.00128214,0,0,0,0;
8.45, -0.00136213,-0.00109309,-0.000738243,0,0,0,0;
8.46, -0.0274478,8.98541e-05,0.000623969,0,0,0,0;
8.47, -0.0121581,0.000710892,0.000671781,0,0,0,0;
8.48, 0.000655847,0.00212989,0.000449706,0,0,0,0;
8.49, -0.000484946,0.000236918,0.000232451,0,0,0,0;
8.5, 0.00812792,-0.00125737,0.000244695,0,0,0,0;
8.51, 0.00246194,-3.23049e-05,-0.000403882,0,0,0,0;
8.52, 0.00970944,0.000500932,-0.000997712,0,0,0,0;
8.53, 0.0157109,-0.000354623,-0.000910344,0,0,0,0;
8.54, 0.00618096,0.00150939,0.000684025,0,0,0,0;
8.55, -0.0314592,0.00320616,0.00070294,0,0,0,0;
8.56, -0.00501432,-0.000499829,0.00131101,0,0,0,0;
8.57, 0.00513637,-2.18902e-05,-0.000504707,0,0,0,0;
8.58, 0.018738,-0.0018012,-0.0012828,0,0,0,0;
8.59, 0.00461761,0.000188881,-0.000475951,0,0,0,0;
8.6, -0.00618936,2.14408e-05,0.000132457,0,0,0,0;
8.61, -0.00235137,-0.00144931,0.000136098,0,0,0,0;
8.62, -0.00046579,-0.00120923,0.000519736,0,0,0,0;
8.63, -0.00642173,-0.000930543,-0.000239713,0,0,0,0;
8.64, -0.00451931,0.00286338,-0.000779441,0,0,0,0;
8.65, -0.00798971,-0.00105543,0.000347909,0,0,0,0;
8.66, -0.016054,-0.00032506,0.00184758,0,0,0,0;
8.67, 0.0022813,0.00233167,0.00119871,0,0,0,0;
8.68, 0.0360632,-0.00239795,-0.000329639,0,0,0,0;
8.69, -0.0184129,0.00137078,-0.000815071,0,0,0,0;
8.7, 0.0356701,0.00208807,-0.000219807,0,0,0,0;
8.71, 0.0172004,-0.000984822,0.000448703,0,0,0,0;
8.72, 0.0123568,-0.00203347,0.000836276,0,0,0,0;
8.73, -0.0393068,-0.00264154,0.0010166,0,0,0,0;
8.74, -0.0685115,0.000340513,-0.000399127,0,0,0,0;
8.75, 0.00727045,0.00301564,-0.000609974,0,0,0,0;
8.76, 0.0192928,-0.00162518,0.000235216,0,0,0,0;
8.77, 0.0201221,-0.00312418,0.000600814,0,0,0,0;
8.78, -0.0253653,-0.000971945,0.000279428,0,0,0,0;
8.79, 0.0111491,-0.00231435,0.000415468,0,0,0,0;
8.8, 0.0407506,0.000783373,0.000667119,0,0,0,0;
8.81, -0.025345,0.00269449,-0.000225928,0,0,0,0;
8.82, 0.0135761,-0.000226975,-0.00119685,0,0,0,0;
8.83, 0.00374251,-0.00120081,0.000608756,0,0,0,0;
8.84, 0.0212462,0.000571184,0.00182752,0,0,0,0;
8.85, -0.0136254,-0.000680444,0.000649781,0,0,0,0;
8.86, -0.018447,-0.00133826,-0.000750706,0,0,0,0;
8.87, 0.0199293,-0.00246067,-0.000452191,0,0,0,0;
8.88, 0.0046363,-0.00247413,-1.29653e-05,0,0,0,0;
8.89, -0.0105342,0.00196563,-0.000263363,0,0,0,0;
8.9, -0.00443114,0.00284205,-0.000233783,0,0,0,0;
8.91, -0.0173203,-0.00102688,-0.000246279,0,0,0,0;
8.92, 0.00326015,-0.00181662,-0.000535452,0,0,0,0;
8.93, -0.00852346,0.00190704,0.0015812,0,0,0,0;
8.94, -0.00620319,0.00311616,0.00182629,0,0,0,0;
8.95, 0.00658537,0.000402638,0.000998204,0,0,0,0;
8.96, 0.0136091,-0.000175724,-0.000356493,0,0,0,0;
8.97, 0.0160644,0.000650269,-0.000320176,0,0,0,0;
8.98, -0.0161306,-0.0011025,0.000165641,0,0,0,0;
8.99, -0.013961,2.67414e-05,-0.000523388,0,0,0,0;
9, 0.00400451,0.00102254,-0.00156938,0,0,0,0;
9.01, 0.00517013,-0.000151686,-0.000853706,0,0,0,0;
9.02, 0.00697634,-0.00159117,0.000405621,0,0,0,0;
9.03, -0.00320392,-0.00144612,0.000228568,0,0,0,0;
9.04, -0.000339735,-0.00316896,0.000151861,0,0,0,0;
9.05, 0.0130464,-0.00294982,-0.000662007,0,0,0,0;
9.06, -0.0187955,0.0022081,-0.00134239,0,0,0,0;
9.07, 0.0037749,0.0021834,-0.000790055,0,0,0,0;
9.08, 0.0176484,0.00247211,-0.000480198,0,0,0,0;
9.09, -0.00813739,0.00180556,0.000943386,0,0,0,0;
9.1, -0.0233977,-0.000366238,0.00129564,0,0,0,0;
9.11, -0.0124155,-0.000271477,0.000983096,0,0,0,0;
9.12, 0.00220087,-0.000632854,3.20467e-05,0,0,0,0;
9.13, 0.0210021,-0.00114234,-0.00124403,0,0,0,0;
9.14, 0.00674327,-0.000442257,-0.00235267,0,0,0,0;
9.15, 0.000909991,0.00220864,-0.00134699,0,0,0,0;
9.16, -0.00396944,0.00142398,0.000191589,0,0,0,0;
9.17, 0.00837154,0.000238074,0.00140411,0,0,0,0;
9.18, 0.0043608,0.00196308,0.000631557,0,0,0,0;
9.19, -0.00727541,0.00133763,9.66602e-05,0,0,0,0;
9.2, -0.00530204,-0.00148092,-0.000144109,0,0,0,0;
9.21, 0.0104288,-0.000621296,-0.000860011,0,0,0,0;
9.22, 0.00598182,0.00159126,-0.00128271,0,0,0,0;
9.23, -0.0108789,0.000315353,-0.000285208,0,0,0,0;
9.24, 0.00307713,-0.000576434,-0.000155362,0,0,0,0;
9.25, -0.014573,0.000415976,-4.36932e-05,0,0,0,0;
9.26, -0.027329,0.000654636,8.62259e-05,0,0,0,0;
9.27, -0.00835608,-0.00127252,0.000622238,0,0,0,0;
9.28, 0.0192874,-0.000282664,0.0004169,0,0,0,0;
9.29, 0.0112254,0.00135191,-6.97121e-05,0,0,0,0;
9.3, 0.0120912,0.000124845,-0.00106278,0,0,0,0;
9.31, 0.0114988,0.00188975,-0.00105531,0,0,0,0;
9.32, -0.0092549,0.000731952,-0.0002724,0,0,0,0;
9.33, 0.00767966,-0.00202213,0.000297971,0,0,0,0;
9.34, 0.00761402,-0.000327167,0.00135567,0,0,0,0;
9.35, -0.0314258,0.000625822,0.000981412,0,0,0,0;
9.36, -0.0291743,8.653e-05,0.000690124,0,0,0,0;
9.37, 0.0275612,-0.00139797,0.000451709,0,0,0,0;
9.38, 0.0277014,-0.00126651,1.9329e-05,0,0,0,0;
9.39, 0.0086392,0.000247875,-0.00106136,0,0,0,0;
9.4, 0.00897687,0.000280174,-0.0010994,0,0,0,0;
9.41, -0.00754938,-3.61752e-05,0.000476282,0,0,0,0;
9.42, -0.0396603,0.00200004,0.000320625,0,0,0,0;
9.43, -0.0144931,0.00201728,-0.000624436,0,0,0,0;
9.44, 0.030033,0.000237326,-0.000545168,0,0,0,0;
9.45, 0.0103549,-0.00415221,-0.000429961,0,0,0,0;
9.46, 0.00117778,-0.00373573,0.000580988,0,0,0,0;
9.47, 0.0213873,-0.000371028,0.00121952,0,0,0,0;
9.48, -0.016839,-2.09434e-05,0.000791314,0,0,0,0;
9.49, -0.0151129,-0.000304956,0.000621839,0,0,0,0;
9.5, 0.0131507,-0.0023833,2.76911e-06,0,0,0,0;
9.51, 0.0139427,0.00110154,0.000337526,0,0,0,0;
9.52, -0.0296489,0.00322759,-5.37917e-05,0,0,0,0;
9.53, -0.0307815,0.000375681,0.00134871,0,0,0,0;
9.54, 0.00532563,-0.00374057,0.000380557,0,0,0,0;
9.55, 0.015142,-0.00186277,-0.000474733,0,0,0,0;
9.56, 0.0130415,0.00297156,-0.000877384,0,0,0,0;
9.57, 0.00616809,0.00134898,0.000507882,0,0,0,0;
9.58, -0.0119002,-0.00384944,-0.000101087,0,0,0,0;
9.59, -0.0084793,0.000232921,-0.000439848,0,0,0,0;
9.6, 0.0383277,0.00162078,-7.63421e-05,0,0,0,0;
9.61, -0.0126714,0.00255524,0.000529198,0,0,0,0;
9.62, -0.0133643,-0.00313028,0.000573378,0,0,0,0;
9.63, -0.013798,-0.00336012,0.0014764,0,0,0,0;
9.64, -0.00609505,0.000970285,0.000993139,0,0,0,0;
9.65, 0.00555574,0.00151711,0.000258141,0,0,0,0;
9.66, 0.0163101,-0.000618305,-0.000242474,0,0,0,0;
9.67, 0.00182966,9.00557e-05,-0.000274242,0,0,0,0;
9.68, 0.0152837,0.00179999,-0.000509416,0,0,0,0;
9.69, -0.00613174,0.000449263,-0.000597807,0,0,0,0;
9.7, -0.0310811,-0.000917892,-9.97585e-05,0,0,0,0;
9.71, 0.0181656,0.000168789,0.00131857,0,0,0,0;
9.72, 0.00248888,-0.000355105,-0.000262066,0,0,0,0;
9.73, -0.0140452,-0.000153117,-0.00194052,0,0,0,0;
9.74, 0.0180709,-0.00173272,-0.00139819,0,0,0,0;
9.75, 0.0111184,0.000629754,-0.00057455,0,0,0,0;
9.76, -0.0247217,0.00235049,0.00107612,0,0,0,0;
9.77, -0.0242186,0.00151472,0.0012609,0,0,0,0;
9.78, 0.0135453,0.00146692,0.00113675,0,0,0,0;
9.79, 0.00292767,-0.000893283,0.000445745,0,0,0,0;
9.8, 0.0212083,-0.00253018,-0.000836311,0,0,0,0;
9.81, 0.0062393,0.000305086,-0.00119498,0,0,0,0;
9.82, -0.0133538,0.00154348,-0.000796774,0,0,0,0;
9.83, -0.00268548,0.00104559,-0.000446978,0,0,0,0;
9.84, 0.0151359,0.000977327,0.000424643,0,0,0,0;
9.85, 0.00850598,-0.000394889,0.000404384,0,0,0,0;
9.86, 0.00721546,-0.000497909,-0.000657269,0,0,0,0;
9.87, 0.00645214,-0.000335147,-0.0010535,0,0,0,0;
9.88, -0.0191375,-0.000646654,-0.000680908,0,0,0,0;
9.89, -0.0272396,-0.00226674,-0.000256043,0,0,0,0;
9.9, -0.0161829,0.00216391,5.99428e-05,0,0,0,0;
9.91, -0.00261376,0.00223609,-0.000153639,0,0,0,0;
9.92, 0.0261517,0.00116796,0.000183431,0,0,0,0;
9.93, 0.00824258,-0.000167059,0.000262271,0,0,0,0;
9.94, 0.0111029,-0.0018781,0.000347956,0,0,0,0;
9.95, 0.000103679,0.000762435,2.29471e-05,0,0,0,0;
9.96, -0.0102661,0.000536758,-0.000126807,0,0,0,0;
9.97, 0.0044508,-0.000380629,-0.000748386,0,0,0,0;
9.98, 0.0114552,-0.00118255,-0.00126719,0,0,0,0;
9.99, -0.000971289,0.000704365,-0.000975596,0,0,0,0;
