0, 0.000217438,4.72069e-05,0.100006,-1.5708,0,0,0;
0.01, -0.000691414,0.000203133,0.0999665,-1.5708,0,0,0;
0.02, 0.00897455,0.00235081,0.10018,-1.5708,0,0,0;
0.03, 0.032352,0.00655222,0.100593,-1.5708,0,0,0;
0.04, 0.0673327,0.0138011,0.101151,-1.5708,0,0,0;
0.05, 0.109755,0.0221705,0.101727,-1.5708,0,0,0;
0.06, 0.157288,0.0315156,0.102797,-1.5708,0,0,0;
0.07, 0.20794,0.0412908,0.104576,-1.5708,0,0,0;
0.08, 0.257225,0.0507331,0.107367,-1.5708,0,0,0;
0.09, 0.302929,0.0589557,0.111096,-1.5708,0,0,0;
0.1, 0.344833,0.0657916,0.115437,-1.5708,0,0,0;
0.11, 0.380367,0.070941,0.11982,-1.5708,0,0,0;
0.12, 0.411224,0.074295,0.123775,-1.5708,0,0,0;
0.13, 0.436196,0.0765152,0.127105,-1.5708,0,0,0;
0.14, 0.457774,0.0781188,0.129785,-1.5708,0,0,0;
0.15, 0.47678,0.0795569,0.131967,-1.5708,0,0,0;
0.16, 0.49402,0.0809994,0.133921,-1.5708,0,0,0;
0.17, 0.511145,0.0825734,0.135824,-1.5708,0,0,0;
0.18, 0.527533,0.0843568,0.137776,-1.5708,0,0,0;
0.19, 0.543137,0.0862651,0.139755,-1.5708,0,0,0;
0.2, 0.557959,0.0881901,0.141705,-1.5708,0,0,0;
0.21, 0.572556,0.0900331,0.14359,-1.5708,0,0,0;
0.22, 0.585517,0.0918345,0.145289,-1.5708,0,0,0;
0.23, 0.59845,0.0934501,0.146883,-1.5708,0,0,0;
0.24, 0.61092,0.0950484,0.14836,-1.5708,0,0,0;
0.25, 0.62177,0.0965209,0.149733,-1.5708,0,0,0;
0.26, 0.632497,0.0978374,0.1511,-1.5708,0,0,0;
0.27, 0.641709,0.0990963,0.152396,-1.5708,0,0,0;
0.28, 0.649965,0.100282,0.153607,-1.5708,0,0,0;
0.29, 0.658657,0.10137,0.154722,-1.5708,0,0,0;
0.3, 0.666528,0.102419,0.155745,-1.5708,0,0,0;
0.31, 0.674369,0.103406,0.156686,-1.5708,0,0,0;
0.32, 0.680016,0.104367,0.157621,-1.5708,0,0,0;
0.33, 0.685754,0.105219,0.15847,-1.5708,0,0,0;
0.34, 0.692356,0.105941,0.159295,-1.5708,0,0,0;
0.35, 0.698049,0.106728,0.160014,-1.5708,0,0,0;
0.36, 0.703905,0.107477,0.160704,-1.5708,0,0,0;
0.37, 0.709077,0.108144,0.161368,-1.5708,0,0,0;
0.38, 0.712713,0.108735,0.162006,-1.5708,0,0,0;
0.39, 0.717335,0.10929,0.162582,-1.5708,0,0,0;
0.4, 0.721602,0.109921,0.163092,-1.5708,0,0,0;
0.41, 0.725368,0.110453,0.163572,-1.5708,0,0,0;
0.42, 0.728866,0.11086,0.164003,-1.5708,0,0,0;
0.43, 0.732398,0.111416,0.16442,-1.5708,0,0,0;
0.44, 0.73571,0.111894,0.164839,-1.5708,0,0,0;
0.45, 0.738414,0.112229,0.165236,-1.5708,0,0,0;
0.46, 0.741113,0.112566,0.165602,-1.5708,0,0,0;
0.47, 0.743938,0.112937,0.165919,-1.5708,0,0,0;
0.48, 0.74633,0.113221,0.166187,-1.5708,0,0,0;
0.49, 0.748585,0.11364,0.166474,-1.5708,0,0,0;
0.5, 0.750784,0.113832,0.166735,-1.5708,0,0,0;
0.51, 0.752503,0.114001,0.166982,-1.5708,0,0,0;
0.52, 0.753751,0.114312,0.167246,-1.5708,0,0,0;
0.53, 0.75603,0.114568,0.167471,-1.5708,0,0,0;
0.54, 0.757236,0.114813,0.167661,-1.5708,0,0,0;
0.55, 0.759956,0.115051,0.167824,-1.5708,0,0,0;
0.56, 0.760627,0.115138,0.16798,-1.5708,0,0,0;
0.57, 0.761796,0.11524,0.168128,-1.5708,0,0,0;
0.58, 0.762701,0.115497,0.168226,-1.5708,0,0,0;
0.59, 0.763945,0.11568,0.168378,-1.5708,0,0,0;
0.6, 0.764938,0.115897,0.168508,-1.5708,0,0,0;
0.61, 0.766814,0.115939,0.168683,-1.5708,0,0,0;
0.62, 0.767822,0.116015,0.168828,-1.5708,0,0,0;
0.63, 0.768367,0.116123,0.168857,-1.5708,0,0,0;
0.64, 0.769869,0.116255,0.168968,-1.5708,0,0,0;
0.65, 0.768282,0.116429,0.16904,-1.5708,0,0,0;
0.66, 0.769173,0.116403,0.169171,-1.5708,0,0,0;
0.67, 0.771174,0.116503,0.169232,-1.5708,0,0,0;
0.68, 0.771274,0.116726,0.169287,-1.5708,0,0,0;
0.69, 0.770845,0.116813,0.169362,-1.5708,0,0,0;
0.7, 0.772093,0.116816,0.169427,-1.5708,0,0,0;
0.71, 0.772925,0.116746,0.169524,-1.5708,0,0,0;
0.72, 0.77243,0.116894,0.169551,-1.5708,0,0,0;
0.73, 0.774053,0.116939,0.169533,-1.5708,0,0,0;
0.74, 0.775111,0.117113,0.169622,-1.5708,0,0,0;
0.75, 0.77606,0.116996,0.169651,-1.5708,0,0,0;
0.76, 0.775166,0.117258,0.169711,-1.5708,0,0,0;
0.77, 0.775752,0.117192,0.16972,-1.5708,0,0,0;
0.78, 0.77567,0.117215,0.169736,-1.5708,0,0,0;
0.79, 0.775693,0.117301,0.169773,-1.5708,0,0,0;
0.8, 0.775462,0.117366,0.16979,-1.5708,0,0,0;
0.81, 0.776312,0.117465,0.169814,-1.5708,0,0,0;
0.82, 0.776867,0.117505,0.169826,-1.5708,0,0,0;
0.83, 0.777058,0.117548,0.169816,-1.5708,0,0,0;
0.84, 0.77684,0.117521,0.169841,-1.5708,0,0,0;
0.85, 0.777378,0.117613,0.169862,-1.5708,0,0,0;
0.86, 0.777686,0.11767,0.16989,-1.5708,0,0,0;
0.87, 0.777499,0.117664,0.169898,-1.5708,0,0,0;
0.88, 0.777629,0.117737,0.169888,-1.5708,0,0,0;
0.89, 0.77773,0.117795,0.169867,-1.5708,0,0,0;
0.9, 0.778112,0.117867,0.169853,-1.5708,0,0,0;
0.91, 0.778461,0.117849,0.169842,-1.5708,0,0,0;
0.92, 0.778494,0.117914,0.16983,-1.5708,0,0,0;
0.93, 0.778535,0.117994,0.169839,-1.5708,0,0,0;
0.94, 0.77862,0.118009,0.169853,-1.5708,0,0,0;
0.95, 0.778512,0.11804,0.169849,-1.5708,0,0,0;
0.96, 0.778649,0.11805,0.169827,-1.5708,0,0,0;
0.97, 0.778757,0.11809,0.169806,-1.5708,0,0,0;
0.98, 0.778695,0.118149,0.1698,-1.5708,0,0,0;
0.99, 0.778753,0.118175,0.169792,-1.5708,0,0,0;
1, 0.779559,0.118093,0.169796,-1.5708,0,0,0;
1.01, 0.77959,0.118174,0.169793,-1.5708,0,0,0;
1.02, 0.779362,0.118234,0.169796,-1.5708,0,0,0;
1.03, 0.779021,0.118182,0.169768,-1.5708,0,0,0;
1.04, 0.779528,0.118231,0.169738,-1.5708,0,0,0;
1.05, 0.779119,0.118305,0.169704,-1.5708,0,0,0;
1.06, 0.779407,0.118314,0.169705,-1.5708,0,0,0;
1.07, 0.77972,0.118295,0.169725,-1.5708,0,0,0;
1.08, 0.779893,0.118341,0.169689,-1.5708,0,0,0;
1.09, 0.779346,0.118364,0.169687,-1.5708,0,0,0;
1.1, 0.780021,0.118324,0.169695,-1.5708,0,0,0;
1.11, 0.779691,0.118347,0.169679,-1.5708,0,0,0;
1.12, 0.779939,0.11838,0.16967,-1.5708,0,0,0;
1.13, 0.779998,0.118388,0.16966,-1.5708,0,0,0;
1.14, 0.779791,0.118417,0.169651,-1.5708,0,0,0;
1.15, 0.780063,0.118435,0.169658,-1.5708,0,0,0;
1.16, 0.779982,0.11844,0.169664,-1.5708,0,0,0;
1.17, 0.780168,0.118431,0.169662,-1.5708,0,0,0;
1.18, 0.780068,0.118468,0.169659,-1.5708,0,0,0;
1.19, 0.780093,0.11847,0.169666,-1.5708,0,0,0;
1.2, 0.779828,0.118466,0.169664,-1.5708,0,0,0;
1.21, 0.780058,0.11848,0.169663,-1.5708,0,0,0;
1.22, 0.780387,0.118505,0.16966,-1.5708,0,0,0;
1.23, 0.779678,0.118516,0.169657,-1.5708,0,0,0;
1.24, 0.780043,0.118474,0.169659,-1.5708,0,0,0;
1.25, 0.780059,0.118515,0.16966,-1.5708,0,0,0;
1.26, 0.779117,0.118576,0.16966,-1.5708,0,0,0;
1.27, 0.780056,0.118493,0.169658,-1.5708,0,0,0;
1.28, 0.77978,0.118576,0.169699,-1.5708,0,0,0;
1.29, 0.77941,0.118583,0.169719,-1.5708,0,0,0;
1.3, 0.779425,0.118473,0.169731,-1.5708,0,0,0;
1.31, 0.780568,0.118542,0.16972,-1.5708,0,0,0;
1.32, 0.779979,0.118596,0.169754,-1.5708,0,0,0;
1.33, 0.779909,0.118529,0.169779,-1.5708,0,0,0;
1.34, 0.779807,0.118416,0.169797,-1.5708,0,0,0;
1.35, 0.779434,0.118517,0.169808,-1.5708,0,0,0;
1.36, 0.779429,0.118486,0.169792,-1.5708,0,0,0;
1.37, 0.779189,0.118476,0.169743,-1.5708,0,0,0;
1.38, 0.780024,0.118432,0.169797,-1.5708,0,0,0;
1.39, 0.780169,0.118447,0.169798,-1.5708,0,0,0;
1.4, 0.780685,0.118305,0.169816,-1.5708,0,0,0;
1.41, 0.779249,0.118341,0.169829,-1.5708,0,0,0;
1.42, 0.7801,0.118351,0.16989,-1.5708,0,0,0;
1.43, 0.779005,0.118216,0.169882,-1.5708,0,0,0;
1.44, 0.778311,0.118234,0.169889,-1.5708,0,0,0;
1.45, 0.779484,0.118366,0.169896,-1.5708,0,0,0;
1.46, 0.780122,0.118299,0.169903,-1.5708,0,0,0;
1.47, 0.779365,0.118273,0.169869,-1.5708,0,0,0;
1.48, 0.779728,0.118433,0.169894,-1.5708,0,0,0;
1.49, 0.780157,0.11833,0.169929,-1.5708,0,0,0;
1.5, 0.781526,0.118114,0.169961,-1.5708,0,0,0;
1.51, 0.780077,0.118268,0.169923,-1.5708,0,0,0;
1.52, 0.779903,0.118301,0.169903,-1.5708,0,0,0;
1.53, 0.779592,0.118222,0.169886,-1.5708,0,0,0;
1.54, 0.779868,0.118313,0.169922,-1.5708,0,0,0;
1.55, 0.780313,0.118192,0.169943,-1.5708,0,0,0;
1.56, 0.780442,0.118211,0.169948,-1.5708,0,0,0;
1.57, 0.779999,0.118274,0.169933,-1.5708,0,0,0;
1.58, 0.780015,0.118299,0.169927,-1.5708,0,0,0;
1.59, 0.78008,0.118285,0.16991,-1.5708,0,0,0;
1.6, 0.780197,0.118279,0.169898,-1.5708,0,0,0;
1.61, 0.779972,0.118268,0.169901,-1.5708,0,0,0;
1.62, 0.780225,0.118258,0.169907,-1.5708,0,0,0;
1.63, 0.780088,0.118238,0.169896,-1.5708,0,0,0;
1.64, 0.780195,0.11824,0.169899,-1.5708,0,0,0;
1.65, 0.779872,0.118267,0.169898,-1.5708,0,0,0;
1.66, 0.780001,0.1183,0.169886,-1.5708,0,0,0;
1.67, 0.779852,0.118318,0.169869,-1.5708,0,0,0;
1.68, 0.779782,0.118349,0.169853,-1.5708,0,0,0;
1.69, 0.779997,0.118354,0.16985,-1.5708,0,0,0;
1.7, 0.779902,0.118356,0.169837,-1.5708,0,0,0;
1.71, 0.779369,0.118391,0.16983,-1.5708,0,0,0;
1.72, 0.779989,0.118401,0.169823,-1.5708,0,0,0;
1.73, 0.780129,0.118395,0.169818,-1.5708,0,0,0;
1.74, 0.78042,0.11842,0.169795,-1.5708,0,0,0;
1.75, 0.779817,0.118461,0.169784,-1.5708,0,0,0;
1.76, 0.779682,0.118476,0.169778,-1.5708,0,0,0;
1.77, 0.77982,0.118501,0.169758,-1.5708,0,0,0;
1.78, 0.779516,0.1185,0.169754,-1.5708,0,0,0;
1.79, 0.779399,0.118524,0.16974,-1.5708,0,0,0;
1.8, 0.780064,0.118547,0.16973,-1.5708,0,0,0;
1.81, 0.779582,0.118522,0.169721,-1.5708,0,0,0;
1.82, 0.779746,0.118582,0.169712,-1.5708,0,0,0;
1.83, 0.77915,0.118594,0.169723,-1.5708,0,0,0;
1.84, 0.779408,0.118571,0.169725,-1.5708,0,0,0;
1.85, 0.779219,0.118577,0.169712,-1.5708,0,0,0;
1.86, 0.779954,0.118603,0.169686,-1.5708,0,0,0;
1.87, 0.779959,0.118581,0.169671,-1.5708,0,0,0;
1.88, 0.780044,0.118561,0.169657,-1.5708,0,0,0;
1.89, 0.779945,0.118622,0.169671,-1.5708,0,0,0;
1.9, 0.780116,0.118629,0.169686,-1.5708,0,0,0;
1.91, 0.780165,0.118629,0.169701,-1.5708,0,0,0;
1.92, 0.780066,0.118611,0.169687,-1.5708,0,0,0;
1.93, 0.77987,0.118633,0.169671,-1.5708,0,0,0;
1.94, 0.77999,0.118598,0.169664,-1.5708,0,0,0;
1.95, 0.780076,0.118605,0.16966,-1.5708,0,0,0;
1.96, 0.779495,0.118611,0.169679,-1.5708,0,0,0;
1.97, 0.779521,0.118598,0.1697,-1.5708,0,0,0;
1.98, 0.780025,0.118614,0.169715,-1.5708,0,0,0;
1.99, 0.779954,0.118557,0.169688,-1.5708,0,0,0;
2, 0.779966,0.118549,0.169682,-1.5708,0,0,0;
2.01, 0.780489,0.118514,0.169686,-1.5708,0,0,0;
2.02, 0.780057,0.118564,0.169723,-1.5708,0,0,0;
2.03, 0.77997,0.118501,0.169743,-1.5708,0,0,0;
2.04, 0.780041,0.118475,0.169755,-1.5708,0,0,0;
2.05, 0.780193,0.118508,0.16974,-1.5708,0,0,0;
2.06, 0.779762,0.1185,0.169728,-1.5708,0,0,0;
2.07, 0.779403,0.118416,0.169758,-1.5708,0,0,0;
2.08, 0.779675,0.11849,0.169763,-1.5708,0,0,0;
2.09, 0.780409,0.118431,0.169762,-1.5708,0,0,0;
2.1, 0.779922,0.118457,0.169817,-1.5708,0,0,0;
2.11, 0.780363,0.118333,0.169851,-1.5708,0,0,0;
2.12, 0.780705,0.118358,0.169839,-1.5708,0,0,0;
2.13, 0.779634,0.118348,0.169788,-1.5708,0,0,0;
2.14, 0.779283,0.1183,0.169801,-1.5708,0,0,0;
2.15, 0.779518,0.118349,0.169801,-1.5708,0,0,0;
2.16, 0.779285,0.118314,0.16984,-1.5708,0,0,0;
2.17, 0.779979,0.118346,0.169855,-1.5708,0,0,0;
2.18, 0.779861,0.118406,0.169856,-1.5708,0,0,0;
2.19, 0.780101,0.118411,0.169866,-1.5708,0,0,0;
2.2, 0.780333,0.118396,0.169826,-1.5708,0,0,0;
2.21, 0.779948,0.118306,0.169825,-1.5708,0,0,0;
2.22, 0.780293,0.118306,0.169862,-1.5708,0,0,0;
2.23, 0.780428,0.118361,0.169917,-1.5708,0,0,0;
2.24, 0.780036,0.118305,0.169939,-1.5708,0,0,0;
2.25, 0.779743,0.118323,0.169933,-1.5708,0,0,0;
2.26, 0.779159,0.11834,0.169901,-1.5708,0,0,0;
2.27, 0.780099,0.118313,0.169872,-1.5708,0,0,0;
2.28, 0.780344,0.118241,0.169865,-1.5708,0,0,0;
2.29, 0.780206,0.118261,0.169888,-1.5708,0,0,0;
2.3, 0.78005,0.11834,0.169897,-1.5708,0,0,0;
2.31, 0.779875,0.118279,0.169901,-1.5708,0,0,0;
2.32, 0.779892,0.11822,0.169894,-1.5708,0,0,0;
2.33, 0.780102,0.118252,0.169893,-1.5708,0,0,0;
2.34, 0.779614,0.118287,0.169874,-1.5708,0,0,0;
2.35, 0.779485,0.118337,0.16987,-1.5708,0,0,0;
2.36, 0.779645,0.118321,0.169861,-1.5708,0,0,0;
2.37, 0.77981,0.118369,0.169846,-1.5708,0,0,0;
2.38, 0.779865,0.118383,0.169848,-1.5708,0,0,0;
2.39, 0.779974,0.118377,0.169865,-1.5708,0,0,0;
2.4, 0.78007,0.11838,0.169869,-1.5708,0,0,0;
2.41, 0.779917,0.118399,0.169856,-1.5708,0,0,0;
2.42, 0.779984,0.118379,0.169848,-1.5708,0,0,0;
2.43, 0.780034,0.11841,0.169826,-1.5708,0,0,0;
2.44, 0.780029,0.118425,0.169817,-1.5708,0,0,0;
2.45, 0.780046,0.118429,0.169811,-1.5708,0,0,0;
2.46, 0.780145,0.118477,0.16983,-1.5708,0,0,0;
2.47, 0.779985,0.118464,0.169818,-1.5708,0,0,0;
2.48, 0.779811,0.118453,0.169817,-1.5708,0,0,0;
2.49, 0.780001,0.118462,0.169795,-1.5708,0,0,0;
2.5, 0.780205,0.118433,0.169759,-1.5708,0,0,0;
2.51, 0.780008,0.118488,0.169732,-1.5708,0,0,0;
2.52, 0.779881,0.118469,0.169718,-1.5708,0,0,0;
2.53, 0.779968,0.118497,0.16974,-1.5708,0,0,0;
2.54, 0.779899,0.118525,0.169755,-1.5708,0,0,0;
2.55, 0.780012,0.118538,0.169754,-1.5708,0,0,0;
2.56, 0.779919,0.118526,0.169736,-1.5708,0,0,0;
2.57, 0.780173,0.118565,0.169719,-1.5708,0,0,0;
2.58, 0.779951,0.11853,0.169713,-1.5708,0,0,0;
2.59, 0.779811,0.118507,0.16971,-1.5708,0,0,0;
2.6, 0.780031,0.118516,0.169705,-1.5708,0,0,0;
2.61, 0.780103,0.118556,0.169694,-1.5708,0,0,0;
2.62, 0.779963,0.118573,0.1697,-1.5708,0,0,0;
2.63, 0.780233,0.118527,0.169704,-1.5708,0,0,0;
2.64, 0.779939,0.118529,0.169698,-1.5708,0,0,0;
2.65, 0.779916,0.118514,0.169696,-1.5708,0,0,0;
2.66, 0.780287,0.118541,0.169693,-1.5708,0,0,0;
2.67, 0.779807,0.118559,0.169696,-1.5708,0,0,0;
2.68, 0.78005,0.11859,0.169693,-1.5708,0,0,0;
2.69, 0.780186,0.118572,0.169693,-1.5708,0,0,0;
2.7, 0.780021,0.118544,0.169708,-1.5708,0,0,0;
2.71, 0.779744,0.118548,0.16971,-1.5708,0,0,0;
2.72, 0.779862,0.118561,0.169721,-1.5708,0,0,0;
2.73, 0.779912,0.118579,0.169722,-1.5708,0,0,0;
2.74, 0.780033,0.11858,0.169719,-1.5708,0,0,0;
2.75, 0.780025,0.118579,0.169724,-1.5708,0,0,0;
2.76, 0.779736,0.118558,0.16973,-1.5708,0,0,0;
2.77, 0.780334,0.118542,0.169727,-1.5708,0,0,0;
2.78, 0.780366,0.118489,0.169737,-1.5708,0,0,0;
2.79, 0.779495,0.118436,0.169755,-1.5708,0,0,0;
2.8, 0.779686,0.118578,0.169787,-1.5708,0,0,0;
2.81, 0.77966,0.118539,0.169774,-1.5708,0,0,0;
2.82, 0.779665,0.118514,0.169763,-1.5708,0,0,0;
2.83, 0.780127,0.118392,0.169778,-1.5708,0,0,0;
2.84, 0.780097,0.1185,0.169777,-1.5708,0,0,0;
2.85, 0.780293,0.118446,0.169824,-1.5708,0,0,0;
2.86, 0.780179,0.118433,0.169825,-1.5708,0,0,0;
2.87, 0.780077,0.11847,0.169808,-1.5708,0,0,0;
2.88, 0.779511,0.118523,0.169828,-1.5708,0,0,0;
2.89, 0.778547,0.118531,0.169825,-1.5708,0,0,0;
2.9, 0.779655,0.118504,0.169843,-1.5708,0,0,0;
2.91, 0.780235,0.118429,0.16984,-1.5708,0,0,0;
2.92, 0.779879,0.118514,0.169818,-1.5708,0,0,0;
2.93, 0.780203,0.118421,0.169828,-1.5708,0,0,0;
2.94, 0.779562,0.1184,0.169849,-1.5708,0,0,0;
2.95, 0.779863,0.118366,0.169889,-1.5708,0,0,0;
2.96, 0.780501,0.118388,0.169857,-1.5708,0,0,0;
2.97, 0.779919,0.118416,0.169841,-1.5708,0,0,0;
2.98, 0.780641,0.118379,0.169836,-1.5708,0,0,0;
2.99, 0.780069,0.118376,0.169829,-1.5708,0,0,0;
3, 0.780085,0.118436,0.169865,-1.5708,0,0,0;
3.01, 0.780427,0.118416,0.169883,-1.5708,0,0,0;
3.02, 0.78032,0.118405,0.169886,-1.5708,0,0,0;
3.03, 0.780044,0.118363,0.169882,-1.5708,0,0,0;
3.04, 0.779766,0.11832,0.169877,-1.5708,0,0,0;
3.05, 0.779613,0.118327,0.169876,-1.5708,0,0,0;
3.06, 0.779792,0.11834,0.169883,-1.5708,0,0,0;
3.07, 0.780158,0.118415,0.169886,-1.5708,0,0,0;
3.08, 0.780019,0.118382,0.169858,-1.5708,0,0,0;
3.09, 0.779679,0.118412,0.169854,-1.5708,0,0,0;
3.1, 0.779898,0.118402,0.169855,-1.5708,0,0,0;
3.11, 0.780014,0.11844,0.169852,-1.5708,0,0,0;
3.12, 0.779751,0.118446,0.169853,-1.5708,0,0,0;
3.13, 0.780056,0.118396,0.169853,-1.5708,0,0,0;
3.14, 0.780034,0.118432,0.169843,-1.5708,0,0,0;
3.15, 0.779905,0.118447,0.169818,-1.5708,0,0,0;
3.16, 0.779722,0.118451,0.169805,-1.5708,0,0,0;
3.17, 0.779749,0.118471,0.169798,-1.5708,0,0,0;
3.18, 0.780152,0.118464,0.169793,-1.5708,0,0,0;
3.19, 0.779638,0.118457,0.169803,-1.5708,0,0,0;
3.2, 0.779844,0.118492,0.169813,-1.5708,0,0,0;
3.21, 0.78007,0.118484,0.169808,-1.5708,0,0,0;
3.22, 0.779808,0.118498,0.169793,-1.5708,0,0,0;
3.23, 0.780051,0.118518,0.169779,-1.5708,0,0,0;
3.24, 0.780058,0.118516,0.16976,-1.5708,0,0,0;
3.25, 0.779889,0.118527,0.169757,-1.5708,0,0,0;
3.26, 0.779944,0.118493,0.169761,-1.5708,0,0,0;
3.27, 0.779921,0.118505,0.169761,-1.5708,0,0,0;
3.28, 0.779533,0.118542,0.169747,-1.5708,0,0,0;
3.29, 0.779888,0.118532,0.169733,-1.5708,0,0,0;
3.3, 0.779816,0.118544,0.169724,-1.5708,0,0,0;
3.31, 0.779768,0.118568,0.169736,-1.5708,0,0,0;
3.32, 0.779969,0.118599,0.169738,-1.5708,0,0,0;
3.33, 0.779977,0.118581,0.169739,-1.5708,0,0,0;
3.34, 0.779843,0.11856,0.16973,-1.5708,0,0,0;
3.35, 0.780166,0.118566,0.169719,-1.5708,0,0,0;
3.36, 0.779983,0.118587,0.169709,-1.5708,0,0,0;
3.37, 0.779865,0.118585,0.169711,-1.5708,0,0,0;
3.38, 0.779529,0.118565,0.169709,-1.5708,0,0,0;
3.39, 0.779832,0.118571,0.169716,-1.5708,0,0,0;
3.4, 0.779742,0.118587,0.169716,-1.5708,0,0,0;
3.41, 0.780049,0.118591,0.169729,-1.5708,0,0,0;
3.42, 0.780324,0.118564,0.169744,-1.5708,0,0,0;
3.43, 0.779964,0.118553,0.169725,-1.5708,0,0,0;
3.44, 0.779861,0.118583,0.169709,-1.5708,0,0,0;
3.45, 0.780035,0.118595,0.169708,-1.5708,0,0,0;
3.46, 0.779653,0.118598,0.169728,-1.5708,0,0,0;
3.47, 0.780118,0.118599,0.16975,-1.5708,0,0,0;
3.48, 0.779871,0.118572,0.169757,-1.5708,0,0,0;
3.49, 0.779649,0.118439,0.169776,-1.5708,0,0,0;
3.5, 0.779596,0.118542,0.169784,-1.5708,0,0,0;
3.51, 0.779735,0.118477,0.169785,-1.5708,0,0,0;
3.52, 0.780345,0.118421,0.169742,-1.5708,0,0,0;
3.53, 0.779567,0.118504,0.169753,-1.5708,0,0,0;
3.54, 0.779665,0.118495,0.169759,-1.5708,0,0,0;
3.55, 0.779717,0.118426,0.169733,-1.5708,0,0,0;
3.56, 0.779876,0.118447,0.16973,-1.5708,0,0,0;
3.57, 0.780531,0.118519,0.169751,-1.5708,0,0,0;
3.58, 0.779568,0.118498,0.169785,-1.5708,0,0,0;
3.59, 0.779796,0.118485,0.169804,-1.5708,0,0,0;
3.6, 0.780693,0.118509,0.169829,-1.5708,0,0,0;
3.61, 0.780919,0.118563,0.169827,-1.5708,0,0,0;
3.62, 0.780813,0.11846,0.169796,-1.5708,0,0,0;
3.63, 0.779932,0.118496,0.169796,-1.5708,0,0,0;
3.64, 0.779812,0.118522,0.169814,-1.5708,0,0,0;
3.65, 0.779873,0.118439,0.169844,-1.5708,0,0,0;
3.66, 0.779778,0.118446,0.169862,-1.5708,0,0,0;
3.67, 0.779836,0.118409,0.169838,-1.5708,0,0,0;
3.68, 0.779332,0.118323,0.169846,-1.5708,0,0,0;
3.69, 0.779526,0.118347,0.169856,-1.5708,0,0,0;
3.7, 0.77952,0.118378,0.169847,-1.5708,0,0,0;
3.71, 0.78008,0.118365,0.16984,-1.5708,0,0,0;
3.72, 0.780227,0.118419,0.169834,-1.5708,0,0,0;
3.73, 0.779443,0.118358,0.169827,-1.5708,0,0,0;
3.74, 0.779816,0.118387,0.169837,-1.5708,0,0,0;
3.75, 0.779377,0.118419,0.169863,-1.5708,0,0,0;
3.76, 0.780094,0.118371,0.169879,-1.5708,0,0,0;
3.77, 0.780262,0.118408,0.169865,-1.5708,0,0,0;
3.78, 0.780828,0.118433,0.169864,-1.5708,0,0,0;
3.79, 0.780379,0.1184,0.169844,-1.5708,0,0,0;
3.8, 0.780187,0.118422,0.169856,-1.5708,0,0,0;
3.81, 0.779692,0.118464,0.169845,-1.5708,0,0,0;
3.82, 0.779476,0.11844,0.169845,-1.5708,0,0,0;
3.83, 0.779851,0.118418,0.169845,-1.5708,0,0,0;
3.84, 0.779787,0.118385,0.169858,-1.5708,0,0,0;
3.85, 0.779871,0.118405,0.169863,-1.5708,0,0,0;
3.86, 0.780044,0.118414,0.16985,-1.5708,0,0,0;
3.87, 0.780275,0.118398,0.169835,-1.5708,0,0,0;
3.88, 0.779993,0.118451,0.169817,-1.5708,0,0,0;
3.89, 0.779979,0.118439,0.16981,-1.5708,0,0,0;
3.9, 0.779747,0.118437,0.169801,-1.5708,0,0,0;
3.91, 0.779932,0.118464,0.169791,-1.5708,0,0,0;
3.92, 0.779705,0.118458,0.169781,-1.5708,0,0,0;
3.93, 0.779388,0.11847,0.169795,-1.5708,0,0,0;
3.94, 0.779691,0.1185,0.169805,-1.5708,0,0,0;
3.95, 0.779932,0.118491,0.169798,-1.5708,0,0,0;
3.96, 0.780044,0.11848,0.16978,-1.5708,0,0,0;
3.97, 0.780003,0.118467,0.169764,-1.5708,0,0,0;
3.98, 0.779738,0.118535,0.169759,-1.5708,0,0,0;
3.99, 0.779883,0.118533,0.169757,-1.5708,0,0,0;
4, 0.780063,0.118539,0.169768,-1.5708,0,0,0;
4.01, 0.780021,0.118558,0.169777,-1.5708,0,0,0;
4.02, 0.780077,0.11855,0.169764,-1.5708,0,0,0;
4.03, 0.779943,0.118539,0.169767,-1.5708,0,0,0;
4.04, 0.779991,0.118508,0.169744,-1.5708,0,0,0;
4.05, 0.779871,0.118493,0.169732,-1.5708,0,0,0;
4.06, 0.779919,0.118533,0.169741,-1.5708,0,0,0;
4.07, 0.780009,0.118546,0.169756,-1.5708,0,0,0;
4.08, 0.779902,0.11851,0.169754,-1.5708,0,0,0;
4.09, 0.78009,0.118554,0.16975,-1.5708,0,0,0;
4.1, 0.780083,0.118555,0.169751,-1.5708,0,0,0;
4.11, 0.779974,0.118539,0.169733,-1.5708,0,0,0;
4.12, 0.7795,0.118503,0.16971,-1.5708,0,0,0;
4.13, 0.779791,0.118538,0.169707,-1.5708,0,0,0;
4.14, 0.779982,0.118568,0.16972,-1.5708,0,0,0;
4.15, 0.779709,0.118569,0.169741,-1.5708,0,0,0;
4.16, 0.780209,0.118574,0.169765,-1.5708,0,0,0;
4.17, 0.780225,0.118556,0.169757,-1.5708,0,0,0;
4.18, 0.780305,0.118584,0.169766,-1.5708,0,0,0;
4.19, 0.780183,0.118541,0.169771,-1.5708,0,0,0;
4.2, 0.779519,0.118579,0.169732,-1.5708,0,0,0;
4.21, 0.779694,0.118551,0.169722,-1.5708,0,0,0;
4.22, 0.779999,0.118511,0.169723,-1.5708,0,0,0;
4.23, 0.779774,0.118519,0.169725,-1.5708,0,0,0;
4.24, 0.779916,0.118526,0.169751,-1.5708,0,0,0;
4.25, 0.779922,0.118505,0.169767,-1.5708,0,0,0;
4.26, 0.780136,0.118541,0.169791,-1.5708,0,0,0;
4.27, 0.779638,0.118493,0.169795,-1.5708,0,0,0;
4.28, 0.780077,0.118541,0.169775,-1.5708,0,0,0;
4.29, 0.7801,0.118528,0.169782,-1.5708,0,0,0;
4.3, 0.780173,0.118467,0.169774,-1.5708,0,0,0;
4.31, 0.780205,0.118429,0.16979,-1.5708,0,0,0;
4.32, 0.780044,0.11846,0.169795,-1.5708,0,0,0;
4.33, 0.779724,0.118509,0.169812,-1.5708,0,0,0;
4.34, 0.779928,0.118477,0.169816,-1.5708,0,0,0;
4.35, 0.779734,0.118451,0.169804,-1.5708,0,0,0;
4.36, 0.779685,0.118482,0.169801,-1.5708,0,0,0;
4.37, 0.779501,0.118513,0.169814,-1.5708,0,0,0;
4.38, 0.779709,0.118503,0.169826,-1.5708,0,0,0;
4.39, 0.779993,0.118474,0.169827,-1.5708,0,0,0;
4.4, 0.780048,0.118526,0.169805,-1.5708,0,0,0;
4.41, 0.780195,0.118439,0.169809,-1.5708,0,0,0;
4.42, 0.780374,0.118508,0.169806,-1.5708,0,0,0;
4.43, 0.779975,0.118506,0.169835,-1.5708,0,0,0;
4.44, 0.780208,0.11844,0.169847,-1.5708,0,0,0;
4.45, 0.779546,0.118409,0.169869,-1.5708,0,0,0;
4.46, 0.780342,0.118345,0.169852,-1.5708,0,0,0;
4.47, 0.780005,0.118436,0.16983,-1.5708,0,0,0;
4.48, 0.78003,0.118357,0.16981,-1.5708,0,0,0;
4.49, 0.779774,0.118462,0.169826,-1.5708,0,0,0;
4.5, 0.780014,0.11838,0.169841,-1.5708,0,0,0;
4.51, 0.779917,0.118399,0.169831,-1.5708,0,0,0;
4.52, 0.779715,0.118423,0.169846,-1.5708,0,0,0;
4.53, 0.780269,0.118456,0.169851,-1.5708,0,0,0;
4.54, 0.779555,0.118463,0.169833,-1.5708,0,0,0;
4.55, 0.780005,0.118456,0.16983,-1.5708,0,0,0;
4.56, 0.779534,0.118486,0.169835,-1.5708,0,0,0;
4.57, 0.779798,0.118463,0.169828,-1.5708,0,0,0;
4.58, 0.779767,0.118482,0.169828,-1.5708,0,0,0;
4.59, 0.779786,0.118486,0.169821,-1.5708,0,0,0;
4.6, 0.779918,0.118465,0.169824,-1.5708,0,0,0;
4.61, 0.779922,0.118468,0.169827,-1.5708,0,0,0;
4.62, 0.779934,0.118446,0.169817,-1.5708,0,0,0;
4.63, 0.779873,0.118461,0.169798,-1.5708,0,0,0;
4.64, 0.779877,0.118445,0.169789,-1.5708,0,0,0;
4.65, 0.780023,0.118474,0.169785,-1.5708,0,0,0;
4.66, 0.780079,0.11847,0.169796,-1.5708,0,0,0;
4.67, 0.779981,0.11848,0.1698,-1.5708,0,0,0;
4.68, 0.779866,0.118479,0.169796,-1.5708,0,0,0;
4.69, 0.780101,0.118479,0.169793,-1.5708,0,0,0;
4.7, 0.780071,0.118507,0.169792,-1.5708,0,0,0;
4.71, 0.779746,0.118532,0.169777,-1.5708,0,0,0;
4.72, 0.779894,0.118526,0.169774,-1.5708,0,0,0;
4.73, 0.779972,0.118515,0.16977,-1.5708,0,0,0;
4.74, 0.780049,0.118518,0.169773,-1.5708,0,0,0;
4.75, 0.780136,0.118529,0.169759,-1.5708,0,0,0;
4.76, 0.780055,0.118494,0.169755,-1.5708,0,0,0;
4.77, 0.779868,0.118536,0.169753,-1.5708,0,0,0;
4.78, 0.77994,0.11855,0.169752,-1.5708,0,0,0;
4.79, 0.779875,0.118519,0.169751,-1.5708,0,0,0;
4.8, 0.779958,0.118544,0.169744,-1.5708,0,0,0;
4.81, 0.779662,0.11852,0.169746,-1.5708,0,0,0;
4.82, 0.780017,0.118533,0.169749,-1.5708,0,0,0;
4.83, 0.7802,0.118541,0.169744,-1.5708,0,0,0;
4.84, 0.779934,0.118594,0.169737,-1.5708,0,0,0;
4.85, 0.779873,0.118543,0.169749,-1.5708,0,0,0;
4.86, 0.779583,0.118556,0.169747,-1.5708,0,0,0;
4.87, 0.779786,0.118552,0.169753,-1.5708,0,0,0;
4.88, 0.780013,0.118567,0.169745,-1.5708,0,0,0;
4.89, 0.780266,0.118556,0.169723,-1.5708,0,0,0;
4.9, 0.779905,0.118575,0.169733,-1.5708,0,0,0;
4.91, 0.77999,0.11849,0.169762,-1.5708,0,0,0;
4.92, 0.779885,0.118498,0.169751,-1.5708,0,0,0;
4.93, 0.780159,0.11859,0.169724,-1.5708,0,0,0;
4.94, 0.780123,0.118551,0.169723,-1.5708,0,0,0;
4.95, 0.779996,0.118556,0.169736,-1.5708,0,0,0;
4.96, 0.78004,0.118533,0.169767,-1.5708,0,0,0;
4.97, 0.77982,0.118533,0.169764,-1.5708,0,0,0;
4.98, 0.77977,0.118517,0.169748,-1.5708,0,0,0;
4.99, 0.779438,0.118562,0.169744,-1.5708,0,0,0;
5, 0.780107,0.118476,0.169756,-1.5708,0,0,0;
5.01, 0.780143,0.118518,0.169763,-1.5708,0,0,0;
5.02, 0.779601,0.118502,0.169812,-1.5708,0,0,0;
5.03, 0.779848,0.118464,0.169826,-1.5708,0,0,0;
5.04, 0.780231,0.118438,0.169828,-1.5708,0,0,0;
5.05, 0.779341,0.118426,0.169795,-1.5708,0,0,0;
5.06, 0.779584,0.118476,0.169774,-1.5708,0,0,0;
5.07, 0.779985,0.118371,0.169773,-1.5708,0,0,0;
5.08, 0.780231,0.118433,0.169802,-1.5708,0,0,0;
5.09, 0.780298,0.118508,0.169815,-1.5708,0,0,0;
5.1, 0.779996,0.118465,0.169831,-1.5708,0,0,0;
5.11, 0.780261,0.118402,0.169816,-1.5708,0,0,0;
5.12, 0.779739,0.118395,0.169803,-1.5708,0,0,0;
5.13, 0.779521,0.118376,0.16981,-1.5708,0,0,0;
5.14, 0.780179,0.118425,0.16982,-1.5708,0,0,0;
5.15, 0.779705,0.118416,0.169808,-1.5708,0,0,0;
5.16, 0.779904,0.11847,0.169807,-1.5708,0,0,0;
5.17, 0.779638,0.118377,0.169817,-1.5708,0,0,0;
5.18, 0.78042,0.118321,0.169828,-1.5708,0,0,0;
5.19, 0.780121,0.118363,0.169828,-1.5708,0,0,0;
5.2, 0.780166,0.118403,0.169811,-1.5708,0,0,0;
5.21, 0.780506,0.118387,0.169826,-1.5708,0,0,0;
5.22, 0.78035,0.118455,0.169821,-1.5708,0,0,0;
5.23, 0.779971,0.118427,0.169853,-1.5708,0,0,0;
5.24, 0.779778,0.118429,0.169855,-1.5708,0,0,0;
5.25, 0.77953,0.118394,0.169847,-1.5708,0,0,0;
5.26, 0.779438,0.118405,0.169836,-1.5708,0,0,0;
5.27, 0.779545,0.118368,0.169838,-1.5708,0,0,0;
5.28, 0.779622,0.118392,0.169833,-1.5708,0,0,0;
5.29, 0.77962,0.11841,0.169817,-1.5708,0,0,0;
5.3, 0.78002,0.118402,0.169818,-1.5708,0,0,0;
5.31, 0.780032,0.118411,0.169829,-1.5708,0,0,0;
5.32, 0.779578,0.118453,0.169833,-1.5708,0,0,0;
5.33, 0.779919,0.118455,0.169836,-1.5708,0,0,0;
5.34, 0.780085,0.118451,0.169822,-1.5708,0,0,0;
5.35, 0.779849,0.118454,0.16983,-1.5708,0,0,0;
5.36, 0.780028,0.118444,0.169827,-1.5708,0,0,0;
5.37, 0.780071,0.118438,0.169812,-1.5708,0,0,0;
5.38, 0.780164,0.118447,0.169813,-1.5708,0,0,0;
5.39, 0.780087,0.118434,0.169812,-1.5708,0,0,0;
5.4, 0.779922,0.118446,0.169808,-1.5708,0,0,0;
5.41, 0.779975,0.118473,0.169799,-1.5708,0,0,0;
5.42, 0.780066,0.118496,0.169789,-1.5708,0,0,0;
5.43, 0.779856,0.118485,0.169784,-1.5708,0,0,0;
5.44, 0.78001,0.118457,0.169787,-1.5708,0,0,0;
5.45, 0.780016,0.118503,0.169779,-1.5708,0,0,0;
5.46, 0.7798,0.118491,0.169775,-1.5708,0,0,0;
5.47, 0.779675,0.118529,0.16976,-1.5708,0,0,0;
5.48, 0.779836,0.118503,0.169748,-1.5708,0,0,0;
5.49, 0.779944,0.118521,0.16975,-1.5708,0,0,0;
5.5, 0.78018,0.118523,0.169769,-1.5708,0,0,0;
5.51, 0.77988,0.118515,0.169772,-1.5708,0,0,0;
5.52, 0.779953,0.118522,0.169763,-1.5708,0,0,0;
5.53, 0.780143,0.118524,0.169749,-1.5708,0,0,0;
5.54, 0.779833,0.1185,0.169748,-1.5708,0,0,0;
5.55, 0.780178,0.118542,0.169741,-1.5708,0,0,0;
5.56, 0.779784,0.118551,0.169747,-1.5708,0,0,0;
5.57, 0.779522,0.118549,0.169753,-1.5708,0,0,0;
5.58, 0.779786,0.118554,0.169755,-1.5708,0,0,0;
5.59, 0.7801,0.118545,0.16976,-1.5708,0,0,0;
5.6, 0.780079,0.118504,0.169745,-1.5708,0,0,0;
5.61, 0.780013,0.118534,0.169741,-1.5708,0,0,0;
5.62, 0.779848,0.118547,0.169747,-1.5708,0,0,0;
5.63, 0.780077,0.118515,0.169744,-1.5708,0,0,0;
5.64, 0.780016,0.118533,0.169765,-1.5708,0,0,0;
5.65, 0.779707,0.118547,0.169763,-1.5708,0,0,0;
5.66, 0.779831,0.118542,0.16976,-1.5708,0,0,0;
5.67, 0.779699,0.118577,0.169761,-1.5708,0,0,0;
5.68, 0.780103,0.118548,0.169759,-1.5708,0,0,0;
5.69, 0.780191,0.118516,0.169769,-1.5708,0,0,0;
5.7, 0.779754,0.118539,0.169792,-1.5708,0,0,0;
5.71, 0.780295,0.118506,0.169774,-1.5708,0,0,0;
5.72, 0.77989,0.118529,0.169756,-1.5708,0,0,0;
5.73, 0.77952,0.118485,0.169743,-1.5708,0,0,0;
5.74, 0.780496,0.118485,0.169752,-1.5708,0,0,0;
5.75, 0.779826,0.118509,0.169772,-1.5708,0,0,0;
5.76, 0.78038,0.118469,0.169811,-1.5708,0,0,0;
5.77, 0.779142,0.118469,0.169831,-1.5708,0,0,0;
5.78, 0.780354,0.118375,0.169831,-1.5708,0,0,0;
5.79, 0.779913,0.118448,0.169804,-1.5708,0,0,0;
5.8, 0.779943,0.118402,0.16977,-1.5708,0,0,0;
5.81, 0.779858,0.118423,0.169762,-1.5708,0,0,0;
5.82, 0.779749,0.118478,0.169759,-1.5708,0,0,0;
5.83, 0.780116,0.118482,0.169816,-1.5708,0,0,0;
5.84, 0.7799,0.118538,0.169871,-1.5708,0,0,0;
5.85, 0.780552,0.118501,0.169872,-1.5708,0,0,0;
5.86, 0.779684,0.118506,0.169837,-1.5708,0,0,0;
5.87, 0.779754,0.11846,0.169792,-1.5708,0,0,0;
5.88, 0.780245,0.118424,0.169797,-1.5708,0,0,0;
5.89, 0.780285,0.118408,0.169816,-1.5708,0,0,0;
5.9, 0.779768,0.118424,0.169837,-1.5708,0,0,0;
5.91, 0.780082,0.118429,0.169844,-1.5708,0,0,0;
5.92, 0.780027,0.118384,0.169825,-1.5708,0,0,0;
5.93, 0.779777,0.118436,0.169798,-1.5708,0,0,0;
5.94, 0.77992,0.118438,0.1698,-1.5708,0,0,0;
5.95, 0.779773,0.118391,0.169821,-1.5708,0,0,0;
5.96, 0.77972,0.118404,0.169839,-1.5708,0,0,0;
5.97, 0.779753,0.118381,0.169837,-1.5708,0,0,0;
5.98, 0.779592,0.11838,0.169851,-1.5708,0,0,0;
5.99, 0.779584,0.118387,0.169855,-1.5708,0,0,0;
6, 0.780069,0.118353,0.16985,-1.5708,0,0,0;
6.01, 0.780406,0.118384,0.169817,-1.5708,0,0,0;
6.02, 0.779848,0.118407,0.16981,-1.5708,0,0,0;
6.03, 0.779707,0.118398,0.169814,-1.5708,0,0,0;
6.04, 0.77983,0.1184,0.16981,-1.5708,0,0,0;
6.05, 0.779779,0.11839,0.16982,-1.5708,0,0,0;
6.06, 0.779999,0.118385,0.169815,-1.5708,0,0,0;
6.07, 0.779695,0.118407,0.16982,-1.5708,0,0,0;
6.08, 0.779785,0.118399,0.1698,-1.5708,0,0,0;
6.09, 0.779973,0.118413,0.1698,-1.5708,0,0,0;
6.1, 0.77986,0.118409,0.169794,-1.5708,0,0,0;
6.11, 0.780122,0.118408,0.169803,-1.5708,0,0,0;
6.12, 0.779862,0.118374,0.1698,-1.5708,0,0,0;
6.13, 0.780079,0.118412,0.169801,-1.5708,0,0,0;
6.14, 0.7802,0.118414,0.169789,-1.5708,0,0,0;
6.15, 0.780117,0.118423,0.169792,-1.5708,0,0,0;
6.16, 0.77999,0.118451,0.169787,-1.5708,0,0,0;
6.17, 0.779988,0.11847,0.169781,-1.5708,0,0,0;
6.18, 0.77971,0.118506,0.169783,-1.5708,0,0,0;
6.19, 0.779959,0.118505,0.169768,-1.5708,0,0,0;
6.2, 0.779994,0.118474,0.169777,-1.5708,0,0,0;
6.21, 0.780068,0.118475,0.169771,-1.5708,0,0,0;
6.22, 0.779986,0.118497,0.169766,-1.5708,0,0,0;
6.23, 0.779827,0.11853,0.169775,-1.5708,0,0,0;
6.24, 0.780168,0.118498,0.169764,-1.5708,0,0,0;
6.25, 0.780135,0.118513,0.169757,-1.5708,0,0,0;
6.26, 0.779748,0.118492,0.169767,-1.5708,0,0,0;
6.27, 0.779918,0.118511,0.169755,-1.5708,0,0,0;
6.28, 0.779837,0.118515,0.169751,-1.5708,0,0,0;
6.29, 0.779714,0.1185,0.169751,-1.5708,0,0,0;
6.3, 0.779855,0.118506,0.169761,-1.5708,0,0,0;
6.31, 0.780071,0.118536,0.169763,-1.5708,0,0,0;
6.32, 0.780011,0.118509,0.169758,-1.5708,0,0,0;
6.33, 0.780035,0.118493,0.169755,-1.5708,0,0,0;
6.34, 0.779755,0.11853,0.169757,-1.5708,0,0,0;
6.35, 0.779758,0.118535,0.169756,-1.5708,0,0,0;
6.36, 0.779752,0.118536,0.169754,-1.5708,0,0,0;
6.37, 0.779723,0.118553,0.169766,-1.5708,0,0,0;
6.38, 0.779634,0.118567,0.169758,-1.5708,0,0,0;
6.39, 0.780539,0.118551,0.16974,-1.5708,0,0,0;
6.4, 0.780125,0.118495,0.169734,-1.5708,0,0,0;
6.41, 0.780417,0.118499,0.16976,-1.5708,0,0,0;
6.42, 0.780245,0.118531,0.169767,-1.5708,0,0,0;
6.43, 0.779587,0.118547,0.169775,-1.5708,0,0,0;
6.44, 0.77935,0.118482,0.169772,-1.5708,0,0,0;
6.45, 0.779792,0.118493,0.169758,-1.5708,0,0,0;
6.46, 0.779933,0.118536,0.169782,-1.5708,0,0,0;
6.47, 0.779771,0.118491,0.169786,-1.5708,0,0,0;
6.48, 0.779995,0.118558,0.169783,-1.5708,0,0,0;
6.49, 0.779865,0.118482,0.169785,-1.5708,0,0,0;
6.5, 0.779858,0.118485,0.16978,-1.5708,0,0,0;
6.51, 0.779633,0.118493,0.169786,-1.5708,0,0,0;
6.52, 0.779846,0.118464,0.169781,-1.5708,0,0,0;
6.53, 0.780573,0.118538,0.169799,-1.5708,0,0,0;
6.54, 0.779797,0.118521,0.169785,-1.5708,0,0,0;
6.55, 0.780202,0.118452,0.169812,-1.5708,0,0,0;
6.56, 0.780017,0.118495,0.169806,-1.5708,0,0,0;
6.57, 0.779999,0.118491,0.169815,-1.5708,0,0,0;
6.58, 0.780707,0.118467,0.169807,-1.5708,0,0,0;
6.59, 0.780488,0.11844,0.169808,-1.5708,0,0,0;
6.6, 0.780669,0.118435,0.169825,-1.5708,0,0,0;
6.61, 0.779541,0.118443,0.169826,-1.5708,0,0,0;
6.62, 0.77939,0.118427,0.169826,-1.5708,0,0,0;
6.63, 0.779706,0.118443,0.169827,-1.5708,0,0,0;
6.64, 0.779531,0.118365,0.169828,-1.5708,0,0,0;
6.65, 0.779543,0.118441,0.16983,-1.5708,0,0,0;
6.66, 0.779558,0.118473,0.169813,-1.5708,0,0,0;
6.67, 0.779685,0.118493,0.169823,-1.5708,0,0,0;
6.68, 0.780233,0.11849,0.169829,-1.5708,0,0,0;
6.69, 0.779452,0.118459,0.16982,-1.5708,0,0,0;
6.7, 0.780001,0.118423,0.169811,-1.5708,0,0,0;
6.71, 0.78035,0.118454,0.169818,-1.5708,0,0,0;
6.72, 0.780519,0.118418,0.169819,-1.5708,0,0,0;
6.73, 0.780158,0.118437,0.169828,-1.5708,0,0,0;
6.74, 0.779666,0.118448,0.169828,-1.5708,0,0,0;
6.75, 0.779768,0.11847,0.169827,-1.5708,0,0,0;
6.76, 0.780236,0.118413,0.169818,-1.5708,0,0,0;
6.77, 0.779548,0.11844,0.169811,-1.5708,0,0,0;
6.78, 0.779727,0.118406,0.169819,-1.5708,0,0,0;
6.79, 0.779974,0.118478,0.169816,-1.5708,0,0,0;
6.8, 0.77965,0.118449,0.169813,-1.5708,0,0,0;
6.81, 0.779723,0.11845,0.169804,-1.5708,0,0,0;
6.82, 0.78009,0.118461,0.169805,-1.5708,0,0,0;
6.83, 0.780414,0.118488,0.169806,-1.5708,0,0,0;
6.84, 0.780337,0.1185,0.169815,-1.5708,0,0,0;
6.85, 0.779742,0.118463,0.169816,-1.5708,0,0,0;
6.86, 0.779959,0.118446,0.169809,-1.5708,0,0,0;
6.87, 0.78002,0.118441,0.169788,-1.5708,0,0,0;
6.88, 0.780065,0.118466,0.169778,-1.5708,0,0,0;
6.89, 0.779903,0.118502,0.169775,-1.5708,0,0,0;
6.9, 0.779725,0.11848,0.169796,-1.5708,0,0,0;
6.91, 0.779863,0.118474,0.169803,-1.5708,0,0,0;
6.92, 0.779883,0.118469,0.169787,-1.5708,0,0,0;
6.93, 0.780089,0.118462,0.169775,-1.5708,0,0,0;
6.94, 0.779977,0.118475,0.169758,-1.5708,0,0,0;
6.95, 0.780106,0.118503,0.16977,-1.5708,0,0,0;
6.96, 0.779921,0.118518,0.169779,-1.5708,0,0,0;
6.97, 0.779834,0.118517,0.169782,-1.5708,0,0,0;
6.98, 0.779647,0.118519,0.169782,-1.5708,0,0,0;
6.99, 0.77986,0.118546,0.169777,-1.5708,0,0,0;
7, 0.779802,0.118525,0.169766,-1.5708,0,0,0;
7.01, 0.779591,0.118519,0.169756,-1.5708,0,0,0;
7.02, 0.779838,0.118509,0.169755,-1.5708,0,0,0;
7.03, 0.779784,0.1185,0.169759,-1.5708,0,0,0;
7.04, 0.779973,0.118546,0.169756,-1.5708,0,0,0;
7.05, 0.780156,0.118507,0.169762,-1.5708,0,0,0;
7.06, 0.77972,0.118528,0.169759,-1.5708,0,0,0;
7.07, 0.779667,0.118525,0.169759,-1.5708,0,0,0;
7.08, 0.779956,0.118495,0.169754,-1.5708,0,0,0;
7.09, 0.780134,0.118513,0.169768,-1.5708,0,0,0;
7.1, 0.780729,0.118511,0.169775,-1.5708,0,0,0;
7.11, 0.779825,0.118526,0.169765,-1.5708,0,0,0;
7.12, 0.779829,0.11855,0.169756,-1.5708,0,0,0;
7.13, 0.780061,0.118501,0.169751,-1.5708,0,0,0;
7.14, 0.780005,0.118484,0.169753,-1.5708,0,0,0;
7.15, 0.780408,0.11845,0.169744,-1.5708,0,0,0;
7.16, 0.780212,0.118554,0.16976,-1.5708,0,0,0;
7.17, 0.780103,0.118546,0.169775,-1.5708,0,0,0;
7.18, 0.779912,0.118537,0.169799,-1.5708,0,0,0;
7.19, 0.780113,0.118541,0.169784,-1.5708,0,0,0;
7.2, 0.779634,0.118553,0.169784,-1.5708,0,0,0;
7.21, 0.779627,0.118519,0.169776,-1.5708,0,0,0;
7.22, 0.780304,0.11852,0.169779,-1.5708,0,0,0;
7.23, 0.779822,0.11846,0.169769,-1.5708,0,0,0;
7.24, 0.779473,0.118472,0.169792,-1.5708,0,0,0;
7.25, 0.77963,0.118493,0.169796,-1.5708,0,0,0;
7.26, 0.779862,0.118442,0.169771,-1.5708,0,0,0;
7.27, 0.779957,0.11845,0.169793,-1.5708,0,0,0;
7.28, 0.779517,0.118475,0.169802,-1.5708,0,0,0;
7.29, 0.779834,0.118467,0.169807,-1.5708,0,0,0;
7.3, 0.779335,0.118486,0.169809,-1.5708,0,0,0;
7.31, 0.780302,0.118459,0.169807,-1.5708,0,0,0;
7.32, 0.779754,0.118515,0.169796,-1.5708,0,0,0;
7.33, 0.780849,0.118509,0.169783,-1.5708,0,0,0;
7.34, 0.78031,0.118459,0.169802,-1.5708,0,0,0;
7.35, 0.779713,0.118395,0.169816,-1.5708,0,0,0;
7.36, 0.77954,0.118395,0.169819,-1.5708,0,0,0;
7.37, 0.779892,0.118446,0.169818,-1.5708,0,0,0;
7.38, 0.780152,0.118443,0.169809,-1.5708,0,0,0;
7.39, 0.779802,0.118437,0.169806,-1.5708,0,0,0;
7.4, 0.780148,0.118491,0.169808,-1.5708,0,0,0;
7.41, 0.780421,0.118461,0.169818,-1.5708,0,0,0;
7.42, 0.779683,0.118426,0.169829,-1.5708,0,0,0;
7.43, 0.779593,0.118409,0.169851,-1.5708,0,0,0;
7.44, 0.780291,0.118402,0.16984,-1.5708,0,0,0;
7.45, 0.780256,0.118409,0.169832,-1.5708,0,0,0;
7.46, 0.780204,0.118417,0.169805,-1.5708,0,0,0;
7.47, 0.779731,0.118429,0.169812,-1.5708,0,0,0;
7.48, 0.779944,0.11843,0.169822,-1.5708,0,0,0;
7.49, 0.779725,0.118419,0.169815,-1.5708,0,0,0;
7.5, 0.779795,0.118392,0.169817,-1.5708,0,0,0;
7.51, 0.779592,0.118407,0.169816,-1.5708,0,0,0;
7.52, 0.779958,0.118413,0.16981,-1.5708,0,0,0;
7.53, 0.780117,0.118484,0.169808,-1.5708,0,0,0;
7.54, 0.779569,0.118464,0.169812,-1.5708,0,0,0;
7.55, 0.779623,0.118481,0.169823,-1.5708,0,0,0;
7.56, 0.779924,0.118488,0.169824,-1.5708,0,0,0;
7.57, 0.780156,0.118508,0.16982,-1.5708,0,0,0;
7.58, 0.780193,0.11847,0.169807,-1.5708,0,0,0;
7.59, 0.779932,0.118452,0.169808,-1.5708,0,0,0;
7.6, 0.779953,0.118483,0.169801,-1.5708,0,0,0;
7.61, 0.779974,0.118435,0.169793,-1.5708,0,0,0;
7.62, 0.779966,0.118472,0.169791,-1.5708,0,0,0;
7.63, 0.780051,0.11847,0.169794,-1.5708,0,0,0;
7.64, 0.780025,0.118495,0.169786,-1.5708,0,0,0;
7.65, 0.77988,0.118474,0.169797,-1.5708,0,0,0;
7.66, 0.779737,0.11849,0.16979,-1.5708,0,0,0;
7.67, 0.779994,0.118481,0.169779,-1.5708,0,0,0;
7.68, 0.779703,0.118502,0.169791,-1.5708,0,0,0;
7.69, 0.779994,0.118515,0.169797,-1.5708,0,0,0;
7.7, 0.780087,0.118495,0.169786,-1.5708,0,0,0;
7.71, 0.780222,0.118515,0.169785,-1.5708,0,0,0;
7.72, 0.780131,0.118464,0.169773,-1.5708,0,0,0;
7.73, 0.780149,0.118496,0.169767,-1.5708,0,0,0;
7.74, 0.780239,0.118493,0.169769,-1.5708,0,0,0;
7.75, 0.779994,0.118511,0.169773,-1.5708,0,0,0;
7.76, 0.78,0.118515,0.169779,-1.5708,0,0,0;
7.77, 0.77963,0.118517,0.169774,-1.5708,0,0,0;
7.78, 0.779771,0.118514,0.169763,-1.5708,0,0,0;
7.79, 0.779858,0.118543,0.169756,-1.5708,0,0,0;
7.8, 0.779785,0.118528,0.169753,-1.5708,0,0,0;
7.81, 0.779925,0.118484,0.169755,-1.5708,0,0,0;
7.82, 0.779674,0.118454,0.169758,-1.5708,0,0,0;
7.83, 0.779458,0.118501,0.169758,-1.5708,0,0,0;
7.84, 0.779805,0.1185,0.169754,-1.5708,0,0,0;
7.85, 0.7802,0.118481,0.169749,-1.5708,0,0,0;
7.86, 0.780099,0.11856,0.16975,-1.5708,0,0,0;
7.87, 0.78006,0.118516,0.169747,-1.5708,0,0,0;
7.88, 0.78014,0.118567,0.169756,-1.5708,0,0,0;
7.89, 0.779868,0.11854,0.169752,-1.5708,0,0,0;
7.9, 0.779977,0.118527,0.169772,-1.5708,0,0,0;
7.91, 0.780175,0.118503,0.169766,-1.5708,0,0,0;
7.92, 0.779876,0.118506,0.169765,-1.5708,0,0,0;
7.93, 0.779709,0.118512,0.169763,-1.5708,0,0,0;
7.94, 0.779617,0.11848,0.169768,-1.5708,0,0,0;
7.95, 0.780058,0.118496,0.169772,-1.5708,0,0,0;
7.96, 0.780433,0.118413,0.16979,-1.5708,0,0,0;
7.97, 0.780158,0.118449,0.169789,-1.5708,0,0,0;
7.98, 0.77968,0.118523,0.169787,-1.5708,0,0,0;
7.99, 0.779376,0.118504,0.169804,-1.5708,0,0,0;
8, 0.779372,0.118494,0.169814,-1.5708,0,0,0;
8.01, 0.780189,0.118471,0.169785,-1.5708,0,0,0;
8.02, 0.78036,0.11847,0.169772,-1.5708,0,0,0;
8.03, 0.780451,0.118386,0.169792,-1.5708,0,0,0;
8.04, 0.77996,0.118447,0.169812,-1.5708,0,0,0;
8.05, 0.779749,0.118374,0.169806,-1.5708,0,0,0;
8.06, 0.780053,0.11845,0.16982,-1.5708,0,0,0;
8.07, 0.779148,0.118417,0.16979,-1.5708,0,0,0;
8.08, 0.780026,0.118448,0.169787,-1.5708,0,0,0;
8.09, 0.779839,0.118519,0.169801,-1.5708,0,0,0;
8.1, 0.779648,0.118481,0.169837,-1.5708,0,0,0;
8.11, 0.780323,0.118444,0.169831,-1.5708,0,0,0;
8.12, 0.780044,0.118381,0.169843,-1.5708,0,0,0;
8.13, 0.780115,0.118398,0.169841,-1.5708,0,0,0;
8.14, 0.780048,0.118474,0.169811,-1.5708,0,0,0;
8.15, 0.779633,0.118438,0.169811,-1.5708,0,0,0;
8.16, 0.780036,0.118472,0.169809,-1.5708,0,0,0;
8.17, 0.779416,0.11845,0.169806,-1.5708,0,0,0;
8.18, 0.78004,0.118425,0.16983,-1.5708,0,0,0;
8.19, 0.779931,0.118448,0.169818,-1.5708,0,0,0;
8.2, 0.779879,0.118497,0.169796,-1.5708,0,0,0;
8.21, 0.779988,0.118472,0.169793,-1.5708,0,0,0;
8.22, 0.780312,0.118424,0.169815,-1.5708,0,0,0;
8.23, 0.780201,0.118437,0.169835,-1.5708,0,0,0;
8.24, 0.779654,0.118449,0.169825,-1.5708,0,0,0;
8.25, 0.779849,0.118456,0.169822,-1.5708,0,0,0;
8.26, 0.779882,0.118429,0.169813,-1.5708,0,0,0;
8.27, 0.779987,0.118456,0.169796,-1.5708,0,0,0;
8.28, 0.779802,0.118457,0.169803,-1.5708,0,0,0;
8.29, 0.780041,0.118445,0.169807,-1.5708,0,0,0;
8.3, 0.780138,0.118442,0.169804,-1.5708,0,0,0;
8.31, 0.780196,0.118455,0.169806,-1.5708,0,0,0;
8.32, 0.779988,0.11845,0.169802,-1.5708,0,0,0;
8.33, 0.779824,0.11843,0.169815,-1.5708,0,0,0;
8.34, 0.779889,0.118453,0.169811,-1.5708,0,0,0;
8.35, 0.779955,0.118474,0.169794,-1.5708,0,0,0;
8.36, 0.779957,0.11848,0.169782,-1.5708,0,0,0;
8.37, 0.780094,0.118478,0.16977,-1.5708,0,0,0;
8.38, 0.779858,0.118495,0.16978,-1.5708,0,0,0;
8.39, 0.779891,0.118487,0.169791,-1.5708,0,0,0;
8.4, 0.779726,0.118477,0.169806,-1.5708,0,0,0;
8.41, 0.779879,0.118476,0.169796,-1.5708,0,0,0;
8.42, 0.780065,0.118539,0.169776,-1.5708,0,0,0;
8.43, 0.779987,0.118526,0.169763,-1.5708,0,0,0;
8.44, 0.780275,0.11848,0.169751,-1.5708,0,0,0;
8.45, 0.780047,0.118493,0.169748,-1.5708,0,0,0;
8.46, 0.779666,0.118491,0.169764,-1.5708,0,0,0;
8.47, 0.779736,0.118505,0.169766,-1.5708,0,0,0;
8.48, 0.779747,0.118535,0.169771,-1.5708,0,0,0;
8.49, 0.77973,0.118516,0.169771,-1.5708,0,0,0;
8.5, 0.779892,0.118502,0.169775,-1.5708,0,0,0;
8.51, 0.779823,0.118513,0.169764,-1.5708,0,0,0;
8.52, 0.780035,0.118516,0.169753,-1.5708,0,0,0;
8.53, 0.78018,0.118506,0.169745,-1.5708,0,0,0;
8.54, 0.780166,0.118541,0.169765,-1.5708,0,0,0;
8.55, 0.779568,0.118577,0.169765,-1.5708,0,0,0;
8.56, 0.779904,0.118538,0.169787,-1.5708,0,0,0;
8.57, 0.779829,0.118561,0.169761,-1.5708,0,0,0;
8.58, 0.780204,0.118515,0.169753,-1.5708,0,0,0;
8.59, 0.780024,0.118549,0.169753,-1.5708,0,0,0;
8.6, 0.779994,0.11853,0.169757,-1.5708,0,0,0;
8.61, 0.779986,0.118514,0.169757,-1.5708,0,0,0;
8.62, 0.779989,0.118505,0.169766,-1.5708,0,0,0;
8.63, 0.779869,0.118496,0.169755,-1.5708,0,0,0;
8.64, 0.779871,0.118557,0.169748,-1.5708,0,0,0;
8.65, 0.779735,0.118495,0.169761,-1.5708,0,0,0;
8.66, 0.779536,0.118526,0.169787,-1.5708,0,0,0;
8.67, 0.779739,0.118553,0.169789,-1.5708,0,0,0;
8.68, 0.780292,0.118486,0.169778,-1.5708,0,0,0;
8.69, 0.77953,0.118556,0.16977,-1.5708,0,0,0;
8.7, 0.780675,0.118552,0.169773,-1.5708,0,0,0;
8.71, 0.780249,0.11853,0.16978,-1.5708,0,0,0;
8.72, 0.780663,0.118507,0.16979,-1.5708,0,0,0;
8.73, 0.779662,0.118477,0.169801,-1.5708,0,0,0;
8.74, 0.779063,0.118508,0.169784,-1.5708,0,0,0;
8.75, 0.779743,0.118546,0.169783,-1.5708,0,0,0;
8.76, 0.779702,0.118485,0.16979,-1.5708,0,0,0;
8.77, 0.78004,0.118466,0.169797,-1.5708,0,0,0;
8.78, 0.779317,0.118468,0.169797,-1.5708,0,0,0;
8.79, 0.780005,0.118427,0.169804,-1.5708,0,0,0;
8.8, 0.780348,0.118472,0.169811,-1.5708,0,0,0;
8.81, 0.779559,0.118495,0.169801,-1.5708,0,0,0;
8.82, 0.780329,0.118469,0.169785,-1.5708,0,0,0;
8.83, 0.779929,0.118462,0.169809,-1.5708,0,0,0;
8.84, 0.780536,0.11848,0.169828,-1.5708,0,0,0;
8.85, 0.779879,0.118455,0.169823,-1.5708,0,0,0;
8.86, 0.779943,0.118446,0.16981,-1.5708,0,0,0;
8.87, 0.780335,0.11841,0.169811,-1.5708,0,0,0;
8.88, 0.780142,0.118392,0.169812,-1.5708,0,0,0;
8.89, 0.780039,0.118446,0.169807,-1.5708,0,0,0;
8.9, 0.780046,0.118463,0.169806,-1.5708,0,0,0;
8.91, 0.779733,0.118425,0.169802,-1.5708,0,0,0;
8.92, 0.780021,0.118415,0.169795,-1.5708,0,0,0;
8.93, 0.779692,0.118462,0.16983,-1.5708,0,0,0;
8.94, 0.779786,0.118488,0.16984,-1.5708,0,0,0;
8.95, 0.779875,0.118472,0.169847,-1.5708,0,0,0;
8.96, 0.780059,0.118476,0.169833,-1.5708,0,0,0;
8.97, 0.780214,0.118486,0.169836,-1.5708,0,0,0;
8.98, 0.779778,0.118458,0.169839,-1.5708,0,0,0;
8.99, 0.77981,0.118478,0.169827,-1.5708,0,0,0;
9, 0.77991,0.118486,0.169806,-1.5708,0,0,0;
9.01, 0.779938,0.118475,0.169807,-1.5708,0,0,0;
9.02, 0.780036,0.118452,0.169817,-1.5708,0,0,0;
9.03, 0.779901,0.118443,0.169814,-1.5708,0,0,0;
9.04, 0.77998,0.118393,0.169818,-1.5708,0,0,0;
9.05, 0.78018,0.118376,0.169803,-1.5708,0,0,0;
9.06, 0.779678,0.118436,0.169788,-1.5708,0,0,0;
9.07, 0.780086,0.118436,0.169786,-1.5708,0,0,0;
9.08, 0.780176,0.118475,0.16978,-1.5708,0,0,0;
9.09, 0.77992,0.11848,0.169802,-1.5708,0,0,0;
9.1, 0.779651,0.118465,0.169811,-1.5708,0,0,0;
9.11, 0.779641,0.118469,0.169821,-1.5708,0,0,0;
9.12, 0.779726,0.118456,0.169813,-1.5708,0,0,0;
9.13, 0.780064,0.118444,0.169794,-1.5708,0,0,0;
9.14, 0.779937,0.118446,0.169765,-1.5708,0,0,0;
9.15, 0.780004,0.118487,0.169763,-1.5708,0,0,0;
9.16, 0.77989,0.118484,0.169772,-1.5708,0,0,0;
9.17, 0.780121,0.118486,0.169793,-1.5708,0,0,0;
9.18, 0.780048,0.118521,0.169788,-1.5708,0,0,0;
9.19, 0.77994,0.11852,0.169791,-1.5708,0,0,0;
9.2, 0.779923,0.118489,0.169786,-1.5708,0,0,0;
9.21, 0.780143,0.118499,0.169773,-1.5708,0,0,0;
9.22, 0.7801,0.118525,0.169759,-1.5708,0,0,0;
9.23, 0.779903,0.118512,0.169766,-1.5708,0,0,0;
9.24, 0.780104,0.118507,0.16976,-1.5708,0,0,0;
9.25, 0.779711,0.118519,0.169763,-1.5708,0,0,0;
9.26, 0.779465,0.118524,0.169763,-1.5708,0,0,0;
9.27, 0.77953,0.118495,0.169774,-1.5708,0,0,0;
9.28, 0.779879,0.11851,0.169774,-1.5708,0,0,0;
9.29, 0.779835,0.118528,0.169771,-1.5708,0,0,0;
9.3, 0.78005,0.118516,0.169753,-1.5708,0,0,0;
9.31, 0.780107,0.118557,0.169747,-1.5708,0,0,0;
9.32, 0.779868,0.118542,0.169749,-1.5708,0,0,0;
9.33, 0.780173,0.118511,0.169754,-1.5708,0,0,0;
9.34, 0.780121,0.118528,0.169775,-1.5708,0,0,0;
9.35, 0.779541,0.118531,0.169778,-1.5708,0,0,0;
9.36, 0.779417,0.118529,0.169786,-1.5708,0,0,0;
9.37, 0.780089,0.118504,0.169788,-1.5708,0,0,0;
9.38, 0.780147,0.118499,0.169786,-1.5708,0,0,0;
9.39, 0.78019,0.11851,0.169767,-1.5708,0,0,0;
9.4, 0.780307,0.118508,0.16976,-1.5708,0,0,0;
9.41, 0.780074,0.118508,0.169776,-1.5708,0,0,0;
9.42, 0.779487,0.118546,0.169772,-1.5708,0,0,0;
9.43, 0.779665,0.118556,0.169762,-1.5708,0,0,0;
9.44, 0.780171,0.118548,0.169759,-1.5708,0,0,0;
9.45, 0.77999,0.118474,0.169754,-1.5708,0,0,0;
9.46, 0.780081,0.118459,0.169769,-1.5708,0,0,0;
9.47, 0.780426,0.118472,0.169782,-1.5708,0,0,0;
9.48, 0.779854,0.118465,0.169786,-1.5708,0,0,0;
9.49, 0.779942,0.118464,0.169793,-1.5708,0,0,0;
9.5, 0.780185,0.118421,0.169787,-1.5708,0,0,0;
9.51, 0.780269,0.118473,0.169796,-1.5708,0,0,0;
9.52, 0.779626,0.118501,0.169789,-1.5708,0,0,0;
9.53, 0.779501,0.118482,0.169819,-1.5708,0,0,0;
9.54, 0.779765,0.118422,0.169805,-1.5708,0,0,0;
9.55, 0.779884,0.118432,0.169803,-1.5708,0,0,0;
9.56, 0.780015,0.118487,0.169789,-1.5708,0,0,0;
9.57, 0.780017,0.118473,0.169809,-1.5708,0,0,0;
9.58, 0.779775,0.118405,0.169794,-1.5708,0,0,0;
9.59, 0.779788,0.118459,0.169794,-1.5708,0,0,0;
9.6, 0.780521,0.118458,0.169794,-1.5708,0,0,0;
9.61, 0.779759,0.118501,0.169805,-1.5708,0,0,0;
9.62, 0.779973,0.118411,0.169808,-1.5708,0,0,0;
9.63, 0.779638,0.118408,0.169832,-1.5708,0,0,0;
9.64, 0.779753,0.118438,0.169832,-1.5708,0,0,0;
9.65, 0.779811,0.118447,0.169834,-1.5708,0,0,0;
9.66, 0.780066,0.118426,0.169828,-1.5708,0,0,0;
9.67, 0.779908,0.118441,0.169827,-1.5708,0,0,0;
9.68, 0.780275,0.118466,0.169819,-1.5708,0,0,0;
9.69, 0.77991,0.118455,0.169814,-1.5708,0,0,0;
9.7, 0.779552,0.118443,0.169816,-1.5708,0,0,0;
9.71, 0.780186,0.118455,0.16984,-1.5708,0,0,0;
9.72, 0.779824,0.118441,0.169818,-1.5708,0,0,0;
9.73, 0.779756,0.118447,0.169795,-1.5708,0,0,0;
9.74, 0.780174,0.118412,0.169787,-1.5708,0,0,0;
9.75, 0.780093,0.118449,0.169785,-1.5708,0,0,0;
9.76, 0.779643,0.11847,0.169808,-1.5708,0,0,0;
9.77, 0.779518,0.118479,0.169816,-1.5708,0,0,0;
9.78, 0.779914,0.118497,0.169829,-1.5708,0,0,0;
9.79, 0.779706,0.118466,0.169826,-1.5708,0,0,0;
9.8, 0.780209,0.118439,0.169811,-1.5708,0,0,0;
9.81, 0.77998,0.118467,0.1698,-1.5708,0,0,0;
9.82, 0.779839,0.118479,0.169795,-1.5708,0,0,0;
9.83, 0.779909,0.118487,0.169792,-1.5708,0,0,0;
9.84, 0.78016,0.118498,0.169803,-1.5708,0,0,0;
9.85, 0.780132,0.118482,0.169803,-1.5708,0,0,0;
9.86, 0.780256,0.118483,0.169789,-1.5708,0,0,0;
9.87, 0.780285,0.118477,0.169779,-1.5708,0,0,0;
9.88, 0.779892,0.118469,0.169775,-1.5708,0,0,0;
9.89, 0.779662,0.118433,0.169775,-1.5708,0,0,0;
9.9, 0.779572,0.118501,0.169777,-1.5708,0,0,0;
9.91, 0.779624,0.118498,0.169773,-1.5708,0,0,0;
9.92, 0.780091,0.118515,0.169779,-1.5708,0,0,0;
9.93, 0.779904,0.118499,0.16978,-1.5708,0,0,0;
9.94, 0.78019,0.118473,0.169785,-1.5708,0,0,0;
9.95, 0.779998,0.118507,0.169781,-1.5708,0,0,0;
9.96, 0.779913,0.118496,0.169781,-1.5708,0,0,0;
9.97, 0.780075,0.118494,0.169768,-1.5708,0,0,0;
9.98, 0.780185,0.118474,0.169754,-1.5708,0,0,0;
9.99, 0.78007,0.118502,0.169747,-1.5708,0,0,0;
