0, 25.2569,4.54368,1.5195,0,0,0,0;
0.01, 26.2478,4.61617,1.63642,0,0,0,0;
0.02, 21.3003,3.55558,1.48084,0,0,0,0;
0.03, 14.3764,2.20673,2.33353,0,0,0,0;
0.04, 7.94274,0.221382,3.8644,0,0,0,0;
0.05, 3.26401,-0.846724,5.41674,0,0,0,0;
0.06, -1.64267,-2.08281,5.97885,0,0,0,0;
0.07, -6.45663,-3.16745,5.80657,0,0,0,0;
0.08, -9.68029,-3.79956,4.07742,0,0,0,0;
0.09, -11.1627,-3.69864,1.9069,0,0,0,0;
0.1, -11.4415,-3.23078,0.178013,0,0,0,0;
0.11, -8.89824,-2.21547,-1.09012,0,0,0,0;
0.12, -6.66877,-1.0971,-1.2567,0,0,0,0;
0.13, -3.58343,-0.316075,-1.17908,0,0,0,0;
0.14, -1.95086,0.0787436,-0.680296,0,0,0,0;
0.15, -0.898986,0.195459,-0.278254,0,0,0,0;
0.16, -0.423291,0.182951,-0.172388,0,0,0,0;
0.17, -0.856284,0.0519487,-0.19318,0,0,0,0;
0.18, -1.0166,-0.111732,-0.417034,0,0,0,0;
0.19, -1.10989,-0.232339,-0.611609,0,0,0,0;
0.2, -1.1475,-0.294109,-0.724707,0,0,0,0;
0.21, -1.41929,-0.315037,-0.74408,0,0,0,0;
0.22, -0.924819,-0.306548,-0.66688,0,0,0,0;
0.23, -1.21675,-0.270993,-0.598768,0,0,0,0;
0.24, -1.28643,-0.299033,-0.538967,0,0,0,0;
0.25, -0.790267,-0.250976,-0.546484,0,0,0,0;
0.26, -1.00795,-0.224939,-0.618168,0,0,0,0;
0.27, -0.535772,-0.20674,-0.657985,0,0,0,0;
0.28, -0.29355,-0.18948,-0.646064,0,0,0,0;
0.29, -0.678614,-0.184362,-0.555656,0,0,0,0;
0.3, -0.485358,-0.179553,-0.516801,0,0,0,0;
0.31, -0.642222,-0.178197,-0.457173,0,0,0,0;
0.32, 0.184441,-0.157873,-0.570191,0,0,0,0;
0.33, 0.0212475,-0.133912,-0.496689,0,0,0,0;
0.34, -0.504894,-0.115255,-0.489171,0,0,0,0;
0.35, -0.225825,-0.144136,-0.40805,0,0,0,0;
0.36, -0.425537,-0.15116,-0.407597,0,0,0,0;
0.37, -0.245927,-0.124867,-0.426712,0,0,0,0;
0.38, 0.332621,-0.0853823,-0.45871,0,0,0,0;
0.39, -0.1861,-0.0986214,-0.389013,0,0,0,0;
0.4, -0.123668,-0.138158,-0.339324,0,0,0,0;
0.41, 0.0092797,-0.103222,-0.331667,0,0,0,0;
0.42, 0.0507066,-0.0582749,-0.292101,0,0,0,0;
0.43, -0.0416411,-0.132882,-0.304673,0,0,0,0;
0.44, -0.021673,-0.110777,-0.337086,0,0,0,0;
0.45, 0.178281,-0.0533249,-0.333806,0,0,0,0;
0.46, 0.123202,-0.0622803,-0.316376,0,0,0,0;
0.47, 0.0126927,-0.0849529,-0.26687,0,0,0,0;
0.48, 0.146266,-0.0500088,-0.218335,0,0,0,0;
0.49, 0.152431,-0.11364,-0.268734,0,0,0,0;
0.5, 0.13174,-0.0263934,-0.244286,0,0,0,0;
0.51, 0.295793,-0.0154655,-0.245073,0,0,0,0;
0.52, 0.462785,-0.0744073,-0.293035,0,0,0,0;
0.53, -0.0123557,-0.0712143,-0.246729,0,0,0,0;
0.54, 0.408684,-0.0574633,-0.214397,0,0,0,0;
0.55, -0.273247,-0.0794232,-0.176812,0,0,0,0;
0.56, 0.560988,0.00396653,-0.186812,0,0,0,0;
0.57, 0.330758,-0.0105733,-0.182979,0,0,0,0;
0.58, 0.420174,-0.0723464,-0.125557,0,0,0,0;
0.59, 0.253488,-0.0540372,-0.209056,0,0,0,0;
0.6, 0.336158,-0.0688049,-0.189129,0,0,0,0;
0.61, -0.0678756,-0.0140162,-0.256939,0,0,0,0;
0.62, 0.270718,-0.0181932,-0.228099,0,0,0,0;
0.63, 0.452228,-0.0234357,-0.0664664,0,0,0,0;
0.64, 0.0250029,-0.0513559,-0.18948,0,0,0,0;
0.65, 1.32747,-0.0341022,-0.136834,0,0,0,0;
0.66, 0.291829,0.0153356,-0.230522,0,0,0,0;
0.67, -0.20505,-0.0492486,-0.133467,0,0,0,0;
0.68, 0.572011,-0.0788961,-0.138179,0,0,0,0;
0.69, 0.799369,-0.0213054,-0.167488,0,0,0,0;
0.7, 0.0855807,-0.00855179,-0.153296,0,0,0,0;
0.71, 0.239317,0.0245719,-0.205578,0,0,0,0;
0.72, 0.792118,-0.0457056,-0.11447,0,0,0,0;
0.73, -0.105445,-0.0307192,-0.0436745,0,0,0,0;
0.74, 0.098824,-0.0818598,-0.208381,0,0,0,0;
0.75, 0.128876,0.0371817,-0.115818,0,0,0,0;
0.76, 0.898224,-0.0961454,-0.173097,0,0,0,0;
0.77, 0.283696,0.0186641,-0.0952778,0,0,0,0;
0.78, 0.557476,-0.00924132,-0.109138,0,0,0,0;
0.79, 0.513028,-0.0375431,-0.142586,0,0,0,0;
0.8, 0.622205,-0.0273437,-0.114558,0,0,0,0;
0.81, 0.161382,-0.0554386,-0.129107,0,0,0,0;
0.82, 0.27184,-0.0295327,-0.110136,0,0,0,0;
0.83, 0.417295,-0.0265676,-0.079052,0,0,0,0;
0.84, 0.589247,0.00502081,-0.126214,0,0,0,0;
0.85, 0.267592,-0.05243,-0.128325,0,0,0,0;
0.86, 0.355634,-0.0375773,-0.138224,0,0,0,0;
0.87, 0.56301,-0.00625585,-0.10829,0,0,0,0;
0.88, 0.429628,-0.0418869,-0.0850347,0,0,0,0;
0.89, 0.439874,-0.0361046,-0.0656777,0,0,0,0;
0.9, 0.31651,-0.0469458,-0.0772701,0,0,0,0;
0.91, 0.324181,-0.0107666,-0.0775509,0,0,0,0;
0.92, 0.451722,-0.0412006,-0.0780462,0,0,0,0;
0.93, 0.447313,-0.049138,-0.108044,0,0,0,0;
0.94, 0.428532,-0.0247426,-0.114225,0,0,0,0;
0.95, 0.508961,-0.0290921,-0.089877,0,0,0,0;
0.96, 0.406711,-0.0228836,-0.062114,0,0,0,0;
0.97, 0.416038,-0.035466,-0.0620431,0,0,0,0;
0.98, 0.486604,-0.0424069,-0.0836447,0,0,0,0;
0.99, 0.436278,-0.0311528,-0.0794231,0,0,0,0;
1, 0.115484,0.00330577,-0.0936993,0,0,0,0;
1.01, 0.429569,-0.0532172,-0.0886422,0,0,0,0;
1.02, 0.540543,-0.0429311,-0.0955482,0,0,0,0;
1.03, 0.595099,0.0042007,-0.046553,0,0,0,0;
1.04, 0.237081,-0.0462541,-0.0453243,0,0,0,0;
1.05, 0.619017,-0.0463767,-0.0373455,0,0,0,0;
1.06, 0.329461,-0.0303013,-0.0850913,0,0,0,0;
1.07, 0.312808,-0.0200255,-0.114726,0,0,0,0;
1.08, 0.365899,-0.0428567,-0.0330659,0,0,0,0;
1.09, 0.672189,-0.027073,-0.0781469,0,0,0,0;
1.1, 0.158475,-0.0165232,-0.0947001,0,0,0,0;
1.11, 0.575916,-0.0286586,-0.0596282,0,0,0,0;
1.12, 0.334541,-0.0404543,-0.0693379,0,0,0,0;
1.13, 0.411005,-0.0283265,-0.066523,0,0,0,0;
1.14, 0.523569,-0.0344167,-0.0688664,0,0,0,0;
1.15, 0.322285,-0.0361743,-0.0910857,0,0,0,0;
1.16, 0.468252,-0.0273519,-0.0904624,0,0,0,0;
1.17, 0.355792,-0.0242394,-0.0782792,0,0,0,0;
1.18, 0.473689,-0.0401181,-0.0771933,0,0,0,0;
1.19, 0.422885,-0.0276821,-0.0911204,0,0,0,0;
1.2, 0.547171,-0.0220817,-0.0782002,0,0,0,0;
1.21, 0.339424,-0.0348438,-0.080737,0,0,0,0;
1.22, 0.292202,-0.0408387,-0.0779475,0,0,0,0;
1.23, 0.731174,-0.0238446,-0.0744722,0,0,0,0;
1.24, 0.285541,-0.0143208,-0.0835146,0,0,0,0;
1.25, 0.426439,-0.043758,-0.0831674,0,0,0,0;
1.26, 0.837894,-0.041744,-0.0800131,0,0,0,0;
1.27, 0.0505374,-0.00534226,-0.07474,0,0,0,0;
1.28, 0.551586,-0.0593862,-0.144425,0,0,0,0;
1.29, 0.598397,-0.0281102,-0.114286,0,0,0,0;
1.3, 0.441697,0.0160914,-0.0985504,0,0,0,0;
1.31, -0.0446328,-0.0686487,-0.0718997,0,0,0,0;
1.32, 0.675901,-0.0446538,-0.135278,0,0,0,0;
1.33, 0.466125,-0.00199057,-0.124221,0,0,0,0;
1.34, 0.482066,0.0191258,-0.112833,0,0,0,0;
1.35, 0.597804,-0.0633467,-0.109114,0,0,0,0;
1.36, 0.448876,-0.014262,-0.0662824,0,0,0,0;
1.37, 0.549718,-0.0181915,-0.0167101,0,0,0,0;
1.38, 0.0919326,-0.0204965,-0.166736,0,0,0,0;
1.39, 0.37192,-0.034209,-0.0926405,0,0,0,0;
1.4, 0.211159,0.0252767,-0.112461,0,0,0,0;
1.41, 1.03734,-0.0234477,-0.106047,0,0,0,0;
1.42, 0.083144,-0.0406021,-0.184842,0,0,0,0;
1.43, 0.904759,0.0434876,-0.0766255,0,0,0,0;
1.44, 0.753034,-0.0216361,-0.105206,0,0,0,0;
1.45, -0.036094,-0.0906417,-0.111526,0,0,0,0;
1.46, 0.172217,-0.005602,-0.105593,0,0,0,0;
1.47, 0.756988,-0.00311702,-0.0440279,0,0,0,0;
1.48, 0.28991,-0.0939406,-0.138412,0,0,0,0;
1.49, 0.256764,0.0097444,-0.146589,0,0,0,0;
1.5, -0.154958,0.0458916,-0.138496,0,0,0,0;
1.51, 1.02202,-0.0667236,-0.0440073,0,0,0,0;
1.52, 0.507704,-0.0339178,-0.0694297,0,0,0,0;
1.53, 0.571141,0.0128162,-0.0700276,0,0,0,0;
1.54, 0.323256,-0.0643804,-0.15382,0,0,0,0;
1.55, 0.247339,0.0196118,-0.127247,0,0,0,0;
1.56, 0.373041,-0.0314209,-0.109692,0,0,0,0;
1.57, 0.614811,-0.0426468,-0.0789996,0,0,0,0;
1.58, 0.427958,-0.0336274,-0.0919493,0,0,0,0;
1.59, 0.406659,-0.0184466,-0.074506,0,0,0,0;
1.6, 0.382928,-0.0220819,-0.0801643,0,0,0,0;
1.61, 0.527745,-0.0165079,-0.101738,0,0,0,0;
1.62, 0.326723,-0.0225654,-0.107097,0,0,0,0;
1.63, 0.488973,-0.0131809,-0.0806723,0,0,0,0;
1.64, 0.387316,-0.0248876,-0.102901,0,0,0,0;
1.65, 0.569122,-0.0297842,-0.0963209,0,0,0,0;
1.66, 0.381638,-0.0379915,-0.0799742,0,0,0,0;
1.67, 0.498638,-0.0289396,-0.071708,0,0,0,0;
1.68, 0.467402,-0.0352796,-0.0738964,0,0,0,0;
1.69, 0.347103,-0.0293955,-0.0902424,0,0,0,0;
1.7, 0.475415,-0.0238432,-0.0746039,0,0,0,0;
1.71, 0.665477,-0.0326247,-0.0830168,0,0,0,0;
1.72, 0.181593,-0.0367234,-0.0826961,0,0,0,0;
1.73, 0.374759,-0.0246102,-0.0851421,0,0,0,0;
1.74, 0.307202,-0.03865,-0.0594248,0,0,0,0;
1.75, 0.684627,-0.0355699,-0.0726901,0,0,0,0;
1.76, 0.496579,-0.0309082,-0.0811036,0,0,0,0;
1.77, 0.381822,-0.0381715,-0.0607725,0,0,0,0;
1.78, 0.569214,-0.0230816,-0.0822199,0,0,0,0;
1.79, 0.494488,-0.0351027,-0.0670965,0,0,0,0;
1.8, 0.161639,-0.0448352,-0.0727851,0,0,0,0;
1.81, 0.640841,-0.012142,-0.0708097,0,0,0,0;
1.82, 0.372593,-0.0536693,-0.0742936,0,0,0,0;
1.83, 0.6959,-0.0270953,-0.100013,0,0,0,0;
1.84, 0.341971,-0.0224695,-0.0881892,0,0,0,0;
1.85, 0.528032,-0.0284843,-0.0660057,0,0,0,0;
1.86, 0.135354,-0.0470477,-0.0477906,0,0,0,0;
1.87, 0.433897,-0.0196928,-0.058646,0,0,0,0;
1.88, 0.399816,-0.0208396,-0.0610457,0,0,0,0;
1.89, 0.475516,-0.0527761,-0.103655,0,0,0,0;
1.9, 0.362503,-0.0349994,-0.104454,0,0,0,0;
1.91, 0.411351,-0.0310383,-0.105729,0,0,0,0;
1.92, 0.474514,-0.0205473,-0.0637322,0,0,0,0;
1.93, 0.517211,-0.0355203,-0.0582501,0,0,0,0;
1.94, 0.386397,-0.0167964,-0.0717104,0,0,0,0;
1.95, 0.398394,-0.0326776,-0.0754218,0,0,0,0;
1.96, 0.682804,-0.0254836,-0.108682,0,0,0,0;
1.97, 0.434493,-0.024629,-0.11343,0,0,0,0;
1.98, 0.227421,-0.0423766,-0.10686,0,0,0,0;
1.99, 0.465743,-0.00447465,-0.0430129,0,0,0,0;
2, 0.430854,-0.0247081,-0.073417,0,0,0,0;
2.01, 0.211061,-0.0202698,-0.0883537,0,0,0,0;
2.02, 0.610134,-0.0445363,-0.138554,0,0,0,0;
2.03, 0.47212,-0.00213629,-0.113658,0,0,0,0;
2.04, 0.405239,-0.0180234,-0.104847,0,0,0,0;
2.05, 0.368217,-0.041928,-0.0665779,0,0,0,0;
2.06, 0.616045,-0.018839,-0.0677663,0,0,0,0;
2.07, 0.595189,0.0107028,-0.126718,0,0,0,0;
2.08, 0.329506,-0.05932,-0.0986842,0,0,0,0;
2.09, 0.127049,-0.0116203,-0.0843906,0,0,0,0;
2.1, 0.635802,-0.0332553,-0.170588,0,0,0,0;
2.11, 0.248164,0.0178991,-0.139054,0,0,0,0;
2.12, 0.280015,-0.0386123,-0.0771865,0,0,0,0;
2.13, 0.87915,-0.00694407,-0.0132081,0,0,0,0;
2.14, 0.593968,-0.00107275,-0.106962,0,0,0,0;
2.15, 0.348095,-0.0461043,-0.0924241,0,0,0,0;
2.16, 0.545445,-0.00882439,-0.148418,0,0,0,0;
2.17, 0.150936,-0.0457335,-0.116784,0,0,0,0;
2.18, 0.485128,-0.0479714,-0.0976896,0,0,0,0;
2.19, 0.334325,-0.0307281,-0.110049,0,0,0,0;
2.2, 0.333915,-0.0212975,-0.035724,0,0,0,0;
2.21, 0.594336,0.0156675,-0.0874314,0,0,0,0;
2.22, 0.287066,-0.0292013,-0.148449,0,0,0,0;
2.23, 0.369889,-0.0503213,-0.179209,0,0,0,0;
2.24, 0.595121,0.00168196,-0.129344,0,0,0,0;
2.25, 0.559679,-0.0279246,-0.0926455,0,0,0,0;
2.26, 0.69043,-0.0232701,-0.0507481,0,0,0,0;
2.27, 0.0493228,-0.0238028,-0.0537129,0,0,0,0;
2.28, 0.328239,0.00295025,-0.0834235,0,0,0,0;
2.29, 0.486954,-0.0301924,-0.129398,0,0,0,0;
2.3, 0.496835,-0.0541806,-0.112547,0,0,0,0;
2.31, 0.50964,0.00230943,-0.102652,0,0,0,0;
2.32, 0.430712,0.000901992,-0.0849127,0,0,0,0;
2.33, 0.346606,-0.0378576,-0.0968458,0,0,0,0;
2.34, 0.641385,-0.030993,-0.0698671,0,0,0,0;
2.35, 0.497621,-0.0422864,-0.0902455,0,0,0,0;
2.36, 0.376791,-0.0196617,-0.0830519,0,0,0,0;
2.37, 0.371004,-0.0448587,-0.0739135,0,0,0,0;
2.38, 0.414784,-0.0315983,-0.0979957,0,0,0,0;
2.39, 0.391083,-0.024793,-0.11941,0,0,0,0;
2.4, 0.393926,-0.0277093,-0.10135,0,0,0,0;
2.41, 0.498855,-0.0307991,-0.0776643,0,0,0,0;
2.42, 0.407702,-0.0179379,-0.0822484,0,0,0,0;
2.43, 0.41356,-0.0380119,-0.0619102,0,0,0,0;
2.44, 0.436229,-0.0315376,-0.0796213,0,0,0,0;
2.45, 0.426637,-0.0276656,-0.0833437,0,0,0,0;
2.46, 0.390831,-0.0478182,-0.122424,0,0,0,0;
2.47, 0.500554,-0.0198218,-0.0753409,0,0,0,0;
2.48, 0.510192,-0.0198662,-0.0899669,0,0,0,0;
2.49, 0.35726,-0.0319383,-0.0588298,0,0,0,0;
2.5, 0.347575,-0.0162451,-0.0368434,0,0,0,0;
2.51, 0.514541,-0.0452767,-0.0487751,0,0,0,0;
2.52, 0.489616,-0.0172956,-0.0644369,0,0,0,0;
2.53, 0.399436,-0.0402155,-0.119258,0,0,0,0;
2.54, 0.464894,-0.0383399,-0.109516,0,0,0,0;
2.55, 0.388246,-0.0346138,-0.0872493,0,0,0,0;
2.56, 0.474892,-0.0215218,-0.0601834,0,0,0,0;
2.57, 0.326897,-0.0459307,-0.062644,0,0,0,0;
2.58, 0.527354,-0.0115069,-0.0747655,0,0,0,0;
2.59, 0.495974,-0.0168775,-0.0795672,0,0,0,0;
2.6, 0.344306,-0.0333347,-0.0786407,0,0,0,0;
2.61, 0.402916,-0.0447145,-0.0690605,0,0,0,0;
2.62, 0.492805,-0.0337789,-0.0921883,0,0,0,0;
2.63, 0.320214,-0.0132323,-0.0898764,0,0,0,0;
2.64, 0.556226,-0.0250216,-0.0744931,0,0,0,0;
2.65, 0.446173,-0.021173,-0.0795159,0,0,0,0;
2.66, 0.277227,-0.0428063,-0.0809003,0,0,0,0;
2.67, 0.635073,-0.0301115,-0.0875221,0,0,0,0;
2.68, 0.334092,-0.0438388,-0.0805157,0,0,0,0;
2.69, 0.375722,-0.0231719,-0.0834888,0,0,0,0;
2.7, 0.502098,-0.0158777,-0.103905,0,0,0,0;
2.71, 0.553411,-0.0267128,-0.0869815,0,0,0,0;
2.72, 0.389145,-0.0351853,-0.102218,0,0,0,0;
2.73, 0.416407,-0.0362787,-0.087295,0,0,0,0;
2.74, 0.384455,-0.0307345,-0.0812872,0,0,0,0;
2.75, 0.437684,-0.028354,-0.0932922,0,0,0,0;
2.76, 0.558748,-0.0170485,-0.0937143,0,0,0,0;
2.77, 0.183904,-0.0289677,-0.0809341,0,0,0,0;
2.78, 0.414486,-0.00725359,-0.0999795,0,0,0,0;
2.79, 0.802735,0.00388931,-0.108069,0,0,0,0;
2.8, 0.361246,-0.0878133,-0.140278,0,0,0,0;
2.81, 0.452995,-0.0120234,-0.0693453,0,0,0,0;
2.82, 0.440097,-0.0171612,-0.0731473,0,0,0,0;
2.83, 0.244472,0.0162476,-0.106775,0,0,0,0;
2.84, 0.443924,-0.0693244,-0.0917823,0,0,0,0;
2.85, 0.348983,-0.00921407,-0.157856,0,0,0,0;
2.86, 0.477917,-0.019863,-0.0938357,0,0,0,0;
2.87, 0.474548,-0.039619,-0.0675736,0,0,0,0;
2.88, 0.67551,-0.0428771,-0.122747,0,0,0,0;
2.89, 0.858683,-0.0201579,-0.0849209,0,0,0,0;
2.9, -0.0113672,-0.0303645,-0.118293,0,0,0,0;
2.91, 0.19354,-0.00386354,-0.0875263,0,0,0,0;
2.92, 0.581784,-0.0560424,-0.0623124,0,0,0,0;
2.93, 0.29921,0.0062739,-0.104012,0,0,0,0;
2.94, 0.706614,-0.0107644,-0.121722,0,0,0,0;
2.95, 0.314164,-0.0167379,-0.154013,0,0,0,0;
2.96, 0.16418,-0.0404629,-0.0502167,0,0,0,0;
2.97, 0.673814,-0.029953,-0.0707474,0,0,0,0;
2.98, 0.126978,-0.0194103,-0.0841879,0,0,0,0;
2.99, 0.667359,-0.017495,-0.082302,0,0,0,0;
3, 0.425642,-0.0513921,-0.148882,0,0,0,0;
3.01, 0.286259,-0.0229167,-0.121304,0,0,0,0;
3.02, 0.472214,-0.0206136,-0.101283,0,0,0,0;
3.03, 0.547247,-0.00520156,-0.088332,0,0,0,0;
3.04, 0.553761,-0.00422908,-0.0881061,0,0,0,0;
3.05, 0.505066,-0.0248281,-0.0948292,0,0,0,0;
3.06, 0.365763,-0.0320202,-0.106978,0,0,0,0;
3.07, 0.280934,-0.0597718,-0.103654,0,0,0,0;
3.08, 0.49147,-0.0102685,-0.0547812,0,0,0,0;
3.09, 0.580037,-0.0332025,-0.0891232,0,0,0,0;
3.1, 0.347484,-0.0245094,-0.0965241,0,0,0,0;
3.11, 0.386918,-0.0426264,-0.0913968,0,0,0,0;
3.12, 0.547054,-0.0259885,-0.096365,0,0,0,0;
3.13, 0.30983,-0.00952194,-0.0930228,0,0,0,0;
3.14, 0.442692,-0.0397122,-0.0800178,0,0,0,0;
3.15, 0.489208,-0.0300313,-0.0579931,0,0,0,0;
3.16, 0.515133,-0.0254537,-0.0728827,0,0,0,0;
3.17, 0.428851,-0.0347273,-0.0809655,0,0,0,0;
3.18, 0.267094,-0.0287341,-0.0831717,0,0,0,0;
3.19, 0.65246,-0.0182861,-0.104273,0,0,0,0;
3.2, 0.35351,-0.0436355,-0.108319,0,0,0,0;
3.21, 0.340876,-0.026679,-0.0837361,0,0,0,0;
3.22, 0.545774,-0.0295381,-0.0694385,0,0,0,0;
3.23, 0.334419,-0.0380201,-0.070782,0,0,0,0;
3.24, 0.430796,-0.0262876,-0.0609308,0,0,0,0;
3.25, 0.506224,-0.0303288,-0.0832302,0,0,0,0;
3.26, 0.413767,-0.0143748,-0.0938483,0,0,0,0;
3.27, 0.445699,-0.0320311,-0.0880175,0,0,0,0;
3.28, 0.602421,-0.03773,-0.067493,0,0,0,0;
3.29, 0.292353,-0.0274485,-0.0661033,0,0,0,0;
3.3, 0.468159,-0.0318509,-0.0741875,0,0,0,0;
3.31, 0.458632,-0.0379431,-0.10465,0,0,0,0;
3.32, 0.353221,-0.0437396,-0.0899155,0,0,0,0;
3.33, 0.432216,-0.0219404,-0.0877379,0,0,0,0;
3.34, 0.492916,-0.0182458,-0.0735599,0,0,0,0;
3.35, 0.299484,-0.0344196,-0.0693204,0,0,0,0;
3.36, 0.510035,-0.034974,-0.0712553,0,0,0,0;
3.37, 0.485861,-0.0264633,-0.0872451,0,0,0,0;
3.38, 0.582278,-0.0165985,-0.0798598,0,0,0,0;
3.39, 0.313941,-0.0349454,-0.0961418,0,0,0,0;
3.4, 0.476853,-0.0337961,-0.0852943,0,0,0,0;
3.41, 0.308078,-0.0349357,-0.104823,0,0,0,0;
3.42, 0.315839,-0.0217583,-0.109146,0,0,0,0;
3.43, 0.58282,-0.0193604,-0.0567984,0,0,0,0;
3.44, 0.479684,-0.0389202,-0.0633713,0,0,0,0;
3.45, 0.36284,-0.0357664,-0.0839687,0,0,0,0;
3.46, 0.598306,-0.0267068,-0.113726,0,0,0,0;
3.47, 0.24177,-0.0355964,-0.119075,0,0,0,0;
3.48, 0.539237,-0.0156689,-0.0960522,0,0,0,0;
3.49, 0.534158,0.0279432,-0.112225,0,0,0,0;
3.5, 0.463773,-0.0679008,-0.104388,0,0,0,0;
3.51, 0.384068,-0.00332495,-0.0901662,0,0,0,0;
3.52, 0.179781,-0.0096794,-0.0226896,0,0,0,0;
3.53, 0.761226,-0.051335,-0.104378,0,0,0,0;
3.54, 0.401436,-0.0252938,-0.0965129,0,0,0,0;
3.55, 0.420322,0.00149266,-0.0463843,0,0,0,0;
3.56, 0.372493,-0.0360285,-0.0836761,0,0,0,0;
3.57, 0.154846,-0.064539,-0.119846,0,0,0,0;
3.58, 0.838448,-0.00943305,-0.134223,0,0,0,0;
3.59, 0.345791,-0.0255106,-0.11855,0,0,0,0;
3.6, 0.0531171,-0.0485571,-0.129135,0,0,0,0;
3.61, 0.322694,-0.0530013,-0.0919965,0,0,0,0;
3.62, 0.462797,0.0155765,-0.0421583,0,0,0,0;
3.63, 0.795743,-0.0320692,-0.0898363,0,0,0,0;
3.64, 0.487521,-0.0369872,-0.118353,0,0,0,0;
3.65, 0.413493,0.00455659,-0.133828,0,0,0,0;
3.66, 0.478261,-0.0290009,-0.120977,0,0,0,0;
3.67, 0.414698,-0.0109115,-0.0579445,0,0,0,0;
3.68, 0.655746,0.0149103,-0.101938,0,0,0,0;
3.69, 0.365049,-0.0363655,-0.110381,0,0,0,0;
3.7, 0.446664,-0.0368282,-0.082763,0,0,0,0;
3.71, 0.204527,-0.0262684,-0.0829956,0,0,0,0;
3.72, 0.369539,-0.048525,-0.08766,0,0,0,0;
3.73, 0.767215,0.00825784,-0.076967,0,0,0,0;
3.74, 0.285667,-0.0415642,-0.110278,0,0,0,0;
3.75, 0.627032,-0.0340147,-0.131642,0,0,0,0;
3.76, 0.139802,-0.0152613,-0.118785,0,0,0,0;
3.77, 0.36024,-0.0422086,-0.0764048,0,0,0,0;
3.78, 0.186299,-0.0429595,-0.0947686,0,0,0,0;
3.79, 0.610705,-0.00733542,-0.0637731,0,0,0,0;
3.8, 0.509521,-0.0330026,-0.11156,0,0,0,0;
3.81, 0.642693,-0.0373387,-0.0797347,0,0,0,0;
3.82, 0.534153,-0.0142592,-0.0931742,0,0,0,0;
3.83, 0.284864,-0.0216528,-0.0925225,0,0,0,0;
3.84, 0.465666,-0.0123423,-0.113801,0,0,0,0;
3.85, 0.402875,-0.0345469,-0.102957,0,0,0,0;
3.86, 0.363308,-0.0312569,-0.0762153,0,0,0,0;
3.87, 0.334914,-0.0213817,-0.0722288,0,0,0,0;
3.88, 0.549488,-0.043723,-0.0667096,0,0,0,0;
3.89, 0.44127,-0.0210971,-0.0817835,0,0,0,0;
3.9, 0.534773,-0.0227142,-0.0776187,0,0,0,0;
3.91, 0.360135,-0.0390201,-0.0774315,0,0,0,0;
3.92, 0.533946,-0.021382,-0.0742032,0,0,0,0;
3.93, 0.576823,-0.028203,-0.111036,0,0,0,0;
3.94, 0.317103,-0.0429512,-0.106561,0,0,0,0;
3.95, 0.337913,-0.0262992,-0.0814339,0,0,0,0;
3.96, 0.388132,-0.02332,-0.0638181,0,0,0,0;
3.97, 0.451932,-0.020752,-0.0648842,0,0,0,0;
3.98, 0.547442,-0.0513045,-0.0820514,0,0,0,0;
3.99, 0.378184,-0.0290363,-0.0861991,0,0,0,0;
4, 0.359695,-0.0330557,-0.105216,0,0,0,0;
4.01, 0.45133,-0.0356699,-0.103055,0,0,0,0;
4.02, 0.410772,-0.0254373,-0.0696892,0,0,0,0;
4.03, 0.490741,-0.0224157,-0.0922092,0,0,0,0;
4.04, 0.415982,-0.0152039,-0.0535769,0,0,0,0;
4.05, 0.486631,-0.019624,-0.0681986,0,0,0,0;
4.06, 0.416564,-0.0444888,-0.101768,0,0,0,0;
4.07, 0.397608,-0.0348116,-0.108719,0,0,0,0;
4.08, 0.481178,-0.0120778,-0.0847301,0,0,0,0;
4.09, 0.3555,-0.0478666,-0.0836495,0,0,0,0;
4.1, 0.436071,-0.0285998,-0.0885345,0,0,0,0;
4.11, 0.480231,-0.0203327,-0.060705,0,0,0,0;
4.12, 0.638797,-0.00689029,-0.0488315,0,0,0,0;
4.13, 0.320071,-0.044787,-0.0817072,0,0,0,0;
4.14, 0.356809,-0.0432039,-0.105661,0,0,0,0;
4.15, 0.552274,-0.0263289,-0.115756,0,0,0,0;
4.16, 0.225768,-0.0375467,-0.123561,0,0,0,0;
4.17, 0.424031,-0.0212051,-0.0766797,0,0,0,0;
4.18, 0.395451,-0.0415759,-0.102056,0,0,0,0;
4.19, 0.481305,-0.0100801,-0.0948761,0,0,0,0;
4.2, 0.715518,-0.0351008,-0.0290269,0,0,0,0;
4.21, 0.369966,-0.0188408,-0.0710367,0,0,0,0;
4.22, 0.31055,-0.0153766,-0.0860535,0,0,0,0;
4.23, 0.531288,-0.0280938,-0.0880465,0,0,0,0;
4.24, 0.378451,-0.0331165,-0.125469,0,0,0,0;
4.25, 0.433929,-0.0196374,-0.111135,0,0,0,0;
4.26, 0.344075,-0.0459772,-0.126922,0,0,0,0;
4.27, 0.646449,-0.00285029,-0.0931476,0,0,0,0;
4.28, 0.253586,-0.0515292,-0.0618407,0,0,0,0;
4.29, 0.423347,-0.0233103,-0.100572,0,0,0,0;
4.3, 0.402396,-0.00372136,-0.0751438,0,0,0,0;
4.31, 0.417784,-0.0121204,-0.112256,0,0,0,0;
4.32, 0.499699,-0.0372361,-0.0990352,0,0,0,0;
4.33, 0.570654,-0.0437616,-0.116431,0,0,0,0;
4.34, 0.353367,-0.0168404,-0.0978006,0,0,0,0;
4.35, 0.519713,-0.0135652,-0.0716525,0,0,0,0;
4.36, 0.461026,-0.0384824,-0.0879724,0,0,0,0;
4.37, 0.519791,-0.0380303,-0.111753,0,0,0,0;
4.38, 0.35577,-0.0263035,-0.109665,0,0,0,0;
4.39, 0.319239,-0.0189495,-0.0935832,0,0,0,0;
4.4, 0.410671,-0.0486717,-0.0622617,0,0,0,0;
4.41, 0.371738,0.00613888,-0.0947006,0,0,0,0;
4.42, 0.353462,-0.0568528,-0.0894036,0,0,0,0;
4.43, 0.598589,-0.0235709,-0.134773,0,0,0,0;
4.44, 0.335845,-0.00359714,-0.108644,0,0,0,0;
4.45, 0.71564,-0.00686455,-0.123989,0,0,0,0;
4.46, 0.103244,-0.00856933,-0.0681924,0,0,0,0;
4.47, 0.571563,-0.0574706,-0.0637936,0,0,0,0;
4.48, 0.424865,0.006512,-0.0617681,0,0,0,0;
4.49, 0.542818,-0.0652683,-0.117753,0,0,0,0;
4.5, 0.337459,0.00343941,-0.113257,0,0,0,0;
4.51, 0.475695,-0.0314328,-0.0786454,0,0,0,0;
4.52, 0.52331,-0.0335326,-0.116242,0,0,0,0;
4.53, 0.20226,-0.0465467,-0.103026,0,0,0,0;
4.54, 0.735448,-0.0209931,-0.0663702,0,0,0,0;
4.55, 0.250937,-0.0292376,-0.0889071,0,0,0,0;
4.56, 0.636508,-0.0335708,-0.100783,0,0,0,0;
4.57, 0.331233,-0.0206162,-0.0826816,0,0,0,0;
4.58, 0.452243,-0.034002,-0.0922795,0,0,0,0;
4.59, 0.431159,-0.0288872,-0.0837246,0,0,0,0;
4.6, 0.382889,-0.0202266,-0.0961283,0,0,0,0;
4.61, 0.434606,-0.0283786,-0.0977907,0,0,0,0;
4.62, 0.431373,-0.0177132,-0.0770099,0,0,0,0;
4.63, 0.462233,-0.0309636,-0.0640055,0,0,0,0;
4.64, 0.436007,-0.0201361,-0.0767712,0,0,0,0;
4.65, 0.374404,-0.0395358,-0.0860702,0,0,0,0;
4.66, 0.410207,-0.0264392,-0.106375,0,0,0,0;
4.67, 0.475466,-0.0302128,-0.0961155,0,0,0,0;
4.68, 0.484596,-0.0250689,-0.0859903,0,0,0,0;
4.69, 0.336456,-0.0299011,-0.0855213,0,0,0,0;
4.7, 0.445547,-0.038101,-0.0905641,0,0,0,0;
4.71, 0.572651,-0.0335107,-0.0681407,0,0,0,0;
4.72, 0.376246,-0.0270559,-0.0852829,0,0,0,0;
4.73, 0.403967,-0.024532,-0.0824837,0,0,0,0;
4.74, 0.402209,-0.0299133,-0.0937756,0,0,0,0;
4.75, 0.396502,-0.0328488,-0.0682027,0,0,0,0;
4.76, 0.467306,-0.0124292,-0.0809812,0,0,0,0;
4.77, 0.513522,-0.0422856,-0.0862123,0,0,0,0;
4.78, 0.406484,-0.0347242,-0.0867757,0,0,0,0;
4.79, 0.464312,-0.0145969,-0.0856913,0,0,0,0;
4.8, 0.401533,-0.0386222,-0.0782407,0,0,0,0;
4.81, 0.563194,-0.014982,-0.0884887,0,0,0,0;
4.82, 0.288845,-0.0374379,-0.0920507,0,0,0,0;
4.83, 0.356208,-0.0333647,-0.0811581,0,0,0,0;
4.84, 0.543974,-0.0464493,-0.0776709,0,0,0,0;
4.85, 0.46321,-0.00781868,-0.10332,0,0,0,0;
4.86, 0.562011,-0.0301547,-0.0840252,0,0,0,0;
4.87, 0.356176,-0.0291257,-0.0961131,0,0,0,0;
4.88, 0.341456,-0.0369754,-0.0761625,0,0,0,0;
4.89, 0.326359,-0.0262458,-0.0547963,0,0,0,0;
4.9, 0.58428,-0.0326494,-0.100236,0,0,0,0;
4.91, 0.401002,0.00418131,-0.127057,0,0,0,0;
4.92, 0.480037,-0.0287343,-0.0725076,0,0,0,0;
4.93, 0.319061,-0.0675927,-0.0507586,0,0,0,0;
4.94, 0.447439,-0.0125887,-0.0828137,0,0,0,0;
4.95, 0.486584,-0.0290695,-0.104709,0,0,0,0;
4.96, 0.416467,-0.0207283,-0.131895,0,0,0,0;
4.97, 0.528216,-0.0253912,-0.0843595,0,0,0,0;
4.98, 0.460247,-0.02018,-0.0646248,0,0,0,0;
4.99, 0.581746,-0.0421589,-0.0813344,0,0,0,0;
5, 0.159983,-0.00134645,-0.103055,0,0,0,0;
5.01, 0.41661,-0.0450508,-0.0988134,0,0,0,0;
5.02, 0.66552,-0.0165033,-0.160428,0,0,0,0;
5.03, 0.337249,-0.0149296,-0.11192,0,0,0,0;
5.04, 0.273363,-0.0208605,-0.0946892,0,0,0,0;
5.05, 0.81208,-0.010266,-0.0410359,0,0,0,0;
5.06, 0.343552,-0.0484884,-0.0608156,0,0,0,0;
5.07, 0.272165,0.0113515,-0.0845406,0,0,0,0;
5.08, 0.32856,-0.0541767,-0.133961,0,0,0,0;
5.09, 0.40049,-0.0583587,-0.113501,0,0,0,0;
5.1, 0.558902,-0.0073775,-0.114334,0,0,0,0;
5.11, 0.322315,-0.00329562,-0.0689906,0,0,0,0;
5.12, 0.653252,-0.0164859,-0.0702777,0,0,0,0;
5.13, 0.534442,-0.0151888,-0.100618,0,0,0,0;
5.14, 0.161137,-0.0534472,-0.108874,0,0,0,0;
5.15, 0.634893,-0.016688,-0.0720739,0,0,0,0;
5.16, 0.354473,-0.0502902,-0.092953,0,0,0,0;
5.17, 0.552205,0.0143148,-0.102919,0,0,0,0;
5.18, 0.106832,-0.01193,-0.105921,0,0,0,0;
5.19, 0.554326,-0.038036,-0.0936244,0,0,0,0;
5.2, 0.412704,-0.0415763,-0.0690414,0,0,0,0;
5.21, 0.285258,-0.023666,-0.114441,0,0,0,0;
5.22, 0.490591,-0.0516136,-0.0872054,0,0,0,0;
5.23, 0.590993,-0.0117176,-0.13851,0,0,0,0;
5.24, 0.518502,-0.0249686,-0.0978417,0,0,0,0;
5.25, 0.546222,-0.00847375,-0.0808369,0,0,0,0;
5.26, 0.483643,-0.0286229,-0.0786013,0,0,0,0;
5.27, 0.400891,-0.0115562,-0.0948683,0,0,0,0;
5.28, 0.410739,-0.035184,-0.0867711,0,0,0,0;
5.29, 0.443235,-0.0321974,-0.0707131,0,0,0,0;
5.3, 0.270892,-0.0275211,-0.0935172,0,0,0,0;
5.31, 0.429179,-0.0295253,-0.109116,0,0,0,0;
5.32, 0.628833,-0.0381107,-0.0989831,0,0,0,0;
5.33, 0.296789,-0.0314551,-0.0982896,0,0,0,0;
5.34, 0.365536,-0.0266118,-0.0729264,0,0,0,0;
5.35, 0.534236,-0.0253098,-0.103165,0,0,0,0;
5.36, 0.361246,-0.0245502,-0.0894891,0,0,0,0;
5.37, 0.415745,-0.0239144,-0.069556,0,0,0,0;
5.38, 0.393514,-0.0314196,-0.0940256,0,0,0,0;
5.39, 0.464392,-0.0201781,-0.0900875,0,0,0,0;
5.4, 0.503737,-0.029295,-0.0859691,0,0,0,0;
5.41, 0.41342,-0.0375348,-0.0785767,0,0,0,0;
5.42, 0.396201,-0.0374784,-0.0775475,0,0,0,0;
5.43, 0.523706,-0.0200994,-0.0823387,0,0,0,0;
5.44, 0.372166,-0.0174542,-0.092741,0,0,0,0;
5.45, 0.431273,-0.0452625,-0.0805714,0,0,0,0;
5.46, 0.527404,-0.0201034,-0.0820594,0,0,0,0;
5.47, 0.492351,-0.0408673,-0.0683549,0,0,0,0;
5.48, 0.372691,-0.018377,-0.0700679,0,0,0,0;
5.49, 0.391729,-0.0361375,-0.0908276,0,0,0,0;
5.5, 0.334465,-0.0319829,-0.115738,0,0,0,0;
5.51, 0.560066,-0.0215789,-0.0927074,0,0,0,0;
5.52, 0.405733,-0.0309817,-0.0762881,0,0,0,0;
5.53, 0.354589,-0.0301744,-0.0674726,0,0,0,0;
5.54, 0.565127,-0.0144305,-0.0842658,0,0,0,0;
5.55, 0.289823,-0.0484334,-0.0786148,0,0,0,0;
5.56, 0.600326,-0.0275645,-0.095818,0,0,0,0;
5.57, 0.551764,-0.0245944,-0.0953913,0,0,0,0;
5.58, 0.331518,-0.0334904,-0.0916802,0,0,0,0;
5.59, 0.304146,-0.028316,-0.0945499,0,0,0,0;
5.6, 0.442517,-0.0108808,-0.0643551,0,0,0,0;
5.61, 0.461159,-0.0389225,-0.0829165,0,0,0,0;
5.62, 0.505515,-0.0317556,-0.0960307,0,0,0,0;
5.63, 0.340088,-0.0175075,-0.0813593,0,0,0,0;
5.64, 0.459077,-0.0351419,-0.119122,0,0,0,0;
5.65, 0.566839,-0.0300494,-0.0852245,0,0,0,0;
5.66, 0.387872,-0.0276188,-0.0854197,0,0,0,0;
5.67, 0.494427,-0.0406983,-0.0895275,0,0,0,0;
5.68, 0.268098,-0.0217821,-0.0853861,0,0,0,0;
5.69, 0.394975,-0.0166153,-0.10173,0,0,0,0;
5.7, 0.618612,-0.0331178,-0.122978,0,0,0,0;
5.71, 0.208103,-0.0203175,-0.0625055,0,0,0,0;
5.72, 0.60245,-0.0317428,-0.0630584,0,0,0,0;
5.73, 0.596473,-0.00531732,-0.0658846,0,0,0,0;
5.74, 0.0254796,-0.0389159,-0.0997282,0,0,0,0;
5.75, 0.712434,-0.0302506,-0.117067,0,0,0,0;
5.76, 0.200258,-0.0190543,-0.146416,0,0,0,0;
5.77, 0.959172,-0.0137102,-0.115453,0,0,0,0;
5.78, -0.067119,-0.00272944,-0.0891992,0,0,0,0;
5.79, 0.615663,-0.0493812,-0.0538906,0,0,0,0;
5.8, 0.424373,-0.00651193,-0.0390446,0,0,0,0;
5.81, 0.47245,-0.0328575,-0.0777291,0,0,0,0;
5.82, 0.484039,-0.0471676,-0.0852993,0,0,0,0;
5.83, 0.281614,-0.0349841,-0.174291,0,0,0,0;
5.84, 0.524885,-0.0495575,-0.176007,0,0,0,0;
5.85, 0.156877,-0.0211758,-0.0958905,0,0,0,0;
5.86, 0.795757,-0.0187243,-0.0406278,0,0,0,0;
5.87, 0.411911,-0.00809643,-0.0258437,0,0,0,0;
5.88, 0.229116,-0.0177672,-0.0958435,0,0,0,0;
5.89, 0.41295,-0.0207651,-0.118763,0,0,0,0;
5.9, 0.651191,-0.0272544,-0.122809,0,0,0,0;
5.91, 0.304511,-0.0319752,-0.10443,0,0,0,0;
5.92, 0.457231,-0.00640153,-0.0647031,0,0,0,0;
5.93, 0.541069,-0.0428079,-0.05361,0,0,0,0;
5.94, 0.377753,-0.0288946,-0.093307,0,0,0,0;
5.95, 0.50034,-0.0058367,-0.120627,0,0,0,0;
5.96, 0.462046,-0.0308417,-0.119677,0,0,0,0;
5.97, 0.426509,-0.0163855,-0.0910916,0,0,0,0;
5.98, 0.509135,-0.0233546,-0.113249,0,0,0,0;
5.99, 0.446362,-0.0281004,-0.100574,0,0,0,0;
6, 0.235542,-0.0170334,-0.0864813,0,0,0,0;
6.01, 0.288849,-0.0402416,-0.0468921,0,0,0,0;
6.02, 0.665735,-0.0283533,-0.0805961,0,0,0,0;
6.03, 0.498489,-0.0202483,-0.0979091,0,0,0,0;
6.04, 0.388424,-0.0275151,-0.0861567,0,0,0,0;
6.05, 0.459941,-0.0213259,-0.105535,0,0,0,0;
6.06, 0.345062,-0.0258229,-0.0845803,0,0,0,0;
6.07, 0.565275,-0.0309409,-0.0999964,0,0,0,0;
6.08, 0.402806,-0.022461,-0.0617862,0,0,0,0;
6.09, 0.358422,-0.0335879,-0.0927059,0,0,0,0;
6.1, 0.483983,-0.022695,-0.0806936,0,0,0,0;
6.11, 0.324837,-0.0285345,-0.105293,0,0,0,0;
6.12, 0.544551,-0.00870707,-0.0851927,0,0,0,0;
6.13, 0.34388,-0.0430905,-0.0927809,0,0,0,0;
6.14, 0.381452,-0.0280325,-0.0738912,0,0,0,0;
6.15, 0.466503,-0.0285343,-0.0943832,0,0,0,0;
6.16, 0.486399,-0.0357681,-0.0843485,0,0,0,0;
6.17, 0.43567,-0.0341147,-0.0818955,0,0,0,0;
6.18, 0.554052,-0.0385703,-0.0928927,0,0,0,0;
6.19, 0.334224,-0.0297099,-0.0679516,0,0,0,0;
6.2, 0.420872,-0.0155048,-0.101657,0,0,0,0;
6.21, 0.403044,-0.0280192,-0.0805724,0,0,0,0;
6.22, 0.468425,-0.0346438,-0.0811165,0,0,0,0;
6.23, 0.503154,-0.0393132,-0.103903,0,0,0,0;
6.24, 0.292652,-0.0186881,-0.0715818,0,0,0,0;
6.25, 0.445191,-0.0328986,-0.0786289,0,0,0,0;
6.26, 0.598491,-0.0148702,-0.100497,0,0,0,0;
6.27, 0.367183,-0.0364192,-0.0727787,0,0,0,0;
6.28, 0.471123,-0.0279986,-0.0812314,0,0,0,0;
6.29, 0.491424,-0.0202501,-0.0874061,0,0,0,0;
6.3, 0.379995,-0.0318306,-0.103236,0,0,0,0;
6.31, 0.344504,-0.0420581,-0.0926487,0,0,0,0;
6.32, 0.459705,-0.0164533,-0.0800887,0,0,0,0;
6.33, 0.424603,-0.0210969,-0.0829834,0,0,0,0;
6.34, 0.553936,-0.039124,-0.0906873,0,0,0,0;
6.35, 0.438408,-0.0298122,-0.0867545,0,0,0,0;
6.36, 0.442476,-0.0282118,-0.0856102,0,0,0,0;
6.37, 0.452216,-0.035068,-0.105875,0,0,0,0;
6.38, 0.478248,-0.0330446,-0.0767472,0,0,0,0;
6.39, 0.0544811,-0.0321006,-0.0602557,0,0,0,0;
6.4, 0.602205,-0.000629867,-0.0762812,0,0,0,0;
6.41, 0.30648,-0.0334204,-0.124477,0,0,0,0;
6.42, 0.499867,-0.0387458,-0.100549,0,0,0,0;
6.43, 0.712329,-0.0276254,-0.0991867,0,0,0,0;
6.44, 0.545855,0.00177932,-0.0812799,0,0,0,0;
6.45, 0.258623,-0.0362995,-0.0686081,0,0,0,0;
6.46, 0.377654,-0.0473695,-0.126351,0,0,0,0;
6.47, 0.506561,-0.00792638,-0.0939746,0,0,0,0;
6.48, 0.342329,-0.0573971,-0.0883566,0,0,0,0;
6.49, 0.491734,0.00445072,-0.0893113,0,0,0,0;
6.5, 0.440656,-0.0281891,-0.0836418,0,0,0,0;
6.51, 0.534328,-0.0279773,-0.0979738,0,0,0,0;
6.52, 0.351407,-0.0177723,-0.0817979,0,0,0,0;
6.53, 0.124528,-0.066534,-0.118608,0,0,0,0;
6.54, 0.756209,-0.0120142,-0.0669157,0,0,0,0;
6.55, 0.265564,-0.00493428,-0.12972,0,0,0,0;
6.56, 0.509621,-0.0420897,-0.0830752,0,0,0,0;
6.57, 0.442279,-0.0259544,-0.104943,0,0,0,0;
6.58, 0.131169,-0.0256687,-0.0792532,0,0,0,0;
6.59, 0.514435,-0.0136881,-0.0921397,0,0,0,0;
6.6, 0.347149,-0.0271287,-0.116313,0,0,0,0;
6.61, 0.905722,-0.017129,-0.0909492,0,0,0,0;
6.62, 0.508939,-0.0178257,-0.0921278,0,0,0,0;
6.63, 0.311785,-0.0361276,-0.0943262,0,0,0,0;
6.64, 0.516717,0.00742793,-0.0913877,0,0,0,0;
6.65, 0.438248,-0.0561308,-0.0982183,0,0,0,0;
6.66, 0.437505,-0.0389539,-0.0699621,0,0,0,0;
6.67, 0.388921,-0.0368795,-0.106617,0,0,0,0;
6.68, 0.206097,-0.0329201,-0.102816,0,0,0,0;
6.69, 0.765646,-0.00545587,-0.0758525,0,0,0,0;
6.7, 0.21072,-0.0179469,-0.078031,0,0,0,0;
6.71, 0.284689,-0.0431982,-0.103854,0,0,0,0;
6.72, 0.355582,-0.0139371,-0.0923094,0,0,0,0;
6.73, 0.578822,-0.0303042,-0.105305,0,0,0,0;
6.74, 0.642761,-0.0252055,-0.0916687,0,0,0,0;
6.75, 0.397381,-0.0366312,-0.092938,0,0,0,0;
6.76, 0.239446,-0.00871047,-0.0785321,0,0,0,0;
6.77, 0.72502,-0.0289181,-0.0794114,0,0,0,0;
6.78, 0.367647,-0.0146761,-0.103616,0,0,0,0;
6.79, 0.333761,-0.0580343,-0.0907615,0,0,0,0;
6.8, 0.574535,-0.0110437,-0.0854841,0,0,0,0;
6.81, 0.410699,-0.0273395,-0.0786752,0,0,0,0;
6.82, 0.282898,-0.0355359,-0.0936937,0,0,0,0;
6.83, 0.293623,-0.0416782,-0.0940943,0,0,0,0;
6.84, 0.459148,-0.0317803,-0.105515,0,0,0,0;
6.85, 0.683712,-0.00549656,-0.0898456,0,0,0,0;
6.86, 0.347383,-0.0221959,-0.0816791,0,0,0,0;
6.87, 0.409604,-0.0245156,-0.0601271,0,0,0,0;
6.88, 0.414746,-0.0367056,-0.0758161,0,0,0,0;
6.89, 0.502714,-0.0397084,-0.0862587,0,0,0,0;
6.9, 0.513732,-0.0170025,-0.119006,0,0,0,0;
6.91, 0.381118,-0.0265161,-0.101369,0,0,0,0;
6.92, 0.429148,-0.0244821,-0.0669761,0,0,0,0;
6.93, 0.348765,-0.025722,-0.0721006,0,0,0,0;
6.94, 0.481196,-0.0303034,-0.0642067,0,0,0,0;
6.95, 0.379649,-0.0404411,-0.107767,0,0,0,0;
6.96, 0.511777,-0.0317173,-0.101813,0,0,0,0;
6.97, 0.473938,-0.0264711,-0.0950556,0,0,0,0;
6.98, 0.518301,-0.0262887,-0.0897722,0,0,0,0;
6.99, 0.350473,-0.0409786,-0.0825864,0,0,0,0;
7, 0.462733,-0.0187757,-0.0719111,0,0,0,0;
7.01, 0.529884,-0.0224531,-0.0741409,0,0,0,0;
7.02, 0.337084,-0.0265734,-0.0863954,0,0,0,0;
7.03, 0.461439,-0.0230346,-0.0925214,0,0,0,0;
7.04, 0.357889,-0.0484397,-0.0856854,0,0,0,0;
7.05, 0.356978,-0.0145901,-0.0960648,0,0,0,0;
7.06, 0.618755,-0.0312261,-0.0837491,0,0,0,0;
7.07, 0.463378,-0.0256117,-0.0876292,0,0,0,0;
7.08, 0.317768,-0.0188725,-0.080921,0,0,0,0;
7.09, 0.359272,-0.0373182,-0.109699,0,0,0,0;
7.1, 0.176226,-0.0341903,-0.0990609,0,0,0,0;
7.11, 0.807959,-0.023716,-0.0718642,0,0,0,0;
7.12, 0.436549,-0.0373662,-0.0754753,0,0,0,0;
7.13, 0.33904,-0.010524,-0.078865,0,0,0,0;
7.14, 0.457968,-0.0201469,-0.0900968,0,0,0,0;
7.15, 0.26222,-0.0173395,-0.0737017,0,0,0,0;
7.16, 0.509492,-0.0677577,-0.113419,0,0,0,0;
7.17, 0.477287,-0.0244538,-0.110952,0,0,0,0;
7.18, 0.51519,-0.0234029,-0.124881,0,0,0,0;
7.19, 0.35029,-0.0315999,-0.0685614,0,0,0,0;
7.2, 0.637978,-0.0274253,-0.0894367,0,0,0,0;
7.21, 0.445814,-0.014232,-0.0766075,0,0,0,0;
7.22, 0.151426,-0.0361447,-0.0942278,0,0,0,0;
7.23, 0.636258,0.0024962,-0.0709874,0,0,0,0;
7.24, 0.588626,-0.0281708,-0.122713,0,0,0,0;
7.25, 0.377817,-0.0371497,-0.0976332,0,0,0,0;
7.26, 0.343493,-0.0081535,-0.0519514,0,0,0,0;
7.27, 0.396737,-0.0314402,-0.121715,0,0,0,0;
7.28, 0.624501,-0.032267,-0.104455,0,0,0,0;
7.29, 0.308796,-0.0274477,-0.0987315,0,0,0,0;
7.3, 0.652424,-0.0289184,-0.0944721,0,0,0,0;
7.31, 0.0333579,-0.0273121,-0.0859567,0,0,0,0;
7.32, 0.663123,-0.0430594,-0.0766929,0,0,0,0;
7.33, -0.0298477,-0.0382732,-0.0695767,0,0,0,0;
7.34, 0.649848,-0.00194077,-0.114444,0,0,0,0;
7.35, 0.685615,0.0058635,-0.108804,0,0,0,0;
7.36, 0.51507,-0.0232625,-0.095833,0,0,0,0;
7.37, 0.29235,-0.0506874,-0.0938648,0,0,0,0;
7.38, 0.325552,-0.0280601,-0.0787807,0,0,0,0;
7.39, 0.582274,-0.0197391,-0.0859494,0,0,0,0;
7.4, 0.289798,-0.0525753,-0.0959547,0,0,0,0;
7.41, 0.314717,-0.0184645,-0.105692,0,0,0,0;
7.42, 0.743565,-0.00472184,-0.105491,0,0,0,0;
7.43, 0.480418,-0.0184441,-0.125532,0,0,0,0;
7.44, 0.143483,-0.0310029,-0.077366,0,0,0,0;
7.45, 0.443931,-0.0278924,-0.0823136,0,0,0,0;
7.46, 0.451847,-0.0276876,-0.0525217,0,0,0,0;
7.47, 0.633515,-0.0258342,-0.101357,0,0,0,0;
7.48, 0.348712,-0.0291444,-0.107332,0,0,0,0;
7.49, 0.530268,-0.0190469,-0.0810818,0,0,0,0;
7.5, 0.410891,-0.0157784,-0.0948781,0,0,0,0;
7.51, 0.526108,-0.0290367,-0.0910586,0,0,0,0;
7.52, 0.285963,-0.0322789,-0.0826611,0,0,0,0;
7.53, 0.366703,-0.056872,-0.0918636,0,0,0,0;
7.54, 0.668006,-0.0127787,-0.0945411,0,0,0,0;
7.55, 0.420093,-0.0345388,-0.109211,0,0,0,0;
7.56, 0.313235,-0.0336099,-0.0956936,0,0,0,0;
7.57, 0.336446,-0.0381452,-0.0874055,0,0,0,0;
7.58, 0.416321,-0.01189,-0.0711704,0,0,0,0;
7.59, 0.542892,-0.0165652,-0.0925997,0,0,0,0;
7.6, 0.427271,-0.0394729,-0.0824235,0,0,0,0;
7.61, 0.427377,-0.00753852,-0.0766831,0,0,0,0;
7.62, 0.438237,-0.0411502,-0.0885196,0,0,0,0;
7.63, 0.398885,-0.0272669,-0.095874,0,0,0,0;
7.64, 0.444571,-0.0363424,-0.0788249,0,0,0,0;
7.65, 0.497243,-0.0175757,-0.10581,0,0,0,0;
7.66, 0.498548,-0.0314766,-0.0806802,0,0,0,0;
7.67, 0.329652,-0.0263412,-0.074104,0,0,0,0;
7.68, 0.560101,-0.0326739,-0.107082,0,0,0,0;
7.69, 0.315391,-0.0365596,-0.100372,0,0,0,0;
7.7, 0.395487,-0.0201077,-0.0741007,0,0,0,0;
7.71, 0.374659,-0.0372309,-0.0900471,0,0,0,0;
7.72, 0.469989,-0.00558199,-0.0697003,0,0,0,0;
7.73, 0.424225,-0.0399143,-0.0802915,0,0,0,0;
7.74, 0.393133,-0.0269915,-0.0922959,0,0,0,0;
7.75, 0.535208,-0.0320838,-0.0950377,0,0,0,0;
7.76, 0.432038,-0.0298746,-0.0979263,0,0,0,0;
7.77, 0.593686,-0.0240408,-0.0814499,0,0,0,0;
7.78, 0.382133,-0.0273427,-0.073135,0,0,0,0;
7.79, 0.401975,-0.0403343,-0.0797674,0,0,0,0;
7.8, 0.469284,-0.0210852,-0.0821417,0,0,0,0;
7.81, 0.379569,-0.0113412,-0.0895176,0,0,0,0;
7.82, 0.544709,-0.0120254,-0.0906689,0,0,0,0;
7.83, 0.533782,-0.0432282,-0.0888978,0,0,0,0;
7.84, 0.296752,-0.0306275,-0.082345,0,0,0,0;
7.85, 0.269555,-0.0242385,-0.0806238,0,0,0,0;
7.86, 0.47326,-0.058439,-0.0906811,0,0,0,0;
7.87, 0.449939,-0.00982383,-0.0823433,0,0,0,0;
7.88, 0.398774,-0.0501183,-0.101825,0,0,0,0;
7.89, 0.549015,-0.0142771,-0.0813247,0,0,0,0;
7.9, 0.390906,-0.0247587,-0.116575,0,0,0,0;
7.91, 0.350662,-0.0199433,-0.0806524,0,0,0,0;
7.92, 0.559608,-0.0255869,-0.0863595,0,0,0,0;
7.93, 0.508799,-0.0277962,-0.0851164,0,0,0,0;
7.94, 0.480723,-0.0134784,-0.095394,0,0,0,0;
7.95, 0.253044,-0.038768,-0.0958526,0,0,0,0;
7.96, 0.273429,0.00147959,-0.112465,0,0,0,0;
7.97, 0.543698,-0.0374623,-0.0902005,0,0,0,0;
7.98, 0.635873,-0.0512608,-0.0873786,0,0,0,0;
7.99, 0.572362,-0.0169146,-0.114301,0,0,0,0;
8, 0.449352,-0.0234946,-0.106918,0,0,0,0;
8.01, 0.097846,-0.0264708,-0.0472957,0,0,0,0;
8.02, 0.357755,-0.0281958,-0.0714629,0,0,0,0;
8.03, 0.389044,0.00574716,-0.116345,0,0,0,0;
8.04, 0.635983,-0.0457405,-0.121008,0,0,0,0;
8.05, 0.527221,0.00618895,-0.0792834,0,0,0,0;
8.06, 0.308551,-0.0600837,-0.11522,0,0,0,0;
8.07, 0.822205,-0.00192438,-0.0439117,0,0,0,0;
8.08, 0.0746941,-0.0486136,-0.0854816,0,0,0,0;
8.09, 0.514173,-0.0541813,-0.113904,0,0,0,0;
8.1, 0.520363,-0.0110957,-0.14364,0,0,0,0;
8.11, 0.152805,-0.0199344,-0.082425,0,0,0,0;
8.12, 0.548797,0.00228237,-0.109249,0,0,0,0;
8.13, 0.403211,-0.0331388,-0.0908435,0,0,0,0;
8.14, 0.460244,-0.0549876,-0.0512258,0,0,0,0;
8.15, 0.612825,-0.00748732,-0.0896523,0,0,0,0;
8.16, 0.268767,-0.0448505,-0.0904143,0,0,0,0;
8.17, 0.700726,-0.0107009,-0.0849074,0,0,0,0;
8.18, 0.178406,-0.0244556,-0.126217,0,0,0,0;
8.19, 0.480601,-0.0338786,-0.0764423,0,0,0,0;
8.2, 0.458015,-0.0451201,-0.0614953,0,0,0,0;
8.21, 0.390732,-0.0181565,-0.0848617,0,0,0,0;
8.22, 0.296552,-0.0119202,-0.121633,0,0,0,0;
8.23, 0.475806,-0.0309156,-0.123366,0,0,0,0;
8.24, 0.665494,-0.0248375,-0.0770682,0,0,0,0;
8.25, 0.357904,-0.0315929,-0.0885237,0,0,0,0;
8.26, 0.42394,-0.0153556,-0.0779063,0,0,0,0;
8.27, 0.391967,-0.0381352,-0.0684618,0,0,0,0;
8.28, 0.514563,-0.0250751,-0.100405,0,0,0,0;
8.29, 0.336621,-0.0244629,-0.0969281,0,0,0,0;
8.3, 0.392069,-0.0261652,-0.0877245,0,0,0,0;
8.31, 0.407057,-0.0326601,-0.0938387,0,0,0,0;
8.32, 0.520351,-0.0220158,-0.0855793,0,0,0,0;
8.33, 0.50578,-0.0169737,-0.108694,0,0,0,0;
8.34, 0.410351,-0.0361641,-0.0880317,0,0,0,0;
8.35, 0.408478,-0.0351951,-0.0674249,0,0,0,0;
8.36, 0.434906,-0.029103,-0.0729149,0,0,0,0;
8.37, 0.377049,-0.0276799,-0.0719585,0,0,0,0;
8.38, 0.533929,-0.0314584,-0.102771,0,0,0,0;
8.39, 0.423674,-0.0247449,-0.106123,0,0,0,0;
8.4, 0.508272,-0.0218234,-0.112612,0,0,0,0;
8.41, 0.374808,-0.0278434,-0.076128,0,0,0,0;
8.42, 0.356875,-0.054535,-0.0638795,0,0,0,0;
8.43, 0.467047,-0.0213915,-0.0696703,0,0,0,0;
8.44, 0.31187,-0.0119374,-0.0689964,0,0,0,0;
8.45, 0.527146,-0.029823,-0.0829955,0,0,0,0;
8.46, 0.597472,-0.0223644,-0.109774,0,0,0,0;
8.47, 0.411633,-0.0338508,-0.0919736,0,0,0,0;
8.48, 0.435202,-0.0398552,-0.0975298,0,0,0,0;
8.49, 0.44761,-0.0201508,-0.0884971,0,0,0,0;
8.5, 0.370685,-0.0240103,-0.0945372,0,0,0,0;
8.51, 0.466835,-0.0307503,-0.0739662,0,0,0,0;
8.52, 0.347404,-0.0310793,-0.0715938,0,0,0,0;
8.53, 0.372055,-0.0250632,-0.0764088,0,0,0,0;
8.54, 0.43667,-0.0423872,-0.117836,0,0,0,0;
8.55, 0.687799,-0.0360371,-0.0881927,0,0,0,0;
8.56, 0.299509,-0.017397,-0.121036,0,0,0,0;
8.57, 0.469083,-0.0357893,-0.0522106,0,0,0,0;
8.58, 0.277603,-0.0137227,-0.0751968,0,0,0,0;
8.59, 0.507871,-0.03991,-0.087874,0,0,0,0;
8.6, 0.447081,-0.020093,-0.0934042,0,0,0,0;
8.61, 0.438847,-0.0211891,-0.0872235,0,0,0,0;
8.62, 0.433795,-0.0242915,-0.101816,0,0,0,0;
8.63, 0.486777,-0.0221847,-0.0713045,0,0,0,0;
8.64, 0.435828,-0.0521016,-0.0786781,0,0,0,0;
8.65, 0.496826,-0.00154945,-0.104694,0,0,0,0;
8.66, 0.52537,-0.0388862,-0.128073,0,0,0,0;
8.67, 0.356977,-0.0412278,-0.0945216,0,0,0,0;
8.68, 0.203754,-0.0072489,-0.071813,0,0,0,0;
8.69, 0.755113,-0.0470525,-0.0773228,0,0,0,0;
8.7, -0.0476722,-0.0407267,-0.0920596,0,0,0,0;
8.71, 0.604588,-0.0147881,-0.0985076,0,0,0,0;
8.72, 0.25169,-0.0242373,-0.104277,0,0,0,0;
8.73, 0.852098,-0.00425434,-0.101735,0,0,0,0;
8.74, 0.69838,-0.0323231,-0.0657171,0,0,0,0;
8.75, 0.16163,-0.0508783,-0.0899358,0,0,0,0;
8.76, 0.45841,-0.00308071,-0.0980772,0,0,0,0;
8.77, 0.295708,-0.0233029,-0.100049,0,0,0,0;
8.78, 0.744616,-0.0194801,-0.088111,0,0,0,0;
8.79, 0.153467,-0.0181064,-0.100087,0,0,0,0;
8.8, 0.287108,-0.0488803,-0.103798,0,0,0,0;
8.81, 0.765913,-0.0271021,-0.0746054,0,0,0,0;
8.82, 0.113792,-0.0255976,-0.0663611,0,0,0,0;
8.83, 0.600378,-0.0200055,-0.124488,0,0,0,0;
8.84, 0.174853,-0.0423751,-0.120679,0,0,0,0;
8.85, 0.706429,-0.00948455,-0.0841662,0,0,0,0;
8.86, 0.410021,-0.0232207,-0.0719139,0,0,0,0;
8.87, 0.267685,-0.0161265,-0.093037,0,0,0,0;
8.88, 0.511321,-0.0162275,-0.0912125,0,0,0,0;
8.89, 0.47553,-0.0464341,-0.0858269,0,0,0,0;
8.9, 0.43077,-0.0334085,-0.0909264,0,0,0,0;
8.91, 0.568859,-0.0077369,-0.0843474,0,0,0,0;
8.92, 0.316626,-0.0250321,-0.0801593,0,0,0,0;
8.93, 0.57557,-0.0424328,-0.144127,0,0,0,0;
8.94, 0.40043,-0.0389248,-0.108586,0,0,0,0;
8.95, 0.400847,-0.0217329,-0.104952,0,0,0,0;
8.96, 0.358553,-0.0306783,-0.0738871,0,0,0,0;
8.97, 0.366706,-0.0332067,-0.0983078,0,0,0,0;
8.98, 0.618332,-0.0108269,-0.0953174,0,0,0,0;
8.99, 0.425251,-0.0347018,-0.077099,0,0,0,0;
9, 0.395918,-0.0308294,-0.0617174,0,0,0,0;
9.01, 0.42451,-0.023255,-0.0922593,0,0,0,0;
9.02, 0.394125,-0.0189042,-0.105573,0,0,0,0;
9.03, 0.492542,-0.0212254,-0.0880009,0,0,0,0;
9.04, 0.403444,-0.00706789,-0.0957021,0,0,0,0;
9.05, 0.349584,-0.0201085,-0.0697334,0,0,0,0;
9.06, 0.64592,-0.0435134,-0.0696397,0,0,0,0;
9.07, 0.266394,-0.0311048,-0.0868865,0,0,0,0;
9.08, 0.393757,-0.0432361,-0.0835979,0,0,0,0;
9.09, 0.541438,-0.0265638,-0.122155,0,0,0,0;
9.1, 0.551985,-0.0181609,-0.103722,0,0,0,0;
9.11, 0.446204,-0.028659,-0.105969,0,0,0,0;
9.12, 0.405918,-0.0220477,-0.0808317,0,0,0,0;
9.13, 0.295807,-0.025058,-0.063317,0,0,0,0;
9.14, 0.487967,-0.0247254,-0.0463635,0,0,0,0;
9.15, 0.407026,-0.0441341,-0.0877431,0,0,0,0;
9.16, 0.483774,-0.0247242,-0.100941,0,0,0,0;
9.17, 0.337399,-0.0313488,-0.120559,0,0,0,0;
9.18, 0.463473,-0.0405561,-0.0853712,0,0,0,0;
9.19, 0.480331,-0.0264934,-0.0933363,0,0,0,0;
9.2, 0.443407,-0.0145665,-0.0831217,0,0,0,0;
9.21, 0.341987,-0.0336877,-0.0708283,0,0,0,0;
9.22, 0.45006,-0.0370739,-0.0691591,0,0,0,0;
9.23, 0.517756,-0.0203154,-0.0969154,0,0,0,0;
9.24, 0.350707,-0.028043,-0.0804137,0,0,0,0;
9.25, 0.601361,-0.0279785,-0.0918443,0,0,0,0;
9.26, 0.546401,-0.0265314,-0.0884536,0,0,0,0;
9.27, 0.418064,-0.0172032,-0.104494,0,0,0,0;
9.28, 0.294428,-0.0371894,-0.0894481,0,0,0,0;
9.29, 0.456164,-0.0343966,-0.0862429,0,0,0,0;
9.3, 0.345952,-0.0249303,-0.0615629,0,0,0,0;
9.31, 0.408796,-0.0452102,-0.0799031,0,0,0,0;
9.32, 0.535856,-0.019491,-0.0888554,0,0,0,0;
9.33, 0.306821,-0.019009,-0.0949159,0,0,0,0;
9.34, 0.453187,-0.0350571,-0.120235,0,0,0,0;
9.35, 0.681772,-0.0225398,-0.0912428,0,0,0,0;
9.36, 0.497529,-0.0258889,-0.102167,0,0,0,0;
9.37, 0.158101,-0.0255637,-0.0916434,0,0,0,0;
9.38, 0.408497,-0.0260432,-0.0873189,0,0,0,0;
9.39, 0.412924,-0.0320894,-0.0623669,0,0,0,0;
9.4, 0.381029,-0.0280744,-0.0786997,0,0,0,0;
9.41, 0.528763,-0.0253027,-0.11177,0,0,0,0;
9.42, 0.684711,-0.0361326,-0.0824205,0,0,0,0;
9.43, 0.368714,-0.0341631,-0.0745196,0,0,0,0;
9.44, 0.224742,-0.031197,-0.0845572,0,0,0,0;
9.45, 0.509826,0.00423881,-0.0780995,0,0,0,0;
9.46, 0.396278,-0.022009,-0.109684,0,0,0,0;
9.47, 0.284855,-0.036711,-0.108486,0,0,0,0;
9.48, 0.671783,-0.0178557,-0.093834,0,0,0,0;
9.49, 0.399954,-0.0272392,-0.100522,0,0,0,0;
9.5, 0.332351,-0.0120037,-0.0807605,0,0,0,0;
9.51, 0.394179,-0.0485309,-0.106048,0,0,0,0;
9.52, 0.704907,-0.03095,-0.0788841,0,0,0,0;
9.53, 0.496392,-0.0191849,-0.133521,0,0,0,0;
9.54, 0.332613,-0.00481076,-0.0705839,0,0,0,0;
9.55, 0.388354,-0.0315467,-0.0880295,0,0,0,0;
9.56, 0.380752,-0.0499344,-0.0730137,0,0,0,0;
9.57, 0.433634,-0.0218594,-0.119263,0,0,0,0;
9.58, 0.539268,0.0041383,-0.067381,0,0,0,0;
9.59, 0.433115,-0.0478607,-0.0925618,0,0,0,0;
9.6, 0.124241,-0.0352902,-0.0903487,0,0,0,0;
9.61, 0.751233,-0.0360944,-0.104819,0,0,0,0;
9.62, 0.348834,0.00695156,-0.0937351,0,0,0,0;
9.63, 0.579526,-0.0214963,-0.126429,0,0,0,0;
9.64, 0.392335,-0.039396,-0.0954356,0,0,0,0;
9.65, 0.414788,-0.0305337,-0.0957631,0,0,0,0;
9.66, 0.329621,-0.020691,-0.0838923,0,0,0,0;
9.67, 0.501068,-0.0305512,-0.0917155,0,0,0,0;
9.68, 0.278844,-0.0406756,-0.0818624,0,0,0,0;
9.69, 0.586321,-0.018051,-0.0835584,0,0,0,0;
9.7, 0.590232,-0.0174394,-0.0949807,0,0,0,0;
9.71, 0.17148,-0.0400029,-0.127655,0,0,0,0;
9.72, 0.586439,-0.0159633,-0.0597031,0,0,0,0;
9.73, 0.467671,-0.0272658,-0.0576967,0,0,0,0;
9.74, 0.260761,-0.0166559,-0.0789502,0,0,0,0;
9.75, 0.465674,-0.039904,-0.087549,0,0,0,0;
9.76, 0.626208,-0.0308787,-0.124234,0,0,0,0;
9.77, 0.495698,-0.0292924,-0.102686,0,0,0,0;
9.78, 0.273953,-0.0394002,-0.112889,0,0,0,0;
9.79, 0.526192,-0.0122095,-0.0878826,0,0,0,0;
9.8, 0.225748,-0.0211108,-0.0689574,0,0,0,0;
9.81, 0.528271,-0.0351231,-0.075691,0,0,0,0;
9.82, 0.495712,-0.029924,-0.0836558,0,0,0,0;
9.83, 0.40816,-0.0310715,-0.0864462,0,0,0,0;
9.84, 0.328361,-0.0348841,-0.107553,0,0,0,0;
9.85, 0.443795,-0.020544,-0.0908348,0,0,0,0;
9.86, 0.37894,-0.0286026,-0.0711269,0,0,0,0;
9.87, 0.417182,-0.0250921,-0.0750521,0,0,0,0;
9.88, 0.597809,-0.0190719,-0.0825779,0,0,0,0;
9.89, 0.536393,-0.00938721,-0.0868346,0,0,0,0;
9.9, 0.479506,-0.0526633,-0.0946009,0,0,0,0;
9.91, 0.421745,-0.0267381,-0.083073,0,0,0,0;
9.92, 0.241604,-0.0397267,-0.0993152,0,0,0,0;
9.93, 0.513436,-0.0191405,-0.0899763,0,0,0,0;
9.94, 0.314386,-0.0203985,-0.0968518,0,0,0,0;
9.95, 0.512657,-0.0387605,-0.0854211,0,0,0,0;
9.96, 0.471668,-0.0218793,-0.0885717,0,0,0,0;
9.97, 0.367115,-0.0278245,-0.0699119,0,0,0,0;
9.98, 0.386521,-0.0201223,-0.0674166,0,0,0,0;
9.99, 0.479913,-0.0367625,-0.0786653,0,0,0,0;
