0, -0.201794,-0.0133346,3.53685,0,0,0,0;
0.01, 0.738235,0.35046,0.200256,0,0,0,0;
0.02, -25.2448,-4.53687,-1.52682,0,0,0,0;
0.03, -26.2164,-4.59934,-1.65101,0,0,0,0;
0.04, -21.2521,-3.5741,-1.65026,0,0,0,0;
0.05, -14.3189,-2.21641,-2.34109,0,0,0,0;
0.06, -7.87693,-0.25136,-3.73074,0,0,0,0;
0.07, -3.19732,0.751046,-5.45573,0,0,0,0;
0.08, 1.70606,1.98299,-6.04742,0,0,0,0;
0.09, 6.516,3.09844,-5.93134,0,0,0,0;
0.1, 9.73399,3.7031,-4.28809,0,0,0,0;
0.11, 11.2085,3.6413,-2.06789,0,0,0,0;
0.12, 11.4804,3.18385,-0.398426,0,0,0,0;
0.13, 8.93057,2.19223,0.961863,0,0,0,0;
0.14, 6.69551,1.08927,1.16986,0,0,0,0;
0.15, 3.60631,0.31353,1.16499,0,0,0,0;
0.16, 1.97174,-0.0765178,0.643986,0,0,0,0;
0.17, 0.918926,-0.186763,0.244154,0,0,0,0;
0.18, 0.442203,-0.171688,0.13834,0,0,0,0;
0.19, 0.874386,-0.0328191,0.163044,0,0,0,0;
0.2, 1.03357,0.135094,0.373762,0,0,0,0;
0.21, 1.12672,0.25501,0.588065,0,0,0,0;
0.22, 1.16072,0.318235,0.6915,0,0,0,0;
0.23, 1.43368,0.341206,0.721495,0,0,0,0;
0.24, 0.938042,0.332715,0.644753,0,0,0,0;
0.25, 1.22715,0.293306,0.572832,0,0,0,0;
0.26, 1.29785,0.319309,0.513545,0,0,0,0;
0.27, 0.799372,0.266861,0.52581,0,0,0,0;
0.28, 1.01654,0.235585,0.606477,0,0,0,0;
0.29, 0.545022,0.216981,0.642716,0,0,0,0;
0.3, 0.302336,0.193318,0.630297,0,0,0,0;
0.31, 0.686872,0.185429,0.545195,0,0,0,0;
0.32, 0.490499,0.175317,0.508723,0,0,0,0;
0.33, 0.649118,0.172383,0.440519,0,0,0,0;
0.34, -0.177673,0.146328,0.551902,0,0,0,0;
0.35, -0.014428,0.11969,0.484399,0,0,0,0;
0.36, 0.510156,0.0979759,0.475831,0,0,0,0;
0.37, 0.23057,0.124724,0.396664,0,0,0,0;
0.38, 0.429565,0.133635,0.40165,0,0,0,0;
0.39, 0.251122,0.0999309,0.418813,0,0,0,0;
0.4, -0.328281,0.0599358,0.446843,0,0,0,0;
0.41, 0.190473,0.0743052,0.379507,0,0,0,0;
0.42, 0.127139,0.113702,0.332241,0,0,0,0;
0.43, -0.00569797,0.0771408,0.326288,0,0,0,0;
0.44, -0.0475719,0.0317803,0.28371,0,0,0,0;
0.45, 0.0444127,0.110205,0.297839,0,0,0,0;
0.46, 0.0246843,0.0863231,0.332379,0,0,0,0;
0.47, -0.175579,0.027842,0.328337,0,0,0,0;
0.48, -0.120989,0.0397856,0.308476,0,0,0,0;
0.49, -0.0104703,0.0642383,0.261924,0,0,0,0;
0.5, -0.144292,0.0294903,0.212908,0,0,0,0;
0.51, -0.150595,0.0981685,0.265343,0,0,0,0;
0.52, -0.131094,0.0152419,0.238003,0,0,0,0;
0.53, -0.293733,-0.00344792,0.240559,0,0,0,0;
0.54, -0.461227,0.0647325,0.289165,0,0,0,0;
0.55, 0.0138021,0.0503833,0.24342,0,0,0,0;
0.56, -0.408325,0.0520785,0.210897,0,0,0,0;
0.57, 0.274265,0.0713432,0.174616,0,0,0,0;
0.58, -0.561659,-0.00948136,0.183966,0,0,0,0;
0.59, -0.330151,0.00449901,0.17993,0,0,0,0;
0.6, -0.419785,0.0674934,0.122886,0,0,0,0;
0.61, -0.25156,0.0462131,0.206609,0,0,0,0;
0.62, -0.335937,0.0662466,0.187782,0,0,0,0;
0.63, 0.0672994,0.0133745,0.254355,0,0,0,0;
0.64, -0.270908,0.0155249,0.226454,0,0,0,0;
0.65, -0.452293,0.0257891,0.0640143,0,0,0,0;
0.66, -0.0238532,0.0496793,0.188925,0,0,0,0;
0.67, -1.32549,0.0336634,0.134282,0,0,0,0;
0.68, -0.292091,-0.0149192,0.228089,0,0,0,0;
0.69, 0.20383,0.0477422,0.132248,0,0,0,0;
0.7, -0.571126,0.0789641,0.13709,0,0,0,0;
0.71, -0.798703,0.0221363,0.166369,0,0,0,0;
0.72, -0.0869735,0.00826276,0.15213,0,0,0,0;
0.73, -0.239006,-0.021865,0.203442,0,0,0,0;
0.74, -0.791157,0.0476802,0.112751,0,0,0,0;
0.75, 0.103283,0.0326577,0.0420982,0,0,0,0;
0.76, -0.101438,0.080171,0.208296,0,0,0,0;
0.77, -0.129029,-0.0370699,0.115061,0,0,0,0;
0.78, -0.898654,0.0956883,0.17256,0,0,0,0;
0.79, -0.285047,-0.0187104,0.0952564,0,0,0,0;
0.8, -0.558111,0.00889368,0.108621,0,0,0,0;
0.81, -0.513688,0.0377207,0.142755,0,0,0,0;
0.82, -0.621726,0.0270744,0.11357,0,0,0,0;
0.83, -0.161659,0.0551802,0.128561,0,0,0,0;
0.84, -0.272003,0.0297151,0.10954,0,0,0,0;
0.85, -0.416941,0.0254526,0.07896,0,0,0,0;
0.86, -0.588835,-0.00578398,0.125456,0,0,0,0;
0.87, -0.267382,0.0527825,0.127918,0,0,0,0;
0.88, -0.355561,0.0370571,0.137895,0,0,0,0;
0.89, -0.562943,0.0055957,0.107651,0,0,0,0;
0.9, -0.429533,0.0396904,0.0845729,0,0,0,0;
0.91, -0.439897,0.034367,0.0652462,0,0,0,0;
0.92, -0.316404,0.046673,0.0768876,0,0,0,0;
0.93, -0.324234,0.0104258,0.0774232,0,0,0,0;
0.94, -0.451588,0.0405664,0.0778089,0,0,0,0;
0.95, -0.44701,0.0499924,0.107938,0,0,0,0;
0.96, -0.428224,0.0237633,0.11347,0,0,0,0;
0.97, -0.508673,0.0279389,0.089899,0,0,0,0;
0.98, -0.406753,0.0230373,0.0617743,0,0,0,0;
0.99, -0.415366,0.0349808,0.0616101,0,0,0,0;
1, -0.486105,0.0358313,0.0837661,0,0,0,0;
1.01, -0.436951,0.0312177,0.078542,0,0,0,0;
1.02, -0.115275,-0.00135555,0.0939431,0,0,0,0;
1.03, -0.429199,0.0559396,0.088177,0,0,0,0;
1.04, -0.540033,0.0388463,0.0962958,0,0,0,0;
1.05, -0.595081,-0.00224166,0.0465123,0,0,0,0;
1.06, -0.236829,0.0443631,0.0454126,0,0,0,0;
1.07, -0.619141,0.0450067,0.0369364,0,0,0,0;
1.08, -0.329968,0.0294082,0.0849572,0,0,0,0;
1.09, -0.312948,0.0226854,0.11423,0,0,0,0;
1.1, -0.36499,0.0400304,0.0332418,0,0,0,0;
1.11, -0.67248,0.0278972,0.0776376,0,0,0,0;
1.12, -0.158219,0.015454,0.0948721,0,0,0,0;
1.13, -0.576071,0.028223,0.0590078,0,0,0,0;
1.14, -0.334579,0.0408523,0.0692997,0,0,0,0;
1.15, -0.411057,0.0278719,0.0668871,0,0,0,0;
1.16, -0.524042,0.0346587,0.0687829,0,0,0,0;
1.17, -0.322267,0.0359562,0.0910328,0,0,0,0;
1.18, -0.468439,0.0272884,0.0906499,0,0,0,0;
1.19, -0.355724,0.0242446,0.0783437,0,0,0,0;
1.2, -0.473791,0.0401005,0.0772836,0,0,0,0;
1.21, -0.423074,0.0275076,0.0911032,0,0,0,0;
1.22, -0.547306,0.0219821,0.0782019,0,0,0,0;
1.23, -0.339921,0.0344975,0.0810834,0,0,0,0;
1.24, -0.292297,0.0408365,0.0780354,0,0,0,0;
1.25, -0.731474,0.0237796,0.0743348,0,0,0,0;
1.26, -0.285674,0.0139609,0.0836948,0,0,0,0;
1.27, -0.426435,0.0438297,0.0833903,0,0,0,0;
1.28, -0.837029,0.0415841,0.0799209,0,0,0,0;
1.29, -0.0499148,0.00493801,0.074862,0,0,0,0;
1.3, -0.551012,0.0591883,0.1441,0,0,0,0;
1.31, -0.598117,0.0271884,0.11421,0,0,0,0;
1.32, -0.442953,-0.0156479,0.0984775,0,0,0,0;
1.33, 0.0436913,0.0681258,0.0717709,0,0,0,0;
1.34, -0.6743,0.0445816,0.135497,0,0,0,0;
1.35, -0.465236,0.00261256,0.124779,0,0,0,0;
1.36, -0.47997,-0.0199919,0.113495,0,0,0,0;
1.37, -0.596222,0.0635086,0.108908,0,0,0,0;
1.38, -0.448865,0.0112486,0.0673543,0,0,0,0;
1.39, -0.54919,0.0169589,0.0158441,0,0,0,0;
1.4, -0.0932473,0.0180424,0.167189,0,0,0,0;
1.41, -0.372623,0.040773,0.0931575,0,0,0,0;
1.42, -0.211164,-0.0301072,0.114236,0,0,0,0;
1.43, -1.0374,0.0284226,0.105625,0,0,0,0;
1.44, -0.0808622,0.0439254,0.18446,0,0,0,0;
1.45, -0.901785,-0.0507075,0.0768496,0,0,0,0;
1.46, -0.751319,0.0169485,0.104446,0,0,0,0;
1.47, 0.0370077,0.094711,0.110926,0,0,0,0;
1.48, -0.172401,0.00290947,0.106059,0,0,0,0;
1.49, -0.75507,-3.38405e-05,0.0438225,0,0,0,0;
1.5, -0.288964,0.0863313,0.137516,0,0,0,0;
1.51, -0.256547,-0.000562623,0.146265,0,0,0,0;
1.52, 0.155664,-0.0446418,0.139901,0,0,0,0;
1.53, -1.02063,0.0680581,0.0444225,0,0,0,0;
1.54, -0.506608,0.0324049,0.070095,0,0,0,0;
1.55, -0.570647,-0.0154358,0.0692534,0,0,0,0;
1.56, -0.323705,0.0635904,0.153764,0,0,0,0;
1.57, -0.247529,-0.0175682,0.127638,0,0,0,0;
1.58, -0.372419,0.0312201,0.11011,0,0,0,0;
1.59, -0.614202,0.0423577,0.0789879,0,0,0,0;
1.6, -0.427708,0.0331114,0.0922029,0,0,0,0;
1.61, -0.406528,0.0191873,0.0745549,0,0,0,0;
1.62, -0.382826,0.021163,0.0799931,0,0,0,0;
1.63, -0.52799,0.0168933,0.101875,0,0,0,0;
1.64, -0.326904,0.0222732,0.107335,0,0,0,0;
1.65, -0.489094,0.0137915,0.0808154,0,0,0,0;
1.66, -0.386818,0.0244725,0.103204,0,0,0,0;
1.67, -0.56948,0.0299071,0.0962259,0,0,0,0;
1.68, -0.381527,0.0381058,0.0800181,0,0,0,0;
1.69, -0.498545,0.0287913,0.0718342,0,0,0,0;
1.7, -0.468192,0.0352414,0.0738209,0,0,0,0;
1.71, -0.347309,0.0297378,0.0904296,0,0,0,0;
1.72, -0.47493,0.0231074,0.0746367,0,0,0,0;
1.73, -0.66555,0.0322653,0.0827816,0,0,0,0;
1.74, -0.181593,0.0359747,0.0828982,0,0,0,0;
1.75, -0.375359,0.0249191,0.0853385,0,0,0,0;
1.76, -0.306995,0.038582,0.0595151,0,0,0,0;
1.77, -0.684268,0.0355332,0.0728756,0,0,0,0;
1.78, -0.496195,0.0314684,0.0807199,0,0,0,0;
1.79, -0.381008,0.0385161,0.0611385,0,0,0,0;
1.8, -0.568595,0.0224485,0.0823175,0,0,0,0;
1.81, -0.495293,0.0356208,0.0670047,0,0,0,0;
1.82, -0.161865,0.0444565,0.0728272,0,0,0,0;
1.83, -0.640758,0.0134367,0.0708223,0,0,0,0;
1.84, -0.372044,0.0532689,0.0740821,0,0,0,0;
1.85, -0.695508,0.0272614,0.0999552,0,0,0,0;
1.86, -0.340943,0.0202141,0.0879362,0,0,0,0;
1.87, -0.527807,0.0287024,0.0656701,0,0,0,0;
1.88, -0.135238,0.0468908,0.0477951,0,0,0,0;
1.89, -0.433717,0.0202257,0.0582604,0,0,0,0;
1.9, -0.399576,0.0203445,0.0616946,0,0,0,0;
1.91, -0.475601,0.052538,0.103491,0,0,0,0;
1.92, -0.362926,0.0354167,0.104566,0,0,0,0;
1.93, -0.411605,0.0316814,0.105908,0,0,0,0;
1.94, -0.474679,0.0200514,0.0637098,0,0,0,0;
1.95, -0.517587,0.0352264,0.0581925,0,0,0,0;
1.96, -0.387092,0.0199076,0.0719172,0,0,0,0;
1.97, -0.397155,0.0327366,0.0750927,0,0,0,0;
1.98, -0.681707,0.0228084,0.108716,0,0,0,0;
1.99, -0.433994,0.0249736,0.113006,0,0,0,0;
2, -0.227371,0.0421958,0.106735,0,0,0,0;
2.01, -0.465232,0.00172378,0.0429369,0,0,0,0;
2.02, -0.431848,0.0267446,0.073809,0,0,0,0;
2.03, -0.211219,0.0204514,0.088712,0,0,0,0;
2.04, -0.609987,0.0442209,0.138331,0,0,0,0;
2.05, -0.471983,0.00124557,0.113837,0,0,0,0;
2.06, -0.405868,0.0197234,0.105018,0,0,0,0;
2.07, -0.368085,0.0433033,0.0665249,0,0,0,0;
2.08, -0.615194,0.0172841,0.0679973,0,0,0,0;
2.09, -0.594138,-0.0136156,0.125367,0,0,0,0;
2.1, -0.330172,0.0610197,0.0990635,0,0,0,0;
2.11, -0.127793,0.0103045,0.0844264,0,0,0,0;
2.12, -0.63641,0.0323293,0.170593,0,0,0,0;
2.13, -0.248446,-0.0151421,0.139482,0,0,0,0;
2.14, -0.278281,0.0393376,0.0775869,0,0,0,0;
2.15, -0.878796,0.0064228,0.0124962,0,0,0,0;
2.16, -0.592205,0.00160535,0.106299,0,0,0,0;
2.17, -0.348568,0.0448258,0.0927251,0,0,0,0;
2.18, -0.545705,0.00870719,0.147936,0,0,0,0;
2.19, -0.151326,0.0451771,0.116082,0,0,0,0;
2.2, -0.485402,0.0470778,0.0974466,0,0,0,0;
2.21, -0.335113,0.0310177,0.110954,0,0,0,0;
2.22, -0.332443,0.0208838,0.0359648,0,0,0,0;
2.23, -0.594846,-0.0158934,0.0874512,0,0,0,0;
2.24, -0.28804,0.0295421,0.148714,0,0,0,0;
2.25, -0.371844,0.0506696,0.179401,0,0,0,0;
2.26, -0.594628,-0.00107655,0.129321,0,0,0,0;
2.27, -0.559478,0.0264275,0.0927927,0,0,0,0;
2.28, -0.690436,0.0227863,0.049987,0,0,0,0;
2.29, -0.0501314,0.0239877,0.0539931,0,0,0,0;
2.3, -0.329064,-0.0027513,0.0834721,0,0,0,0;
2.31, -0.486945,0.0305634,0.12965,0,0,0,0;
2.32, -0.497539,0.0540235,0.112682,0,0,0,0;
2.33, -0.509659,-0.00293186,0.102516,0,0,0,0;
2.34, -0.431157,0.000359103,0.0848854,0,0,0,0;
2.35, -0.346282,0.038192,0.0968701,0,0,0,0;
2.36, -0.641062,0.0304909,0.0699303,0,0,0,0;
2.37, -0.497467,0.0418197,0.0899113,0,0,0,0;
2.38, -0.376597,0.0196058,0.0829577,0,0,0,0;
2.39, -0.370944,0.044372,0.0738546,0,0,0,0;
2.4, -0.414794,0.0313894,0.0977616,0,0,0,0;
2.41, -0.3912,0.0257426,0.119533,0,0,0,0;
2.42, -0.393969,0.0274494,0.101572,0,0,0,0;
2.43, -0.498567,0.0308585,0.0774615,0,0,0,0;
2.44, -0.407457,0.0179629,0.0823672,0,0,0,0;
2.45, -0.413432,0.0380831,0.0619883,0,0,0,0;
2.46, -0.436218,0.030882,0.0799546,0,0,0,0;
2.47, -0.426883,0.0284385,0.0830458,0,0,0,0;
2.48, -0.390698,0.0487263,0.122314,0,0,0,0;
2.49, -0.500315,0.0191314,0.0755376,0,0,0,0;
2.5, -0.509947,0.0188568,0.0898407,0,0,0,0;
2.51, -0.357863,0.0323526,0.0586638,0,0,0,0;
2.52, -0.347913,0.0163586,0.0368842,0,0,0,0;
2.53, -0.514796,0.0448108,0.049292,0,0,0,0;
2.54, -0.489744,0.0177531,0.0639924,0,0,0,0;
2.55, -0.399073,0.0395269,0.119049,0,0,0,0;
2.56, -0.464981,0.0384764,0.109496,0,0,0,0;
2.57, -0.388194,0.0339622,0.0870745,0,0,0,0;
2.58, -0.475103,0.0222502,0.0605774,0,0,0,0;
2.59, -0.326923,0.0462852,0.0624396,0,0,0,0;
2.6, -0.527069,0.0105787,0.0745144,0,0,0,0;
2.61, -0.495894,0.0164372,0.079417,0,0,0,0;
2.62, -0.344352,0.0339275,0.0784193,0,0,0,0;
2.63, -0.402456,0.0439141,0.0695226,0,0,0,0;
2.64, -0.492909,0.0346045,0.0922833,0,0,0,0;
2.65, -0.320216,0.0131908,0.0899619,0,0,0,0;
2.66, -0.555933,0.0238901,0.0747062,0,0,0,0;
2.67, -0.446688,0.0221837,0.0792485,0,0,0,0;
2.68, -0.27684,0.0423327,0.0809873,0,0,0,0;
2.69, -0.63433,0.0298682,0.0871956,0,0,0,0;
2.7, -0.334325,0.0441427,0.0807576,0,0,0,0;
2.71, -0.375901,0.0236531,0.0835533,0,0,0,0;
2.72, -0.501924,0.0155665,0.103997,0,0,0,0;
2.73, -0.553158,0.0265535,0.0869003,0,0,0,0;
2.74, -0.389229,0.0347665,0.102374,0,0,0,0;
2.75, -0.416889,0.0362263,0.0869306,0,0,0,0;
2.76, -0.384231,0.0312521,0.0811775,0,0,0,0;
2.77, -0.43651,0.0270801,0.0933909,0,0,0,0;
2.78, -0.5591,0.016824,0.0937425,0,0,0,0;
2.79, -0.184755,0.0309212,0.0809568,0,0,0,0;
2.8, -0.414085,0.00682598,0.100142,0,0,0,0;
2.81, -0.802999,-0.00418703,0.10787,0,0,0,0;
2.82, -0.36183,0.087327,0.140429,0,0,0,0;
2.83, -0.452906,0.0107303,0.0693287,0,0,0,0;
2.84, -0.440233,0.0173543,0.0728485,0,0,0,0;
2.85, -0.245194,-0.0169606,0.107059,0,0,0,0;
2.86, -0.445149,0.0696205,0.0915358,0,0,0,0;
2.87, -0.348763,0.00943522,0.158664,0,0,0,0;
2.88, -0.476009,0.0214566,0.0934864,0,0,0,0;
2.89, -0.4729,0.0428588,0.0678591,0,0,0,0;
2.9, -0.673582,0.0388961,0.123103,0,0,0,0;
2.91, -0.858891,0.017622,0.0836631,0,0,0,0;
2.92, 0.0118285,0.0315144,0.118128,0,0,0,0;
2.93, -0.193596,0.00231563,0.0874875,0,0,0,0;
2.94, -0.580486,0.0585283,0.061936,0,0,0,0;
2.95, -0.297186,-0.00763548,0.104174,0,0,0,0;
2.96, -0.706326,0.0080905,0.121631,0,0,0,0;
2.97, -0.314884,0.0189005,0.154096,0,0,0,0;
2.98, -0.163669,0.0375043,0.0506122,0,0,0,0;
2.99, -0.674292,0.032079,0.0701624,0,0,0,0;
3, -0.126824,0.019226,0.0850781,0,0,0,0;
3.01, -0.666749,0.0158583,0.0828364,0,0,0,0;
3.02, -0.425634,0.0518129,0.148477,0,0,0,0;
3.03, -0.286937,0.0239334,0.121494,0,0,0,0;
3.04, -0.47276,0.0216125,0.101689,0,0,0,0;
3.05, -0.547705,0.00563347,0.0880672,0,0,0,0;
3.06, -0.553895,0.00334119,0.0886349,0,0,0,0;
3.07, -0.50515,0.0232942,0.0946093,0,0,0,0;
3.08, -0.366309,0.0324647,0.106645,0,0,0,0;
3.09, -0.280813,0.0607239,0.104043,0,0,0,0;
3.1, -0.490867,0.00934871,0.054776,0,0,0,0;
3.11, -0.57933,0.0329096,0.0890643,0,0,0,0;
3.12, -0.347644,0.0253693,0.0962582,0,0,0,0;
3.13, -0.38677,0.0417889,0.0914264,0,0,0,0;
3.14, -0.546925,0.0261175,0.0964399,0,0,0,0;
3.15, -0.3098,0.0097793,0.0929999,0,0,0,0;
3.16, -0.442654,0.0401152,0.0802577,0,0,0,0;
3.17, -0.489044,0.0300896,0.057894,0,0,0,0;
3.18, -0.514939,0.0244707,0.072956,0,0,0,0;
3.19, -0.428961,0.0361184,0.0809319,0,0,0,0;
3.2, -0.266532,0.0283682,0.0832806,0,0,0,0;
3.21, -0.652424,0.0179015,0.104126,0,0,0,0;
3.22, -0.353441,0.0443239,0.108322,0,0,0,0;
3.23, -0.340521,0.0262496,0.0835476,0,0,0,0;
3.24, -0.545671,0.0295954,0.0694874,0,0,0,0;
3.25, -0.334537,0.0384126,0.0710254,0,0,0,0;
3.26, -0.430919,0.0262071,0.0611306,0,0,0,0;
3.27, -0.506643,0.0302778,0.0831856,0,0,0,0;
3.28, -0.413847,0.0151674,0.093931,0,0,0,0;
3.29, -0.445455,0.0311887,0.0880972,0,0,0,0;
3.3, -0.602502,0.0378888,0.0668346,0,0,0,0;
3.31, -0.292391,0.0275324,0.0662632,0,0,0,0;
3.32, -0.467955,0.0313985,0.0741408,0,0,0,0;
3.33, -0.459323,0.0378105,0.104506,0,0,0,0;
3.34, -0.353246,0.0442386,0.0900053,0,0,0,0;
3.35, -0.432264,0.0209112,0.087494,0,0,0,0;
3.36, -0.493258,0.0187322,0.073796,0,0,0,0;
3.37, -0.299568,0.0346656,0.0694557,0,0,0,0;
3.38, -0.510201,0.0359895,0.0714764,0,0,0,0;
3.39, -0.485518,0.0253045,0.087016,0,0,0,0;
3.4, -0.582174,0.0168018,0.0794264,0,0,0,0;
3.41, -0.313537,0.0339456,0.0967109,0,0,0,0;
3.42, -0.47723,0.0328762,0.0847514,0,0,0,0;
3.43, -0.309189,0.0361623,0.104564,0,0,0,0;
3.44, -0.315871,0.0221636,0.109736,0,0,0,0;
3.45, -0.583162,0.0186562,0.0567961,0,0,0,0;
3.46, -0.480061,0.0403413,0.0635823,0,0,0,0;
3.47, -0.362175,0.0340117,0.0840993,0,0,0,0;
3.48, -0.598292,0.0274581,0.113743,0,0,0,0;
3.49, -0.241718,0.0362774,0.118932,0,0,0,0;
3.5, -0.538896,0.0158554,0.0958863,0,0,0,0;
3.51, -0.533506,-0.028503,0.112995,0,0,0,0;
3.52, -0.463493,0.0655465,0.103702,0,0,0,0;
3.53, -0.384735,0.00605731,0.0902384,0,0,0,0;
3.54, -0.179123,0.0091381,0.0225896,0,0,0,0;
3.55, -0.760525,0.0510939,0.104324,0,0,0,0;
3.56, -0.400748,0.024602,0.0964011,0,0,0,0;
3.57, -0.420125,-0.00407821,0.0464728,0,0,0,0;
3.58, -0.372967,0.0392646,0.0828007,0,0,0,0;
3.59, -0.154272,0.063647,0.120241,0,0,0,0;
3.6, -0.838332,0.00635964,0.134422,0,0,0,0;
3.61, -0.346192,0.0246235,0.118142,0,0,0,0;
3.62, -0.0542837,0.0486484,0.129613,0,0,0,0;
3.63, -0.323823,0.0556054,0.0929635,0,0,0,0;
3.64, -0.463455,-0.0154583,0.042663,0,0,0,0;
3.65, -0.796174,0.0316124,0.0901518,0,0,0,0;
3.66, -0.487664,0.0371438,0.118361,0,0,0,0;
3.67, -0.413917,-0.00488321,0.133767,0,0,0,0;
3.68, -0.478371,0.0301704,0.121426,0,0,0,0;
3.69, -0.414428,0.0103479,0.0574273,0,0,0,0;
3.7, -0.654794,-0.0149836,0.101462,0,0,0,0;
3.71, -0.364611,0.0347773,0.109703,0,0,0,0;
3.72, -0.447596,0.0362565,0.0827028,0,0,0,0;
3.73, -0.204199,0.0279672,0.0832336,0,0,0,0;
3.74, -0.368829,0.0475699,0.087999,0,0,0,0;
3.75, -0.765948,-0.00712696,0.0762262,0,0,0,0;
3.76, -0.284607,0.0396672,0.109884,0,0,0,0;
3.77, -0.626672,0.0335389,0.131531,0,0,0,0;
3.78, -0.139279,0.0138756,0.11886,0,0,0,0;
3.79, -0.361049,0.0433058,0.076607,0,0,0,0;
3.8, -0.187171,0.0434433,0.0952898,0,0,0,0;
3.81, -0.611336,0.00856562,0.0640971,0,0,0,0;
3.82, -0.509953,0.033846,0.111594,0,0,0,0;
3.83, -0.642402,0.0361897,0.0797972,0,0,0,0;
3.84, -0.534175,0.0143258,0.0930384,0,0,0,0;
3.85, -0.284853,0.0213703,0.0923735,0,0,0,0;
3.86, -0.465747,0.0117286,0.11413,0,0,0,0;
3.87, -0.402878,0.0337591,0.102727,0,0,0,0;
3.88, -0.363837,0.032108,0.0761225,0,0,0,0;
3.89, -0.335227,0.0215592,0.072589,0,0,0,0;
3.9, -0.549744,0.0442611,0.0668811,0,0,0,0;
3.91, -0.44128,0.0203662,0.0818202,0,0,0,0;
3.92, -0.534906,0.023239,0.0772037,0,0,0,0;
3.93, -0.360049,0.040115,0.0775526,0,0,0,0;
3.94, -0.533703,0.0203695,0.074119,0,0,0,0;
3.95, -0.576792,0.0273241,0.110518,0,0,0,0;
3.96, -0.317107,0.0424345,0.106215,0,0,0,0;
3.97, -0.337748,0.0264823,0.0814861,0,0,0,0;
3.98, -0.388261,0.0242247,0.0637841,0,0,0,0;
3.99, -0.451683,0.0201772,0.0652102,0,0,0,0;
4, -0.547148,0.0505228,0.0819408,0,0,0,0;
4.01, -0.378299,0.0291726,0.0860828,0,0,0,0;
4.02, -0.359962,0.0328418,0.105209,0,0,0,0;
4.03, -0.451503,0.0359497,0.103015,0,0,0,0;
4.04, -0.410905,0.0252444,0.0696729,0,0,0,0;
4.05, -0.490869,0.0228594,0.092111,0,0,0,0;
4.06, -0.415833,0.0150483,0.0536902,0,0,0,0;
4.07, -0.48672,0.0191431,0.0682629,0,0,0,0;
4.08, -0.416595,0.044843,0.101443,0,0,0,0;
4.09, -0.397841,0.0341255,0.108606,0,0,0,0;
4.1, -0.481087,0.0118944,0.084859,0,0,0,0;
4.11, -0.355315,0.0480007,0.0836233,0,0,0,0;
4.12, -0.4363,0.0299952,0.0883601,0,0,0,0;
4.13, -0.47959,0.019298,0.0610382,0,0,0,0;
4.14, -0.638395,0.00618295,0.048667,0,0,0,0;
4.15, -0.3197,0.04553,0.0814155,0,0,0,0;
4.16, -0.356431,0.0415429,0.105748,0,0,0,0;
4.17, -0.55267,0.0262939,0.115889,0,0,0,0;
4.18, -0.226051,0.037235,0.123718,0,0,0,0;
4.19, -0.424647,0.021561,0.0767996,0,0,0,0;
4.2, -0.39512,0.0432519,0.102239,0,0,0,0;
4.21, -0.480776,0.0095541,0.0950367,0,0,0,0;
4.22, -0.715093,0.0342251,0.0290992,0,0,0,0;
4.23, -0.37031,0.0193026,0.0705096,0,0,0,0;
4.24, -0.310076,0.0149009,0.0862049,0,0,0,0;
4.25, -0.531539,0.0278505,0.0879123,0,0,0,0;
4.26, -0.378369,0.0323342,0.125491,0,0,0,0;
4.27, -0.434212,0.0208058,0.111044,0,0,0,0;
4.28, -0.343482,0.0446591,0.127048,0,0,0,0;
4.29, -0.646744,0.002597,0.093261,0,0,0,0;
4.3, -0.252305,0.0510194,0.0614895,0,0,0,0;
4.31, -0.424193,0.0231143,0.101024,0,0,0,0;
4.32, -0.403029,0.00416135,0.0752119,0,0,0,0;
4.33, -0.417463,0.0130781,0.112817,0,0,0,0;
4.34, -0.499829,0.0365074,0.0992718,0,0,0,0;
4.35, -0.57087,0.0442525,0.116197,0,0,0,0;
4.36, -0.353696,0.0169852,0.0980027,0,0,0,0;
4.37, -0.52069,0.0139792,0.0715019,0,0,0,0;
4.38, -0.461618,0.0377421,0.0877202,0,0,0,0;
4.39, -0.519675,0.0370403,0.111484,0,0,0,0;
4.4, -0.35557,0.0259394,0.109875,0,0,0,0;
4.41, -0.319208,0.0184932,0.0933687,0,0,0,0;
4.42, -0.411198,0.0480548,0.0620567,0,0,0,0;
4.43, -0.372439,-0.00494415,0.0950168,0,0,0,0;
4.44, -0.35385,0.0560611,0.0893123,0,0,0,0;
4.45, -0.599347,0.025682,0.135081,0,0,0,0;
4.46, -0.33508,0.000898667,0.108885,0,0,0,0;
4.47, -0.715586,0.0078597,0.123659,0,0,0,0;
4.48, -0.103467,0.00840811,0.0685111,0,0,0,0;
4.49, -0.571472,0.0582522,0.0637763,0,0,0,0;
4.5, -0.42515,-0.00739013,0.0622253,0,0,0,0;
4.51, -0.543965,0.0654307,0.117047,0,0,0,0;
4.52, -0.337568,-0.00289594,0.113703,0,0,0,0;
4.53, -0.475302,0.0294116,0.0784351,0,0,0,0;
4.54, -0.523287,0.035781,0.116093,0,0,0,0;
4.55, -0.202289,0.0448412,0.103764,0,0,0,0;
4.56, -0.735983,0.0225721,0.0663243,0,0,0,0;
4.57, -0.250712,0.0283809,0.0886253,0,0,0,0;
4.58, -0.636051,0.0336745,0.100637,0,0,0,0;
4.59, -0.331103,0.0204124,0.0824256,0,0,0,0;
4.6, -0.452077,0.033479,0.0920373,0,0,0,0;
4.61, -0.430808,0.0288906,0.0836141,0,0,0,0;
4.62, -0.382802,0.0201146,0.0963446,0,0,0,0;
4.63, -0.434444,0.0284869,0.0975785,0,0,0,0;
4.64, -0.431013,0.0175771,0.0770549,0,0,0,0;
4.65, -0.46182,0.0304395,0.0634407,0,0,0,0;
4.66, -0.435714,0.0198719,0.0771341,0,0,0,0;
4.67, -0.37445,0.0397784,0.0862517,0,0,0,0;
4.68, -0.410246,0.0266192,0.106539,0,0,0,0;
4.69, -0.475583,0.0293925,0.095644,0,0,0,0;
4.7, -0.484607,0.0250207,0.0860499,0,0,0,0;
4.71, -0.336774,0.0309706,0.0854158,0,0,0,0;
4.72, -0.44526,0.0377248,0.0906662,0,0,0,0;
4.73, -0.57237,0.0333295,0.0682349,0,0,0,0;
4.74, -0.376285,0.0268003,0.0850398,0,0,0,0;
4.75, -0.403963,0.0242357,0.0824206,0,0,0,0;
4.76, -0.402381,0.0300599,0.0939998,0,0,0,0;
4.77, -0.396468,0.0333357,0.0682774,0,0,0,0;
4.78, -0.46704,0.0122635,0.0811304,0,0,0,0;
4.79, -0.513513,0.04253,0.08627,0,0,0,0;
4.8, -0.406387,0.0344842,0.0869198,0,0,0,0;
4.81, -0.463747,0.0155531,0.0855288,0,0,0,0;
4.82, -0.401235,0.0376092,0.0784385,0,0,0,0;
4.83, -0.563564,0.014196,0.0883715,0,0,0,0;
4.84, -0.289239,0.0383019,0.0919812,0,0,0,0;
4.85, -0.356353,0.0334317,0.0815396,0,0,0,0;
4.86, -0.544275,0.0473658,0.0778847,0,0,0,0;
4.87, -0.463021,0.00723145,0.103239,0,0,0,0;
4.88, -0.561762,0.029512,0.083913,0,0,0,0;
4.89, -0.356256,0.0282549,0.0957446,0,0,0,0;
4.9, -0.342277,0.038069,0.0761207,0,0,0,0;
4.91, -0.326629,0.0258867,0.0551003,0,0,0,0;
4.92, -0.584293,0.0327556,0.100735,0,0,0,0;
4.93, -0.401477,-0.00519409,0.126867,0,0,0,0;
4.94, -0.480437,0.0287965,0.0724681,0,0,0,0;
4.95, -0.319274,0.0680005,0.0506131,0,0,0,0;
4.96, -0.446924,0.0123781,0.0827242,0,0,0,0;
4.97, -0.486754,0.0297754,0.105333,0,0,0,0;
4.98, -0.416086,0.0207105,0.131552,0,0,0,0;
4.99, -0.528971,0.0263355,0.0851594,0,0,0,0;
5, -0.459852,0.017955,0.0643055,0,0,0,0;
5.01, -0.582196,0.0419382,0.0815386,0,0,0,0;
5.02, -0.160821,0.00298984,0.10302,0,0,0,0;
5.03, -0.417099,0.0441836,0.0989506,0,0,0,0;
5.04, -0.665734,0.0151373,0.160455,0,0,0,0;
5.05, -0.337468,0.0177074,0.111828,0,0,0,0;
5.06, -0.272004,0.0199527,0.0944246,0,0,0,0;
5.07, -0.811317,0.00885881,0.0408968,0,0,0,0;
5.08, -0.343182,0.047488,0.0607335,0,0,0,0;
5.09, -0.27301,-0.0116693,0.0839916,0,0,0,0;
5.1, -0.329376,0.0549627,0.134688,0,0,0,0;
5.11, -0.400716,0.0574249,0.113282,0,0,0,0;
5.12, -0.559827,0.00894027,0.114757,0,0,0,0;
5.13, -0.322601,0.0039124,0.0691009,0,0,0,0;
5.14, -0.653478,0.0144224,0.0710861,0,0,0,0;
5.15, -0.535471,0.01648,0.100016,0,0,0,0;
5.16, -0.161784,0.0526895,0.109166,0,0,0,0;
5.17, -0.634745,0.0173381,0.0719214,0,0,0,0;
5.18, -0.354248,0.0477051,0.0929828,0,0,0,0;
5.19, -0.552319,-0.0134826,0.102726,0,0,0,0;
5.2, -0.106928,0.0117436,0.106192,0,0,0,0;
5.21, -0.554415,0.0369504,0.0934458,0,0,0,0;
5.22, -0.414283,0.0419589,0.0691923,0,0,0,0;
5.23, -0.286362,0.0247003,0.115014,0,0,0,0;
5.24, -0.490801,0.0520795,0.0877905,0,0,0,0;
5.25, -0.591895,0.0123705,0.138709,0,0,0,0;
5.26, -0.518729,0.0251403,0.0977902,0,0,0,0;
5.27, -0.545639,0.00804384,0.080632,0,0,0,0;
5.28, -0.483166,0.0282048,0.0786206,0,0,0,0;
5.29, -0.400538,0.0115135,0.0942435,0,0,0,0;
5.3, -0.41103,0.0338872,0.0866954,0,0,0,0;
5.31, -0.443417,0.0320176,0.0703025,0,0,0,0;
5.32, -0.270854,0.0287929,0.0936295,0,0,0,0;
5.33, -0.428941,0.0284059,0.10907,0,0,0,0;
5.34, -0.628499,0.0375905,0.0988902,0,0,0,0;
5.35, -0.29671,0.0321465,0.0981978,0,0,0,0;
5.36, -0.365296,0.0260954,0.0730454,0,0,0,0;
5.37, -0.533908,0.0250827,0.102891,0,0,0,0;
5.38, -0.361112,0.0242964,0.0894218,0,0,0,0;
5.39, -0.415836,0.0241871,0.0696928,0,0,0,0;
5.4, -0.393513,0.0318739,0.0939953,0,0,0,0;
5.41, -0.464207,0.0200733,0.0904408,0,0,0,0;
5.42, -0.503839,0.0288605,0.0859109,0,0,0,0;
5.43, -0.413536,0.0382136,0.0785572,0,0,0,0;
5.44, -0.395933,0.0371168,0.0776632,0,0,0,0;
5.45, -0.523534,0.0199552,0.0824121,0,0,0,0;
5.46, -0.372412,0.0181098,0.0927587,0,0,0,0;
5.47, -0.431213,0.0457851,0.0804321,0,0,0,0;
5.48, -0.527123,0.0195517,0.0823531,0,0,0,0;
5.49, -0.49215,0.0404163,0.0681294,0,0,0,0;
5.5, -0.372607,0.017626,0.0699995,0,0,0,0;
5.51, -0.391815,0.0372034,0.0904443,0,0,0,0;
5.52, -0.334444,0.0316867,0.115927,0,0,0,0;
5.53, -0.560044,0.0210934,0.0927354,0,0,0,0;
5.54, -0.405942,0.0319232,0.0765508,0,0,0,0;
5.55, -0.354642,0.0289838,0.0673792,0,0,0,0;
5.56, -0.565789,0.0155987,0.0846524,0,0,0,0;
5.57, -0.290048,0.0491905,0.0786199,0,0,0,0;
5.58, -0.599838,0.0268088,0.0954776,0,0,0,0;
5.59, -0.551691,0.0236744,0.0953799,0,0,0,0;
5.6, -0.331741,0.0335127,0.0914459,0,0,0,0;
5.61, -0.304319,0.0284623,0.0944134,0,0,0,0;
5.62, -0.443245,0.0112967,0.0649617,0,0,0,0;
5.63, -0.461017,0.0381172,0.0826223,0,0,0,0;
5.64, -0.506591,0.0319697,0.0962241,0,0,0,0;
5.65, -0.340274,0.018458,0.081353,0,0,0,0;
5.66, -0.45869,0.0348192,0.119613,0,0,0,0;
5.67, -0.566602,0.0304047,0.0846392,0,0,0,0;
5.68, -0.387821,0.0264524,0.0851841,0,0,0,0;
5.69, -0.494041,0.0404209,0.0892666,0,0,0,0;
5.7, -0.268409,0.0229387,0.0858526,0,0,0,0;
5.71, -0.394315,0.0149009,0.101866,0,0,0,0;
5.72, -0.618977,0.0341877,0.122769,0,0,0,0;
5.73, -0.20818,0.0213555,0.0626255,0,0,0,0;
5.74, -0.602015,0.0288076,0.0628371,0,0,0,0;
5.75, -0.597302,0.00715678,0.066104,0,0,0,0;
5.76, -0.0245438,0.0371741,0.0997036,0,0,0,0;
5.77, -0.712226,0.0338819,0.116961,0,0,0,0;
5.78, -0.199779,0.0154374,0.14741,0,0,0,0;
5.79, -0.960962,0.0148282,0.115091,0,0,0,0;
5.8, 0.0660222,0.0025548,0.0891526,0,0,0,0;
5.81, -0.615714,0.0494573,0.0538658,0,0,0,0;
5.82, -0.423909,0.00680681,0.0387105,0,0,0,0;
5.83, -0.472205,0.0315514,0.0785045,0,0,0,0;
5.84, -0.484308,0.047713,0.0854757,0,0,0,0;
5.85, -0.282178,0.0327351,0.174507,0,0,0,0;
5.86, -0.525437,0.0520614,0.175732,0,0,0,0;
5.87, -0.156666,0.020847,0.0960654,0,0,0,0;
5.88, -0.795787,0.0170401,0.0409895,0,0,0,0;
5.89, -0.413543,0.0078901,0.0256355,0,0,0,0;
5.9, -0.230693,0.0192711,0.0963005,0,0,0,0;
5.91, -0.412914,0.0197057,0.118873,0,0,0,0;
5.92, -0.652153,0.0272701,0.122835,0,0,0,0;
5.93, -0.305154,0.0326199,0.104639,0,0,0,0;
5.94, -0.457576,0.00587848,0.0649334,0,0,0,0;
5.95, -0.542176,0.0430628,0.0534383,0,0,0,0;
5.96, -0.378396,0.0289472,0.0933024,0,0,0,0;
5.97, -0.500876,0.00561088,0.120573,0,0,0,0;
5.98, -0.461689,0.0313318,0.119525,0,0,0,0;
5.99, -0.426355,0.0163972,0.0906619,0,0,0,0;
6, -0.508512,0.0216593,0.113205,0,0,0,0;
6.01, -0.446274,0.0268936,0.100336,0,0,0,0;
6.02, -0.236474,0.0187621,0.0863851,0,0,0,0;
6.03, -0.289232,0.0406179,0.0474961,0,0,0,0;
6.04, -0.665938,0.0279247,0.080344,0,0,0,0;
6.05, -0.498648,0.0203363,0.0980006,0,0,0,0;
6.06, -0.388404,0.0269489,0.085826,0,0,0,0;
6.07, -0.45968,0.022328,0.105485,0,0,0,0;
6.08, -0.344928,0.0255886,0.0847633,0,0,0,0;
6.09, -0.564904,0.0303784,0.0999259,0,0,0,0;
6.1, -0.402392,0.0227074,0.0614663,0,0,0,0;
6.11, -0.358073,0.0326782,0.0928926,0,0,0,0;
6.12, -0.484474,0.0233457,0.0805067,0,0,0,0;
6.13, -0.324547,0.0277855,0.105508,0,0,0,0;
6.14, -0.544708,0.00836747,0.0850922,0,0,0,0;
6.15, -0.344237,0.0433915,0.0926622,0,0,0,0;
6.16, -0.381286,0.0282885,0.0740347,0,0,0,0;
6.17, -0.466552,0.0284003,0.0946598,0,0,0,0;
6.18, -0.486359,0.036635,0.0843149,0,0,0,0;
6.19, -0.435562,0.0335376,0.0819269,0,0,0,0;
6.2, -0.553987,0.0386203,0.0929352,0,0,0,0;
6.21, -0.334335,0.029453,0.067778,0,0,0,0;
6.22, -0.420851,0.0157217,0.102035,0,0,0,0;
6.23, -0.403237,0.0284938,0.0805202,0,0,0,0;
6.24, -0.468313,0.0336023,0.0811446,0,0,0,0;
6.25, -0.503346,0.0394483,0.103807,0,0,0,0;
6.26, -0.29283,0.0197631,0.0718265,0,0,0,0;
6.27, -0.4452,0.032311,0.0787846,0,0,0,0;
6.28, -0.598416,0.0151323,0.100489,0,0,0,0;
6.29, -0.367405,0.0368351,0.0727211,0,0,0,0;
6.3, -0.471071,0.0275538,0.0810805,0,0,0,0;
6.31, -0.491121,0.0193182,0.0873656,0,0,0,0;
6.32, -0.380032,0.0319578,0.103326,0,0,0,0;
6.33, -0.344399,0.0420762,0.092388,0,0,0,0;
6.34, -0.459872,0.0172371,0.0804166,0,0,0,0;
6.35, -0.424451,0.0210266,0.0829708,0,0,0,0;
6.36, -0.55347,0.0389972,0.0906281,0,0,0,0;
6.37, -0.43824,0.0297689,0.0866705,0,0,0,0;
6.38, -0.442331,0.02838,0.0857564,0,0,0,0;
6.39, -0.451616,0.0321044,0.105826,0,0,0,0;
6.4, -0.4796,0.0342238,0.0763095,0,0,0,0;
6.41, -0.0544744,0.0310379,0.0608474,0,0,0,0;
6.42, -0.602868,0.00106959,0.0764193,0,0,0,0;
6.43, -0.306652,0.0354384,0.124493,0,0,0,0;
6.44, -0.498645,0.039507,0.100753,0,0,0,0;
6.45, -0.710909,0.0260968,0.099018,0,0,0,0;
6.46, -0.545121,-0.00228889,0.0808851,0,0,0,0;
6.47, -0.25861,0.0367048,0.0687196,0,0,0,0;
6.48, -0.377232,0.0465757,0.126298,0,0,0,0;
6.49, -0.506043,0.00826455,0.0942371,0,0,0,0;
6.5, -0.342212,0.0572829,0.0880751,0,0,0,0;
6.51, -0.491466,-0.003789,0.0890644,0,0,0,0;
6.52, -0.439888,0.0274192,0.083562,0,0,0,0;
6.53, -0.534083,0.0256513,0.0976653,0,0,0,0;
6.54, -0.352117,0.0201403,0.081707,0,0,0,0;
6.55, -0.123784,0.06514,0.118866,0,0,0,0;
6.56, -0.756336,0.0124563,0.067257,0,0,0,0;
6.57, -0.265856,0.00481594,0.129541,0,0,0,0;
6.58, -0.509215,0.0398602,0.0833091,0,0,0,0;
6.59, -0.442739,0.0264238,0.104975,0,0,0,0;
6.6, -0.13148,0.0250242,0.0796019,0,0,0,0;
6.61, -0.515705,0.0171374,0.0926021,0,0,0,0;
6.62, -0.346939,0.0275121,0.116877,0,0,0,0;
6.63, -0.906022,0.0160264,0.0906143,0,0,0,0;
6.64, -0.509079,0.0181039,0.0916935,0,0,0,0;
6.65, -0.311803,0.0359167,0.093982,0,0,0,0;
6.66, -0.516514,-0.00751134,0.0914654,0,0,0,0;
6.67, -0.437799,0.055712,0.098097,0,0,0,0;
6.68, -0.436677,0.0372217,0.0698163,0,0,0,0;
6.69, -0.388906,0.0389838,0.106057,0,0,0,0;
6.7, -0.205503,0.0312062,0.103138,0,0,0,0;
6.71, -0.765695,0.00426523,0.075619,0,0,0,0;
6.72, -0.210928,0.0173164,0.0778175,0,0,0,0;
6.73, -0.285279,0.0442241,0.10422,0,0,0,0;
6.74, -0.355889,0.0153637,0.092238,0,0,0,0;
6.75, -0.578747,0.0298127,0.105791,0,0,0,0;
6.76, -0.642174,0.0236944,0.0918262,0,0,0,0;
6.77, -0.397785,0.0385285,0.0925994,0,0,0,0;
6.78, -0.239034,0.00802171,0.0786977,0,0,0,0;
6.79, -0.725229,0.0280138,0.0792596,0,0,0,0;
6.8, -0.367353,0.0156258,0.103557,0,0,0,0;
6.81, -0.332924,0.0577293,0.0904963,0,0,0,0;
6.82, -0.574096,0.00974729,0.085372,0,0,0,0;
6.83, -0.410631,0.0263661,0.0786902,0,0,0,0;
6.84, -0.283298,0.0356843,0.0937714,0,0,0,0;
6.85, -0.293201,0.0436481,0.0939463,0,0,0,0;
6.86, -0.458929,0.0310725,0.105813,0,0,0,0;
6.87, -0.683431,0.00508705,0.0897485,0,0,0,0;
6.88, -0.347404,0.0220653,0.0814203,0,0,0,0;
6.89, -0.409621,0.0249765,0.0605243,0,0,0,0;
6.9, -0.414604,0.037274,0.076021,0,0,0,0;
6.91, -0.502468,0.0391569,0.0863897,0,0,0,0;
6.92, -0.514,0.0168096,0.118575,0,0,0,0;
6.93, -0.380975,0.0257253,0.101342,0,0,0,0;
6.94, -0.429375,0.024731,0.0669147,0,0,0,0;
6.95, -0.34853,0.0252049,0.0720189,0,0,0,0;
6.96, -0.481343,0.0307668,0.0640871,0,0,0,0;
6.97, -0.379361,0.0406024,0.107813,0,0,0,0;
6.98, -0.511743,0.0322818,0.101918,0,0,0,0;
6.99, -0.473594,0.0257992,0.0949965,0,0,0,0;
7, -0.518682,0.0264561,0.0898989,0,0,0,0;
7.01, -0.350069,0.0417332,0.0825143,0,0,0,0;
7.02, -0.462101,0.0180331,0.0717159,0,0,0,0;
7.03, -0.529543,0.0224938,0.0738816,0,0,0,0;
7.04, -0.337227,0.0258751,0.0861585,0,0,0,0;
7.05, -0.461538,0.0223953,0.0926636,0,0,0,0;
7.06, -0.357745,0.0497736,0.0857763,0,0,0,0;
7.07, -0.356477,0.014813,0.0962558,0,0,0,0;
7.08, -0.618816,0.0302479,0.083247,0,0,0,0;
7.09, -0.463316,0.0250188,0.0874809,0,0,0,0;
7.1, -0.317227,0.0171309,0.0810066,0,0,0,0;
7.11, -0.35969,0.0400755,0.109918,0,0,0,0;
7.12, -0.176279,0.0340626,0.0992848,0,0,0,0;
7.13, -0.807881,0.0229563,0.0719875,0,0,0,0;
7.14, -0.436276,0.0374319,0.0751903,0,0,0,0;
7.15, -0.338768,0.0091124,0.0791406,0,0,0,0;
7.16, -0.458327,0.0205682,0.0903201,0,0,0,0;
7.17, -0.262908,0.0175937,0.0736308,0,0,0,0;
7.18, -0.509918,0.0682503,0.113613,0,0,0,0;
7.19, -0.477302,0.0237319,0.111048,0,0,0,0;
7.2, -0.515357,0.0247787,0.125301,0,0,0,0;
7.21, -0.35096,0.031586,0.0685983,0,0,0,0;
7.22, -0.638095,0.0251482,0.0893556,0,0,0,0;
7.23, -0.445856,0.0156252,0.0762759,0,0,0,0;
7.24, -0.151517,0.0370707,0.0944578,0,0,0,0;
7.25, -0.635638,-0.00307167,0.0711177,0,0,0,0;
7.26, -0.588158,0.0273835,0.122389,0,0,0,0;
7.27, -0.377594,0.0367807,0.0976658,0,0,0,0;
7.28, -0.343317,0.00933512,0.0514345,0,0,0,0;
7.29, -0.395685,0.0303988,0.121781,0,0,0,0;
7.3, -0.624455,0.0336614,0.104677,0,0,0,0;
7.31, -0.308259,0.0243895,0.0984544,0,0,0,0;
7.32, -0.65301,0.0304072,0.0937769,0,0,0,0;
7.33, -0.0325959,0.0238291,0.0857725,0,0,0,0;
7.34, -0.664015,0.0445827,0.0768517,0,0,0,0;
7.35, 0.029778,0.0398984,0.070169,0,0,0,0;
7.36, -0.648898,0.00233407,0.114701,0,0,0,0;
7.37, -0.68516,-0.00711399,0.109277,0,0,0,0;
7.38, -0.515105,0.022414,0.0957404,0,0,0,0;
7.39, -0.293379,0.0516059,0.0934288,0,0,0,0;
7.4, -0.325084,0.026942,0.0789949,0,0,0,0;
7.41, -0.582532,0.0187815,0.0859959,0,0,0,0;
7.42, -0.290834,0.0546764,0.0958796,0,0,0,0;
7.43, -0.314355,0.0187451,0.10621,0,0,0,0;
7.44, -0.743026,0.00269253,0.105222,0,0,0,0;
7.45, -0.480736,0.0184569,0.125525,0,0,0,0;
7.46, -0.143681,0.0310883,0.0775295,0,0,0,0;
7.47, -0.444527,0.0293669,0.0821905,0,0,0,0;
7.48, -0.452091,0.026957,0.0532719,0,0,0,0;
7.49, -0.633375,0.0264725,0.100908,0,0,0,0;
7.5, -0.348287,0.0288804,0.107919,0,0,0,0;
7.51, -0.529841,0.019551,0.0809177,0,0,0,0;
7.52, -0.410556,0.014586,0.0949272,0,0,0,0;
7.53, -0.526379,0.0284738,0.0903029,0,0,0,0;
7.54, -0.286616,0.0338594,0.0828801,0,0,0,0;
7.55, -0.366124,0.0566714,0.0921023,0,0,0,0;
7.56, -0.667194,0.0117216,0.0945353,0,0,0,0;
7.57, -0.420063,0.0337991,0.108973,0,0,0,0;
7.58, -0.313571,0.0335108,0.0955068,0,0,0,0;
7.59, -0.336551,0.039071,0.0873778,0,0,0,0;
7.6, -0.416406,0.0117668,0.0713269,0,0,0,0;
7.61, -0.542578,0.0164374,0.0928386,0,0,0,0;
7.62, -0.427218,0.0392735,0.0824416,0,0,0,0;
7.63, -0.427571,0.00712261,0.076485,0,0,0,0;
7.64, -0.438219,0.0412531,0.0884502,0,0,0,0;
7.65, -0.399132,0.0279043,0.0959215,0,0,0,0;
7.66, -0.444469,0.0368876,0.0788269,0,0,0,0;
7.67, -0.497006,0.016711,0.106041,0,0,0,0;
7.68, -0.498567,0.0323179,0.0806281,0,0,0,0;
7.69, -0.329254,0.0253207,0.0740326,0,0,0,0;
7.7, -0.560067,0.032549,0.106726,0,0,0,0;
7.71, -0.315476,0.0361223,0.100554,0,0,0,0;
7.72, -0.395744,0.020259,0.0743319,0,0,0,0;
7.73, -0.375239,0.0370708,0.0901004,0,0,0,0;
7.74, -0.470713,0.00517116,0.0698647,0,0,0,0;
7.75, -0.424635,0.0406776,0.0803095,0,0,0,0;
7.76, -0.393467,0.0268368,0.0927333,0,0,0,0;
7.77, -0.5352,0.0331122,0.0948573,0,0,0,0;
7.78, -0.431559,0.0293622,0.098227,0,0,0,0;
7.79, -0.593794,0.0238597,0.081464,0,0,0,0;
7.8, -0.382518,0.0275691,0.0727868,0,0,0,0;
7.81, -0.402089,0.0397958,0.0800255,0,0,0,0;
7.82, -0.469227,0.0218483,0.0819988,0,0,0,0;
7.83, -0.379305,0.0118393,0.0891677,0,0,0,0;
7.84, -0.54426,0.0107934,0.0904669,0,0,0,0;
7.85, -0.533844,0.0419454,0.0886119,0,0,0,0;
7.86, -0.296793,0.0308344,0.0818776,0,0,0,0;
7.87, -0.269228,0.0243282,0.0807241,0,0,0,0;
7.88, -0.473291,0.0582511,0.0911383,0,0,0,0;
7.89, -0.449742,0.010669,0.0825344,0,0,0,0;
7.9, -0.399109,0.0497352,0.101692,0,0,0,0;
7.91, -0.548961,0.013573,0.0814891,0,0,0,0;
7.92, -0.391562,0.0255581,0.11616,0,0,0,0;
7.93, -0.351168,0.0204509,0.0808398,0,0,0,0;
7.94, -0.559677,0.0258216,0.086074,0,0,0,0;
7.95, -0.508625,0.0264491,0.0852245,0,0,0,0;
7.96, -0.481512,0.0122201,0.0955395,0,0,0,0;
7.97, -0.254368,0.0394222,0.0956345,0,0,0,0;
7.98, -0.27427,-0.00011912,0.112534,0,0,0,0;
7.99, -0.543742,0.0383418,0.0904721,0,0,0,0;
8, -0.635342,0.0511579,0.0875916,0,0,0,0;
8.01, -0.57219,0.014354,0.113784,0,0,0,0;
8.02, -0.449639,0.0229145,0.1063,0,0,0,0;
8.03, -0.0984728,0.0260447,0.047263,0,0,0,0;
8.04, -0.358546,0.0295027,0.0716001,0,0,0,0;
8.05, -0.389079,-0.00520395,0.116682,0,0,0,0;
8.06, -0.635289,0.0449021,0.121158,0,0,0,0;
8.07, -0.526945,-0.00352126,0.0796607,0,0,0,0;
8.08, -0.307711,0.0574583,0.115209,0,0,0,0;
8.09, -0.822165,0.00239182,0.04349,0,0,0,0;
8.1, -0.0749597,0.0491548,0.0852604,0,0,0,0;
8.11, -0.513713,0.0519497,0.113877,0,0,0,0;
8.12, -0.521025,0.0118091,0.143674,0,0,0,0;
8.13, -0.152977,0.0195904,0.0823715,0,0,0,0;
8.14, -0.548532,-0.00218023,0.109348,0,0,0,0;
8.15, -0.403185,0.0343058,0.0914479,0,0,0,0;
8.16, -0.459691,0.0537668,0.0511657,0,0,0,0;
8.17, -0.613563,0.00920326,0.0893603,0,0,0,0;
8.18, -0.267876,0.0429269,0.0905259,0,0,0,0;
8.19, -0.700445,0.010953,0.0847111,0,0,0,0;
8.2, -0.178328,0.0244901,0.126405,0,0,0,0;
8.21, -0.480472,0.0335812,0.0758771,0,0,0,0;
8.22, -0.458107,0.0441773,0.0613571,0,0,0,0;
8.23, -0.391238,0.0184513,0.0853563,0,0,0,0;
8.24, -0.296909,0.0136141,0.121504,0,0,0,0;
8.25, -0.475182,0.0304017,0.123466,0,0,0,0;
8.26, -0.665183,0.0248279,0.0770856,0,0,0,0;
8.27, -0.357405,0.0311526,0.0884266,0,0,0,0;
8.28, -0.423898,0.0158699,0.0779747,0,0,0,0;
8.29, -0.391964,0.0372256,0.0682968,0,0,0,0;
8.3, -0.51473,0.0245716,0.100667,0,0,0,0;
8.31, -0.336999,0.0241374,0.0968173,0,0,0,0;
8.32, -0.392247,0.0267847,0.0878094,0,0,0,0;
8.33, -0.406494,0.0331627,0.0942488,0,0,0,0;
8.34, -0.520355,0.0218569,0.085471,0,0,0,0;
8.35, -0.505598,0.0168278,0.108608,0,0,0,0;
8.36, -0.410398,0.0361305,0.0880157,0,0,0,0;
8.37, -0.408522,0.0347207,0.0674836,0,0,0,0;
8.38, -0.435294,0.0297064,0.0729623,0,0,0,0;
8.39, -0.377049,0.0274683,0.0718848,0,0,0,0;
8.4, -0.533726,0.0318945,0.10275,0,0,0,0;
8.41, -0.423312,0.024315,0.106079,0,0,0,0;
8.42, -0.508234,0.0212896,0.112832,0,0,0,0;
8.43, -0.374837,0.0281487,0.0761908,0,0,0,0;
8.44, -0.357026,0.0538432,0.0637588,0,0,0,0;
8.45, -0.467375,0.0220672,0.0695799,0,0,0,0;
8.46, -0.311662,0.0131583,0.0692289,0,0,0,0;
8.47, -0.526949,0.0294909,0.0829921,0,0,0,0;
8.48, -0.597307,0.022181,0.109991,0,0,0,0;
8.49, -0.41107,0.034078,0.0913883,0,0,0,0;
8.5, -0.435292,0.0392852,0.0977035,0,0,0,0;
8.51, -0.447625,0.0203467,0.0880605,0,0,0,0;
8.52, -0.370231,0.0232469,0.0943598,0,0,0,0;
8.53, -0.466659,0.0302844,0.0739661,0,0,0,0;
8.54, -0.347771,0.0310756,0.0715109,0,0,0,0;
8.55, -0.37211,0.0268781,0.0765083,0,0,0,0;
8.56, -0.436146,0.0412974,0.118185,0,0,0,0;
8.57, -0.687327,0.0361533,0.0876077,0,0,0,0;
8.58, -0.298801,0.0161756,0.121067,0,0,0,0;
8.59, -0.468554,0.0361706,0.0524873,0,0,0,0;
8.6, -0.277257,0.0138528,0.0752681,0,0,0,0;
8.61, -0.507864,0.0398499,0.0877823,0,0,0,0;
8.62, -0.446971,0.01997,0.0936598,0,0,0,0;
8.63, -0.439257,0.0213922,0.0869463,0,0,0,0;
8.64, -0.433716,0.0241449,0.101709,0,0,0,0;
8.65, -0.486411,0.0225125,0.0712985,0,0,0,0;
8.66, -0.435189,0.0525445,0.0787472,0,0,0,0;
8.67, -0.495415,0.000902928,0.104416,0,0,0,0;
8.68, -0.524475,0.0373437,0.128265,0,0,0,0;
8.69, -0.357568,0.0433061,0.0943447,0,0,0,0;
8.7, -0.203914,0.00374083,0.0719656,0,0,0,0;
8.71, -0.755837,0.0481791,0.0767845,0,0,0,0;
8.72, 0.047525,0.0395006,0.0924211,0,0,0,0;
8.73, -0.605255,0.0176966,0.0987608,0,0,0,0;
8.74, -0.25182,0.0259141,0.104601,0,0,0,0;
8.75, -0.851494,0.00221546,0.102414,0,0,0,0;
8.76, -0.698184,0.0323908,0.0649127,0,0,0,0;
8.77, -0.161572,0.049742,0.0898485,0,0,0,0;
8.78, -0.458006,0.00513473,0.0979866,0,0,0,0;
8.79, -0.2943,0.0212191,0.0998767,0,0,0,0;
8.8, -0.743138,0.0182658,0.0879639,0,0,0,0;
8.81, -0.153702,0.0207002,0.100158,0,0,0,0;
8.82, -0.28662,0.0464156,0.103846,0,0,0,0;
8.83, -0.765954,0.0282411,0.0746806,0,0,0,0;
8.84, -0.113127,0.0235612,0.066552,0,0,0,0;
8.85, -0.600845,0.0219005,0.124623,0,0,0,0;
8.86, -0.173707,0.0421019,0.120634,0,0,0,0;
8.87, -0.706232,0.00809035,0.0840179,0,0,0,0;
8.88, -0.410499,0.0237209,0.071849,0,0,0,0;
8.89, -0.267492,0.0164263,0.0929728,0,0,0,0;
8.9, -0.511456,0.0161693,0.0919018,0,0,0,0;
8.91, -0.475017,0.0474594,0.0862347,0,0,0,0;
8.92, -0.430317,0.0325026,0.0903945,0,0,0,0;
8.93, -0.569152,0.00869695,0.0847043,0,0,0,0;
8.94, -0.316715,0.0246188,0.0805199,0,0,0,0;
8.95, -0.575509,0.0420036,0.143916,0,0,0,0;
8.96, -0.401024,0.038258,0.108391,0,0,0,0;
8.97, -0.401025,0.0213812,0.105024,0,0,0,0;
8.98, -0.358885,0.0320281,0.0739226,0,0,0,0;
8.99, -0.366672,0.033145,0.0984046,0,0,0,0;
9, -0.618711,0.0105173,0.0954393,0,0,0,0;
9.01, -0.425293,0.0347015,0.0771223,0,0,0,0;
9.02, -0.396081,0.0306127,0.0617343,0,0,0,0;
9.03, -0.424535,0.0236646,0.0920357,0,0,0,0;
9.04, -0.393509,0.0186407,0.10537,0,0,0,0;
9.05, -0.492437,0.0205065,0.088015,0,0,0,0;
9.06, -0.403475,0.00865084,0.0956541,0,0,0,0;
9.07, -0.349325,0.0187333,0.0700258,0,0,0,0;
9.08, -0.646198,0.0432146,0.0695453,0,0,0,0;
9.09, -0.267039,0.0318427,0.0871434,0,0,0,0;
9.1, -0.393825,0.0440414,0.083593,0,0,0,0;
9.11, -0.54077,0.0265627,0.122475,0,0,0,0;
9.12, -0.551815,0.0179608,0.103537,0,0,0,0;
9.13, -0.445755,0.027713,0.105872,0,0,0,0;
9.14, -0.406203,0.0222235,0.0808028,0,0,0,0;
9.15, -0.295548,0.0247926,0.0630926,0,0,0,0;
9.16, -0.487846,0.025017,0.0463687,0,0,0,0;
9.17, -0.406886,0.0432832,0.0878142,0,0,0,0;
9.18, -0.483941,0.0248222,0.101044,0,0,0,0;
9.19, -0.337336,0.0317806,0.120365,0,0,0,0;
9.2, -0.463252,0.0405508,0.0856183,0,0,0,0;
9.21, -0.48057,0.0258014,0.0936241,0,0,0,0;
9.22, -0.443433,0.0147009,0.0829277,0,0,0,0;
9.23, -0.342111,0.0343399,0.0709525,0,0,0,0;
9.24, -0.449792,0.0364711,0.0693729,0,0,0,0;
9.25, -0.517749,0.0213862,0.0970673,0,0,0,0;
9.26, -0.350515,0.0288494,0.0806584,0,0,0,0;
9.27, -0.601375,0.0278314,0.0915223,0,0,0,0;
9.28, -0.546213,0.0254959,0.0878844,0,0,0,0;
9.29, -0.417892,0.0172434,0.104768,0,0,0,0;
9.3, -0.29408,0.0365229,0.0891792,0,0,0,0;
9.31, -0.456282,0.0343052,0.086066,0,0,0,0;
9.32, -0.346183,0.0256142,0.0611026,0,0,0,0;
9.33, -0.408381,0.0442951,0.0801191,0,0,0,0;
9.34, -0.535851,0.0196074,0.0889208,0,0,0,0;
9.35, -0.307036,0.0207095,0.094844,0,0,0,0;
9.36, -0.45274,0.0354395,0.120421,0,0,0,0;
9.37, -0.681011,0.0203581,0.0912746,0,0,0,0;
9.38, -0.497398,0.0257227,0.101921,0,0,0,0;
9.39, -0.158396,0.0253106,0.0916194,0,0,0,0;
9.4, -0.408881,0.0256331,0.0873338,0,0,0,0;
9.41, -0.413811,0.0327668,0.0624501,0,0,0,0;
9.42, -0.381075,0.0300097,0.0788551,0,0,0,0;
9.43, -0.52764,0.0246389,0.111872,0,0,0,0;
9.44, -0.684764,0.034396,0.0822306,0,0,0,0;
9.45, -0.368869,0.0346988,0.0746717,0,0,0,0;
9.46, -0.224447,0.0307596,0.0843076,0,0,0,0;
9.47, -0.509351,-0.00527131,0.0782871,0,0,0,0;
9.48, -0.396888,0.0237287,0.110158,0,0,0,0;
9.49, -0.284482,0.0363682,0.108113,0,0,0,0;
9.5, -0.671702,0.016923,0.0940976,0,0,0,0;
9.51, -0.400042,0.0268062,0.100952,0,0,0,0;
9.52, -0.333775,0.0139019,0.0806531,0,0,0,0;
9.53, -0.394251,0.0489694,0.106419,0,0,0,0;
9.54, -0.704649,0.0301177,0.0786505,0,0,0,0;
9.55, -0.495858,0.0187329,0.133256,0,0,0,0;
9.56, -0.332741,0.00423962,0.0709092,0,0,0,0;
9.57, -0.389385,0.0313917,0.0880627,0,0,0,0;
9.58, -0.380558,0.0505483,0.0727717,0,0,0,0;
9.59, -0.434424,0.0216237,0.119081,0,0,0,0;
9.6, -0.538796,-0.00649674,0.0673794,0,0,0,0;
9.61, -0.433593,0.0500393,0.0924095,0,0,0,0;
9.62, -0.12415,0.0345842,0.0904208,0,0,0,0;
9.63, -0.75122,0.036885,0.104737,0,0,0,0;
9.64, -0.348649,-0.0073997,0.0937093,0,0,0,0;
9.65, -0.579096,0.0212399,0.126451,0,0,0,0;
9.66, -0.392873,0.038669,0.0955333,0,0,0,0;
9.67, -0.414747,0.0310016,0.0955227,0,0,0,0;
9.68, -0.329084,0.0196077,0.0840929,0,0,0,0;
9.69, -0.501472,0.0315875,0.0917048,0,0,0,0;
9.7, -0.278732,0.0416035,0.0817925,0,0,0,0;
9.71, -0.585905,0.0160526,0.0838404,0,0,0,0;
9.72, -0.59007,0.0184019,0.0945152,0,0,0,0;
9.73, -0.170994,0.0400544,0.127697,0,0,0,0;
9.74, -0.586273,0.0147406,0.059758,0,0,0,0;
9.75, -0.468086,0.0272922,0.0577585,0,0,0,0;
9.76, -0.260654,0.0179973,0.0788725,0,0,0,0;
9.77, -0.465297,0.0403692,0.0876912,0,0,0,0;
9.78, -0.625352,0.0296388,0.123965,0,0,0,0;
9.79, -0.495476,0.0299173,0.102657,0,0,0,0;
9.8, -0.273423,0.0378529,0.11277,0,0,0,0;
9.81, -0.526438,0.0128807,0.0880645,0,0,0,0;
9.82, -0.225671,0.0215354,0.0687389,0,0,0,0;
9.83, -0.52798,0.0348623,0.0757312,0,0,0,0;
9.84, -0.495242,0.0292139,0.0834717,0,0,0,0;
9.85, -0.408394,0.0312471,0.0867163,0,0,0,0;
9.86, -0.328572,0.0344185,0.107884,0,0,0,0;
9.87, -0.444369,0.0203373,0.0908211,0,0,0,0;
9.88, -0.37945,0.0299536,0.0714058,0,0,0,0;
9.89, -0.417164,0.0258392,0.0754064,0,0,0,0;
9.9, -0.597716,0.0192333,0.0825543,0,0,0,0;
9.91, -0.536021,0.00908159,0.0866243,0,0,0,0;
9.92, -0.47912,0.051012,0.0941639,0,0,0,0;
9.93, -0.421577,0.0273622,0.0830662,0,0,0,0;
9.94, -0.24104,0.0388262,0.0994485,0,0,0,0;
9.95, -0.513313,0.0198301,0.0897957,0,0,0,0;
9.96, -0.314128,0.0207217,0.0969643,0,0,0,0;
9.97, -0.512432,0.0380416,0.0852431,0,0,0,0;
9.98, -0.471875,0.0212641,0.0884554,0,0,0,0;
9.99, -0.367459,0.0280026,0.0701427,0,0,0,0;
