0, 0.526963,-0.193178,-0.098629,0,0,0,0;
0.01, -0.845884,-0.111498,-0.278604,0,0,0,0;
0.02, 11.6671,2.31308,1.08843,0,0,0,0;
0.03, 24.9923,4.0365,2.58126,0,0,0,0;
0.04, 26.9192,5.28731,3.57427,0,0,0,0;
0.05, 21.0847,3.66292,3.72641,0,0,0,0;
0.06, 14.663,1.83576,5.74402,0,0,0,0;
0.07, 9.66534,0.73501,8.17256,0,0,0,0;
0.08, 2.13715,-0.687472,9.72333,0,0,0,0;
0.09, -4.72957,-2.4038,9.65562,0,0,0,0;
0.1, -7.59178,-3.38909,7.6981,0,0,0,0;
0.11, -11.1044,-3.96622,3.77348,0,0,0,0;
0.12, -11.2967,-4.32769,-0.264958,0,0,0,0;
0.13, -11.5094,-3.67172,-3.02868,0,0,0,0;
0.14, -9.37752,-2.50908,-4.06355,0,0,0,0;
0.15, -6.44992,-1.40705,-3.73786,0,0,0,0;
0.16, -4.50166,-0.684512,-2.35465,0,0,0,0;
0.17, -1.79097,-0.237299,-0.843693,0,0,0,0;
0.18, -0.998163,0.0306153,0.154285,0,0,0,0;
0.19, -1.30613,0.0281193,0.410125,0,0,0,0;
0.2, -1.38164,-0.140699,0.1524,0,0,0,0;
0.21, -0.769488,-0.327294,-0.161709,0,0,0,0;
0.22, -1.88843,-0.403351,-0.814999,0,0,0,0;
0.23, -1.15475,-0.52151,-0.874786,0,0,0,0;
0.24, -0.510312,-0.424455,-0.758271,0,0,0,0;
0.25, -1.9598,-0.453243,-0.76623,0,0,0,0;
0.26, -1.24929,-0.520441,-0.369067,0,0,0,0;
0.27, -1.74465,-0.452596,-0.372739,0,0,0,0;
0.28, -2.06035,-0.405871,-0.571557,0,0,0,0;
0.29, -0.222165,-0.385214,-0.668245,0,0,0,0;
0.3, -0.448403,-0.343868,-0.702181,0,0,0,0;
0.31, -0.382098,-0.322038,-0.655224,0,0,0,0;
0.32, -2.27734,-0.330679,-0.379616,0,0,0,0;
0.33, -1.39408,-0.369472,-0.472289,0,0,0,0;
0.34, 1.01063,-0.386007,-0.402996,0,0,0,0;
0.35, -0.0683078,-0.235262,-0.581251,0,0,0,0;
0.36, -0.153481,-0.19911,-0.480773,0,0,0,0;
0.37, -0.444634,-0.300103,-0.308093,0,0,0,0;
0.38, -1.95289,-0.374005,-0.293971,0,0,0,0;
0.39, 0.0581037,-0.282579,-0.409441,0,0,0,0;
0.4, 0.465158,-0.123823,-0.507323,0,0,0,0;
0.41, -0.455756,-0.240598,-0.417244,0,0,0,0;
0.42, -0.443862,-0.383683,-0.405989,0,0,0,0;
0.43, 0.0425979,-0.117776,-0.28341,0,0,0,0;
0.44, 0.0266493,-0.152197,-0.137281,0,0,0,0;
0.45, -0.565422,-0.374557,-0.198729,0,0,0,0;
0.46, -0.233171,-0.285861,-0.27672,0,0,0,0;
0.47, 0.338287,-0.14186,-0.366699,0,0,0,0;
0.48, -0.105577,-0.24092,-0.430813,0,0,0,0;
0.49, -0.190501,-0.087219,-0.17394,0,0,0,0;
0.5, 0.0598097,-0.307258,-0.174469,0,0,0,0;
0.51, -0.316027,-0.352724,-0.223773,0,0,0,0;
0.52, -0.61959,-0.0697855,-0.0738974,0,0,0,0;
0.53, 0.983439,-0.0912043,-0.189722,0,0,0,0;
0.54, -0.146129,-0.204342,-0.333335,0,0,0,0;
0.55, 1.22106,-0.151028,-0.300278,0,0,0,0;
0.56, -0.886731,-0.350374,-0.224909,0,0,0,0;
0.57, -0.613447,-0.275669,-0.170068,0,0,0,0;
0.58, 0.158031,-0.00317101,-0.29848,0,0,0,0;
0.59, 0.477267,-0.103841,-0.0234218,0,0,0,0;
0.6, 0.250934,-0.149457,-0.0506644,0,0,0,0;
0.61, 1.0926,-0.288639,0.0373147,0,0,0,0;
0.62, 0.00505686,-0.24971,-0.0981269,0,0,0,0;
0.63, -0.796597,-0.151517,-0.602285,0,0,0,0;
0.64, 0.876934,-0.0816238,-0.0995724,0,0,0,0;
0.65, -2.41654,-0.156361,-0.0673826,0,0,0,0;
0.66, 0.667404,-0.309822,0.0428784,0,0,0,0;
0.67, 3.08019,-0.0867403,-0.196835,0,0,0,0;
0.68, -0.65305,0.0237431,-0.271961,0,0,0,0;
0.69, -1.6102,-0.238167,-0.0690467,0,0,0,0;
0.7, 1.48571,-0.288444,-0.0917606,0,0,0,0;
0.71, 1.04879,-0.277043,0.00320101,0,0,0,0;
0.72, -1.29059,-0.0351859,-0.263342,0,0,0,0;
0.73, 1.53916,-0.0747988,-0.429451,0,0,0,0;
0.74, 1.16944,-0.0343147,0.173627,0,0,0,0;
0.75, -0.0379335,-0.370739,-0.0695932,0,0,0,0;
0.76, -1.84712,-0.0144231,-0.0877373,0,0,0,0;
0.77, 0.428597,-0.237428,-0.225093,0,0,0,0;
0.78, 0.478356,-0.256769,-0.1999,0,0,0,0;
0.79, 0.0306473,-0.0527025,-0.0089004,0,0,0,0;
0.8, 0.0303805,-0.122108,-0.109974,0,0,0,0;
0.81, 1.27622,-0.091349,-0.0987411,0,0,0,0;
0.82, 0.785227,-0.171094,-0.126334,0,0,0,0;
0.83, -0.211841,-0.200294,-0.210947,0,0,0,0;
0.84, -0.466802,-0.244023,-0.0351233,0,0,0,0;
0.85, 0.744353,-0.0607977,-0.0106914,0,0,0,0;
0.86, 0.572397,-0.0928259,-0.0560398,0,0,0,0;
0.87, -0.35166,-0.244769,-0.156265,0,0,0,0;
0.88, 0.228693,-0.117141,-0.208226,0,0,0,0;
0.89, 0.439535,-0.108799,-0.192027,0,0,0,0;
0.9, 0.603937,-0.125407,-0.0996954,0,0,0,0;
0.91, 0.472,-0.225306,-0.0702105,0,0,0,0;
0.92, -0.0486523,-0.134399,-0.0832143,0,0,0,0;
0.93, 0.0495209,-0.0834903,-0.00954628,0,0,0,0;
0.94, 0.298625,-0.192585,-0.0197225,0,0,0,0;
0.95, 0.104611,-0.180426,-0.136017,0,0,0,0;
0.96, 0.407126,-0.163139,-0.204471,0,0,0,0;
0.97, 0.424471,-0.126653,-0.144896,0,0,0,0;
0.98, 0.106515,-0.10952,-0.0388284,0,0,0,0;
0.99, 0.285473,-0.162764,-0.0592895,0,0,0,0;
1, 1.17551,-0.25613,-0.0483985,0,0,0,0;
1.01, 0.0439956,-0.0659884,-0.0776746,0,0,0,0;
1.02, -0.507661,-0.0807945,-0.0800557,0,0,0,0;
1.03, -0.130962,-0.275382,-0.204427,0,0,0,0;
1.04, 1.08055,-0.103445,-0.175843,0,0,0,0;
1.05, -0.0660273,-0.0679555,-0.118745,0,0,0,0;
1.06, 0.431743,-0.178441,0.0233502,0,0,0,0;
1.07, 0.76157,-0.202687,0.0749693,0,0,0,0;
1.08, 0.229452,-0.111176,-0.233696,0,0,0,0;
1.09, -0.598265,-0.150557,-0.109551,0,0,0,0;
1.1, 1.04001,-0.197903,0.0189779,0,0,0,0;
1.11, 0.0559338,-0.137273,-0.141273,0,0,0,0;
1.12, 0.270275,-0.0966499,-0.123344,0,0,0,0;
1.13, 0.428639,-0.153967,-0.086709,0,0,0,0;
1.14, -0.0961903,-0.150327,-0.0853019,0,0,0,0;
1.15, 0.586652,-0.134685,-0.0267243,0,0,0,0;
1.16, 0.241617,-0.165806,-0.0508735,0,0,0,0;
1.17, 0.355511,-0.170363,-0.117909,0,0,0,0;
1.18, 0.149599,-0.113507,-0.11556,0,0,0,0;
1.19, 0.226227,-0.151096,-0.0601807,0,0,0,0;
1.2, 0.0333275,-0.179824,-0.0994515,0,0,0,0;
1.21, 0.612116,-0.126191,-0.10405,0,0,0,0;
1.22, 0.75216,-0.109558,-0.0955086,0,0,0,0;
1.23, -0.714085,-0.177625,-0.101236,0,0,0,0;
1.24, 0.663105,-0.199751,-0.0741253,0,0,0,0;
1.25, 0.62423,-0.0907198,-0.0777664,0,0,0,0;
1.26, -0.919533,-0.102428,-0.092412,0,0,0,0;
1.27, 1.56207,-0.237722,-0.10534,0,0,0,0;
1.28, 0.316054,-0.0721233,0.0732911,0,0,0,0;
1.29, -0.552302,-0.138716,-0.0513003,0,0,0,0;
1.3, 0.508506,-0.303934,-0.175843,0,0,0,0;
1.31, 1.79877,-0.0137465,-0.189885,0,0,0,0;
1.32, -0.671537,-0.0667159,0.0162194,0,0,0,0;
1.33, -0.363108,-0.27969,-0.0217569,0,0,0,0;
1.34, 0.456992,-0.280078,-0.13293,0,0,0,0;
1.35, 0.00456014,0.0197371,-0.127889,0,0,0,0;
1.36, 0.478508,-0.128011,-0.215919,0,0,0,0;
1.37, 0.283141,-0.203513,-0.297249,0,0,0,0;
1.38, 1.3218,-0.142327,0.203469,0,0,0,0;
1.39, 0.358485,-0.104991,-0.0245984,0,0,0,0;
1.4, 0.28031,-0.271691,-0.140197,0,0,0,0;
1.41, -1.62494,-0.123886,-0.0774746,0,0,0,0;
1.42, 1.29002,-0.0253524,0.0983446,0,0,0,0;
1.43, -0.29169,-0.318546,-0.237125,0,0,0,0;
1.44, -0.553422,-0.120394,-0.202864,0,0,0,0;
1.45, 2.44682,0.131497,-0.0477684,0,0,0,0;
1.46, 1.19129,-0.226373,-0.094398,0,0,0,0;
1.47, -1.4216,-0.288526,-0.261085,0,0,0,0;
1.48, 0.388095,0.0631613,0.0387909,0,0,0,0;
1.49, 1.0546,-0.253481,0.083467,0,0,0,0;
1.5, 1.47587,-0.404873,-0.067167,0,0,0,0;
1.51, -2.02272,0.0570584,-0.339947,0,0,0,0;
1.52, -0.414239,-0.0350327,-0.209587,0,0,0,0;
1.53, 0.793108,-0.297146,-0.0717363,0,0,0,0;
1.54, 0.934544,-0.0364501,0.13299,0,0,0,0;
1.55, 0.934031,-0.234905,-0.00636888,0,0,0,0;
1.56, 0.150031,-0.146827,-0.167149,0,0,0,0;
1.57, -0.551327,-0.0431107,-0.209128,0,0,0,0;
1.58, 0.301656,-0.138823,-0.119386,0,0,0,0;
1.59, 0.621669,-0.198586,-0.119598,0,0,0,0;
1.6, 0.429356,-0.166702,-0.101958,0,0,0,0;
1.61, -0.0336452,-0.15784,-0.025209,0,0,0,0;
1.62, 0.549678,-0.139232,-0.0343933,0,0,0,0;
1.63, 0.194931,-0.159457,-0.142823,0,0,0,0;
1.64, 0.300665,-0.130096,-0.0786729,0,0,0,0;
1.65, -0.0321229,-0.1138,-0.0728555,0,0,0,0;
1.66, 0.4686,-0.113426,-0.139216,0,0,0,0;
1.67, 0.287033,-0.154005,-0.14099,0,0,0,0;
1.68, 0.204518,-0.145362,-0.101,0,0,0,0;
1.69, 0.633028,-0.153324,-0.0428219,0,0,0,0;
1.7, 0.178172,-0.17088,-0.0975299,0,0,0,0;
1.71, -0.400106,-0.136067,-0.0883701,0,0,0,0;
1.72, 1.17009,-0.122162,-0.0746114,0,0,0,0;
1.73, 0.610273,-0.168387,-0.081955,0,0,0,0;
1.74, 0.213302,-0.131063,-0.150345,0,0,0,0;
1.75, -0.612977,-0.133134,-0.0967305,0,0,0,0;
1.76, 0.105189,-0.161902,-0.0483835,0,0,0,0;
1.77, 0.842335,-0.137278,-0.122425,0,0,0,0;
1.78, 0.0599482,-0.17442,-0.0655613,0,0,0,0;
1.79, 0.185819,-0.141488,-0.0923896,0,0,0,0;
1.8, 1.24185,-0.103845,-0.0920177,0,0,0,0;
1.81, -0.337682,-0.211191,-0.0845931,0,0,0,0;
1.82, 0.193788,-0.0957323,-0.0827229,0,0,0,0;
1.83, -0.166831,-0.148884,-0.0150638,0,0,0,0;
1.84, 0.682444,-0.197349,-0.0736339,0,0,0,0;
1.85, 0.383696,-0.144445,-0.163784,0,0,0,0;
1.86, 1.04513,-0.0893201,-0.174874,0,0,0,0;
1.87, 0.174424,-0.181644,-0.0983832,0,0,0,0;
1.88, -0.0910628,-0.187329,-0.0665815,0,0,0,0;
1.89, 0.0751346,-0.067848,0.0298023,0,0,0,0;
1.9, 0.435252,-0.135232,-0.00926828,0,0,0,0;
1.91, 0.341107,-0.181478,-0.0770745,0,0,0,0;
1.92, 0.0577339,-0.184504,-0.198156,0,0,0,0;
1.93, 0.0540114,-0.127785,-0.181012,0,0,0,0;
1.94, 0.535181,-0.16937,-0.0746279,0,0,0,0;
1.95, 0.482774,-0.134397,-0.0564737,0,0,0,0;
1.96, -0.431116,-0.139805,0.00857711,0,0,0,0;
1.97, 0.425719,-0.156887,-0.018939,0,0,0,0;
1.98, 1.20607,-0.102618,-0.0935848,0,0,0,0;
1.99, 0.0974394,-0.211419,-0.26899,0,0,0,0;
2, -0.00442421,-0.156347,-0.130479,0,0,0,0;
2.01, 0.850886,-0.127882,-0.00971222,0,0,0,0;
2.02, -0.353237,-0.0861771,0.0725231,0,0,0,0;
2.03, -0.0264012,-0.211047,-0.0646081,0,0,0,0;
2.04, 0.618493,-0.173985,-0.151988,0,0,0,0;
2.05, 0.530372,-0.0637334,-0.214892,0,0,0,0;
2.06, -0.263411,-0.158706,-0.160157,0,0,0,0;
2.07, -0.0839424,-0.256366,0.0538418,0,0,0,0;
2.08, 0.964945,-0.0219357,-0.058692,0,0,0,0;
2.09, 1.28911,-0.149373,-0.162363,0,0,0,0;
2.1, -0.603401,-0.159394,0.096765,0,0,0,0;
2.11, 0.408781,-0.247384,-0.028461,0,0,0,0;
2.12, 0.767452,-0.08564,-0.294731,0,0,0,0;
2.13, -1.2425,-0.136732,-0.370509,0,0,0,0;
2.14, -0.0409281,-0.202751,0.0191655,0,0,0,0;
2.15, 1.31733,-0.0437416,0.0232074,0,0,0,0;
2.16, 0.30097,-0.161405,0.0488687,0,0,0,0;
2.17, 1.02057,-0.107139,-0.072742,0,0,0,0;
2.18, 0.0857581,-0.0824587,-0.189462,0,0,0,0;
2.19, 0.149984,-0.180138,-0.105634,0,0,0,0;
2.2, 0.471124,-0.201988,-0.267061,0,0,0,0;
2.21, -0.366217,-0.262865,-0.0865309,0,0,0,0;
2.22, 0.60577,-0.097745,0.14428,0,0,0,0;
2.23, 0.557555,-0.0179905,0.106458,0,0,0,0;
2.24, -0.377117,-0.231135,-0.155254,0,0,0,0;
2.25, -0.0358343,-0.156803,-0.275461,0,0,0,0;
2.26, -0.0245567,-0.116596,-0.280261,0,0,0,0;
2.27, 1.72835,-0.14679,-0.16239,0,0,0,0;
2.28, 0.691668,-0.212573,-0.016623,0,0,0,0;
2.29, -0.488654,-0.106372,0.0827565,0,0,0,0;
2.3, -0.0919125,-0.0299236,-0.0431283,0,0,0,0;
2.31, 0.189566,-0.241158,-0.136241,0,0,0,0;
2.32, 0.467805,-0.237143,-0.159416,0,0,0,0;
2.33, 0.648085,-0.0549958,-0.0951962,0,0,0,0;
2.34, -0.298618,-0.0937957,-0.141125,0,0,0,0;
2.35, 0.158071,-0.120084,-0.0828097,0,0,0,0;
2.36, 0.799785,-0.18596,-0.0768185,0,0,0,0;
2.37, 0.553796,-0.120676,-0.119769,0,0,0,0;
2.38, 0.21407,-0.141744,-0.043551,0,0,0,0;
2.39, 0.26525,-0.183485,0.00705218,0,0,0,0;
2.4, 0.302479,-0.154521,-0.0933759,0,0,0,0;
2.41, 0.00933021,-0.135451,-0.1796,0,0,0,0;
2.42, 0.330058,-0.173285,-0.125557,0,0,0,0;
2.43, 0.409773,-0.116561,-0.139093,0,0,0,0;
2.44, 0.236457,-0.129846,-0.0775096,0,0,0,0;
2.45, 0.269669,-0.163683,-0.0499728,0,0,0,0;
2.46, 0.388226,-0.103308,0.0232875,0,0,0,0;
2.47, 0.068592,-0.184324,-0.139564,0,0,0,0;
2.48, 0.0759453,-0.192425,-0.128225,0,0,0,0;
2.49, 0.643145,-0.121071,-0.153979,0,0,0,0;
2.5, 0.583406,-0.164601,-0.197029,0,0,0,0;
2.51, -0.0934417,-0.0958833,-0.100174,0,0,0,0;
2.52, 0.0546854,-0.169303,-0.0270853,0,0,0,0;
2.53, 0.52675,-0.130988,0.087312,0,0,0,0;
2.54, 0.286859,-0.116452,-0.0109265,0,0,0,0;
2.55, 0.39073,-0.15518,-0.15314,0,0,0,0;
2.56, 0.187713,-0.187581,-0.20321,0,0,0,0;
2.57, 0.527375,-0.108348,-0.137485,0,0,0,0;
2.58, 0.0143205,-0.194576,-0.0590708,0,0,0,0;
2.59, 0.0413435,-0.18819,-0.053386,0,0,0,0;
2.6, 0.692205,-0.100489,-0.0784848,0,0,0,0;
2.61, 0.412402,-0.0855701,-0.113383,0,0,0,0;
2.62, -0.0153374,-0.150011,-0.0467639,0,0,0,0;
2.63, 0.554929,-0.216267,-0.0559146,0,0,0,0;
2.64, -0.0362796,-0.155011,-0.128508,0,0,0,0;
2.65, 0.186916,-0.138909,-0.105715,0,0,0,0;
2.66, 0.868102,-0.0936958,-0.080435,0,0,0,0;
2.67, -0.309365,-0.140467,-0.0684323,0,0,0,0;
2.68, 0.462847,-0.128891,-0.0964777,0,0,0,0;
2.69, 0.638475,-0.177922,-0.0945282,0,0,0,0;
2.7, -0.0509056,-0.199373,-0.0347698,0,0,0,0;
2.71, -0.0747895,-0.135554,-0.0978906,0,0,0,0;
2.72, 0.592838,-0.105945,-0.0788805,0,0,0,0;
2.73, 0.503188,-0.124924,-0.107664,0,0,0,0;
2.74, 0.359546,-0.15625,-0.131272,0,0,0,0;
2.75, 0.200614,-0.162086,-0.0748234,0,0,0,0;
2.76, -0.115046,-0.180963,-0.0702004,0,0,0,0;
2.77, 1.02101,-0.135876,-0.118407,0,0,0,0;
2.78, 0.328997,-0.181462,-0.0657494,0,0,0,0;
2.79, -1.043,-0.209566,-0.0367119,0,0,0,0;
2.8, 0.686816,0.067234,0.00642824,0,0,0,0;
2.81, 0.760786,-0.178574,-0.220442,0,0,0,0;
2.82, 0.263863,-0.247656,-0.204371,0,0,0,0;
2.83, 0.800864,-0.238181,-0.0130377,0,0,0,0;
2.84, 0.116662,0.0163127,-0.069931,0,0,0,0;
2.85, 0.20548,-0.153055,0.0582633,0,0,0,0;
2.86, 0.0699233,-0.206051,-0.144199,0,0,0,0;
2.87, 0.0770707,-0.0880487,-0.262449,0,0,0,0;
2.88, -0.246635,-0.10158,-0.0106666,0,0,0,0;
2.89, -0.522344,-0.19616,-0.0931678,0,0,0,0;
2.9, 2.17967,-0.160989,-0.0559597,0,0,0,0;
2.91, 1.28347,-0.200134,-0.122425,0,0,0,0;
2.92, -0.893093,-0.0554976,-0.209103,0,0,0,0;
2.93, 0.263462,-0.217626,-0.0359724,0,0,0,0;
2.94, -0.360944,-0.201225,0.0253427,0,0,0,0;
2.95, 0.626151,-0.111259,0.0308559,0,0,0,0;
2.96, 1.28774,-0.0686177,-0.297415,0,0,0,0;
2.97, -0.678733,-0.127572,-0.217541,0,0,0,0;
2.98, 0.811081,-0.186192,-0.0406063,0,0,0,0;
2.99, -0.250124,-0.171754,-0.0658052,0,0,0,0;
3, 0.0565071,-0.0645587,0.0800209,0,0,0,0;
3.01, 0.96353,-0.159228,-0.0444109,0,0,0,0;
3.02, 0.103765,-0.195465,-0.180429,0,0,0,0;
3.03, -0.203317,-0.195844,-0.169328,0,0,0,0;
3.04, 0.100305,-0.175746,-0.121827,0,0,0,0;
3.05, 0.393969,-0.0955717,-0.0777876,0,0,0,0;
3.06, 0.745611,-0.0884618,-0.0472634,0,0,0,0;
3.07, 0.772424,-0.0560724,-0.0748951,0,0,0,0;
3.08, -0.0745404,-0.222624,-0.219481,0,0,0,0;
3.09, -0.301413,-0.17076,-0.0889277,0,0,0,0;
3.1, 0.679657,-0.139277,-0.0191154,0,0,0,0;
3.11, 0.580164,-0.110914,-0.0815258,0,0,0,0;
3.12, -0.141934,-0.158802,-0.0832427,0,0,0,0;
3.13, 0.604524,-0.214669,-0.0903726,0,0,0,0;
3.14, 0.329047,-0.101121,-0.128882,0,0,0,0;
3.15, -0.0214653,-0.120684,-0.170054,0,0,0,0;
3.16, 0.111066,-0.168522,-0.0916147,0,0,0,0;
3.17, 0.454937,-0.132395,-0.0443721,0,0,0,0;
3.18, 0.85447,-0.146565,-0.0621035,0,0,0,0;
3.19, -0.395013,-0.18223,-0.0261185,0,0,0,0;
3.2, 0.404882,-0.100805,-0.041863,0,0,0,0;
3.21, 0.767531,-0.146798,-0.143098,0,0,0,0;
3.22, -0.156879,-0.163794,-0.170807,0,0,0,0;
3.23, 0.469662,-0.123077,-0.117432,0,0,0,0;
3.24, 0.366346,-0.161145,-0.114715,0,0,0,0;
3.25, -0.0370157,-0.155136,-0.0468991,0,0,0,0;
3.26, 0.370941,-0.182462,-0.0221095,0,0,0,0;
3.27, 0.352783,-0.127841,-0.0795751,0,0,0,0;
3.28, -0.148386,-0.103065,-0.149072,0,0,0,0;
3.29, 0.805556,-0.158411,-0.130021,0,0,0,0;
3.3, 0.357095,-0.151558,-0.0752468,0,0,0,0;
3.31, 0.066451,-0.125246,0.00366497,0,0,0,0;
3.32, 0.537752,-0.120262,-0.0705414,0,0,0,0;
3.33, 0.267278,-0.19135,-0.115565,0,0,0,0;
3.34, 0.0101795,-0.193852,-0.134465,0,0,0,0;
3.35, 0.655988,-0.115707,-0.126514,0,0,0,0;
3.36, 0.0719928,-0.116238,-0.0948288,0,0,0,0;
3.37, 0.0141755,-0.162969,-0.0453486,0,0,0,0;
3.38, 0.041634,-0.186228,-0.0782421,0,0,0,0;
3.39, 0.815495,-0.117907,-0.05674,0,0,0,0;
3.4, 0.333592,-0.117814,-0.0912364,0,0,0,0;
3.41, 0.489792,-0.140867,-0.0566492,0,0,0,0;
3.42, 0.526672,-0.177873,-0.0481815,0,0,0,0;
3.43, -0.389646,-0.175491,-0.215044,0,0,0,0;
3.44, 0.0703691,-0.102353,-0.167349,0,0,0,0;
3.45, 0.712272,-0.11928,-0.0367615,0,0,0,0;
3.46, -0.0835265,-0.170786,0.0258424,0,0,0,0;
3.47, 0.815493,-0.140244,-0.0178535,0,0,0,0;
3.48, 0.108157,-0.183618,-0.136492,0,0,0,0;
3.49, -0.152207,-0.290532,-0.0935459,0,0,0,0;
3.5, 0.420131,0.0208109,-0.0920594,0,0,0,0;
3.51, 0.621497,-0.148184,-0.141873,0,0,0,0;
3.52, 0.973111,-0.221655,-0.289921,0,0,0,0;
3.53, -0.830103,-0.0397754,1.74046e-05,0,0,0,0;
3.54, 0.216711,-0.136928,0.0196109,0,0,0,0;
3.55, 0.75562,-0.250892,-0.215841,0,0,0,0;
3.56, 0.454256,-0.101632,-0.0826366,0,0,0,0;
3.57, 0.927568,-0.0118041,0.0623741,0,0,0,0;
3.58, -1.0799,-0.230144,0.0233846,0,0,0,0;
3.59, 0.378163,-0.196738,-0.10333,0,0,0,0;
3.6, 1.76268,-0.0711183,-0.0919027,0,0,0,0;
3.61, 0.205541,-0.0908939,-0.178941,0,0,0,0;
3.62, -0.504797,-0.309558,-0.290351,0,0,0,0;
3.63, -0.893962,-0.145904,-0.061892,0,0,0,0;
3.64, 0.455259,-0.062746,0.0557213,0,0,0,0;
3.65, 0.97326,-0.232108,0.0077579,0,0,0,0;
3.66, 0.34062,-0.130256,-0.0922172,0,0,0,0;
3.67, 0.369539,-0.139898,-0.276242,0,0,0,0;
3.68, -0.224498,-0.235251,-0.0943789,0,0,0,0;
3.69, 0.626689,-0.0603145,-0.00624847,0,0,0,0;
3.7, 0.552208,-0.0560927,-0.138682,0,0,0,0;
3.71, 0.828027,-0.159725,-0.134611,0,0,0,0;
3.72, 0.269906,-0.106771,-0.0840037,0,0,0,0;
3.73, -0.990221,-0.256511,-0.106046,0,0,0,0;
3.74, 0.77708,-0.114785,-0.021889,0,0,0,0;
3.75, 0.184815,-0.0887915,0.0202839,0,0,0,0;
3.76, 1.04006,-0.197418,-0.0779376,0,0,0,0;
3.77, 0.516222,-0.110773,-0.222125,0,0,0,0;
3.78, 0.426522,-0.10078,-0.124089,0,0,0,0;
3.79, -0.56182,-0.231582,-0.147526,0,0,0,0;
3.8, -0.190577,-0.143652,-0.0197225,0,0,0,0;
3.81, 0.0348201,-0.0976099,-0.0916548,0,0,0,0;
3.82, 0.364836,-0.1925,-0.101842,0,0,0,0;
3.83, 1.11651,-0.166509,-0.0737739,0,0,0,0;
3.84, 0.303302,-0.160946,-0.0346315,0,0,0,0;
3.85, 0.185514,-0.102811,-0.0815394,0,0,0,0;
3.86, 0.458101,-0.115495,-0.174828,0,0,0,0;
3.87, 0.432623,-0.171758,-0.150502,0,0,0,0;
3.88, -0.214127,-0.106817,-0.116071,0,0,0,0;
3.89, 0.183645,-0.167141,-0.0598917,0,0,0,0;
3.9, 0.193912,-0.177959,-0.0717101,0,0,0,0;
3.91, 0.597483,-0.106203,-0.0913694,0,0,0,0;
3.92, 0.139538,-0.162439,-0.0966861,0,0,0,0;
3.93, -0.0869826,-0.156632,0.000884295,0,0,0,0;
3.94, 0.850361,-0.100022,-0.0358818,0,0,0,0;
3.95, 0.689312,-0.161599,-0.155504,0,0,0,0;
3.96, 0.174451,-0.18037,-0.18218,0,0,0,0;
3.97, 0.0210911,-0.161595,-0.124298,0,0,0,0;
3.98, -0.0926549,-0.072971,-0.04567,0,0,0,0;
3.99, 0.535785,-0.149639,-0.0458319,0,0,0,0;
4, 0.615765,-0.169408,-0.0280528,0,0,0,0;
4.01, 0.119997,-0.137871,-0.0608649,0,0,0,0;
4.02, 0.229746,-0.167967,-0.176916,0,0,0,0;
4.03, 0.129271,-0.171793,-0.0932989,0,0,0,0;
4.04, 0.343652,-0.171812,-0.156896,0,0,0,0;
4.05, 0.223495,-0.14704,-0.115122,0,0,0,0;
4.06, 0.359968,-0.0742186,0.01648,0,0,0,0;
4.07, 0.447866,-0.124788,-0.00802517,0,0,0,0;
4.08, 0.12096,-0.216113,-0.132048,0,0,0,0;
4.09, 0.464856,-0.0966414,-0.13514,0,0,0,0;
4.1, 0.282402,-0.137223,-0.0864239,0,0,0,0;
4.11, 0.0537165,-0.194223,-0.154002,0,0,0,0;
4.12, -0.21381,-0.199276,-0.166533,0,0,0,0;
4.13, 0.821312,-0.0735789,-0.0297987,0,0,0,0;
4.14, 0.733024,-0.0844403,0.0296245,0,0,0,0;
4.15, -0.208752,-0.184116,-0.0133166,0,0,0,0;
4.16, 0.76873,-0.148198,-0.0471509,0,0,0,0;
4.17, 0.306106,-0.172506,-0.199421,0,0,0,0;
4.18, 0.0664177,-0.120798,-0.112169,0,0,0,0;
4.19, 0.0672147,-0.194172,-0.0772886,0,0,0,0;
4.2, -0.466983,-0.133778,-0.265936,0,0,0,0;
4.21, 0.751225,-0.149064,-0.100222,0,0,0,0;
4.22, 1.01745,-0.177195,0.0110085,0,0,0,0;
4.23, -0.0925265,-0.121212,-0.0465281,0,0,0,0;
4.24, 0.303486,-0.109971,0.0143874,0,0,0,0;
4.25, 0.364298,-0.167709,-0.0618763,0,0,0,0;
4.26, 0.445633,-0.100656,-0.0711234,0,0,0,0;
4.27, -0.342316,-0.213094,-0.156126,0,0,0,0;
4.28, 0.777196,-0.0917823,-0.2318,0,0,0,0;
4.29, 0.483775,-0.140568,-0.0574501,0,0,0,0;
4.3, 0.11743,-0.235964,-0.0950131,0,0,0,0;
4.31, 0.244905,-0.163697,-0.0316582,0,0,0,0;
4.32, 0.0452592,-0.0693217,-0.063668,0,0,0,0;
4.33, -0.0426854,-0.0813687,-0.0627627,0,0,0,0;
4.34, 0.707558,-0.197311,-0.112689,0,0,0,0;
4.35, 0.238799,-0.200708,-0.190233,0,0,0,0;
4.36, 0.196968,-0.0934053,-0.100788,0,0,0,0;
4.37, 0.213904,-0.10347,-0.00661564,0,0,0,0;
4.38, 0.620919,-0.171495,-0.0503392,0,0,0,0;
4.39, 0.662815,-0.185985,-0.131066,0,0,0,0;
4.4, 0.146955,-0.0854643,-0.201664,0,0,0,0;
4.41, 0.221976,-0.235499,-0.0669651,0,0,0,0;
4.42, 0.369001,-0.0747877,-0.0521853,0,0,0,0;
4.43, -0.312278,-0.131097,0.0248506,0,0,0,0;
4.44, 0.525461,-0.24311,-0.079097,0,0,0,0;
4.45, -0.269995,-0.17939,-0.0894835,0,0,0,0;
4.46, 1.24734,-0.138745,-0.212748,0,0,0,0;
4.47, 0.0963218,-0.0131382,-0.202451,0,0,0,0;
4.48, -0.0410522,-0.22022,-0.117438,0,0,0,0;
4.49, 0.14906,-0.0640518,0.05089,0,0,0,0;
4.5, 0.633028,-0.208279,1.35899e-05,0,0,0,0;
4.51, 0.277839,-0.163613,-0.175047,0,0,0,0;
4.52, -0.0340119,-0.0926822,-0.0574014,0,0,0,0;
4.53, 0.999171,-0.102196,-0.0650747,0,0,0,0;
4.54, -0.524651,-0.188912,-0.199273,0,0,0,0;
4.55, 0.654164,-0.168535,-0.101408,0,0,0,0;
4.56, 0.0493749,-0.126535,-0.0285165,0,0,0,0;
4.57, 0.490935,-0.170301,-0.111186,0,0,0,0;
4.58, 0.445212,-0.133466,-0.0953283,0,0,0,0;
4.59, 0.18897,-0.138115,-0.0990276,0,0,0,0;
4.6, 0.423779,-0.174545,-0.0711353,0,0,0,0;
4.61, 0.238684,-0.141204,-0.0653808,0,0,0,0;
4.62, 0.209778,-0.160333,-0.138088,0,0,0,0;
4.63, 0.199237,-0.128339,-0.159593,0,0,0,0;
4.64, 0.298507,-0.151554,-0.0834341,0,0,0,0;
4.65, 0.485127,-0.111964,-0.0437241,0,0,0,0;
4.66, 0.307939,-0.147127,-0.0163116,0,0,0,0;
4.67, 0.0656941,-0.155791,-0.0774665,0,0,0,0;
4.68, 0.137897,-0.155594,-0.130707,0,0,0,0;
4.69, 0.636579,-0.142204,-0.11219,0,0,0,0;
4.7, 0.267692,-0.117361,-0.08112,0,0,0,0;
4.71, -0.201387,-0.142785,-0.138449,0,0,0,0;
4.72, 0.545233,-0.169602,-0.0840533,0,0,0,0;
4.73, 0.5398,-0.165437,-0.0706182,0,0,0,0;
4.74, 0.285466,-0.138298,-0.061357,0,0,0,0;
4.75, 0.297575,-0.129235,-0.135067,0,0,0,0;
4.76, 0.109191,-0.191713,-0.099472,0,0,0,0;
4.77, 0.0406947,-0.104617,-0.058198,0,0,0,0;
4.78, 0.466091,-0.116515,-0.0758178,0,0,0,0;
4.79, 0.322628,-0.204822,-0.0900209,0,0,0,0;
4.8, 0.372381,-0.121428,-0.110741,0,0,0,0;
4.81, -0.0249139,-0.168564,-0.0766881,0,0,0,0;
4.82, 0.719257,-0.124861,-0.0635254,0,0,0,0;
4.83, 0.566241,-0.120772,-0.10982,0,0,0,0;
4.84, -0.262043,-0.115241,-0.11785,0,0,0,0;
4.85, 0.14427,-0.223274,-0.0333819,0,0,0,0;
4.86, 0.136844,-0.155275,-0.0952492,0,0,0,0;
4.87, 0.66428,-0.117008,-0.0886111,0,0,0,0;
4.88, 0.677406,-0.122382,-0.124767,0,0,0,0;
4.89, 0.39347,-0.159023,-0.17803,0,0,0,0;
4.9, -0.352404,-0.147245,-0.0142593,0,0,0,0;
4.91, 0.293749,-0.231185,0.0549126,0,0,0,0;
4.92, 0.352706,-0.124393,-0.174143,0,0,0,0;
4.93, 0.600446,0.00616204,-0.237675,0,0,0,0;
4.94, 0.228131,-0.210777,-0.0586314,0,0,0,0;
4.95, -0.011443,-0.193397,0.0187206,0,0,0,0;
4.96, 0.368539,-0.150411,0.0258207,0,0,0,0;
4.97, 0.116053,-0.145691,-0.160767,0,0,0,0;
4.98, 0.283799,-0.151617,-0.22293,0,0,0,0;
4.99, 0.0818288,-0.0970356,-0.0942624,0,0,0,0;
5, 1.17546,-0.21222,-0.00671506,0,0,0,0;
5.01, 0.352861,-0.100353,-0.059757,0,0,0,0;
5.02, -0.72151,-0.149719,0.0635853,0,0,0,0;
5.03, 0.630976,-0.190874,-0.111462,0,0,0,0;
5.04, 0.975214,-0.137869,-0.214209,0,0,0,0;
5.05, -0.91296,-0.162707,-0.269843,0,0,0,0;
5.06, 0.556521,-0.0630235,-0.142326,0,0,0,0;
5.07, 1.19337,-0.231754,-0.00472569,0,0,0,0;
5.08, 0.365503,-0.0744882,0.0860214,0,0,0,0;
5.09, 0.0117139,-0.0309065,-0.0492032,0,0,0,0;
5.1, -0.275462,-0.256919,-0.116257,0,0,0,0;
5.11, 0.586941,-0.246638,-0.213437,0,0,0,0;
5.12, -0.177973,-0.130656,-0.169512,0,0,0,0;
5.13, 0.0631735,-0.125173,-0.0210614,0,0,0,0;
5.14, 1.3984,-0.0447787,-0.0124667,0,0,0,0;
5.15, -0.237036,-0.171347,-0.162703,0,0,0,0;
5.16, 0.249376,-0.116758,-0.102049,0,0,0,0;
5.17, 0.177946,-0.260544,-0.0366325,0,0,0,0;
5.18, 1.13252,-0.186663,-0.0573292,0,0,0,0;
5.19, -0.116101,-0.0438941,-0.116123,0,0,0,0;
5.2, -0.0604768,-0.0830365,-0.178444,0,0,0,0;
5.21, 0.76202,-0.178912,-0.0206409,0,0,0,0;
5.22, 0.00312981,-0.106013,-0.0853472,0,0,0,0;
5.23, -0.308872,-0.204596,0.0019989,0,0,0,0;
5.24, 0.254987,-0.178388,-0.11197,0,0,0,0;
5.25, 0.334532,-0.173453,-0.199225,0,0,0,0;
5.26, 0.433949,-0.120145,-0.137344,0,0,0,0;
5.27, 0.623565,-0.155672,-0.0572619,0,0,0,0;
5.28, 0.432256,-0.109751,-0.0817513,0,0,0,0;
5.29, 0.206977,-0.114049,-0.140999,0,0,0,0;
5.3, 0.665389,-0.158264,-0.0590968,0,0,0,0;
5.31, 0.169261,-0.149897,-0.0121796,0,0,0,0;
5.32, -0.47933,-0.122502,-0.0828593,0,0,0,0;
5.33, 0.747756,-0.148402,-0.107156,0,0,0,0;
5.34, 0.654804,-0.169145,-0.160815,0,0,0,0;
5.35, -0.199144,-0.160181,-0.0590649,0,0,0,0;
5.36, 0.416031,-0.151686,-0.077256,0,0,0,0;
5.37, 0.412427,-0.148869,-0.159209,0,0,0,0;
5.38, 0.2795,-0.127448,-0.0646906,0,0,0,0;
5.39, 0.130184,-0.161223,-0.0603502,0,0,0,0;
5.4, 0.0611828,-0.140557,-0.101611,0,0,0,0;
5.41, 0.435316,-0.110723,-0.116421,0,0,0,0;
5.42, 0.485898,-0.129733,-0.106012,0,0,0,0;
5.43, 0.0123197,-0.189679,-0.0797253,0,0,0,0;
5.44, 0.455636,-0.184283,-0.0535727,0,0,0,0;
5.45, 0.377441,-0.0829824,-0.100757,0,0,0,0;
5.46, -0.0323729,-0.161785,-0.104704,0,0,0,0;
5.47, 0.198186,-0.13148,-0.124432,0,0,0,0;
5.48, 0.640701,-0.172419,-0.108256,0,0,0,0;
5.49, 0.462066,-0.13639,-0.0344143,0,0,0,0;
5.5, 0.424326,-0.129872,0.0130024,0,0,0,0;
5.51, -0.20037,-0.17681,-0.100266,0,0,0,0;
5.52, 0.289002,-0.141047,-0.169713,0,0,0,0;
5.53, 0.642198,-0.13346,-0.1482,0,0,0,0;
5.54, -0.131388,-0.185735,-0.0659487,0,0,0,0;
5.55, 0.632497,-0.086296,-0.0748079,0,0,0,0;
5.56, -0.0665476,-0.142606,-0.0505714,0,0,0,0;
5.57, -0.078127,-0.183928,-0.0617929,0,0,0,0;
5.58, 0.882971,-0.132948,-0.0977037,0,0,0,0;
5.59, 0.76195,-0.144388,-0.0902727,0,0,0,0;
5.6, 0.0269589,-0.197606,-0.165134,0,0,0,0;
5.61, -0.00813895,-0.10525,-0.0963216,0,0,0,0;
5.62, 0.10261,-0.11775,-0.0295098,0,0,0,0;
5.63, 0.626419,-0.188893,-0.0998652,0,0,0,0;
5.64, 0.267136,-0.126979,-0.0166407,0,0,0,0;
5.65, -0.164118,-0.130922,-0.114515,0,0,0,0;
5.66, 0.534184,-0.157395,-0.144226,0,0,0,0;
5.67, 0.312592,-0.117696,-0.0883818,0,0,0,0;
5.68, 0.720974,-0.172341,-0.0937929,0,0,0,0;
5.69, 0.338879,-0.189995,-0.0553586,0,0,0,0;
5.7, -0.471464,-0.116691,-0.00822783,0,0,0,0;
5.71, 0.912715,-0.150073,-0.204769,0,0,0,0;
5.72, -0.0498918,-0.134675,-0.193359,0,0,0,0;
5.73, -0.308576,-0.195323,-0.0953987,0,0,0,0;
5.74, 1.68592,-0.103844,0.00932169,0,0,0,0;
5.75, -0.463644,-0.113109,0.0178826,0,0,0,0;
5.76, 0.499577,-0.181853,0.0201843,0,0,0,0;
5.77, -0.895786,-0.182385,-0.111286,0,0,0,0;
5.78, 1.68218,-0.185857,-0.207205,0,0,0,0;
5.79, 0.203454,-0.0433069,-0.24648,0,0,0,0;
5.8, -0.22006,-0.172504,-0.205015,0,0,0,0;
5.81, 0.363891,-0.142883,-0.0234878,0,0,0,0;
5.82, 0.205423,-0.070682,-0.00031805,0,0,0,0;
5.83, 0.780527,-0.147303,0.164411,0,0,0,0;
5.84, 0.0200907,-0.128765,0.0719466,0,0,0,0;
5.85, 0.83767,-0.198041,-0.279372,0,0,0,0;
5.86, -0.760722,-0.202359,-0.37907,0,0,0,0;
5.87, 0.214026,-0.183571,-0.25161,0,0,0,0;
5.88, 1.30955,-0.138942,0.0519128,0,0,0,0;
5.89, 0.218425,-0.120521,0.0942945,0,0,0,0;
5.9, -0.609451,-0.119924,-0.0201881,0,0,0,0;
5.91, 0.71097,-0.119951,-0.125914,0,0,0,0;
5.92, 0.457846,-0.200709,-0.228543,0,0,0,0;
5.93, -0.122331,-0.0960956,-0.195416,0,0,0,0;
5.94, 0.532164,-0.122017,-0.0156479,0,0,0,0;
5.95, 0.246661,-0.222072,0.0501149,0,0,0,0;
5.96, 0.207422,-0.12514,-0.034951,0,0,0,0;
5.97, 0.42588,-0.14306,-0.161199,0,0,0,0;
5.98, 0.149367,-0.147397,-0.0877919,0,0,0,0;
5.99, 0.31453,-0.123163,-0.0933917,0,0,0,0;
6, 0.92409,-0.163897,-0.14543,0,0,0,0;
6.01, 0.531305,-0.103957,-0.219824,0,0,0,0;
6.02, -0.743123,-0.137786,-0.075048,0,0,0,0;
6.03, 0.0274257,-0.183427,0.00726485,0,0,0,0;
6.04, 0.78651,-0.144228,-0.0807962,0,0,0,0;
6.05, 0.340973,-0.150874,-0.056035,0,0,0,0;
6.06, 0.486716,-0.143547,-0.111846,0,0,0,0;
6.07, -0.0890566,-0.125802,-0.0841591,0,0,0,0;
6.08, 0.336413,-0.15745,-0.16612,0,0,0,0;
6.09, 0.643358,-0.131173,-0.0752463,0,0,0,0;
6.1, 0.0757242,-0.156136,-0.0730348,0,0,0,0;
6.11, 0.480281,-0.148097,-0.0404031,0,0,0,0;
6.12, -0.0263851,-0.188701,-0.0996821,0,0,0,0;
6.13, 0.441539,-0.0912593,-0.10165,0,0,0,0;
6.14, 0.497968,-0.127136,-0.129868,0,0,0,0;
6.15, 0.0385852,-0.164179,-0.0698397,0,0,0,0;
6.16, 0.0750019,-0.130098,-0.0830956,0,0,0,0;
6.17, 0.362252,-0.138371,-0.109545,0,0,0,0;
6.18, 0.0730214,-0.137253,-0.0674245,0,0,0,0;
6.19, 0.65955,-0.16248,-0.134458,0,0,0,0;
6.2, 0.434515,-0.198272,-0.0451372,0,0,0,0;
6.21, 0.224618,-0.141239,-0.0892589,0,0,0,0;
6.22, 0.130136,-0.109552,-0.118746,0,0,0,0;
6.23, 0.0816845,-0.119429,-0.0346882,0,0,0,0;
6.24, 0.752058,-0.189367,-0.132049,0,0,0,0;
6.25, 0.260117,-0.145433,-0.12464,0,0,0,0;
6.26, -0.333704,-0.171812,-0.0275824,0,0,0,0;
6.27, 0.578463,-0.119348,-0.12104,0,0,0,0;
6.28, 0.400603,-0.132328,-0.112884,0,0,0,0;
6.29, 0.105481,-0.17602,-0.0647492,0,0,0,0;
6.3, 0.52137,-0.131343,-0.0365934,0,0,0,0;
6.31, 0.57084,-0.100694,-0.0877597,0,0,0,0;
6.32, 0.0746942,-0.191135,-0.139008,0,0,0,0;
6.33, 0.174738,-0.177307,-0.108538,0,0,0,0;
6.34, -0.0113493,-0.0968794,-0.0682139,0,0,0,0;
6.35, 0.362873,-0.136757,-0.0863268,0,0,0,0;
6.36, 0.461231,-0.162549,-0.0987387,0,0,0,0;
6.37, 0.285366,-0.133453,-0.0414765,0,0,0,0;
6.38, 0.208077,-0.139983,-0.130141,0,0,0,0;
6.39, 1.32545,-0.151681,-0.17453,0,0,0,0;
6.4, -0.383193,-0.228919,-0.0840685,0,0,0,0;
6.41, 0.147417,-0.11679,0.0568864,0,0,0,0;
6.42, 0.187316,-0.0794485,-0.0633984,0,0,0,0;
6.43, -0.545705,-0.158077,-0.125522,0,0,0,0;
6.44, 0.311809,-0.239472,-0.147455,0,0,0,0;
6.45, 1.29299,-0.10185,-0.157708,0,0,0,0;
6.46, 0.540781,-0.0550699,0.0303154,0,0,0,0;
6.47, -0.189808,-0.218821,-0.0751376,0,0,0,0;
6.48, 0.448992,-0.0862266,-0.151205,0,0,0,0;
6.49, 0.158476,-0.225862,-0.106393,0,0,0,0;
6.5, 0.184163,-0.161533,-0.106477,0,0,0,0;
6.51, 0.107641,-0.100531,-0.0637202,0,0,0,0;
6.52, 0.603318,-0.164796,-0.107521,0,0,0,0;
6.53, 1.17306,-0.0380249,-0.0182593,0,0,0,0;
6.54, -0.901918,-0.202579,-0.159212,0,0,0,0;
6.55, 0.46497,-0.250795,-0.0164473,0,0,0,0;
6.56, 0.392451,-0.0739239,-0.113687,0,0,0,0;
6.57, 0.127991,-0.12259,-0.107227,0,0,0,0;
6.58, 1.15732,-0.166673,-0.125316,0,0,0,0;
6.59, -0.142494,-0.17957,-0.100379,0,0,0,0;
6.6, 0.0889767,-0.131896,-0.0129213,0,0,0,0;
6.61, -0.937255,-0.15095,-0.103473,0,0,0,0;
6.62, 0.358131,-0.15756,-0.131359,0,0,0,0;
6.63, 1.4066,-0.09755,-0.0933712,0,0,0,0;
6.64, 0.216737,-0.2238,-0.0957778,0,0,0,0;
6.65, 0.184674,-0.054752,-0.0785918,0,0,0,0;
6.66, 0.387937,-0.0855772,-0.151731,0,0,0,0;
6.67, 0.427486,-0.169154,-0.0446794,0,0,0,0;
6.68, 0.838611,-0.164839,-0.0386,0,0,0,0;
6.69, -0.823537,-0.226896,-0.155644,0,0,0,0;
6.7, 0.750996,-0.163772,-0.133421,0,0,0,0;
6.71, 0.957225,-0.0632259,-0.0275056,0,0,0,0;
6.72, 0.0771958,-0.172026,-0.0744541,0,0,0,0;
6.73, -0.437199,-0.149606,-0.0717123,0,0,0,0;
6.74, -0.299284,-0.136259,-0.104657,0,0,0,0;
6.75, 0.761964,-0.122176,-0.110955,0,0,0,0;
6.76, 1.12648,-0.197968,-0.127955,0,0,0,0;
6.77, -0.61762,-0.141526,-0.111023,0,0,0,0;
6.78, 0.382456,-0.15156,-0.0304275,0,0,0,0;
6.79, 0.908106,-0.0545344,-0.0807152,0,0,0,0;
6.8, -0.195191,-0.192352,-0.121051,0,0,0,0;
6.81, 0.293309,-0.178822,-0.120197,0,0,0,0;
6.82, 0.852725,-0.106014,-0.0640166,0,0,0,0;
6.83, 0.513271,-0.112775,-0.0626996,0,0,0,0;
6.84, -0.141213,-0.159091,-0.0574319,0,0,0,0;
6.85, -0.597773,-0.231238,-0.109118,0,0,0,0;
6.86, 0.713913,-0.152052,-0.138278,0,0,0,0;
6.87, 0.682589,-0.114754,-0.164932,0,0,0,0;
6.88, 0.241367,-0.105424,-0.0890238,0,0,0,0;
6.89, 0.0432799,-0.11521,-0.0374389,0,0,0,0;
6.9, 0.100914,-0.196792,0.0179796,0,0,0,0;
6.91, 0.593019,-0.161762,-0.0746129,0,0,0,0;
6.92, 0.401227,-0.13923,-0.204305,0,0,0,0;
6.93, 0.438036,-0.143905,-0.142644,0,0,0,0;
6.94, 0.0764534,-0.131554,-0.10832,0,0,0,0;
6.95, 0.323022,-0.111332,0.0107009,0,0,0,0;
6.96, 0.0965053,-0.149823,-0.0277967,0,0,0,0;
6.97, 0.170281,-0.173659,-0.109077,0,0,0,0;
6.98, 0.218092,-0.158457,-0.118352,0,0,0,0;
6.99, 0.653524,-0.110236,-0.121197,0,0,0,0;
7, 0.293549,-0.177161,-0.132471,0,0,0,0;
7.01, -0.0461558,-0.172913,-0.104395,0,0,0,0;
7.02, 0.641675,-0.133141,-0.0551326,0,0,0,0;
7.03, 0.295299,-0.146223,-0.0507958,0,0,0,0;
7.04, 0.371797,-0.0852043,-0.0931504,0,0,0,0;
7.05, 0.441898,-0.18827,-0.0740383,0,0,0,0;
7.06, -0.369713,-0.158436,-0.104516,0,0,0,0;
7.07, 0.220877,-0.138003,-0.101297,0,0,0,0;
7.08, 0.884179,-0.16949,-0.103572,0,0,0,0;
7.09, 0.47277,-0.110789,-0.0277779,0,0,0,0;
7.1, 0.708007,-0.122416,-0.0663469,0,0,0,0;
7.11, -1.03322,-0.175468,-0.169854,0,0,0,0;
7.12, 0.150092,-0.129977,-0.135522,0,0,0,0;
7.13, 1.0675,-0.192657,-0.0836964,0,0,0,0;
7.14, 0.238565,-0.165428,-0.0540788,0,0,0,0;
7.15, 0.606132,-0.140419,-0.109093,0,0,0,0;
7.16, -0.0328626,-0.0183435,-0.0141697,0,0,0,0;
7.17, -0.0366542,-0.167816,-0.0308151,0,0,0,0;
7.18, 0.193862,-0.215933,-0.0532782,0,0,0,0;
7.19, 0.652038,-0.136877,-0.214147,0,0,0,0;
7.2, -0.158151,-0.143705,-0.136321,0,0,0,0;
7.21, 0.31444,-0.185144,-0.10065,0,0,0,0;
7.22, 1.3304,-0.113349,-0.0611746,0,0,0,0;
7.23, -0.39573,-0.208133,-0.119604,0,0,0,0;
7.24, -0.386747,-0.129569,0.00385308,0,0,0,0;
7.25, 0.813813,-0.0745267,-0.0694361,0,0,0,0;
7.26, 0.763216,-0.196532,-0.242567,0,0,0,0;
7.27, 0.261483,-0.134135,0.00167179,0,0,0,0;
7.28, -0.38606,-0.108312,-0.0207887,0,0,0,0;
7.29, 0.678316,-0.151713,-0.122047,0,0,0,0;
7.3, -0.0809886,-0.150556,-0.11615,0,0,0,0;
7.31, 1.33569,-0.14943,-0.11796,0,0,0,0;
7.32, -0.304776,-0.108268,-0.131989,0,0,0,0;
7.33, 1.06536,-0.131618,-0.122138,0,0,0,0;
7.34, -0.376276,-0.244822,0.00967813,0,0,0,0;
7.35, -0.883492,-0.23123,-0.0290983,0,0,0,0;
7.36, 0.524543,-0.0908816,-0.12754,0,0,0,0;
7.37, 1.16342,-0.0225653,-0.122126,0,0,0,0;
7.38, 0.65017,-0.146838,-0.137388,0,0,0,0;
7.39, -0.379732,-0.201345,-0.0998759,0,0,0,0;
7.4, 0.569575,-0.082137,-0.0544972,0,0,0,0;
7.41, 0.677394,-0.17812,-0.0457673,0,0,0,0;
7.42, -0.802662,-0.236169,-0.0691755,0,0,0,0;
7.43, 0.200142,-0.141816,-0.0408077,0,0,0,0;
7.44, 1.53319,-0.0910602,-0.179983,0,0,0,0;
7.45, 0.170257,-0.126486,-0.162605,0,0,0,0;
7.46, -0.198205,-0.14768,-0.170649,0,0,0,0;
7.47, -0.264307,-0.15189,-0.0145168,0,0,0,0;
7.48, 0.690919,-0.141053,0.0077529,0,0,0,0;
7.49, 0.297259,-0.166362,-0.136117,0,0,0,0;
7.5, 0.340974,-0.171116,-0.100153,0,0,0,0;
7.51, 0.17414,-0.119117,-0.0819216,0,0,0,0;
7.52, 0.726618,-0.113996,-0.115261,0,0,0,0;
7.53, 0.481398,-0.0738343,-0.0820434,0,0,0,0;
7.54, -0.583956,-0.216153,-0.0674284,0,0,0,0;
7.55, 0.37188,-0.164746,-0.0469918,0,0,0,0;
7.56, 0.939081,-0.12008,-0.099643,0,0,0,0;
7.57, 0.470051,-0.132336,-0.13374,0,0,0,0;
7.58, 0.0593049,-0.205741,-0.150887,0,0,0,0;
7.59, -0.196026,-0.179955,-0.0658247,0,0,0,0;
7.6, 0.335194,-0.0837734,-0.081002,0,0,0,0;
7.61, 0.465442,-0.185376,-0.117352,0,0,0,0;
7.62, 0.286931,-0.110252,-0.0705817,0,0,0,0;
7.63, 0.37175,-0.127916,-0.0503888,0,0,0,0;
7.64, 0.235981,-0.140336,-0.117628,0,0,0,0;
7.65, 0.0781254,-0.181044,-0.0492938,0,0,0,0;
7.66, 0.182597,-0.142271,-0.110804,0,0,0,0;
7.67, 0.711025,-0.138378,-0.145901,0,0,0,0;
7.68, -0.000544757,-0.135944,-0.0220075,0,0,0,0;
7.69, 0.544299,-0.125725,-0.0504057,0,0,0,0;
7.7, 0.465783,-0.180262,-0.163367,0,0,0,0;
7.71, 0.242617,-0.130591,-0.0979755,0,0,0,0;
7.72, 0.0559299,-0.200331,-0.120007,0,0,0,0;
7.73, 0.231098,-0.109893,-0.0949523,0,0,0,0;
7.74, 0.423883,-0.123987,-0.0431244,0,0,0,0;
7.75, -0.0142078,-0.14843,-0.0582697,0,0,0,0;
7.76, 0.308946,-0.145115,-0.0752676,0,0,0,0;
7.77, 0.0310909,-0.164522,-0.127028,0,0,0,0;
7.78, 0.574598,-0.148303,-0.141204,0,0,0,0;
7.79, 0.587957,-0.107784,-0.0917425,0,0,0,0;
7.8, 0.127924,-0.171629,-0.073236,0,0,0,0;
7.81, 0.395322,-0.20226,-0.0640922,0,0,0,0;
7.82, 0.00561565,-0.164857,-0.0724101,0,0,0,0;
7.83, 0.0429112,-0.065455,-0.0910935,0,0,0,0;
7.84, 0.88604,-0.121322,-0.109682,0,0,0,0;
7.85, 0.780271,-0.177308,-0.106042,0,0,0,0;
7.86, -0.143811,-0.0721877,-0.0693581,0,0,0,0;
7.87, -0.0204522,-0.212654,-0.0946279,0,0,0,0;
7.88, 0.404808,-0.122759,-0.0529242,0,0,0,0;
7.89, -0.00757259,-0.177776,-0.110137,0,0,0,0;
7.9, 0.440293,-0.174894,-0.0333161,0,0,0,0;
7.91, 0.642077,-0.146474,-0.12578,0,0,0,0;
7.92, -0.144156,-0.137261,-0.133492,0,0,0,0;
7.93, 0.0584744,-0.129902,-0.0922759,0,0,0,0;
7.94, 0.410591,-0.176447,-0.0662658,0,0,0,0;
7.95, 0.938204,-0.104904,-0.0700436,0,0,0,0;
7.96, 0.644977,-0.206132,-0.0448022,0,0,0,0;
7.97, -0.405109,-0.110756,-0.120242,0,0,0,0;
7.98, -0.443076,-0.0491015,-0.135367,0,0,0,0;
7.99, 0.230932,-0.201749,-0.0335517,0,0,0,0;
8, 0.711781,-0.187323,-0.0657105,0,0,0,0;
8.01, 1.43995,-0.1349,-0.248223,0,0,0,0;
8.02, 0.270132,-0.134356,-0.136769,0,0,0,0;
8.03, -0.198868,-0.227665,0.0538857,0,0,0,0;
8.04, -0.477465,-0.0726676,0.00816417,0,0,0,0;
8.05, 0.110277,-0.193533,-0.180493,0,0,0,0;
8.06, 0.995493,-0.0554388,-0.0737267,0,0,0,0;
8.07, -0.608095,-0.188509,-0.216309,0,0,0,0;
8.08, 1.35771,-0.115646,-0.0996163,0,0,0,0;
8.09, 0.385136,-0.0603507,0.0388057,0,0,0,0;
8.1, -0.352692,-0.238363,0.0419121,0,0,0,0;
8.11, 1.12625,-0.199874,-0.187708,0,0,0,0;
8.12, -0.093095,-0.196698,-0.128224,0,0,0,0;
8.13, 0.0280456,-0.0909824,-0.108649,0,0,0,0;
8.14, 0.309594,-0.0292625,-0.221836,0,0,0,0;
8.15, -0.178432,-0.221205,-0.0641966,0,0,0,0;
8.16, 0.895666,-0.129904,-0.0259273,0,0,0,0;
8.17, -0.235696,-0.178681,-0.0913265,0,0,0,0;
8.18, 0.940173,-0.163955,0.00891089,0,0,0,0;
8.19, 0.351181,-0.103302,-0.148606,0,0,0,0;
8.2, -0.0859477,-0.0970376,-0.210775,0,0,0,0;
8.21, 0.435197,-0.19327,-0.067112,0,0,0,0;
8.22, 0.642717,-0.207986,0.0440202,0,0,0,0;
8.23, 0.00210151,-0.113969,-0.0153396,0,0,0,0;
8.24, -0.502917,-0.129085,-0.19855,0,0,0,0;
8.25, 0.704338,-0.134341,-0.145835,0,0,0,0;
8.26, 0.630286,-0.175965,-0.109987,0,0,0,0;
8.27, 0.324283,-0.114409,-0.130944,0,0,0,0;
8.28, 0.019082,-0.1423,-0.0251796,0,0,0,0;
8.29, 0.529276,-0.165896,-0.0425751,0,0,0,0;
8.3, 0.431113,-0.145083,-0.11258,0,0,0,0;
8.31, 0.181687,-0.126337,-0.0917771,0,0,0,0;
8.32, -0.0469442,-0.161331,-0.103133,0,0,0,0;
8.33, 0.117376,-0.176254,-0.044946,0,0,0,0;
8.34, 0.537996,-0.107374,-0.104939,0,0,0,0;
8.35, 0.470234,-0.115022,-0.175705,0,0,0,0;
8.36, 0.24705,-0.159216,-0.11672,0,0,0,0;
8.37, 0.388593,-0.16103,-0.0856071,0,0,0,0;
8.38, -0.0217531,-0.140963,-0.00885606,0,0,0,0;
8.39, 0.302712,-0.157326,-0.0255208,0,0,0,0;
8.4, 0.235428,-0.164703,-0.0615726,0,0,0,0;
8.41, 0.506834,-0.136794,-0.173506,0,0,0,0;
8.42, 0.55577,-0.0669097,-0.18682,0,0,0,0;
8.43, 0.0610653,-0.182759,-0.104976,0,0,0,0;
8.44, 0.487998,-0.224138,-0.0817173,0,0,0,0;
8.45, -0.0218988,-0.124044,-0.0506139,0,0,0,0;
8.46, -0.245607,-0.135295,0.00641656,0,0,0,0;
8.47, 0.599986,-0.124768,-0.0850415,0,0,0,0;
8.48, 0.549799,-0.110969,-0.103216,0,0,0,0;
8.49, 0.262567,-0.183783,-0.10924,0,0,0,0;
8.5, 0.462232,-0.170038,-0.0914297,0,0,0,0;
8.51, 0.171767,-0.125971,-0.135388,0,0,0,0;
8.52, 0.435417,-0.13205,-0.131498,0,0,0,0;
8.53, 0.409181,-0.158856,-0.0852466,0,0,0,0;
8.54, 0.0932718,-0.112042,0.0252614,0,0,0,0;
8.55, -0.481693,-0.133984,-0.0892439,0,0,0,0;
8.56, 0.825623,-0.202245,-0.0509524,0,0,0,0;
8.57, 0.494672,-0.133426,-0.21853,0,0,0,0;
8.58, 0.563992,-0.174007,-0.147686,0,0,0,0;
8.59, -0.00057742,-0.113463,-0.0310295,0,0,0,0;
8.6, 0.0659361,-0.154146,-0.0483766,0,0,0,0;
8.61, 0.364604,-0.172291,-0.0924034,0,0,0,0;
8.62, 0.325685,-0.139297,-0.0627494,0,0,0,0;
8.63, 0.165281,-0.144847,-0.144805,0,0,0,0;
8.64, 0.328001,-0.0711533,-0.122945,0,0,0,0;
8.65, 0.213887,-0.222658,-0.0167537,0,0,0,0;
8.66, 0.122662,-0.133662,0.0168095,0,0,0,0;
8.67, 0.663371,-0.0842636,-0.1312,0,0,0,0;
8.68, 0.974866,-0.221505,-0.204079,0,0,0,0;
8.69, -0.824827,-0.103855,-0.123019,0,0,0,0;
8.7, 1.39323,-0.100005,-0.041342,0,0,0,0;
8.71, -0.0924065,-0.215315,-0.0491025,0,0,0,0;
8.72, 0.187279,-0.168298,-0.0648103,0,0,0,0;
8.73, -0.769664,-0.18699,-0.0818346,0,0,0,0;
8.74, -0.308545,-0.106373,-0.188865,0,0,0,0;
8.75, 1.83807,-0.0505499,-0.094945,0,0,0,0;
8.76, 0.530238,-0.22842,-0.0368073,0,0,0,0;
8.77, 0.303078,-0.17401,-0.0667577,0,0,0,0;
8.78, -0.641853,-0.13017,-0.11326,0,0,0,0;
8.79, 1.03278,-0.151062,-0.079674,0,0,0,0;
8.8, 0.893964,-0.0677332,-0.0652673,0,0,0,0;
8.81, -1.06346,-0.147521,-0.155912,0,0,0,0;
8.82, 1.08103,-0.182336,-0.160761,0,0,0,0;
8.83, 0.0855114,-0.167541,0.0359342,0,0,0,0;
8.84, 0.645883,-0.0990719,0.000894547,0,0,0,0;
8.85, -0.426831,-0.192045,-0.17892,0,0,0,0;
8.86, 0.187891,-0.16356,-0.19191,0,0,0,0;
8.87, 1.07096,-0.145333,-0.067894,0,0,0,0;
8.88, -0.0257241,-0.153979,-0.0605013,0,0,0,0;
8.89, -0.0207276,-0.0677896,-0.102622,0,0,0,0;
8.9, 0.412244,-0.124998,-0.0866425,0,0,0,0;
8.91, 0.0212349,-0.228891,-0.0986104,0,0,0,0;
8.92, 0.707285,-0.14992,-0.110781,0,0,0,0;
8.93, 0.0483684,-0.0761952,0.0653415,0,0,0,0;
8.94, 0.335135,-0.120329,-0.0710633,0,0,0,0;
8.95, 0.546836,-0.192874,-0.152967,0,0,0,0;
8.96, 0.430135,-0.155161,-0.187538,0,0,0,0;
8.97, 0.337618,-0.128027,-0.0864921,0,0,0,0;
8.98, -0.372232,-0.197659,-0.0611556,0,0,0,0;
8.99, 0.331932,-0.123459,-0.137808,0,0,0,0;
9, 0.654799,-0.117623,-0.162198,0,0,0,0;
9.01, 0.310188,-0.166893,-0.0413835,0,0,0,0;
9.02, 0.323163,-0.170853,-0.00297451,0,0,0,0;
9.03, 0.0788826,-0.148957,-0.103823,0,0,0,0;
9.04, 0.344525,-0.177945,-0.0986023,0,0,0,0;
9.05, 0.560692,-0.135076,-0.147191,0,0,0,0;
9.06, -0.361228,-0.0640044,-0.133244,0,0,0,0;
9.07, 0.748475,-0.132468,-0.0493212,0,0,0,0;
9.08, 0.570809,-0.131614,-0.0669546,0,0,0,0;
9.09, -0.240528,-0.171198,0.00782108,0,0,0,0;
9.1, -0.0262319,-0.196422,-0.0701334,0,0,0,0;
9.11, 0.511573,-0.138125,-0.111925,0,0,0,0;
9.12, 0.58556,-0.145994,-0.157869,0,0,0,0;
9.13, 0.670995,-0.147003,-0.180805,0,0,0,0;
9.14, -0.0042963,-0.141884,-0.169683,0,0,0,0;
9.15, 0.169272,-0.0954973,-0.015178,0,0,0,0;
9.16, 0.186874,-0.161409,0.0174346,0,0,0,0;
9.17, 0.538696,-0.159946,-0.00502014,0,0,0,0;
9.18, 0.205872,-0.1154,-0.14328,0,0,0,0;
9.19, 0.0486437,-0.165416,-0.130678,0,0,0,0;
9.2, 0.325693,-0.200152,-0.112121,0,0,0,0;
9.21, 0.609045,-0.121008,-0.138997,0,0,0,0;
9.22, 0.197246,-0.105534,-0.117596,0,0,0,0;
9.23, -0.0584371,-0.178712,-0.0228457,0,0,0,0;
9.24, 0.571826,-0.154979,-0.0816312,0,0,0,0;
9.25, -0.0733417,-0.136193,-0.0823617,0,0,0,0;
9.26, 0.0263293,-0.148153,-0.0819876,0,0,0,0;
9.27, 0.673899,-0.17183,-0.0540068,0,0,0,0;
9.28, 0.852767,-0.110907,-0.10139,0,0,0,0;
9.29, 0.123024,-0.119053,-0.123382,0,0,0,0;
9.3, 0.303888,-0.170794,-0.163261,0,0,0,0;
9.31, 0.275852,-0.111411,-0.0873284,0,0,0,0;
9.32, -0.137995,-0.17896,-0.0382502,0,0,0,0;
9.33, 0.631691,-0.189053,-0.0528815,0,0,0,0;
9.34, 0.286664,-0.110821,-0.012521,0,0,0,0;
9.35, -0.510743,-0.149983,-0.118593,0,0,0,0;
9.36, 0.332734,-0.155501,-0.112113,0,0,0,0;
9.37, 1.44617,-0.142874,-0.105007,0,0,0,0;
9.38, 0.289855,-0.143694,-0.121222,0,0,0,0;
9.39, -0.102058,-0.128572,-0.16677,0,0,0,0;
9.4, 0.293852,-0.144873,-0.0932245,0,0,0,0;
9.41, -0.0510147,-0.158791,0.0199583,0,0,0,0;
9.42, -0.368446,-0.124479,-0.100734,0,0,0,0;
9.43, 0.801561,-0.132539,-0.155982,0,0,0,0;
9.44, 1.19642,-0.155049,-0.0839915,0,0,0,0;
9.45, -0.117907,-0.242694,-0.0909102,0,0,0,0;
9.46, 0.0996112,-0.141151,-0.0186059,0,0,0,0;
9.47, 0.702106,-0.067229,-0.0379994,0,0,0,0;
9.48, -0.494477,-0.161381,-0.123315,0,0,0,0;
9.49, 0.322081,-0.15055,-0.103026,0,0,0,0;
9.5, 0.863604,-0.171272,-0.135747,0,0,0,0;
9.51, 0.305138,-0.0764252,-0.0611346,0,0,0,0;
9.52, -0.603164,-0.12964,-0.118222,0,0,0,0;
9.53, 0.26235,-0.200028,0.00471568,0,0,0,0;
9.54, 1.02282,-0.20733,-0.163273,0,0,0,0;
9.55, 0.488683,-0.104713,-0.147846,0,0,0,0;
9.56, 0.24674,-0.0528474,-0.111809,0,0,0,0;
9.57, 0.145604,-0.179179,0.00501251,0,0,0,0;
9.58, -0.0854777,-0.258819,-0.143692,0,0,0,0;
9.59, 0.359226,-0.064366,-0.108047,0,0,0,0;
9.6, 1.24479,-0.0912959,-0.0581939,0,0,0,0;
9.61, -0.755204,-0.155629,-0.0494425,0,0,0,0;
9.62, 0.269544,-0.257385,-0.0965109,0,0,0,0;
9.63, 0.278078,-0.149096,-0.026566,0,0,0,0;
9.64, 0.446908,-0.057315,-0.117607,0,0,0,0;
9.65, 0.525445,-0.129545,-0.141255,0,0,0,0;
9.66, 0.50558,-0.182192,-0.128788,0,0,0,0;
9.67, -0.00870618,-0.140146,-0.0929041,0,0,0,0;
9.68, 0.562987,-0.104899,-0.103452,0,0,0,0;
9.69, -0.151686,-0.184528,-0.100649,0,0,0,0;
9.7, -0.22386,-0.185985,-0.0591822,0,0,0,0;
9.71, 1.29455,-0.0941538,0.0165558,0,0,0,0;
9.72, -0.0339966,-0.167451,-0.205283,0,0,0,0;
9.73, -0.051113,-0.153863,-0.211309,0,0,0,0;
9.74, 0.942752,-0.157493,-0.0517268,0,0,0,0;
9.75, 0.146197,-0.102072,-0.0286937,0,0,0,0;
9.76, -0.444689,-0.129885,0.0271196,0,0,0,0;
9.77, 0.296838,-0.161547,-0.0787714,0,0,0,0;
9.78, 1.05906,-0.125339,-0.096406,0,0,0,0;
9.79, 0.0685006,-0.199109,-0.144469,0,0,0,0;
9.8, 0.659688,-0.169395,-0.182907,0,0,0,0;
9.81, -0.017531,-0.0992779,-0.112838,0,0,0,0;
9.82, -0.11291,-0.131995,-0.0618238,0,0,0,0;
9.83, 0.504851,-0.148815,-0.065639,0,0,0,0;
9.84, 0.651367,-0.135469,-0.027102,0,0,0,0;
9.85, 0.150603,-0.176351,-0.094768,0,0,0,0;
9.86, 0.260407,-0.150091,-0.166551,0,0,0,0;
9.87, 0.271383,-0.143524,-0.118658,0,0,0,0;
9.88, -0.236424,-0.165826,-0.066443,0,0,0,0;
9.89, 0.120431,-0.18143,-0.0635304,0,0,0,0;
9.9, 0.515635,-0.0521734,-0.060216,0,0,0,0;
9.91, 0.564479,-0.13693,-0.104698,0,0,0,0;
9.92, 0.874554,-0.149697,-0.0657783,0,0,0,0;
9.93, -0.0799786,-0.181928,-0.0885239,0,0,0,0;
9.94, 0.344451,-0.17742,-0.0869105,0,0,0,0;
9.95, 0.0635315,-0.100759,-0.110445,0,0,0,0;
9.96, 0.074793,-0.156264,-0.10249,0,0,0,0;
9.97, 0.587312,-0.156245,-0.135202,0,0,0,0;
9.98, 0.429667,-0.158204,-0.128309,0,0,0,0;
9.99, 0.0339487,-0.115338,-0.067812,0,0,0,0;
