0, 0.274193,-0.252263,-0.128386,0,0,0,0;
0.01, 0.274179,-0.252503,-0.128386,0,0,0,0;
0.02, 0.26703,-0.244805,-0.128084,0,0,0,0;
0.03, 0.258206,-0.241953,-0.127186,0,0,0,0;
0.04, 0.247192,-0.235791,-0.125565,0,0,0,0;
0.05, 0.235663,-0.229034,-0.123489,0,0,0,0;
0.06, 0.224865,-0.222659,-0.121295,0,0,0,0;
0.07, 0.215539,-0.216989,-0.119256,0,0,0,0;
0.08, 0.207987,-0.212277,-0.11753,0,0,0,0;
0.09, 0.201933,-0.20849,-0.116103,0,0,0,0;
0.1, 0.197285,-0.205545,-0.114987,0,0,0,0;
0.11, 0.193895,-0.203371,-0.114166,0,0,0,0;
0.12, 0.191382,-0.201688,-0.113557,0,0,0,0;
0.13, 0.190089,-0.200664,-0.113258,0,0,0,0;
0.14, 0.188617,-0.199651,-0.112901,0,0,0,0;
0.15, 0.187755,-0.199014,-0.112697,0,0,0,0;
0.16, 0.187098,-0.198498,-0.112544,0,0,0,0;
0.17, 0.186504,-0.19807,-0.112402,0,0,0,0;
0.18, 0.186197,-0.197774,-0.112335,0,0,0,0;
0.19, 0.185816,-0.197486,-0.112245,0,0,0,0;
0.2, 0.185481,-0.197291,-0.112162,0,0,0,0;
0.21, 0.185313,-0.197148,-0.112125,0,0,0,0;
0.22, 0.185131,-0.197042,-0.112079,0,0,0,0;
0.23, 0.185024,-0.19699,-0.112052,0,0,0,0;
0.24, 0.184912,-0.196949,-0.112022,0,0,0,0;
0.25, 0.184853,-0.196914,-0.112008,0,0,0,0;
0.26, 0.184665,-0.196818,-0.111959,0,0,0,0;
0.27, 0.184423,-0.196701,-0.111895,0,0,0,0;
0.28, 0.184301,-0.196655,-0.111862,0,0,0,0;
0.29, 0.184146,-0.196643,-0.111816,0,0,0,0;
0.3, 0.18385,-0.196519,-0.111736,0,0,0,0;
0.31, 0.183527,-0.196383,-0.111648,0,0,0,0;
0.32, 0.183248,-0.196307,-0.111568,0,0,0,0;
0.33, 0.183111,-0.196304,-0.111526,0,0,0,0;
0.34, 0.182881,-0.196261,-0.111459,0,0,0,0;
0.35, 0.18277,-0.19626,-0.111425,0,0,0,0;
0.36, 0.182584,-0.196233,-0.11137,0,0,0,0;
0.37, 0.182291,-0.19616,-0.111285,0,0,0,0;
0.38, 0.182099,-0.196142,-0.111227,0,0,0,0;
0.39, 0.181973,-0.196124,-0.11119,0,0,0,0;
0.4, 0.181901,-0.196137,-0.111166,0,0,0,0;
0.41, 0.181655,-0.196082,-0.111094,0,0,0,0;
0.42, 0.181507,-0.196031,-0.111052,0,0,0,0;
0.43, 0.181239,-0.195958,-0.110974,0,0,0,0;
0.44, 0.181134,-0.19597,-0.11094,0,0,0,0;
0.45, 0.181017,-0.196017,-0.110899,0,0,0,0;
0.46, 0.180763,-0.195941,-0.110826,0,0,0,0;
0.47, 0.180621,-0.195953,-0.11078,0,0,0,0;
0.48, 0.180438,-0.195941,-0.110723,0,0,0,0;
0.49, 0.180224,-0.195895,-0.11066,0,0,0,0;
0.5, 0.180099,-0.195917,-0.110618,0,0,0,0;
0.51, 0.179856,-0.195894,-0.110544,0,0,0,0;
0.52, 0.179771,-0.195962,-0.110511,0,0,0,0;
0.53, 0.179535,-0.195935,-0.110438,0,0,0,0;
0.54, 0.179317,-0.195845,-0.110376,0,0,0,0;
0.55, 0.179094,-0.195833,-0.110305,0,0,0,0;
0.56, 0.178899,-0.195835,-0.110243,0,0,0,0;
0.57, 0.17891,-0.195947,-0.110236,0,0,0,0;
0.58, 0.178756,-0.195904,-0.11019,0,0,0,0;
0.59, 0.178638,-0.195895,-0.110152,0,0,0,0;
0.6, 0.178562,-0.195905,-0.110127,0,0,0,0;
0.61, 0.178477,-0.195903,-0.110099,0,0,0,0;
0.62, 0.178415,-0.195909,-0.110079,0,0,0,0;
0.63, 0.178198,-0.195865,-0.110012,0,0,0,0;
0.64, 0.178128,-0.195908,-0.109986,0,0,0,0;
0.65, 0.177976,-0.195896,-0.109937,0,0,0,0;
0.66, 0.177748,-0.195848,-0.109867,0,0,0,0;
0.67, 0.177567,-0.195818,-0.109811,0,0,0,0;
0.68, 0.177454,-0.195833,-0.109773,0,0,0,0;
0.69, 0.177277,-0.195819,-0.109716,0,0,0,0;
0.7, 0.177276,-0.195884,-0.109709,0,0,0,0;
0.71, 0.17703,-0.195824,-0.109634,0,0,0,0;
0.72, 0.176858,-0.195797,-0.10958,0,0,0,0;
0.73, 0.176632,-0.195761,-0.109509,0,0,0,0;
0.74, 0.176467,-0.195752,-0.109456,0,0,0,0;
0.75, 0.176256,-0.195694,-0.109391,0,0,0,0;
0.76, 0.176064,-0.19566,-0.109331,0,0,0,0;
0.77, 0.175985,-0.195686,-0.109302,0,0,0,0;
0.78, 0.175913,-0.195717,-0.109275,0,0,0,0;
0.79, 0.175718,-0.195677,-0.109214,0,0,0,0;
0.8, 0.175522,-0.195624,-0.109154,0,0,0,0;
0.81, 0.175427,-0.195659,-0.109119,0,0,0,0;
0.82, 0.17517,-0.195606,-0.109038,0,0,0,0;
0.83, 0.175062,-0.195616,-0.109,0,0,0,0;
0.84, 0.174885,-0.195592,-0.108943,0,0,0,0;
0.85, 0.174788,-0.195608,-0.108908,0,0,0,0;
0.86, 0.174635,-0.195595,-0.108858,0,0,0,0;
0.87, 0.174583,-0.19563,-0.108837,0,0,0,0;
0.88, 0.174417,-0.195612,-0.108782,0,0,0,0;
0.89, 0.174245,-0.195584,-0.108727,0,0,0,0;
0.9, 0.174097,-0.195578,-0.108677,0,0,0,0;
0.91, 0.173693,-0.19543,-0.108555,0,0,0,0;
0.92, 0.173529,-0.195407,-0.108501,0,0,0,0;
0.93, 0.173307,-0.195378,-0.108429,0,0,0,0;
0.94, 0.173102,-0.19533,-0.108364,0,0,0,0;
0.95, 0.172992,-0.195367,-0.108321,0,0,0,0;
0.96, 0.172848,-0.195328,-0.108276,0,0,0,0;
0.97, 0.172652,-0.195271,-0.108215,0,0,0,0;
0.98, 0.172642,-0.195345,-0.108202,0,0,0,0;
0.99, 0.172476,-0.195299,-0.10815,0,0,0,0;
1, 0.172404,-0.195323,-0.108122,0,0,0,0;
1.01, 0.172322,-0.195394,-0.108086,0,0,0,0;
1.02, 0.172089,-0.195336,-0.108011,0,0,0,0;
1.03, 0.171794,-0.195264,-0.107917,0,0,0,0;
1.04, 0.171561,-0.195185,-0.107845,0,0,0,0;
1.05, 0.171244,-0.195054,-0.107749,0,0,0,0;
1.06, 0.17109,-0.195043,-0.107696,0,0,0,0;
1.07, 0.171146,-0.195175,-0.1077,0,0,0,0;
1.08, 0.170988,-0.19515,-0.107647,0,0,0,0;
1.09, 0.170808,-0.195126,-0.107586,0,0,0,0;
1.1, 0.170813,-0.195196,-0.10758,0,0,0,0;
1.11, 0.170706,-0.195205,-0.10754,0,0,0,0;
1.12, 0.170435,-0.195115,-0.107455,0,0,0,0;
1.13, 0.170349,-0.195142,-0.107421,0,0,0,0;
1.14, 0.17018,-0.195108,-0.107365,0,0,0,0;
1.15, 0.169966,-0.195054,-0.107296,0,0,0,0;
1.16, 0.169723,-0.194982,-0.107218,0,0,0,0;
1.17, 0.169479,-0.194921,-0.107138,0,0,0,0;
1.18, 0.169295,-0.194888,-0.107076,0,0,0,0;
1.19, 0.169112,-0.194856,-0.107014,0,0,0,0;
1.2, 0.168969,-0.194841,-0.106964,0,0,0,0;
1.21, 0.168852,-0.194832,-0.106923,0,0,0,0;
1.22, 0.168666,-0.194801,-0.106859,0,0,0,0;
1.23, 0.168571,-0.19481,-0.106823,0,0,0,0;
1.24, 0.168416,-0.194784,-0.10677,0,0,0,0;
1.25, 0.168431,-0.194853,-0.106767,0,0,0,0;
1.26, 0.16831,-0.194853,-0.106723,0,0,0,0;
1.27, 0.168222,-0.194863,-0.106689,0,0,0,0;
1.28, 0.168073,-0.194845,-0.106638,0,0,0,0;
1.29, 0.167943,-0.194827,-0.106592,0,0,0,0;
1.3, 0.16774,-0.194783,-0.106523,0,0,0,0;
1.31, 0.16764,-0.194786,-0.106486,0,0,0,0;
1.32, 0.167413,-0.19473,-0.10641,0,0,0,0;
1.33, 0.167307,-0.194746,-0.106369,0,0,0,0;
1.34, 0.167042,-0.194671,-0.106281,0,0,0,0;
1.35, 0.166881,-0.194651,-0.106224,0,0,0,0;
1.36, 0.166668,-0.194595,-0.106153,0,0,0,0;
1.37, 0.166513,-0.194575,-0.106098,0,0,0,0;
1.38, 0.16618,-0.194451,-0.105991,0,0,0,0;
1.39, 0.166008,-0.194416,-0.105931,0,0,0,0;
1.4, 0.165877,-0.194411,-0.105883,0,0,0,0;
1.41, 0.165651,-0.194341,-0.105808,0,0,0,0;
1.42, 0.165476,-0.194299,-0.105748,0,0,0,0;
1.43, 0.165389,-0.194309,-0.105714,0,0,0,0;
1.44, 0.165225,-0.194297,-0.105654,0,0,0,0;
1.45, 0.165044,-0.194266,-0.10559,0,0,0,0;
1.46, 0.164888,-0.194251,-0.105533,0,0,0,0;
1.47, 0.16477,-0.194242,-0.105489,0,0,0,0;
1.48, 0.164397,-0.194096,-0.105368,0,0,0,0;
1.49, 0.164299,-0.194102,-0.10533,0,0,0,0;
1.5, 0.164129,-0.194055,-0.105272,0,0,0,0;
1.51, 0.163932,-0.193976,-0.105208,0,0,0,0;
1.52, 0.16361,-0.193875,-0.105099,0,0,0,0;
1.53, 0.163374,-0.193807,-0.105019,0,0,0,0;
1.54, 0.163116,-0.193748,-0.104928,0,0,0,0;
1.55, 0.162989,-0.193713,-0.104884,0,0,0,0;
1.56, 0.16289,-0.193748,-0.10484,0,0,0,0;
1.57, 0.162675,-0.193701,-0.104763,0,0,0,0;
1.58, 0.16255,-0.193707,-0.104713,0,0,0,0;
1.59, 0.162434,-0.193698,-0.104669,0,0,0,0;
1.6, 0.162496,-0.193793,-0.104678,0,0,0,0;
1.61, 0.162344,-0.193771,-0.104622,0,0,0,0;
1.62, 0.162184,-0.193725,-0.104567,0,0,0,0;
1.63, 0.162043,-0.193726,-0.104512,0,0,0,0;
1.64, 0.161677,-0.193556,-0.104395,0,0,0,0;
1.65, 0.16141,-0.193458,-0.104305,0,0,0,0;
1.66, 0.161296,-0.193442,-0.104262,0,0,0,0;
1.67, 0.161135,-0.193408,-0.104204,0,0,0,0;
1.68, 0.161077,-0.193441,-0.104175,0,0,0,0;
1.69, 0.160982,-0.193451,-0.104136,0,0,0,0;
1.7, 0.160805,-0.193407,-0.104072,0,0,0,0;
1.71, 0.160687,-0.193393,-0.104027,0,0,0,0;
1.72, 0.160601,-0.1934,-0.103991,0,0,0,0;
1.73, 0.160407,-0.193343,-0.103923,0,0,0,0;
1.74, 0.160265,-0.193317,-0.10387,0,0,0,0;
1.75, 0.160152,-0.193309,-0.103826,0,0,0,0;
1.76, 0.159938,-0.193239,-0.103752,0,0,0,0;
1.77, 0.159718,-0.193169,-0.103675,0,0,0,0;
1.78, 0.159575,-0.193149,-0.10362,0,0,0,0;
1.79, 0.159368,-0.193088,-0.103546,0,0,0,0;
1.8, 0.159163,-0.193042,-0.103471,0,0,0,0;
1.81, 0.159053,-0.193042,-0.103426,0,0,0,0;
1.82, 0.158959,-0.193038,-0.103389,0,0,0,0;
1.83, 0.158756,-0.192972,-0.103317,0,0,0,0;
1.84, 0.158632,-0.19296,-0.103268,0,0,0,0;
1.85, 0.158607,-0.193011,-0.103249,0,0,0,0;
1.86, 0.158381,-0.19294,-0.103168,0,0,0,0;
1.87, 0.158135,-0.192855,-0.103081,0,0,0,0;
1.88, 0.157975,-0.192812,-0.103023,0,0,0,0;
1.89, 0.157783,-0.192755,-0.102954,0,0,0,0;
1.9, 0.157523,-0.192658,-0.102863,0,0,0,0;
1.91, 0.157333,-0.192608,-0.102793,0,0,0,0;
1.92, 0.157179,-0.19257,-0.102736,0,0,0,0;
1.93, 0.156988,-0.192515,-0.102666,0,0,0,0;
1.94, 0.156878,-0.192502,-0.102622,0,0,0,0;
1.95, 0.15669,-0.192442,-0.102554,0,0,0,0;
1.96, 0.156486,-0.192373,-0.102481,0,0,0,0;
1.97, 0.156453,-0.19242,-0.102458,0,0,0,0;
1.98, 0.156377,-0.192427,-0.102424,0,0,0,0;
1.99, 0.156167,-0.192336,-0.102353,0,0,0,0;
2, 0.156105,-0.192338,-0.102326,0,0,0,0;
2.01, 0.155862,-0.192239,-0.102242,0,0,0,0;
2.02, 0.155661,-0.192169,-0.102169,0,0,0,0;
2.03, 0.155525,-0.192146,-0.102116,0,0,0,0;
2.04, 0.155202,-0.192027,-0.102001,0,0,0,0;
2.05, 0.155072,-0.19203,-0.101944,0,0,0,0;
2.06, 0.15498,-0.192063,-0.101899,0,0,0,0;
2.07, 0.154733,-0.191968,-0.101811,0,0,0,0;
2.08, 0.154617,-0.191946,-0.101765,0,0,0,0;
2.09, 0.154446,-0.191902,-0.1017,0,0,0,0;
2.1, 0.154246,-0.191843,-0.101625,0,0,0,0;
2.11, 0.154209,-0.191881,-0.101601,0,0,0,0;
2.12, 0.154055,-0.191834,-0.101544,0,0,0,0;
2.13, 0.153847,-0.191744,-0.101471,0,0,0,0;
2.14, 0.153822,-0.191788,-0.101451,0,0,0,0;
2.15, 0.153615,-0.191743,-0.101369,0,0,0,0;
2.16, 0.153302,-0.191613,-0.101258,0,0,0,0;
2.17, 0.153148,-0.191566,-0.101199,0,0,0,0;
2.18, 0.152922,-0.191478,-0.101118,0,0,0,0;
2.19, 0.152609,-0.19134,-0.101008,0,0,0,0;
2.2, 0.152555,-0.191365,-0.100979,0,0,0,0;
2.21, 0.152497,-0.191375,-0.100951,0,0,0,0;
2.22, 0.152323,-0.191313,-0.100887,0,0,0,0;
2.23, 0.152147,-0.191261,-0.100819,0,0,0,0;
2.24, 0.15195,-0.191192,-0.100746,0,0,0,0;
2.25, 0.1517,-0.191094,-0.100655,0,0,0,0;
2.26, 0.151531,-0.191045,-0.100589,0,0,0,0;
2.27, 0.151357,-0.190989,-0.100523,0,0,0,0;
2.28, 0.151246,-0.190973,-0.100476,0,0,0,0;
2.29, 0.151028,-0.190891,-0.100395,0,0,0,0;
2.3, 0.15092,-0.190881,-0.100349,0,0,0,0;
2.31, 0.150804,-0.190863,-0.1003,0,0,0,0;
2.32, 0.150578,-0.190777,-0.100216,0,0,0,0;
2.33, 0.150436,-0.190744,-0.100158,0,0,0,0;
2.34, 0.150336,-0.190733,-0.100115,0,0,0,0;
2.35, 0.150175,-0.190681,-0.100053,0,0,0,0;
2.36, 0.150139,-0.190711,-0.100029,0,0,0,0;
2.37, 0.149941,-0.190643,-0.0999535,0,0,0,0;
2.38, 0.14975,-0.190577,-0.0998799,0,0,0,0;
2.39, 0.149676,-0.190584,-0.0998439,0,0,0,0;
2.4, 0.149499,-0.190527,-0.0997754,0,0,0,0;
2.41, 0.149428,-0.190533,-0.0997408,0,0,0,0;
2.42, 0.149247,-0.190473,-0.0996706,0,0,0,0;
2.43, 0.149136,-0.190458,-0.0996221,0,0,0,0;
2.44, 0.148918,-0.190375,-0.0995402,0,0,0,0;
2.45, 0.148753,-0.190324,-0.0994746,0,0,0,0;
2.46, 0.148465,-0.190192,-0.0993708,0,0,0,0;
2.47, 0.148241,-0.190098,-0.0992873,0,0,0,0;
2.48, 0.147957,-0.189968,-0.0991844,0,0,0,0;
2.49, 0.147748,-0.189889,-0.0991046,0,0,0,0;
2.5, 0.147547,-0.189815,-0.0990265,0,0,0,0;
2.51, 0.147377,-0.189758,-0.0989589,0,0,0,0;
2.52, 0.147132,-0.189652,-0.0988684,0,0,0,0;
2.53, 0.147072,-0.189666,-0.0988362,0,0,0,0;
2.54, 0.146915,-0.189627,-0.0987706,0,0,0,0;
2.55, 0.146649,-0.189508,-0.0986718,0,0,0,0;
2.56, 0.146672,-0.189571,-0.098667,0,0,0,0;
2.57, 0.146562,-0.189546,-0.0986202,0,0,0,0;
2.58, 0.146514,-0.189563,-0.0985926,0,0,0,0;
2.59, 0.146519,-0.1896,-0.0985858,0,0,0,0;
2.6, 0.146419,-0.189582,-0.0985425,0,0,0,0;
2.61, 0.146322,-0.18958,-0.0984959,0,0,0,0;
2.62, 0.146171,-0.18956,-0.0984275,0,0,0,0;
2.63, 0.146018,-0.189511,-0.0983651,0,0,0,0;
2.64, 0.145799,-0.189423,-0.0982804,0,0,0,0;
2.65, 0.145582,-0.189331,-0.0981974,0,0,0,0;
2.66, 0.145358,-0.189226,-0.0981148,0,0,0,0;
2.67, 0.145199,-0.189166,-0.0980526,0,0,0,0;
2.68, 0.144959,-0.189066,-0.0979596,0,0,0,0;
2.69, 0.144723,-0.188958,-0.0978709,0,0,0,0;
2.7, 0.144608,-0.188932,-0.0978205,0,0,0,0;
2.71, 0.144477,-0.188884,-0.0977681,0,0,0,0;
2.72, 0.144186,-0.188744,-0.0976604,0,0,0,0;
2.73, 0.144072,-0.188722,-0.0976086,0,0,0,0;
2.74, 0.143829,-0.188616,-0.0975152,0,0,0,0;
2.75, 0.143584,-0.188499,-0.0974236,0,0,0,0;
2.76, 0.143295,-0.188359,-0.0973161,0,0,0,0;
2.77, 0.143136,-0.188306,-0.09725,0,0,0,0;
2.78, 0.142911,-0.188208,-0.0971631,0,0,0,0;
2.79, 0.142826,-0.188199,-0.0971221,0,0,0,0;
2.8, 0.14265,-0.188136,-0.0970499,0,0,0,0;
2.81, 0.14261,-0.188156,-0.0970233,0,0,0,0;
2.82, 0.142468,-0.188114,-0.0969628,0,0,0,0;
2.83, 0.142384,-0.188109,-0.0969205,0,0,0,0;
2.84, 0.142272,-0.188081,-0.0968704,0,0,0,0;
2.85, 0.142186,-0.188069,-0.0968294,0,0,0,0;
2.86, 0.142041,-0.188017,-0.0967695,0,0,0,0;
2.87, 0.141924,-0.187982,-0.0967188,0,0,0,0;
2.88, 0.141731,-0.187901,-0.0966416,0,0,0,0;
2.89, 0.141676,-0.187919,-0.0966079,0,0,0,0;
2.9, 0.141456,-0.187823,-0.0965207,0,0,0,0;
2.91, 0.141172,-0.187677,-0.096415,0,0,0,0;
2.92, 0.141052,-0.187651,-0.0963593,0,0,0,0;
2.93, 0.140814,-0.187533,-0.0962692,0,0,0,0;
2.94, 0.140685,-0.187492,-0.0962131,0,0,0,0;
2.95, 0.140481,-0.187399,-0.0961332,0,0,0,0;
2.96, 0.140294,-0.18732,-0.096058,0,0,0,0;
2.97, 0.14008,-0.187228,-0.0959718,0,0,0,0;
2.98, 0.139881,-0.187136,-0.0958935,0,0,0,0;
2.99, 0.139586,-0.186981,-0.095783,0,0,0,0;
3, 0.139352,-0.186871,-0.0956914,0,0,0,0;
3.01, 0.139184,-0.186803,-0.0956218,0,0,0,0;
3.02, 0.138978,-0.186706,-0.0955409,0,0,0,0;
3.03, 0.138874,-0.186682,-0.0954916,0,0,0,0;
3.04, 0.138748,-0.186646,-0.095434,0,0,0,0;
3.05, 0.138557,-0.186561,-0.0953569,0,0,0,0;
3.06, 0.138438,-0.18653,-0.0953014,0,0,0,0;
3.07, 0.138207,-0.186417,-0.0952114,0,0,0,0;
3.08, 0.138048,-0.186348,-0.0951462,0,0,0,0;
3.09, 0.13794,-0.186329,-0.0950923,0,0,0,0;
3.1, 0.137678,-0.186187,-0.0949939,0,0,0,0;
3.11, 0.137631,-0.18622,-0.0949571,0,0,0,0;
3.12, 0.137523,-0.186199,-0.0949039,0,0,0,0;
3.13, 0.137207,-0.185991,-0.0947966,0,0,0,0;
3.14, 0.136963,-0.185841,-0.0947107,0,0,0,0;
3.15, 0.136925,-0.185909,-0.0946664,0,0,0,0;
3.16, 0.136772,-0.185858,-0.0945977,0,0,0,0;
3.17, 0.136759,-0.185931,-0.0945642,0,0,0,0;
3.18, 0.136644,-0.185901,-0.0945088,0,0,0,0;
3.19, 0.136562,-0.185871,-0.0944733,0,0,0,0;
3.2, 0.136423,-0.185808,-0.0944156,0,0,0,0;
3.21, 0.136336,-0.185778,-0.0943765,0,0,0,0;
3.22, 0.136174,-0.185698,-0.0943123,0,0,0,0;
3.23, 0.135986,-0.185633,-0.0942271,0,0,0,0;
3.24, 0.135775,-0.185539,-0.0941391,0,0,0,0;
3.25, 0.135543,-0.185399,-0.0940551,0,0,0,0;
3.26, 0.135379,-0.185309,-0.0939923,0,0,0,0;
3.27, 0.135213,-0.185246,-0.0939185,0,0,0,0;
3.28, 0.135029,-0.185172,-0.093838,0,0,0,0;
3.29, 0.13493,-0.185134,-0.0937936,0,0,0,0;
3.3, 0.13476,-0.18506,-0.093721,0,0,0,0;
3.31, 0.134504,-0.184934,-0.0936167,0,0,0,0;
3.32, 0.134474,-0.184941,-0.0935963,0,0,0,0;
3.33, 0.134291,-0.184857,-0.0935192,0,0,0,0;
3.34, 0.134148,-0.184806,-0.0934533,0,0,0,0;
3.35, 0.133932,-0.184698,-0.0933657,0,0,0,0;
3.36, 0.133756,-0.184612,-0.0932931,0,0,0,0;
3.37, 0.133475,-0.184467,-0.0931806,0,0,0,0;
3.38, 0.133284,-0.184381,-0.0930983,0,0,0,0;
3.39, 0.133059,-0.184268,-0.0930053,0,0,0,0;
3.4, 0.132909,-0.184196,-0.0929426,0,0,0,0;
3.41, 0.132665,-0.18407,-0.0928436,0,0,0,0;
3.42, 0.132503,-0.183997,-0.0927728,0,0,0,0;
3.43, 0.132311,-0.183904,-0.0926925,0,0,0,0;
3.44, 0.132157,-0.183837,-0.0926244,0,0,0,0;
3.45, 0.132091,-0.183832,-0.0925861,0,0,0,0;
3.46, 0.132005,-0.183812,-0.0925411,0,0,0,0;
3.47, 0.131874,-0.18376,-0.0924805,0,0,0,0;
3.48, 0.131763,-0.183721,-0.0924273,0,0,0,0;
3.49, 0.131461,-0.183553,-0.0923076,0,0,0,0;
3.5, 0.131273,-0.183456,-0.0922298,0,0,0,0;
3.51, 0.131182,-0.183421,-0.0921872,0,0,0,0;
3.52, 0.130959,-0.183308,-0.0920938,0,0,0,0;
3.53, 0.130767,-0.183216,-0.092011,0,0,0,0;
3.54, 0.130544,-0.1831,-0.0919179,0,0,0,0;
3.55, 0.130391,-0.183029,-0.0918503,0,0,0,0;
3.56, 0.130161,-0.18291,-0.091754,0,0,0,0;
3.57, 0.130021,-0.182843,-0.0916931,0,0,0,0;
3.58, 0.12998,-0.182848,-0.0916649,0,0,0,0;
3.59, 0.129787,-0.182753,-0.0915819,0,0,0,0;
3.6, 0.129571,-0.182641,-0.091491,0,0,0,0;
3.61, 0.129381,-0.182544,-0.0914101,0,0,0,0;
3.62, 0.129151,-0.182412,-0.0913184,0,0,0,0;
3.63, 0.128975,-0.182324,-0.0912423,0,0,0,0;
3.64, 0.128902,-0.182305,-0.0912029,0,0,0,0;
3.65, 0.128614,-0.182138,-0.0910877,0,0,0,0;
3.66, 0.128542,-0.182116,-0.0910502,0,0,0,0;
3.67, 0.128401,-0.182055,-0.0909845,0,0,0,0;
3.68, 0.128304,-0.182017,-0.0909378,0,0,0,0;
3.69, 0.128223,-0.182,-0.0908922,0,0,0,0;
3.7, 0.127966,-0.181843,-0.0907923,0,0,0,0;
3.71, 0.127798,-0.181766,-0.0907154,0,0,0,0;
3.72, 0.127787,-0.181793,-0.0906952,0,0,0,0;
3.73, 0.127596,-0.181696,-0.090612,0,0,0,0;
3.74, 0.127416,-0.1816,-0.0905355,0,0,0,0;
3.75, 0.127247,-0.181512,-0.0904623,0,0,0,0;
3.76, 0.127081,-0.181424,-0.0903905,0,0,0,0;
3.77, 0.12688,-0.181317,-0.0903048,0,0,0,0;
3.78, 0.126803,-0.181295,-0.0902628,0,0,0,0;
3.79, 0.126653,-0.181225,-0.0901933,0,0,0,0;
3.8, 0.126525,-0.18117,-0.0901318,0,0,0,0;
3.81, 0.126517,-0.18121,-0.0901064,0,0,0,0;
3.82, 0.126247,-0.181054,-0.089995,0,0,0,0;
3.83, 0.126002,-0.180905,-0.089897,0,0,0,0;
3.84, 0.125839,-0.180818,-0.0898263,0,0,0,0;
3.85, 0.12554,-0.180639,-0.0897053,0,0,0,0;
3.86, 0.125442,-0.180601,-0.0896554,0,0,0,0;
3.87, 0.12532,-0.180551,-0.0895941,0,0,0,0;
3.88, 0.12517,-0.180481,-0.0895238,0,0,0,0;
3.89, 0.12492,-0.180337,-0.0894189,0,0,0,0;
3.9, 0.124767,-0.180261,-0.0893486,0,0,0,0;
3.91, 0.124573,-0.180153,-0.0892641,0,0,0,0;
3.92, 0.124517,-0.180143,-0.0892299,0,0,0,0;
3.93, 0.124404,-0.180093,-0.0891744,0,0,0,0;
3.94, 0.124234,-0.180002,-0.0890983,0,0,0,0;
3.95, 0.124223,-0.180023,-0.0890797,0,0,0,0;
3.96, 0.124075,-0.179945,-0.0890127,0,0,0,0;
3.97, 0.123935,-0.179876,-0.0889473,0,0,0,0;
3.98, 0.123682,-0.179722,-0.0888439,0,0,0,0;
3.99, 0.123541,-0.17965,-0.0887785,0,0,0,0;
4, 0.123382,-0.179569,-0.0887048,0,0,0,0;
4.01, 0.123213,-0.179478,-0.0886285,0,0,0,0;
4.02, 0.122999,-0.179355,-0.0885366,0,0,0,0;
4.03, 0.122877,-0.179297,-0.0884772,0,0,0,0;
4.04, 0.122721,-0.179215,-0.0884055,0,0,0,0;
4.05, 0.122479,-0.179069,-0.0883031,0,0,0,0;
4.06, 0.122316,-0.178981,-0.0882289,0,0,0,0;
4.07, 0.122156,-0.178896,-0.0881554,0,0,0,0;
4.08, 0.121999,-0.178811,-0.0880839,0,0,0,0;
4.09, 0.12188,-0.178751,-0.0880269,0,0,0,0;
4.1, 0.121772,-0.178702,-0.0879718,0,0,0,0;
4.11, 0.121801,-0.178751,-0.0879666,0,0,0,0;
4.12, 0.121643,-0.178665,-0.0878945,0,0,0,0;
4.13, 0.121325,-0.178464,-0.0877641,0,0,0,0;
4.14, 0.121221,-0.178418,-0.0877096,0,0,0,0;
4.15, 0.121026,-0.178299,-0.0876272,0,0,0,0;
4.16, 0.120833,-0.178185,-0.0875428,0,0,0,0;
4.17, 0.120561,-0.178015,-0.0874289,0,0,0,0;
4.18, 0.120358,-0.177893,-0.0873418,0,0,0,0;
4.19, 0.12006,-0.177703,-0.0872187,0,0,0,0;
4.2, 0.120049,-0.177726,-0.0871965,0,0,0,0;
4.21, 0.119957,-0.177686,-0.0871473,0,0,0,0;
4.22, 0.11971,-0.17753,-0.0870427,0,0,0,0;
4.23, 0.119697,-0.177552,-0.0870196,0,0,0,0;
4.24, 0.119436,-0.177391,-0.0869084,0,0,0,0;
4.25, 0.119521,-0.177478,-0.0869253,0,0,0,0;
4.26, 0.119296,-0.177338,-0.0868284,0,0,0,0;
4.27, 0.119209,-0.177305,-0.086778,0,0,0,0;
4.28, 0.119057,-0.177215,-0.0867103,0,0,0,0;
4.29, 0.118951,-0.177157,-0.0866603,0,0,0,0;
4.3, 0.118752,-0.177041,-0.0865693,0,0,0,0;
4.31, 0.118705,-0.177027,-0.0865386,0,0,0,0;
4.32, 0.118602,-0.176973,-0.0864882,0,0,0,0;
4.33, 0.118463,-0.176899,-0.0864207,0,0,0,0;
4.34, 0.118338,-0.176835,-0.0863569,0,0,0,0;
4.35, 0.11819,-0.176752,-0.0862872,0,0,0,0;
4.36, 0.11791,-0.176569,-0.08617,0,0,0,0;
4.37, 0.117846,-0.176552,-0.0861271,0,0,0,0;
4.38, 0.117487,-0.17631,-0.0859823,0,0,0,0;
4.39, 0.11736,-0.176245,-0.0859173,0,0,0,0;
4.4, 0.117116,-0.176082,-0.0858163,0,0,0,0;
4.41, 0.116877,-0.175929,-0.0857144,0,0,0,0;
4.42, 0.116636,-0.175777,-0.0856085,0,0,0,0;
4.43, 0.116442,-0.175665,-0.0855166,0,0,0,0;
4.44, 0.116134,-0.175458,-0.0853894,0,0,0,0;
4.45, 0.115746,-0.175195,-0.0852292,0,0,0,0;
4.46, 0.115513,-0.175047,-0.0851264,0,0,0,0;
4.47, 0.115297,-0.174909,-0.0850308,0,0,0,0;
4.48, 0.115332,-0.174957,-0.0850278,0,0,0,0;
4.49, 0.115351,-0.174997,-0.0850165,0,0,0,0;
4.5, 0.115329,-0.175002,-0.0849929,0,0,0,0;
4.51, 0.115291,-0.17499,-0.0849682,0,0,0,0;
4.52, 0.115069,-0.174847,-0.0848696,0,0,0,0;
4.53, 0.114971,-0.174799,-0.0848153,0,0,0,0;
4.54, 0.114755,-0.174661,-0.0847196,0,0,0,0;
4.55, 0.114634,-0.174593,-0.0846587,0,0,0,0;
4.56, 0.114494,-0.174512,-0.0845905,0,0,0,0;
4.57, 0.114324,-0.174407,-0.0845117,0,0,0,0;
4.58, 0.114159,-0.174305,-0.0844341,0,0,0,0;
4.59, 0.114017,-0.17422,-0.0843661,0,0,0,0;
4.6, 0.114004,-0.174231,-0.0843455,0,0,0,0;
4.61, 0.113845,-0.174133,-0.0842709,0,0,0,0;
4.62, 0.113693,-0.17404,-0.084198,0,0,0,0;
4.63, 0.113364,-0.173809,-0.0840641,0,0,0,0;
4.64, 0.113214,-0.173719,-0.0839912,0,0,0,0;
4.65, 0.113023,-0.173597,-0.0839037,0,0,0,0;
4.66, 0.112674,-0.173357,-0.0837564,0,0,0,0;
4.67, 0.112606,-0.173326,-0.0837142,0,0,0,0;
4.68, 0.112424,-0.17321,-0.0836304,0,0,0,0;
4.69, 0.112303,-0.173141,-0.0835667,0,0,0,0;
4.7, 0.112142,-0.173038,-0.083492,0,0,0,0;
4.71, 0.112009,-0.17296,-0.0834241,0,0,0,0;
4.72, 0.111813,-0.17283,-0.0833363,0,0,0,0;
4.73, 0.111639,-0.172718,-0.0832544,0,0,0,0;
4.74, 0.111559,-0.172678,-0.0832076,0,0,0,0;
4.75, 0.111446,-0.172612,-0.0831487,0,0,0,0;
4.76, 0.111277,-0.172502,-0.0830705,0,0,0,0;
4.77, 0.111051,-0.172351,-0.0829694,0,0,0,0;
4.78, 0.11079,-0.172172,-0.0828549,0,0,0,0;
4.79, 0.110714,-0.172134,-0.0828101,0,0,0,0;
4.8, 0.110494,-0.171985,-0.0827103,0,0,0,0;
4.81, 0.110192,-0.171776,-0.0825782,0,0,0,0;
4.82, 0.110114,-0.171736,-0.0825326,0,0,0,0;
4.83, 0.109994,-0.171661,-0.0824729,0,0,0,0;
4.84, 0.109869,-0.171585,-0.0824087,0,0,0,0;
4.85, 0.109477,-0.171302,-0.0822466,0,0,0,0;
4.86, 0.109299,-0.171186,-0.0821603,0,0,0,0;
4.87, 0.109148,-0.171087,-0.0820892,0,0,0,0;
4.88, 0.10911,-0.171077,-0.0820575,0,0,0,0;
4.89, 0.108861,-0.170907,-0.0819435,0,0,0,0;
4.9, 0.108952,-0.170994,-0.0819626,0,0,0,0;
4.91, 0.108876,-0.170955,-0.0819148,0,0,0,0;
4.92, 0.108807,-0.17092,-0.0818722,0,0,0,0;
4.93, 0.108908,-0.171018,-0.0818908,0,0,0,0;
4.94, 0.108806,-0.170953,-0.0818401,0,0,0,0;
4.95, 0.108702,-0.170885,-0.0817901,0,0,0,0;
4.96, 0.108704,-0.170906,-0.0817721,0,0,0,0;
4.97, 0.108396,-0.170689,-0.0816363,0,0,0,0;
4.98, 0.108246,-0.170589,-0.0815646,0,0,0,0;
4.99, 0.108107,-0.170501,-0.0814939,0,0,0,0;
5, 0.107905,-0.170361,-0.0814015,0,0,0,0;
5.01, 0.107712,-0.170228,-0.0813126,0,0,0,0;
5.02, 0.107507,-0.170083,-0.0812213,0,0,0,0;
5.03, 0.107347,-0.169974,-0.0811449,0,0,0,0;
5.04, 0.107147,-0.169836,-0.0810524,0,0,0,0;
5.05, 0.106959,-0.169706,-0.080966,0,0,0,0;
5.06, 0.10681,-0.169608,-0.0808907,0,0,0,0;
5.07, 0.106735,-0.169566,-0.0808443,0,0,0,0;
5.08, 0.106579,-0.169462,-0.0807677,0,0,0,0;
5.09, 0.106412,-0.169347,-0.0806883,0,0,0,0;
5.1, 0.106208,-0.169203,-0.080595,0,0,0,0;
5.11, 0.106081,-0.16912,-0.0805287,0,0,0,0;
5.12, 0.106019,-0.169088,-0.0804888,0,0,0,0;
5.13, 0.105808,-0.168938,-0.0803919,0,0,0,0;
5.14, 0.105607,-0.168795,-0.0802986,0,0,0,0;
5.15, 0.105412,-0.168658,-0.0802075,0,0,0,0;
5.16, 0.105223,-0.168525,-0.0801194,0,0,0,0;
5.17, 0.105002,-0.168366,-0.0800193,0,0,0,0;
5.18, 0.104839,-0.16825,-0.0799443,0,0,0,0;
5.19, 0.104671,-0.168131,-0.0798641,0,0,0,0;
5.2, 0.104497,-0.168008,-0.0797805,0,0,0,0;
5.21, 0.104265,-0.16784,-0.0796741,0,0,0,0;
5.22, 0.104076,-0.167705,-0.0795862,0,0,0,0;
5.23, 0.104001,-0.16766,-0.0795411,0,0,0,0;
5.24, 0.103802,-0.167517,-0.0794473,0,0,0,0;
5.25, 0.103788,-0.167522,-0.0794232,0,0,0,0;
5.26, 0.103739,-0.167499,-0.079387,0,0,0,0;
5.27, 0.103448,-0.167282,-0.079259,0,0,0,0;
5.28, 0.103332,-0.167206,-0.0791942,0,0,0,0;
5.29, 0.103155,-0.167078,-0.0791123,0,0,0,0;
5.3, 0.103018,-0.166986,-0.0790384,0,0,0,0;
5.31, 0.102952,-0.166947,-0.078996,0,0,0,0;
5.32, 0.102668,-0.166735,-0.0788695,0,0,0,0;
5.33, 0.102517,-0.166627,-0.0787965,0,0,0,0;
5.34, 0.102256,-0.166432,-0.0786811,0,0,0,0;
5.35, 0.101892,-0.166155,-0.0785236,0,0,0,0;
5.36, 0.101753,-0.166055,-0.0784542,0,0,0,0;
5.37, 0.101624,-0.165967,-0.078385,0,0,0,0;
5.38, 0.101488,-0.16587,-0.0783182,0,0,0,0;
5.39, 0.101584,-0.16596,-0.0783345,0,0,0,0;
5.4, 0.101411,-0.165834,-0.0782485,0,0,0,0;
5.41, 0.101407,-0.165843,-0.0782308,0,0,0,0;
5.42, 0.101294,-0.165767,-0.0781677,0,0,0,0;
5.43, 0.101326,-0.165803,-0.0781645,0,0,0,0;
5.44, 0.101215,-0.165727,-0.0781054,0,0,0,0;
5.45, 0.101162,-0.165698,-0.0780649,0,0,0,0;
5.46, 0.100938,-0.165529,-0.0779651,0,0,0,0;
5.47, 0.100723,-0.165367,-0.0778666,0,0,0,0;
5.48, 0.100452,-0.165161,-0.0777459,0,0,0,0;
5.49, 0.100268,-0.165023,-0.0776581,0,0,0,0;
5.5, 0.100108,-0.164906,-0.0775818,0,0,0,0;
5.51, 0.0999351,-0.164777,-0.0774977,0,0,0,0;
5.52, 0.0997676,-0.164653,-0.0774175,0,0,0,0;
5.53, 0.0995375,-0.16448,-0.0773086,0,0,0,0;
5.54, 0.0993474,-0.164337,-0.0772182,0,0,0,0;
5.55, 0.0992784,-0.164294,-0.0771699,0,0,0,0;
5.56, 0.0991393,-0.164193,-0.0770988,0,0,0,0;
5.57, 0.0989406,-0.164043,-0.077005,0,0,0,0;
5.58, 0.0988368,-0.16397,-0.0769456,0,0,0,0;
5.59, 0.0986343,-0.163815,-0.0768529,0,0,0,0;
5.6, 0.0985364,-0.163745,-0.0767992,0,0,0,0;
5.61, 0.0984412,-0.163678,-0.0767467,0,0,0,0;
5.62, 0.0982278,-0.163515,-0.0766468,0,0,0,0;
5.63, 0.0979962,-0.163337,-0.0765375,0,0,0,0;
5.64, 0.0977971,-0.163185,-0.0764429,0,0,0,0;
5.65, 0.0975465,-0.162991,-0.0763254,0,0,0,0;
5.66, 0.0974274,-0.162904,-0.076261,0,0,0,0;
5.67, 0.0971287,-0.162669,-0.0761279,0,0,0,0;
5.68, 0.0970034,-0.162577,-0.0760603,0,0,0,0;
5.69, 0.0968138,-0.162432,-0.0759691,0,0,0,0;
5.7, 0.0966872,-0.162338,-0.0758992,0,0,0,0;
5.71, 0.0965052,-0.162199,-0.0758087,0,0,0,0;
5.72, 0.0963446,-0.162077,-0.0757286,0,0,0,0;
5.73, 0.0962553,-0.162012,-0.0756779,0,0,0,0;
5.74, 0.0959054,-0.161731,-0.0755285,0,0,0,0;
5.75, 0.0958148,-0.161667,-0.0754713,0,0,0,0;
5.76, 0.0956289,-0.161524,-0.0753778,0,0,0,0;
5.77, 0.0955545,-0.161471,-0.0753316,0,0,0,0;
5.78, 0.0954911,-0.161428,-0.0752902,0,0,0,0;
5.79, 0.0951714,-0.161174,-0.0751454,0,0,0,0;
5.8, 0.0950604,-0.16109,-0.0750849,0,0,0,0;
5.81, 0.0948584,-0.160931,-0.0749881,0,0,0,0;
5.82, 0.0947251,-0.160829,-0.0749157,0,0,0,0;
5.83, 0.0946612,-0.160786,-0.0748677,0,0,0,0;
5.84, 0.0943952,-0.160573,-0.0747479,0,0,0,0;
5.85, 0.0943655,-0.160555,-0.0747248,0,0,0,0;
5.86, 0.0943285,-0.160533,-0.0746903,0,0,0,0;
5.87, 0.0943354,-0.160546,-0.0746736,0,0,0,0;
5.88, 0.0943246,-0.160545,-0.0746494,0,0,0,0;
5.89, 0.0941048,-0.16037,-0.0745466,0,0,0,0;
5.9, 0.0939024,-0.160209,-0.0744515,0,0,0,0;
5.91, 0.0938637,-0.160183,-0.0744212,0,0,0,0;
5.92, 0.093757,-0.160102,-0.0743615,0,0,0,0;
5.93, 0.0936672,-0.160035,-0.0743069,0,0,0,0;
5.94, 0.0935908,-0.159977,-0.0742631,0,0,0,0;
5.95, 0.0934069,-0.15983,-0.0741764,0,0,0,0;
5.96, 0.0931683,-0.159638,-0.0740678,0,0,0,0;
5.97, 0.0930281,-0.159527,-0.0739972,0,0,0,0;
5.98, 0.0928069,-0.159349,-0.0738922,0,0,0,0;
5.99, 0.0926817,-0.15925,-0.0738279,0,0,0,0;
6, 0.0925966,-0.159186,-0.0737744,0,0,0,0;
6.01, 0.0924267,-0.15905,-0.0736915,0,0,0,0;
6.02, 0.092273,-0.158928,-0.0736129,0,0,0,0;
6.03, 0.0921444,-0.158827,-0.0735426,0,0,0,0;
6.04, 0.0918988,-0.158626,-0.0734299,0,0,0,0;
6.05, 0.091844,-0.158587,-0.0733854,0,0,0,0;
6.06, 0.091629,-0.158413,-0.0732841,0,0,0,0;
6.07, 0.0914117,-0.158235,-0.0731841,0,0,0,0;
6.08, 0.0912916,-0.15814,-0.0731191,0,0,0,0;
6.09, 0.0910986,-0.157984,-0.0730212,0,0,0,0;
6.1, 0.0909713,-0.157882,-0.0729537,0,0,0,0;
6.11, 0.0907097,-0.157667,-0.0728347,0,0,0,0;
6.12, 0.0905123,-0.157506,-0.0727404,0,0,0,0;
6.13, 0.0903545,-0.157378,-0.0726609,0,0,0,0;
6.14, 0.0904121,-0.157433,-0.072659,0,0,0,0;
6.15, 0.0901962,-0.157255,-0.0725548,0,0,0,0;
6.16, 0.0900651,-0.15715,-0.0724816,0,0,0,0;
6.17, 0.0900821,-0.157169,-0.0724701,0,0,0,0;
6.18, 0.089997,-0.157102,-0.0724181,0,0,0,0;
6.19, 0.0897281,-0.156879,-0.0722975,0,0,0,0;
6.2, 0.0895222,-0.156708,-0.0721991,0,0,0,0;
6.21, 0.0893941,-0.156604,-0.07213,0,0,0,0;
6.22, 0.089149,-0.1564,-0.0720173,0,0,0,0;
6.23, 0.0891112,-0.156372,-0.0719844,0,0,0,0;
6.24, 0.0889372,-0.156228,-0.0718981,0,0,0,0;
6.25, 0.0888592,-0.156166,-0.0718496,0,0,0,0;
6.26, 0.0884748,-0.155842,-0.0716826,0,0,0,0;
6.27, 0.0883942,-0.155777,-0.0716308,0,0,0,0;
6.28, 0.0881705,-0.15559,-0.0715225,0,0,0,0;
6.29, 0.0879165,-0.155377,-0.0714071,0,0,0,0;
6.3, 0.0879175,-0.155382,-0.0713892,0,0,0,0;
6.31, 0.0877018,-0.155201,-0.0712918,0,0,0,0;
6.32, 0.0876813,-0.155187,-0.0712627,0,0,0,0;
6.33, 0.0875492,-0.155077,-0.0711943,0,0,0,0;
6.34, 0.0872356,-0.154812,-0.071052,0,0,0,0;
6.35, 0.0872857,-0.154857,-0.0710506,0,0,0,0;
6.36, 0.0871777,-0.154768,-0.0709879,0,0,0,0;
6.37, 0.0869538,-0.154579,-0.0708819,0,0,0,0;
6.38, 0.0867447,-0.154403,-0.0707777,0,0,0,0;
6.39, 0.0865699,-0.154255,-0.0706902,0,0,0,0;
6.4, 0.086415,-0.154124,-0.0706141,0,0,0,0;
6.41, 0.086379,-0.154096,-0.0705832,0,0,0,0;
6.42, 0.0862239,-0.153965,-0.0705032,0,0,0,0;
6.43, 0.0860102,-0.153783,-0.070398,0,0,0,0;
6.44, 0.0858263,-0.153627,-0.0703076,0,0,0,0;
6.45, 0.0855913,-0.153426,-0.070193,0,0,0,0;
6.46, 0.0852748,-0.153155,-0.070049,0,0,0,0;
6.47, 0.0850909,-0.152998,-0.0699545,0,0,0,0;
6.48, 0.0849269,-0.152858,-0.0698694,0,0,0,0;
6.49, 0.0848414,-0.152786,-0.0698181,0,0,0,0;
6.5, 0.0846789,-0.152647,-0.0697311,0,0,0,0;
6.51, 0.0846224,-0.152599,-0.0696898,0,0,0,0;
6.52, 0.0845986,-0.15258,-0.0696611,0,0,0,0;
6.53, 0.0844875,-0.152485,-0.0695957,0,0,0,0;
6.54, 0.0844043,-0.152414,-0.0695417,0,0,0,0;
6.55, 0.0842278,-0.152262,-0.0694552,0,0,0,0;
6.56, 0.0842523,-0.152284,-0.0694467,0,0,0,0;
6.57, 0.084153,-0.152198,-0.0693859,0,0,0,0;
6.58, 0.0839894,-0.152057,-0.0693045,0,0,0,0;
6.59, 0.083878,-0.151962,-0.0692465,0,0,0,0;
6.6, 0.0836654,-0.151779,-0.0691453,0,0,0,0;
6.61, 0.0835114,-0.151645,-0.0690659,0,0,0,0;
6.62, 0.083441,-0.151585,-0.069022,0,0,0,0;
6.63, 0.0833164,-0.151476,-0.0689542,0,0,0,0;
6.64, 0.0832072,-0.151381,-0.0688878,0,0,0,0;
6.65, 0.0830235,-0.151221,-0.0687934,0,0,0,0;
6.66, 0.0826405,-0.150886,-0.0686206,0,0,0,0;
6.67, 0.0824784,-0.150745,-0.0685371,0,0,0,0;
6.68, 0.0823254,-0.150611,-0.0684558,0,0,0,0;
6.69, 0.0822515,-0.150546,-0.0684093,0,0,0,0;
6.7, 0.0820587,-0.150378,-0.0683163,0,0,0,0;
6.71, 0.0820121,-0.150337,-0.0682819,0,0,0,0;
6.72, 0.0819703,-0.150299,-0.0682447,0,0,0,0;
6.73, 0.0819484,-0.150279,-0.0682149,0,0,0,0;
6.74, 0.0817363,-0.150093,-0.0681138,0,0,0,0;
6.75, 0.0815186,-0.149901,-0.0680064,0,0,0,0;
6.76, 0.0813881,-0.149786,-0.0679369,0,0,0,0;
6.77, 0.0812665,-0.149679,-0.0678722,0,0,0,0;
6.78, 0.0812418,-0.149656,-0.0678414,0,0,0,0;
6.79, 0.0810978,-0.149529,-0.067766,0,0,0,0;
6.8, 0.0810089,-0.149449,-0.0677083,0,0,0,0;
6.81, 0.0809027,-0.149354,-0.0676463,0,0,0,0;
6.82, 0.0807523,-0.14922,-0.0675677,0,0,0,0;
6.83, 0.0805623,-0.149051,-0.0674723,0,0,0,0;
6.84, 0.0804238,-0.148928,-0.0673975,0,0,0,0;
6.85, 0.0803003,-0.148817,-0.0673279,0,0,0,0;
6.86, 0.0801853,-0.148714,-0.0672607,0,0,0,0;
6.87, 0.0801035,-0.14864,-0.0672092,0,0,0,0;
6.88, 0.0797055,-0.148287,-0.0670327,0,0,0,0;
6.89, 0.0796747,-0.148258,-0.0670023,0,0,0,0;
6.9, 0.0795092,-0.14811,-0.0669181,0,0,0,0;
6.91, 0.0793461,-0.147963,-0.0668343,0,0,0,0;
6.92, 0.0793213,-0.147938,-0.0668017,0,0,0,0;
6.93, 0.0793184,-0.147933,-0.0667786,0,0,0,0;
6.94, 0.0791997,-0.147826,-0.0667144,0,0,0,0;
6.95, 0.0790183,-0.147663,-0.0666263,0,0,0,0;
6.96, 0.0788247,-0.14749,-0.0665323,0,0,0,0;
6.97, 0.0786122,-0.147298,-0.0664278,0,0,0,0;
6.98, 0.0786106,-0.147293,-0.0664048,0,0,0,0;
6.99, 0.0784806,-0.147174,-0.0663323,0,0,0,0;
7, 0.0783416,-0.147047,-0.066254,0,0,0,0;
7.01, 0.0783506,-0.147052,-0.0662375,0,0,0,0;
7.02, 0.0780373,-0.14677,-0.0660906,0,0,0,0;
7.03, 0.0778576,-0.146607,-0.0659994,0,0,0,0;
7.04, 0.0775855,-0.14636,-0.0658699,0,0,0,0;
7.05, 0.0773354,-0.146134,-0.065752,0,0,0,0;
7.06, 0.0771275,-0.145947,-0.0656533,0,0,0,0;
7.07, 0.0767967,-0.145649,-0.0655055,0,0,0,0;
7.08, 0.0767441,-0.145599,-0.065467,0,0,0,0;
7.09, 0.0765956,-0.14546,-0.0653861,0,0,0,0;
7.1, 0.0766206,-0.145478,-0.0653758,0,0,0,0;
7.11, 0.0765845,-0.145442,-0.0653437,0,0,0,0;
7.12, 0.0764604,-0.145329,-0.06528,0,0,0,0;
7.13, 0.0763842,-0.145257,-0.0652306,0,0,0,0;
7.14, 0.0761471,-0.145041,-0.0651165,0,0,0,0;
7.15, 0.0761015,-0.144998,-0.0650843,0,0,0,0;
7.16, 0.075967,-0.144874,-0.0650136,0,0,0,0;
7.17, 0.0757958,-0.144716,-0.0649246,0,0,0,0;
7.18, 0.0757795,-0.144696,-0.0648964,0,0,0,0;
7.19, 0.0756593,-0.144583,-0.0648268,0,0,0,0;
7.2, 0.075516,-0.144449,-0.0647489,0,0,0,0;
7.21, 0.0754622,-0.144394,-0.0647027,0,0,0,0;
7.22, 0.07536,-0.144299,-0.0646443,0,0,0,0;
7.23, 0.0751639,-0.144118,-0.0645478,0,0,0,0;
7.24, 0.0749427,-0.143915,-0.0644437,0,0,0,0;
7.25, 0.0748019,-0.143784,-0.0643694,0,0,0,0;
7.26, 0.074606,-0.143602,-0.0642693,0,0,0,0;
7.27, 0.0744593,-0.143464,-0.0641901,0,0,0,0;
7.28, 0.0743141,-0.14333,-0.0641167,0,0,0,0;
7.29, 0.0742197,-0.143237,-0.0640556,0,0,0,0;
7.3, 0.0740886,-0.143113,-0.0639836,0,0,0,0;
7.31, 0.0739995,-0.143028,-0.0639299,0,0,0,0;
7.32, 0.0737572,-0.142805,-0.0638153,0,0,0,0;
7.33, 0.0736267,-0.142681,-0.0637449,0,0,0,0;
7.34, 0.0735059,-0.142566,-0.0636761,0,0,0,0;
7.35, 0.073284,-0.142359,-0.0635679,0,0,0,0;
7.36, 0.0731792,-0.14226,-0.0635096,0,0,0,0;
7.37, 0.0730711,-0.142154,-0.0634434,0,0,0,0;
7.38, 0.0730833,-0.142158,-0.063428,0,0,0,0;
7.39, 0.0729246,-0.142007,-0.0633426,0,0,0,0;
7.4, 0.0729743,-0.142047,-0.0633438,0,0,0,0;
7.41, 0.0727737,-0.141859,-0.0632444,0,0,0,0;
7.42, 0.0727269,-0.141809,-0.0632041,0,0,0,0;
7.43, 0.0726739,-0.141754,-0.0631634,0,0,0,0;
7.44, 0.0725794,-0.141661,-0.0631041,0,0,0,0;
7.45, 0.0723357,-0.141433,-0.0629871,0,0,0,0;
7.46, 0.0721637,-0.14127,-0.0628992,0,0,0,0;
7.47, 0.0720102,-0.141124,-0.0628189,0,0,0,0;
7.48, 0.07168,-0.140816,-0.0626653,0,0,0,0;
7.49, 0.0715086,-0.140653,-0.0625778,0,0,0,0;
7.5, 0.0712683,-0.140426,-0.0624596,0,0,0,0;
7.51, 0.0712541,-0.140406,-0.0624358,0,0,0,0;
7.52, 0.0710831,-0.140244,-0.0623481,0,0,0,0;
7.53, 0.0709001,-0.140068,-0.0622531,0,0,0,0;
7.54, 0.0708686,-0.140032,-0.0622207,0,0,0,0;
7.55, 0.0706109,-0.139787,-0.0620948,0,0,0,0;
7.56, 0.070724,-0.139882,-0.0621186,0,0,0,0;
7.57, 0.0705243,-0.139691,-0.0620173,0,0,0,0;
7.58, 0.0702122,-0.139397,-0.0618707,0,0,0,0;
7.59, 0.0701501,-0.139333,-0.0618269,0,0,0,0;
7.6, 0.0700126,-0.139196,-0.0617492,0,0,0,0;
7.61, 0.0698325,-0.139026,-0.0616612,0,0,0,0;
7.62, 0.0697035,-0.138901,-0.0615924,0,0,0,0;
7.63, 0.0697027,-0.138892,-0.0615732,0,0,0,0;
7.64, 0.069403,-0.138612,-0.0614381,0,0,0,0;
7.65, 0.0692454,-0.13846,-0.0613571,0,0,0,0;
7.66, 0.0692016,-0.138412,-0.0613197,0,0,0,0;
7.67, 0.0690444,-0.138257,-0.061233,0,0,0,0;
7.68, 0.0688678,-0.138083,-0.0611373,0,0,0,0;
7.69, 0.0686165,-0.137837,-0.0610057,0,0,0,0;
7.7, 0.0686744,-0.137882,-0.0610098,0,0,0,0;
7.71, 0.0683499,-0.137575,-0.0608607,0,0,0,0;
7.72, 0.0684335,-0.137646,-0.0608796,0,0,0,0;
7.73, 0.068175,-0.137399,-0.0607559,0,0,0,0;
7.74, 0.0681854,-0.1374,-0.0607413,0,0,0,0;
7.75, 0.0679366,-0.137162,-0.060622,0,0,0,0;
7.76, 0.0679277,-0.137144,-0.0605982,0,0,0,0;
7.77, 0.0677233,-0.136945,-0.0604939,0,0,0,0;
7.78, 0.0674016,-0.136639,-0.0603448,0,0,0,0;
7.79, 0.0672338,-0.136475,-0.0602589,0,0,0,0;
7.8, 0.0671173,-0.136356,-0.060189,0,0,0,0;
7.81, 0.0669533,-0.136191,-0.0600977,0,0,0,0;
7.82, 0.067039,-0.136262,-0.0601148,0,0,0,0;
7.83, 0.0669432,-0.136161,-0.0600533,0,0,0,0;
7.84, 0.066925,-0.136136,-0.0600283,0,0,0,0;
7.85, 0.0668247,-0.136034,-0.0599689,0,0,0,0;
7.86, 0.066794,-0.135996,-0.0599382,0,0,0,0;
7.87, 0.0665176,-0.135729,-0.0598045,0,0,0,0;
7.88, 0.0663566,-0.135568,-0.0597184,0,0,0,0;
7.89, 0.0661883,-0.1354,-0.0596284,0,0,0,0;
7.9, 0.0660717,-0.135281,-0.0595596,0,0,0,0;
7.91, 0.0658623,-0.135076,-0.059456,0,0,0,0;
7.92, 0.0657792,-0.134992,-0.0594072,0,0,0,0;
7.93, 0.0656528,-0.134863,-0.0593352,0,0,0,0;
7.94, 0.0656191,-0.134821,-0.059303,0,0,0,0;
7.95, 0.0653279,-0.134543,-0.0591702,0,0,0,0;
7.96, 0.0651052,-0.134325,-0.0590598,0,0,0,0;
7.97, 0.0650179,-0.134232,-0.0590039,0,0,0,0;
7.98, 0.0647841,-0.134001,-0.058886,0,0,0,0;
7.99, 0.0646607,-0.133876,-0.0588184,0,0,0,0;
8, 0.0645463,-0.133758,-0.058751,0,0,0,0;
8.01, 0.0644937,-0.133697,-0.058709,0,0,0,0;
8.02, 0.0644557,-0.133649,-0.058672,0,0,0,0;
8.03, 0.0641786,-0.133378,-0.0585381,0,0,0,0;
8.04, 0.0642223,-0.133409,-0.0585382,0,0,0,0;
8.05, 0.0641382,-0.133317,-0.0584828,0,0,0,0;
8.06, 0.0640193,-0.133195,-0.0584148,0,0,0,0;
8.07, 0.0638253,-0.133003,-0.0583179,0,0,0,0;
8.08, 0.0636629,-0.132841,-0.0582336,0,0,0,0;
8.09, 0.0634194,-0.132601,-0.058115,0,0,0,0;
8.1, 0.0632117,-0.132392,-0.0580084,0,0,0,0;
8.11, 0.0630237,-0.132202,-0.0579097,0,0,0,0;
8.12, 0.0629686,-0.132143,-0.0578739,0,0,0,0;
8.13, 0.0628807,-0.132048,-0.0578178,0,0,0,0;
8.14, 0.0629095,-0.132066,-0.0578142,0,0,0,0;
8.15, 0.0629513,-0.132092,-0.0578102,0,0,0,0;
8.16, 0.0626765,-0.13182,-0.0576753,0,0,0,0;
8.17, 0.0627568,-0.131885,-0.0576906,0,0,0,0;
8.18, 0.0625925,-0.131719,-0.057605,0,0,0,0;
8.19, 0.0625359,-0.131654,-0.0575639,0,0,0,0;
8.2, 0.0623319,-0.131449,-0.057459,0,0,0,0;
8.21, 0.0622997,-0.131408,-0.0574285,0,0,0,0;
8.22, 0.0620607,-0.13117,-0.057311,0,0,0,0;
8.23, 0.0618642,-0.130967,-0.0572045,0,0,0,0;
8.24, 0.0618467,-0.130934,-0.057173,0,0,0,0;
8.25, 0.0618303,-0.130905,-0.0571455,0,0,0,0;
8.26, 0.0614833,-0.130563,-0.0569821,0,0,0,0;
8.27, 0.0614106,-0.130486,-0.056938,0,0,0,0;
8.28, 0.0613341,-0.130403,-0.0568893,0,0,0,0;
8.29, 0.0610643,-0.130132,-0.056756,0,0,0,0;
8.3, 0.0609714,-0.130027,-0.0566931,0,0,0,0;
8.31, 0.060687,-0.129744,-0.0565559,0,0,0,0;
8.32, 0.0606113,-0.129657,-0.0565032,0,0,0,0;
8.33, 0.0603864,-0.129433,-0.0563943,0,0,0,0;
8.34, 0.0601421,-0.129188,-0.0562741,0,0,0,0;
8.35, 0.0601707,-0.129208,-0.0562748,0,0,0,0;
8.36, 0.0602346,-0.12926,-0.0562861,0,0,0,0;
8.37, 0.0600025,-0.129024,-0.0561691,0,0,0,0;
8.38, 0.0598965,-0.128911,-0.0561068,0,0,0,0;
8.39, 0.0597278,-0.128736,-0.0560175,0,0,0,0;
8.4, 0.0594812,-0.128485,-0.0558926,0,0,0,0;
8.41, 0.0593359,-0.128334,-0.0558147,0,0,0,0;
8.42, 0.0593281,-0.128316,-0.0557957,0,0,0,0;
8.43, 0.0593183,-0.12829,-0.0557697,0,0,0,0;
8.44, 0.0593016,-0.128261,-0.0557437,0,0,0,0;
8.45, 0.0592674,-0.128217,-0.0557127,0,0,0,0;
8.46, 0.0588793,-0.12783,-0.0555309,0,0,0,0;
8.47, 0.0587603,-0.127701,-0.0554607,0,0,0,0;
8.48, 0.0584522,-0.127388,-0.0553081,0,0,0,0;
8.49, 0.058335,-0.127259,-0.0552372,0,0,0,0;
8.5, 0.0582683,-0.127179,-0.0551875,0,0,0,0;
8.51, 0.0581869,-0.127089,-0.0551367,0,0,0,0;
8.52, 0.0580944,-0.126986,-0.0550792,0,0,0,0;
8.53, 0.057978,-0.126861,-0.0550131,0,0,0,0;
8.54, 0.0579184,-0.126793,-0.0549722,0,0,0,0;
8.55, 0.0575785,-0.126453,-0.0548125,0,0,0,0;
8.56, 0.0575276,-0.126387,-0.0547692,0,0,0,0;
8.57, 0.0575756,-0.12642,-0.0547713,0,0,0,0;
8.58, 0.0573851,-0.126223,-0.0546735,0,0,0,0;
8.59, 0.0574235,-0.126246,-0.0546715,0,0,0,0;
8.6, 0.0574219,-0.126226,-0.0546478,0,0,0,0;
8.61, 0.0573687,-0.126162,-0.0546081,0,0,0,0;
8.62, 0.0572521,-0.126036,-0.0545411,0,0,0,0;
8.63, 0.0571062,-0.125877,-0.0544571,0,0,0,0;
8.64, 0.057052,-0.125808,-0.0544137,0,0,0,0;
8.65, 0.0568972,-0.125646,-0.0543326,0,0,0,0;
8.66, 0.0564769,-0.125229,-0.0541423,0,0,0,0;
8.67, 0.0564769,-0.125219,-0.0541271,0,0,0,0;
8.68, 0.056123,-0.124864,-0.0539633,0,0,0,0;
8.69, 0.0560014,-0.124732,-0.0538932,0,0,0,0;
8.7, 0.0558045,-0.124529,-0.0537954,0,0,0,0;
8.71, 0.0556644,-0.12438,-0.0537191,0,0,0,0;
8.72, 0.0554911,-0.124195,-0.0536264,0,0,0,0;
8.73, 0.0553434,-0.124039,-0.0535479,0,0,0,0;
8.74, 0.0553813,-0.124064,-0.0535486,0,0,0,0;
8.75, 0.0553183,-0.123988,-0.0535033,0,0,0,0;
8.76, 0.0550305,-0.123698,-0.0533689,0,0,0,0;
8.77, 0.0551137,-0.123767,-0.0533882,0,0,0,0;
8.78, 0.0550187,-0.123661,-0.0533318,0,0,0,0;
8.79, 0.0550427,-0.123671,-0.0533248,0,0,0,0;
8.8, 0.0551417,-0.123751,-0.053348,0,0,0,0;
8.81, 0.055007,-0.123607,-0.0532745,0,0,0,0;
8.82, 0.0549046,-0.123495,-0.0532157,0,0,0,0;
8.83, 0.054929,-0.123508,-0.0532123,0,0,0,0;
8.84, 0.0547688,-0.123344,-0.0531331,0,0,0,0;
8.85, 0.0545885,-0.12316,-0.0530459,0,0,0,0;
8.86, 0.0544596,-0.123025,-0.0529797,0,0,0,0;
8.87, 0.0541399,-0.122701,-0.0528301,0,0,0,0;
8.88, 0.0539421,-0.1225,-0.0527354,0,0,0,0;
8.89, 0.0537429,-0.122293,-0.0526364,0,0,0,0;
8.9, 0.0535686,-0.122111,-0.0525477,0,0,0,0;
8.91, 0.0534101,-0.121939,-0.0524621,0,0,0,0;
8.92, 0.0532619,-0.121782,-0.0523845,0,0,0,0;
8.93, 0.0530523,-0.121564,-0.0522804,0,0,0,0;
8.94, 0.0529821,-0.121482,-0.0522353,0,0,0,0;
8.95, 0.0530054,-0.121494,-0.0522314,0,0,0,0;
8.96, 0.05275,-0.121231,-0.0521083,0,0,0,0;
8.97, 0.0526138,-0.121085,-0.0520354,0,0,0,0;
8.98, 0.0523194,-0.120783,-0.0518953,0,0,0,0;
8.99, 0.0521599,-0.120615,-0.0518143,0,0,0,0;
9, 0.0520432,-0.120488,-0.05175,0,0,0,0;
9.01, 0.0518087,-0.120247,-0.0516377,0,0,0,0;
9.02, 0.0516545,-0.120084,-0.0515584,0,0,0,0;
9.03, 0.0515477,-0.119969,-0.0515012,0,0,0,0;
9.04, 0.0513875,-0.119798,-0.0514177,0,0,0,0;
9.05, 0.0512073,-0.119608,-0.0513272,0,0,0,0;
9.06, 0.0511795,-0.119565,-0.0512973,0,0,0,0;
9.07, 0.0511796,-0.119552,-0.0512823,0,0,0,0;
9.08, 0.0511786,-0.119539,-0.051268,0,0,0,0;
9.09, 0.0509859,-0.119331,-0.0511669,0,0,0,0;
9.1, 0.0509607,-0.119297,-0.0511449,0,0,0,0;
9.11, 0.050834,-0.119157,-0.0510744,0,0,0,0;
9.12, 0.0506289,-0.118946,-0.0509763,0,0,0,0;
9.13, 0.0506156,-0.118918,-0.0509541,0,0,0,0;
9.14, 0.0506252,-0.118908,-0.0509369,0,0,0,0;
9.15, 0.0505341,-0.118801,-0.0508794,0,0,0,0;
9.16, 0.0502806,-0.118542,-0.0507612,0,0,0,0;
9.17, 0.05014,-0.118397,-0.0506928,0,0,0,0;
9.18, 0.0500984,-0.118339,-0.0506572,0,0,0,0;
9.19, 0.0498111,-0.118038,-0.0505177,0,0,0,0;
9.2, 0.0498636,-0.118074,-0.0505222,0,0,0,0;
9.21, 0.0497464,-0.117947,-0.0504602,0,0,0,0;
9.22, 0.0495357,-0.117728,-0.0503585,0,0,0,0;
9.23, 0.0494221,-0.117602,-0.0502957,0,0,0,0;
9.24, 0.0493073,-0.117478,-0.0502341,0,0,0,0;
9.25, 0.048939,-0.117101,-0.0500643,0,0,0,0;
9.26, 0.0488722,-0.117021,-0.0500206,0,0,0,0;
9.27, 0.048486,-0.116625,-0.0498424,0,0,0,0;
9.28, 0.0481852,-0.116309,-0.0496967,0,0,0,0;
9.29, 0.0480836,-0.116196,-0.0496399,0,0,0,0;
9.3, 0.0477577,-0.115858,-0.049486,0,0,0,0;
9.31, 0.0477013,-0.115786,-0.0494453,0,0,0,0;
9.32, 0.0474234,-0.115495,-0.0493117,0,0,0,0;
9.33, 0.0473586,-0.11541,-0.0492641,0,0,0,0;
9.34, 0.0473335,-0.11537,-0.0492375,0,0,0,0;
9.35, 0.0472339,-0.115254,-0.0491785,0,0,0,0;
9.36, 0.0473305,-0.115336,-0.0492043,0,0,0,0;
9.37, 0.0473423,-0.115333,-0.049194,0,0,0,0;
9.38, 0.0472745,-0.115251,-0.0491499,0,0,0,0;
9.39, 0.0470207,-0.114991,-0.0490333,0,0,0,0;
9.4, 0.0471577,-0.115117,-0.04908,0,0,0,0;
9.41, 0.047051,-0.114995,-0.0490187,0,0,0,0;
9.42, 0.0469332,-0.114863,-0.0489527,0,0,0,0;
9.43, 0.0469198,-0.114837,-0.0489338,0,0,0,0;
9.44, 0.0467898,-0.114687,-0.048858,0,0,0,0;
9.45, 0.0467064,-0.11459,-0.0488076,0,0,0,0;
9.46, 0.046644,-0.114513,-0.0487661,0,0,0,0;
9.47, 0.0464549,-0.114312,-0.0486728,0,0,0,0;
9.48, 0.046332,-0.114178,-0.048609,0,0,0,0;
9.49, 0.0462865,-0.114118,-0.0485743,0,0,0,0;
9.5, 0.0461906,-0.114009,-0.0485194,0,0,0,0;
9.51, 0.0461496,-0.113954,-0.0484877,0,0,0,0;
9.52, 0.0460297,-0.113823,-0.0484241,0,0,0,0;
9.53, 0.0458411,-0.113621,-0.0483303,0,0,0,0;
9.54, 0.0458815,-0.113649,-0.0483347,0,0,0,0;
9.55, 0.0458272,-0.113578,-0.0482944,0,0,0,0;
9.56, 0.0455941,-0.113334,-0.0481833,0,0,0,0;
9.57, 0.0454339,-0.113162,-0.0481033,0,0,0,0;
9.58, 0.0453071,-0.11302,-0.0480343,0,0,0,0;
9.59, 0.0451828,-0.112883,-0.0479679,0,0,0,0;
9.6, 0.0450828,-0.112768,-0.047911,0,0,0,0;
9.61, 0.0447661,-0.112433,-0.0477584,0,0,0,0;
9.62, 0.0445026,-0.112156,-0.047633,0,0,0,0;
9.63, 0.0443546,-0.111992,-0.0475544,0,0,0,0;
9.64, 0.0442641,-0.111888,-0.0475024,0,0,0,0;
9.65, 0.0441802,-0.111792,-0.0474542,0,0,0,0;
9.66, 0.0439998,-0.111594,-0.0473616,0,0,0,0;
9.67, 0.0437629,-0.111345,-0.0472486,0,0,0,0;
9.68, 0.0437716,-0.111338,-0.0472375,0,0,0,0;
9.69, 0.0435208,-0.11107,-0.0471153,0,0,0,0;
9.7, 0.0434843,-0.111015,-0.0470823,0,0,0,0;
9.71, 0.0433723,-0.11089,-0.0470219,0,0,0,0;
9.72, 0.0433061,-0.110805,-0.0469764,0,0,0,0;
9.73, 0.0431536,-0.110635,-0.0468955,0,0,0,0;
9.74, 0.0431135,-0.110582,-0.046866,0,0,0,0;
9.75, 0.0431287,-0.110579,-0.0468556,0,0,0,0;
9.76, 0.0429678,-0.110404,-0.046774,0,0,0,0;
9.77, 0.0428839,-0.110307,-0.0467263,0,0,0,0;
9.78, 0.0426123,-0.110019,-0.0465957,0,0,0,0;
9.79, 0.0425075,-0.109898,-0.0465368,0,0,0,0;
9.8, 0.0423402,-0.109722,-0.0464568,0,0,0,0;
9.81, 0.0423731,-0.10974,-0.0464566,0,0,0,0;
9.82, 0.0421735,-0.109524,-0.0463569,0,0,0,0;
9.83, 0.0421908,-0.109524,-0.0463481,0,0,0,0;
9.84, 0.0421293,-0.109442,-0.0463041,0,0,0,0;
9.85, 0.0421545,-0.109452,-0.0463002,0,0,0,0;
9.86, 0.0419625,-0.10924,-0.0462017,0,0,0,0;
9.87, 0.0416691,-0.108929,-0.0460622,0,0,0,0;
9.88, 0.041524,-0.108758,-0.0459786,0,0,0,0;
9.89, 0.0415068,-0.108722,-0.0459543,0,0,0,0;
9.9, 0.0413985,-0.1086,-0.0458959,0,0,0,0;
9.91, 0.0413729,-0.108562,-0.0458734,0,0,0,0;
9.92, 0.0410421,-0.108217,-0.0457215,0,0,0,0;
9.93, 0.0410157,-0.108182,-0.045701,0,0,0,0;
9.94, 0.0409527,-0.108105,-0.0456619,0,0,0,0;
9.95, 0.0408853,-0.108022,-0.0456193,0,0,0,0;
9.96, 0.0406206,-0.107739,-0.0454923,0,0,0,0;
9.97, 0.0405256,-0.107628,-0.0454377,0,0,0,0;
9.98, 0.0404189,-0.107503,-0.0453772,0,0,0,0;
9.99, 0.0402452,-0.107314,-0.0452907,0,0,0,0;
