0, -1.52949, -0.141471, 0.717742; 
0.01, -1.52956, -0.141464, 0.717768; 
0.02, -1.52966, -0.147021, 0.71763; 
0.03, -1.53147, -0.152291, 0.718077; 
0.04, -1.53297, -0.158352, 0.718583; 
0.05, -1.53439, -0.164133, 0.718973; 
0.06, -1.53567, -0.169251, 0.719178; 
0.07, -1.53672, -0.173559, 0.719207; 
0.08, -1.53753, -0.177031, 0.719096; 
0.09, -1.5382, -0.179856, 0.718889; 
0.1, -1.53871, -0.182072, 0.718623; 
0.11, -1.53909, -0.183739, 0.718313; 
0.12, -1.53937, -0.185011, 0.71801; 
0.13, -1.53947, -0.185739, 0.717617; 
0.14, -1.53964, -0.186525, 0.717371; 
0.15, -1.53974, -0.18702, 0.717114; 
0.16, -1.5398, -0.187399, 0.716909; 
0.17, -1.53988, -0.187738, 0.716746; 
0.18, -1.5399, -0.187935, 0.716579; 
0.19, -1.53995, -0.188155, 0.716462; 
0.2, -1.54002, -0.188347, 0.716366; 
0.21, -1.54005, -0.188455, 0.716266; 
0.22, -1.54009, -0.188554, 0.716209; 
0.23, -1.54012, -0.1886, 0.716184; 
0.24, -1.54016, -0.188651, 0.716157; 
0.25, -1.54018, -0.188679, 0.716121; 
0.26, -1.54022, -0.188756, 0.716123; 
0.27, -1.54027, -0.188847, 0.716153; 
0.28, -1.5403, -0.188896, 0.716145; 
0.29, -1.54036, -0.188954, 0.716162; 
0.3, -1.54042, -0.189065, 0.716217; 
0.31, -1.54048, -0.189182, 0.716287; 
0.32, -1.54055, -0.189283, 0.716352; 
0.33, -1.5406, -0.189326, 0.716388; 
0.34, -1.54067, -0.189406, 0.716448; 
0.35, -1.54071, -0.189435, 0.716485; 
0.36, -1.54076, -0.189499, 0.716534; 
0.37, -1.54084, -0.189608, 0.716604; 
0.38, -1.5409, -0.189678, 0.716648; 
0.39, -1.54094, -0.189715, 0.716687; 
0.4, -1.54097, -0.189734, 0.716707; 
0.41, -1.54103, -0.189809, 0.716796; 
0.42, -1.54107, -0.189857, 0.716831; 
0.43, -1.54113, -0.189955, 0.716898; 
0.44, -1.54117, -0.189973, 0.716953; 
0.45, -1.54123, -0.190007, 0.716998; 
0.46, -1.54129, -0.190103, 0.717053; 
0.47, -1.54134, -0.190148, 0.717097; 
0.48, -1.5414, -0.190207, 0.717158; 
0.49, -1.54146, -0.190286, 0.717207; 
0.5, -1.54151, -0.190328, 0.717241; 
0.51, -1.54159, -0.19042, 0.7173; 
0.52, -1.54165, -0.190443, 0.717335; 
0.53, -1.54172, -0.190529, 0.717398; 
0.54, -1.54176, -0.190596, 0.717467; 
0.55, -1.54183, -0.190674, 0.717533; 
0.56, -1.5419, -0.19074, 0.717594; 
0.57, -1.54194, -0.190721, 0.717616; 
0.58, -1.54197, -0.190766, 0.717668; 
0.59, -1.54201, -0.190792, 0.717721; 
0.6, -1.54204, -0.190806, 0.717754; 
0.61, -1.54207, -0.190826, 0.717784; 
0.62, -1.54209, -0.19084, 0.717802; 
0.63, -1.54215, -0.190913, 0.717861; 
0.64, -1.54219, -0.190924, 0.717897; 
0.65, -1.54223, -0.19097, 0.717943; 
0.66, -1.54229, -0.191046, 0.718008; 
0.67, -1.54234, -0.191103, 0.71806; 
0.68, -1.54239, -0.191129, 0.718108; 
0.69, -1.54244, -0.191187, 0.71816; 
0.7, -1.54247, -0.191169, 0.71818; 
0.71, -1.54253, -0.191254, 0.718245; 
0.72, -1.54258, -0.191308, 0.718295; 
0.73, -1.54264, -0.191385, 0.718358; 
0.74, -1.54269, -0.191437, 0.718407; 
0.75, -1.54274, -0.191508, 0.718465; 
0.76, -1.5428, -0.191571, 0.71852; 
0.77, -1.54283, -0.19159, 0.718549; 
0.78, -1.54287, -0.191607, 0.718574; 
0.79, -1.54292, -0.191671, 0.71863; 
0.8, -1.54297, -0.191734, 0.718684; 
0.81, -1.54302, -0.191757, 0.718723; 
0.82, -1.54308, -0.191844, 0.718798; 
0.83, -1.54313, -0.191869, 0.718841; 
0.84, -1.54318, -0.191929, 0.718889; 
0.85, -1.54322, -0.191951, 0.718927; 
0.86, -1.54327, -0.191997, 0.718977; 
0.87, -1.5433, -0.192003, 0.719002; 
0.88, -1.54335, -0.192054, 0.719054; 
0.89, -1.5434, -0.192104, 0.719112; 
0.9, -1.54345, -0.192145, 0.719162; 
0.91, -1.54353, -0.19229, 0.719266; 
0.92, -1.54358, -0.192341, 0.719314; 
0.93, -1.54364, -0.192418, 0.719377; 
0.94, -1.5437, -0.192489, 0.71943; 
0.95, -1.54375, -0.192518, 0.719476; 
0.96, -1.54379, -0.192558, 0.719524; 
0.97, -1.54383, -0.192617, 0.719588; 
0.98, -1.54386, -0.192604, 0.719612; 
0.99, -1.5439, -0.192662, 0.719649; 
1, -1.54394, -0.192671, 0.719689; 
1.01, -1.544, -0.192693, 0.719723; 
1.02, -1.54406, -0.19277, 0.71979; 
1.03, -1.54414, -0.192875, 0.719865; 
1.04, -1.54418, -0.192952, 0.719927; 
1.05, -1.54424, -0.193065, 0.720003; 
1.06, -1.5443, -0.193112, 0.720054; 
1.07, -1.54433, -0.193084, 0.72005; 
1.08, -1.54438, -0.193133, 0.720101; 
1.09, -1.54443, -0.193185, 0.720165; 
1.1, -1.54446, -0.193169, 0.720178; 
1.11, -1.5445, -0.193198, 0.720216; 
1.12, -1.54456, -0.193291, 0.720287; 
1.13, -1.54461, -0.193311, 0.720319; 
1.14, -1.54465, -0.193363, 0.72037; 
1.15, -1.54471, -0.193432, 0.72043; 
1.16, -1.54477, -0.193513, 0.720496; 
1.17, -1.54483, -0.193594, 0.720565; 
1.18, -1.54488, -0.193653, 0.72062; 
1.19, -1.54494, -0.19371, 0.720678; 
1.2, -1.54498, -0.193753, 0.720724; 
1.21, -1.54502, -0.193781, 0.72077; 
1.22, -1.54508, -0.193843, 0.720823; 
1.23, -1.54512, -0.193867, 0.720857; 
1.24, -1.54516, -0.193914, 0.720905; 
1.25, -1.54519, -0.193896, 0.720912; 
1.26, -1.54523, -0.193929, 0.720954; 
1.27, -1.54527, -0.193954, 0.720978; 
1.28, -1.54532, -0.194, 0.721021; 
1.29, -1.54536, -0.194035, 0.721063; 
1.3, -1.54541, -0.194097, 0.721127; 
1.31, -1.54545, -0.19412, 0.721163; 
1.32, -1.54551, -0.194196, 0.721224; 
1.33, -1.54556, -0.194222, 0.721263; 
1.34, -1.54563, -0.19431, 0.721339; 
1.35, -1.54568, -0.194357, 0.721389; 
1.36, -1.54574, -0.194427, 0.721448; 
1.37, -1.54579, -0.194475, 0.721494; 
1.38, -1.54586, -0.194591, 0.72158; 
1.39, -1.54591, -0.194645, 0.72163; 
1.4, -1.54596, -0.194685, 0.721671; 
1.41, -1.54601, -0.194765, 0.721725; 
1.42, -1.54606, -0.194821, 0.721775; 
1.43, -1.5461, -0.194843, 0.721807; 
1.44, -1.54616, -0.194896, 0.721858; 
1.45, -1.54621, -0.194956, 0.721909; 
1.46, -1.54627, -0.195007, 0.721953; 
1.47, -1.54631, -0.195041, 0.721991; 
1.48, -1.54639, -0.195165, 0.722097; 
1.49, -1.54643, -0.19519, 0.722134; 
1.5, -1.54647, -0.195244, 0.722182; 
1.51, -1.54651, -0.195302, 0.722243; 
1.52, -1.54659, -0.195412, 0.722333; 
1.53, -1.54665, -0.195494, 0.722394; 
1.54, -1.54673, -0.195584, 0.722469; 
1.55, -1.54676, -0.195624, 0.722502; 
1.56, -1.54682, -0.195652, 0.722544; 
1.57, -1.54688, -0.195718, 0.722619; 
1.58, -1.54693, -0.195747, 0.722677; 
1.59, -1.54698, -0.195777, 0.722722; 
1.6, -1.547, -0.195747, 0.722715; 
1.61, -1.54705, -0.195794, 0.722761; 
1.62, -1.54709, -0.195854, 0.72279; 
1.63, -1.54715, -0.195897, 0.722836; 
1.64, -1.54721, -0.196018, 0.722935; 
1.65, -1.54727, -0.196106, 0.723007; 
1.66, -1.54731, -0.196135, 0.723049; 
1.67, -1.54736, -0.196185, 0.723098; 
1.68, -1.5474, -0.196197, 0.723125; 
1.69, -1.54744, -0.196222, 0.723161; 
1.7, -1.54749, -0.196276, 0.723215; 
1.71, -1.54753, -0.196307, 0.723256; 
1.72, -1.54757, -0.196325, 0.723291; 
1.73, -1.54762, -0.196387, 0.723345; 
1.74, -1.54767, -0.196429, 0.723389; 
1.75, -1.54771, -0.196458, 0.723428; 
1.76, -1.54777, -0.196526, 0.723489; 
1.77, -1.54782, -0.196594, 0.723553; 
1.78, -1.54787, -0.196637, 0.723598; 
1.79, -1.54793, -0.196703, 0.723658; 
1.8, -1.54799, -0.196768, 0.723719; 
1.81, -1.54804, -0.196802, 0.723752; 
1.82, -1.54807, -0.196828, 0.723782; 
1.83, -1.54813, -0.196891, 0.723841; 
1.84, -1.54817, -0.196925, 0.723883; 
1.85, -1.54821, -0.196925, 0.723901; 
1.86, -1.54827, -0.196996, 0.723969; 
1.87, -1.54833, -0.197073, 0.724041; 
1.88, -1.54837, -0.197121, 0.724088; 
1.89, -1.54843, -0.19718, 0.724145; 
1.9, -1.54849, -0.197267, 0.724214; 
1.91, -1.54854, -0.197325, 0.724273; 
1.92, -1.54859, -0.197369, 0.724324; 
1.93, -1.54864, -0.197429, 0.72438; 
1.94, -1.54868, -0.19746, 0.724417; 
1.95, -1.54873, -0.197518, 0.724473; 
1.96, -1.54879, -0.197582, 0.724532; 
1.97, -1.54882, -0.197584, 0.724554; 
1.98, -1.54886, -0.197602, 0.724582; 
1.99, -1.5489, -0.197668, 0.724639; 
2, -1.54893, -0.197678, 0.724663; 
2.01, -1.54898, -0.197757, 0.724728; 
2.02, -1.54903, -0.197815, 0.724791; 
2.03, -1.54908, -0.197854, 0.724835; 
2.04, -1.54916, -0.197963, 0.724924; 
2.05, -1.54922, -0.198005, 0.724966; 
2.06, -1.54928, -0.198032, 0.725002; 
2.07, -1.54934, -0.19812, 0.725061; 
2.08, -1.54938, -0.198151, 0.725099; 
2.09, -1.54943, -0.198203, 0.725152; 
2.1, -1.54949, -0.198271, 0.725206; 
2.11, -1.54953, -0.198275, 0.725227; 
2.12, -1.54958, -0.198325, 0.725267; 
2.13, -1.54962, -0.198384, 0.725331; 
2.14, -1.54965, -0.198378, 0.725357; 
2.15, -1.54972, -0.198439, 0.72543; 
2.16, -1.54979, -0.198538, 0.725522; 
2.17, -1.54984, -0.198584, 0.725567; 
2.18, -1.54989, -0.198655, 0.725632; 
2.19, -1.54996, -0.198759, 0.725715; 
2.2, -1.55, -0.198774, 0.725735; 
2.21, -1.55003, -0.198789, 0.725755; 
2.22, -1.55008, -0.198845, 0.725801; 
2.23, -1.55013, -0.1989, 0.725854; 
2.24, -1.55018, -0.198962, 0.72591; 
2.25, -1.55024, -0.199041, 0.725983; 
2.26, -1.55029, -0.19909, 0.726038; 
2.27, -1.55034, -0.199142, 0.726093; 
2.28, -1.55038, -0.199175, 0.726129; 
2.29, -1.55044, -0.199244, 0.726192; 
2.3, -1.55049, -0.199276, 0.726226; 
2.31, -1.55053, -0.199311, 0.726264; 
2.32, -1.55059, -0.199381, 0.726332; 
2.33, -1.55064, -0.199422, 0.726378; 
2.34, -1.55068, -0.19945, 0.726412; 
2.35, -1.55073, -0.1995, 0.726458; 
2.36, -1.55076, -0.199503, 0.726478; 
2.37, -1.55081, -0.199563, 0.726539; 
2.38, -1.55087, -0.19962, 0.726599; 
2.39, -1.55091, -0.199639, 0.726625; 
2.4, -1.55096, -0.199695, 0.726675; 
2.41, -1.551, -0.199713, 0.7267; 
2.42, -1.55105, -0.199769, 0.726753; 
2.43, -1.5511, -0.199799, 0.72679; 
2.44, -1.55115, -0.199869, 0.72685; 
2.45, -1.5512, -0.199918, 0.7269; 
2.46, -1.55127, -0.200012, 0.726978; 
2.47, -1.55132, -0.200081, 0.727042; 
2.48, -1.55139, -0.200172, 0.727122; 
2.49, -1.55144, -0.200235, 0.727185; 
2.5, -1.5515, -0.200295, 0.727251; 
2.51, -1.55155, -0.200345, 0.727306; 
2.52, -1.5516, -0.200425, 0.727374; 
2.53, -1.55164, -0.200445, 0.727392; 
2.54, -1.5517, -0.200493, 0.727445; 
2.55, -1.55176, -0.200578, 0.727521; 
2.56, -1.55179, -0.200563, 0.727526; 
2.57, -1.55183, -0.200599, 0.727556; 
2.58, -1.55186, -0.20061, 0.727575; 
2.59, -1.55189, -0.200605, 0.727573; 
2.6, -1.55193, -0.200636, 0.7276; 
2.61, -1.55198, -0.200665, 0.727631; 
2.62, -1.55204, -0.200714, 0.727678; 
2.63, -1.55209, -0.200753, 0.727732; 
2.64, -1.55215, -0.200818, 0.727798; 
2.65, -1.5522, -0.200882, 0.727863; 
2.66, -1.55225, -0.200956, 0.727919; 
2.67, -1.5523, -0.201009, 0.727957; 
2.68, -1.55236, -0.201079, 0.728035; 
2.69, -1.55242, -0.201151, 0.728103; 
2.7, -1.55246, -0.201183, 0.728142; 
2.71, -1.5525, -0.20122, 0.728182; 
2.72, -1.55256, -0.20131, 0.728267; 
2.73, -1.55261, -0.201342, 0.728307; 
2.74, -1.55267, -0.201416, 0.728382; 
2.75, -1.55272, -0.201496, 0.728448; 
2.76, -1.55279, -0.201588, 0.728529; 
2.77, -1.55284, -0.201639, 0.728576; 
2.78, -1.5529, -0.201713, 0.728639; 
2.79, -1.55294, -0.201738, 0.728669; 
2.8, -1.55299, -0.201794, 0.728723; 
2.81, -1.55303, -0.201803, 0.728742; 
2.82, -1.55308, -0.201848, 0.728785; 
2.83, -1.55312, -0.201871, 0.728817; 
2.84, -1.55316, -0.201904, 0.728853; 
2.85, -1.5532, -0.201926, 0.728884; 
2.86, -1.55325, -0.201968, 0.72893; 
2.87, -1.55329, -0.202, 0.728967; 
2.88, -1.55334, -0.202059, 0.729025; 
2.89, -1.55338, -0.202071, 0.729049; 
2.9, -1.55344, -0.202137, 0.729117; 
2.91, -1.5535, -0.202224, 0.729198; 
2.92, -1.55355, -0.202261, 0.729236; 
2.93, -1.55361, -0.202335, 0.729302; 
2.94, -1.55365, -0.202373, 0.729343; 
2.95, -1.5537, -0.202436, 0.729402; 
2.96, -1.55375, -0.202494, 0.729456; 
2.97, -1.55381, -0.202561, 0.72952; 
2.98, -1.55386, -0.202622, 0.729579; 
2.99, -1.55393, -0.202715, 0.729662; 
3, -1.55398, -0.202789, 0.729729; 
3.01, -1.55403, -0.202842, 0.72978; 
3.02, -1.55409, -0.202906, 0.72984; 
3.03, -1.55413, -0.202936, 0.729878; 
3.04, -1.55418, -0.202975, 0.72992; 
3.05, -1.55423, -0.203035, 0.729978; 
3.06, -1.55428, -0.203071, 0.730018; 
3.07, -1.55433, -0.203146, 0.730082; 
3.08, -1.55438, -0.203192, 0.730132; 
3.09, -1.55443, -0.203224, 0.730173; 
3.1, -1.55448, -0.203306, 0.730245; 
3.11, -1.55454, -0.203321, 0.73027; 
3.12, -1.55459, -0.203357, 0.730304; 
3.13, -1.55463, -0.203453, 0.730385; 
3.14, -1.55466, -0.203528, 0.730446; 
3.15, -1.55474, -0.203547, 0.730471; 
3.16, -1.5548, -0.203596, 0.73052; 
3.17, -1.55486, -0.203595, 0.730551; 
3.18, -1.5549, -0.203624, 0.730598; 
3.19, -1.55493, -0.203647, 0.73062; 
3.2, -1.55497, -0.20369, 0.730657; 
3.21, -1.555, -0.203714, 0.730682; 
3.22, -1.55504, -0.203761, 0.730727; 
3.23, -1.55511, -0.203824, 0.730784; 
3.24, -1.55518, -0.20389, 0.730847; 
3.25, -1.55522, -0.203963, 0.730903; 
3.26, -1.55525, -0.204008, 0.73095; 
3.27, -1.55531, -0.204058, 0.731006; 
3.28, -1.55537, -0.204113, 0.731066; 
3.29, -1.5554, -0.20414, 0.731097; 
3.3, -1.55545, -0.204193, 0.731148; 
3.31, -1.55552, -0.204274, 0.731224; 
3.32, -1.55554, -0.204278, 0.731238; 
3.33, -1.5556, -0.204332, 0.731296; 
3.34, -1.55565, -0.204378, 0.73134; 
3.35, -1.55571, -0.204446, 0.731402; 
3.36, -1.55575, -0.2045, 0.731453; 
3.37, -1.55582, -0.204592, 0.731531; 
3.38, -1.55588, -0.204647, 0.731595; 
3.39, -1.55594, -0.20472, 0.731661; 
3.4, -1.55598, -0.204765, 0.731705; 
3.41, -1.55604, -0.204839, 0.731781; 
3.42, -1.55609, -0.20489, 0.731831; 
3.43, -1.55615, -0.204949, 0.73189; 
3.44, -1.5562, -0.204999, 0.731936; 
3.45, -1.55624, -0.205019, 0.731962; 
3.46, -1.55628, -0.205048, 0.731989; 
3.47, -1.55633, -0.205085, 0.732035; 
3.48, -1.55637, -0.205116, 0.732075; 
3.49, -1.55644, -0.20521, 0.732163; 
3.5, -1.55649, -0.20527, 0.732216; 
3.51, -1.55652, -0.205296, 0.732245; 
3.52, -1.55658, -0.205368, 0.73231; 
3.53, -1.55664, -0.205425, 0.732372; 
3.54, -1.5567, -0.205493, 0.732442; 
3.55, -1.55675, -0.205539, 0.73249; 
3.56, -1.55681, -0.20561, 0.732562; 
3.57, -1.55685, -0.205653, 0.732604; 
3.58, -1.55688, -0.205668, 0.732617; 
3.59, -1.55694, -0.205731, 0.732674; 
3.6, -1.557, -0.205802, 0.732735; 
3.61, -1.55705, -0.205859, 0.732795; 
3.62, -1.5571, -0.205929, 0.732861; 
3.63, -1.55716, -0.205985, 0.732914; 
3.64, -1.55719, -0.206005, 0.732942; 
3.65, -1.55725, -0.206091, 0.733031; 
3.66, -1.55729, -0.206109, 0.733058; 
3.67, -1.55734, -0.206154, 0.733103; 
3.68, -1.55738, -0.206186, 0.733131; 
3.69, -1.55742, -0.206216, 0.733155; 
3.7, -1.55747, -0.206295, 0.733227; 
3.71, -1.55753, -0.206347, 0.733281; 
3.72, -1.55757, -0.206348, 0.733293; 
3.73, -1.55762, -0.206408, 0.733352; 
3.74, -1.55767, -0.206464, 0.733403; 
3.75, -1.55772, -0.206515, 0.733455; 
3.76, -1.55777, -0.206566, 0.733504; 
3.77, -1.55782, -0.20663, 0.733563; 
3.78, -1.55786, -0.206654, 0.733588; 
3.79, -1.55791, -0.206701, 0.733635; 
3.8, -1.55796, -0.206739, 0.733678; 
3.81, -1.55801, -0.20674, 0.733695; 
3.82, -1.55807, -0.206821, 0.733778; 
3.83, -1.55812, -0.206893, 0.73385; 
3.84, -1.55817, -0.206942, 0.733899; 
3.85, -1.55823, -0.207035, 0.733987; 
3.86, -1.55828, -0.207067, 0.734017; 
3.87, -1.55833, -0.207105, 0.73406; 
3.88, -1.55838, -0.207156, 0.734104; 
3.89, -1.55845, -0.207237, 0.734175; 
3.9, -1.5585, -0.207284, 0.734224; 
3.91, -1.55855, -0.207345, 0.734284; 
3.92, -1.55859, -0.207361, 0.734305; 
3.93, -1.55863, -0.207396, 0.734342; 
3.94, -1.55868, -0.207446, 0.734398; 
3.95, -1.55871, -0.207449, 0.734406; 
3.96, -1.55876, -0.207495, 0.734451; 
3.97, -1.55881, -0.207539, 0.734493; 
3.98, -1.55886, -0.207617, 0.734566; 
3.99, -1.55891, -0.20766, 0.73461; 
4, -1.55896, -0.207711, 0.734659; 
4.01, -1.55902, -0.207765, 0.734709; 
4.02, -1.55907, -0.207831, 0.734774; 
4.03, -1.55912, -0.207869, 0.734813; 
4.04, -1.55917, -0.207918, 0.734861; 
4.05, -1.55923, -0.207991, 0.734936; 
4.06, -1.55928, -0.208042, 0.734987; 
4.07, -1.55933, -0.20809, 0.735039; 
4.08, -1.55938, -0.208138, 0.735089; 
4.09, -1.55942, -0.208175, 0.735127; 
4.1, -1.55946, -0.208209, 0.735162; 
4.11, -1.55949, -0.2082, 0.73516; 
4.12, -1.55954, -0.208249, 0.735209; 
4.13, -1.55961, -0.208348, 0.735302; 
4.14, -1.55966, -0.208378, 0.735339; 
4.15, -1.55971, -0.20844, 0.735394; 
4.16, -1.55976, -0.208496, 0.735455; 
4.17, -1.55982, -0.208577, 0.735539; 
4.18, -1.55987, -0.20864, 0.7356; 
4.19, -1.55994, -0.208735, 0.735686; 
4.2, -1.55997, -0.208739, 0.735698; 
4.21, -1.56001, -0.208768, 0.73573; 
4.22, -1.56007, -0.208845, 0.735805; 
4.23, -1.56011, -0.208852, 0.735814; 
4.24, -1.56018, -0.208937, 0.73589; 
4.25, -1.5602, -0.208921, 0.73586; 
4.26, -1.56025, -0.208987, 0.735932; 
4.27, -1.5603, -0.209017, 0.735962; 
4.28, -1.56035, -0.209065, 0.736005; 
4.29, -1.56038, -0.209096, 0.736037; 
4.3, -1.56044, -0.209158, 0.736101; 
4.31, -1.56047, -0.20917, 0.736119; 
4.32, -1.56051, -0.209202, 0.736151; 
4.33, -1.56056, -0.209245, 0.736196; 
4.34, -1.56061, -0.209281, 0.73624; 
4.35, -1.56066, -0.209327, 0.736286; 
4.36, -1.56072, -0.209413, 0.736369; 
4.37, -1.56077, -0.209433, 0.736395; 
4.38, -1.56084, -0.209544, 0.736498; 
4.39, -1.56089, -0.209586, 0.736538; 
4.4, -1.56094, -0.209661, 0.73661; 
4.41, -1.561, -0.209734, 0.736681; 
4.42, -1.56106, -0.209814, 0.736752; 
4.43, -1.56113, -0.209879, 0.736812; 
4.44, -1.56119, -0.209973, 0.736905; 
4.45, -1.56127, -0.210091, 0.737025; 
4.46, -1.56133, -0.210164, 0.737098; 
4.47, -1.56138, -0.210231, 0.737168; 
4.48, -1.56141, -0.210225, 0.737164; 
4.49, -1.56144, -0.210223, 0.737167; 
4.5, -1.56148, -0.210234, 0.737178; 
4.51, -1.5615, -0.210246, 0.73719; 
4.52, -1.56156, -0.210315, 0.73726; 
4.53, -1.56161, -0.210345, 0.737296; 
4.54, -1.56166, -0.210415, 0.73736; 
4.55, -1.56171, -0.210456, 0.737396; 
4.56, -1.56176, -0.210504, 0.737439; 
4.57, -1.56181, -0.210557, 0.737492; 
4.58, -1.56186, -0.210608, 0.737545; 
4.59, -1.56191, -0.210651, 0.737592; 
4.6, -1.56194, -0.210659, 0.737598; 
4.61, -1.56199, -0.210709, 0.737648; 
4.62, -1.56204, -0.210754, 0.737699; 
4.63, -1.5621, -0.210854, 0.737795; 
4.64, -1.56215, -0.210903, 0.737841; 
4.65, -1.56221, -0.210961, 0.737903; 
4.66, -1.56228, -0.211068, 0.73801; 
4.67, -1.56232, -0.211092, 0.738034; 
4.68, -1.56238, -0.21115, 0.738092; 
4.69, -1.56243, -0.211191, 0.738133; 
4.7, -1.56248, -0.211246, 0.73818; 
4.71, -1.56253, -0.21129, 0.738224; 
4.72, -1.56258, -0.21135, 0.738286; 
4.73, -1.56263, -0.211404, 0.738343; 
4.74, -1.56267, -0.21143, 0.738373; 
4.75, -1.56271, -0.211467, 0.738411; 
4.76, -1.56276, -0.21152, 0.738463; 
4.77, -1.56282, -0.211591, 0.738534; 
4.78, -1.56289, -0.211672, 0.738614; 
4.79, -1.56293, -0.211698, 0.738641; 
4.8, -1.56298, -0.211766, 0.738712; 
4.81, -1.56305, -0.21186, 0.738807; 
4.82, -1.5631, -0.21189, 0.738831; 
4.83, -1.56314, -0.211932, 0.738868; 
4.84, -1.56319, -0.211973, 0.73891; 
4.85, -1.56326, -0.212094, 0.739026; 
4.86, -1.56332, -0.212147, 0.739089; 
4.87, -1.56336, -0.212197, 0.739136; 
4.88, -1.5634, -0.212215, 0.739151; 
4.89, -1.56347, -0.212293, 0.739232; 
4.9, -1.56349, -0.212275, 0.739205; 
4.91, -1.56353, -0.212303, 0.739234; 
4.92, -1.56357, -0.212326, 0.73926; 
4.93, -1.5636, -0.212302, 0.739236; 
4.94, -1.56364, -0.212335, 0.739266; 
4.95, -1.56367, -0.212367, 0.739297; 
4.96, -1.56371, -0.212371, 0.7393; 
4.97, -1.56378, -0.212466, 0.739395; 
4.98, -1.56383, -0.212514, 0.73944; 
4.99, -1.56388, -0.212559, 0.739486; 
5, -1.56393, -0.21262, 0.739549; 
5.01, -1.56399, -0.212681, 0.739608; 
5.02, -1.56404, -0.212741, 0.739672; 
5.03, -1.56409, -0.212789, 0.739725; 
5.04, -1.56414, -0.212854, 0.739786; 
5.05, -1.5642, -0.212913, 0.739845; 
5.06, -1.56425, -0.212962, 0.739894; 
5.07, -1.56429, -0.212988, 0.739922; 
5.08, -1.56434, -0.213043, 0.739969; 
5.09, -1.56439, -0.213095, 0.740023; 
5.1, -1.56445, -0.213159, 0.740086; 
5.11, -1.5645, -0.213201, 0.740129; 
5.12, -1.56454, -0.213223, 0.740151; 
5.13, -1.56459, -0.21329, 0.740218; 
5.14, -1.56465, -0.213353, 0.740281; 
5.15, -1.5647, -0.213414, 0.740344; 
5.16, -1.56476, -0.213474, 0.740403; 
5.17, -1.56481, -0.213545, 0.740471; 
5.18, -1.56486, -0.213596, 0.740522; 
5.19, -1.56491, -0.213645, 0.74058; 
5.2, -1.56496, -0.213698, 0.740639; 
5.21, -1.56502, -0.21377, 0.740715; 
5.22, -1.56507, -0.213831, 0.740774; 
5.23, -1.56511, -0.213858, 0.740801; 
5.24, -1.56516, -0.213923, 0.740865; 
5.25, -1.5652, -0.213935, 0.740874; 
5.26, -1.56524, -0.213959, 0.74089; 
5.27, -1.56531, -0.214052, 0.740978; 
5.28, -1.56536, -0.214091, 0.74102; 
5.29, -1.56541, -0.214147, 0.741075; 
5.3, -1.56546, -0.21419, 0.741127; 
5.31, -1.5655, -0.21422, 0.741147; 
5.32, -1.56557, -0.21431, 0.741235; 
5.33, -1.56562, -0.214357, 0.741284; 
5.34, -1.56568, -0.214437, 0.741366; 
5.35, -1.56575, -0.214545, 0.741482; 
5.36, -1.56579, -0.21459, 0.741528; 
5.37, -1.56585, -0.214635, 0.741574; 
5.38, -1.56589, -0.21468, 0.741618; 
5.39, -1.56591, -0.214659, 0.741597; 
5.4, -1.56597, -0.214713, 0.741659; 
5.41, -1.566, -0.214724, 0.74166; 
5.42, -1.56605, -0.214763, 0.7417; 
5.43, -1.56608, -0.214761, 0.741692; 
5.44, -1.56612, -0.214798, 0.741729; 
5.45, -1.56617, -0.214824, 0.741747; 
5.46, -1.56622, -0.214892, 0.741817; 
5.47, -1.56628, -0.214958, 0.741884; 
5.48, -1.56634, -0.21504, 0.741969; 
5.49, -1.56639, -0.215095, 0.742031; 
5.5, -1.56644, -0.215149, 0.742079; 
5.51, -1.56649, -0.215203, 0.742137; 
5.52, -1.56654, -0.215257, 0.74219; 
5.53, -1.5666, -0.215332, 0.742264; 
5.54, -1.56666, -0.215393, 0.742326; 
5.55, -1.5667, -0.215421, 0.742354; 
5.56, -1.56675, -0.215471, 0.742398; 
5.57, -1.56681, -0.215535, 0.742461; 
5.58, -1.56686, -0.215574, 0.742497; 
5.59, -1.56691, -0.215639, 0.742559; 
5.6, -1.56695, -0.215673, 0.742593; 
5.61, -1.56699, -0.215712, 0.742621; 
5.62, -1.56705, -0.215776, 0.742692; 
5.63, -1.56711, -0.21585, 0.742767; 
5.64, -1.56716, -0.215908, 0.742837; 
5.65, -1.56723, -0.215986, 0.742921; 
5.66, -1.56727, -0.216026, 0.742963; 
5.67, -1.56734, -0.216115, 0.743061; 
5.68, -1.56739, -0.216161, 0.743103; 
5.69, -1.56744, -0.216225, 0.743164; 
5.7, -1.56749, -0.216267, 0.743212; 
5.71, -1.56755, -0.216326, 0.743275; 
5.72, -1.5676, -0.216382, 0.743326; 
5.73, -1.56764, -0.216417, 0.743356; 
5.74, -1.5677, -0.216519, 0.743466; 
5.75, -1.56775, -0.216556, 0.7435; 
5.76, -1.56781, -0.216616, 0.743566; 
5.77, -1.56785, -0.216647, 0.743592; 
5.78, -1.5679, -0.216681, 0.743609; 
5.79, -1.56797, -0.216779, 0.743714; 
5.8, -1.56801, -0.216817, 0.743753; 
5.81, -1.56807, -0.21688, 0.743822; 
5.82, -1.56812, -0.216924, 0.743871; 
5.83, -1.56817, -0.216955, 0.743897; 
5.84, -1.56822, -0.217036, 0.743984; 
5.85, -1.56826, -0.217057, 0.743988; 
5.86, -1.5683, -0.217078, 0.744005; 
5.87, -1.56833, -0.217085, 0.744008; 
5.88, -1.56837, -0.217098, 0.744017; 
5.89, -1.56843, -0.217165, 0.74409; 
5.9, -1.56848, -0.217229, 0.744155; 
5.91, -1.56851, -0.217248, 0.744168; 
5.92, -1.56856, -0.217289, 0.744202; 
5.93, -1.56861, -0.217322, 0.744236; 
5.94, -1.56864, -0.217348, 0.744262; 
5.95, -1.56869, -0.217406, 0.744321; 
5.96, -1.56875, -0.217479, 0.744397; 
5.97, -1.56879, -0.217523, 0.744444; 
5.98, -1.56885, -0.217592, 0.744517; 
5.99, -1.5689, -0.217631, 0.744561; 
6, -1.56894, -0.217665, 0.744592; 
6.01, -1.56899, -0.217719, 0.744649; 
6.02, -1.56904, -0.217773, 0.744699; 
6.03, -1.5691, -0.217818, 0.744744; 
6.04, -1.56915, -0.217891, 0.744826; 
6.05, -1.5692, -0.217917, 0.74485; 
6.06, -1.56926, -0.217986, 0.74492; 
6.07, -1.56931, -0.218051, 0.744991; 
6.08, -1.56935, -0.218096, 0.745031; 
6.09, -1.56942, -0.21816, 0.745098; 
6.1, -1.56946, -0.218208, 0.745139; 
6.11, -1.56952, -0.218291, 0.745221; 
6.12, -1.56958, -0.218356, 0.745285; 
6.13, -1.56963, -0.21841, 0.745338; 
6.14, -1.56967, -0.218409, 0.745327; 
6.15, -1.56972, -0.218476, 0.745402; 
6.16, -1.56978, -0.218524, 0.745449; 
6.17, -1.56981, -0.218532, 0.745446; 
6.18, -1.56986, -0.218568, 0.745475; 
6.19, -1.56992, -0.218651, 0.74556; 
6.2, -1.56997, -0.218712, 0.745631; 
6.21, -1.57002, -0.218756, 0.745677; 
6.22, -1.57007, -0.21883, 0.745758; 
6.23, -1.57011, -0.218854, 0.745772; 
6.24, -1.57017, -0.218913, 0.745829; 
6.25, -1.57021, -0.218945, 0.745857; 
6.26, -1.57028, -0.219055, 0.745983; 
6.27, -1.57032, -0.219088, 0.746013; 
6.28, -1.57038, -0.219157, 0.746091; 
6.29, -1.57044, -0.219235, 0.746174; 
6.3, -1.57048, -0.219253, 0.746174; 
6.31, -1.57053, -0.219323, 0.74624; 
6.32, -1.57057, -0.219342, 0.746251; 
6.33, -1.57061, -0.219389, 0.746296; 
6.34, -1.57068, -0.21948, 0.746402; 
6.35, -1.57071, -0.219479, 0.746392; 
6.36, -1.57076, -0.21952, 0.746432; 
6.37, -1.57082, -0.219595, 0.746503; 
6.38, -1.57088, -0.219663, 0.746576; 
6.39, -1.57093, -0.219718, 0.746638; 
6.4, -1.57097, -0.219767, 0.746691; 
6.41, -1.57101, -0.219789, 0.746705; 
6.42, -1.57106, -0.219842, 0.746758; 
6.43, -1.57112, -0.219911, 0.746832; 
6.44, -1.57117, -0.219968, 0.746897; 
6.45, -1.57123, -0.220039, 0.746981; 
6.46, -1.5713, -0.220133, 0.747088; 
6.47, -1.57136, -0.220198, 0.747151; 
6.48, -1.57141, -0.220258, 0.747206; 
6.49, -1.57146, -0.220294, 0.747236; 
6.5, -1.57151, -0.220352, 0.747295; 
6.51, -1.57155, -0.220379, 0.747318; 
6.52, -1.5716, -0.220404, 0.747327; 
6.53, -1.57165, -0.220446, 0.747369; 
6.54, -1.57169, -0.220484, 0.7474; 
6.55, -1.57175, -0.220544, 0.747457; 
6.56, -1.57178, -0.220549, 0.747454; 
6.57, -1.57183, -0.220586, 0.747493; 
6.58, -1.57187, -0.220638, 0.74755; 
6.59, -1.57192, -0.220685, 0.747582; 
6.6, -1.57197, -0.220752, 0.747652; 
6.61, -1.57202, -0.220806, 0.747705; 
6.62, -1.57206, -0.220836, 0.747729; 
6.63, -1.57211, -0.220878, 0.747775; 
6.64, -1.57216, -0.22092, 0.747818; 
6.65, -1.57222, -0.22098, 0.747884; 
6.66, -1.57229, -0.221087, 0.748017; 
6.67, -1.57234, -0.221143, 0.748072; 
6.68, -1.5724, -0.221199, 0.748126; 
6.69, -1.57244, -0.22123, 0.748153; 
6.7, -1.57249, -0.221292, 0.748219; 
6.71, -1.57253, -0.221316, 0.748236; 
6.72, -1.57257, -0.221339, 0.748257; 
6.73, -1.57261, -0.221361, 0.748268; 
6.74, -1.57267, -0.221431, 0.748338; 
6.75, -1.57272, -0.221496, 0.748417; 
6.76, -1.57277, -0.221543, 0.748462; 
6.77, -1.57282, -0.22159, 0.748502; 
6.78, -1.57286, -0.221614, 0.748513; 
6.79, -1.57291, -0.221663, 0.748564; 
6.8, -1.57296, -0.221701, 0.748599; 
6.81, -1.573, -0.221738, 0.748641; 
6.82, -1.57305, -0.221788, 0.748695; 
6.83, -1.57311, -0.221851, 0.748762; 
6.84, -1.57316, -0.221901, 0.74881; 
6.85, -1.57321, -0.221949, 0.748855; 
6.86, -1.57327, -0.221996, 0.748895; 
6.87, -1.57331, -0.222032, 0.748925; 
6.88, -1.57338, -0.222144, 0.749061; 
6.89, -1.57342, -0.222167, 0.749073; 
6.9, -1.57347, -0.222225, 0.74913; 
6.91, -1.57352, -0.22228, 0.749187; 
6.92, -1.57357, -0.222302, 0.749202; 
6.93, -1.57361, -0.22232, 0.749208; 
6.94, -1.57366, -0.222365, 0.749249; 
6.95, -1.57371, -0.222423, 0.749311; 
6.96, -1.57376, -0.222485, 0.749377; 
6.97, -1.57381, -0.222549, 0.749454; 
6.98, -1.57385, -0.222563, 0.749463; 
6.99, -1.5739, -0.222612, 0.74951; 
7, -1.57396, -0.222666, 0.749561; 
7.01, -1.574, -0.222679, 0.749562; 
7.02, -1.57407, -0.222774, 0.749671; 
7.03, -1.57412, -0.222835, 0.749734; 
7.04, -1.57419, -0.222918, 0.749829; 
7.05, -1.57425, -0.222995, 0.749915; 
7.06, -1.5743, -0.22306, 0.749986; 
7.07, -1.57436, -0.223155, 0.750099; 
7.08, -1.5744, -0.223186, 0.750118; 
7.09, -1.57445, -0.223232, 0.750178; 
7.1, -1.57448, -0.223244, 0.750175; 
7.11, -1.57452, -0.223268, 0.75019; 
7.12, -1.57456, -0.223318, 0.750229; 
7.13, -1.57461, -0.223353, 0.750258; 
7.14, -1.57467, -0.22343, 0.75034; 
7.15, -1.5747, -0.223455, 0.750355; 
7.16, -1.57475, -0.22351, 0.750398; 
7.17, -1.57481, -0.223567, 0.750462; 
7.18, -1.57485, -0.223588, 0.750473; 
7.19, -1.5749, -0.223637, 0.750517; 
7.2, -1.57495, -0.223687, 0.750571; 
7.21, -1.575, -0.223721, 0.750595; 
7.22, -1.57505, -0.223763, 0.750631; 
7.23, -1.5751, -0.223825, 0.7507; 
7.24, -1.57515, -0.22389, 0.750778; 
7.25, -1.5752, -0.223943, 0.750826; 
7.26, -1.57526, -0.224007, 0.750899; 
7.27, -1.57531, -0.22406, 0.750953; 
7.28, -1.57536, -0.224115, 0.751; 
7.29, -1.57541, -0.224155, 0.751039; 
7.3, -1.57546, -0.224202, 0.751089; 
7.31, -1.57551, -0.224244, 0.751119; 
7.32, -1.57556, -0.22432, 0.751203; 
7.33, -1.57561, -0.224368, 0.75125; 
7.34, -1.57566, -0.224414, 0.751296; 
7.35, -1.57571, -0.224483, 0.751376; 
7.36, -1.57576, -0.224525, 0.751413; 
7.37, -1.57581, -0.224569, 0.751457; 
7.38, -1.57585, -0.224583, 0.751458; 
7.39, -1.5759, -0.22464, 0.751518; 
7.4, -1.57594, -0.224647, 0.751503; 
7.41, -1.57599, -0.224713, 0.751575; 
7.42, -1.57604, -0.224742, 0.751596; 
7.43, -1.57608, -0.224773, 0.751617; 
7.44, -1.57613, -0.224812, 0.751656; 
7.45, -1.57619, -0.224887, 0.751743; 
7.46, -1.57624, -0.224945, 0.751804; 
7.47, -1.57629, -0.224995, 0.751862; 
7.48, -1.57636, -0.225089, 0.751981; 
7.49, -1.57641, -0.225148, 0.752043; 
7.5, -1.57647, -0.225224, 0.75213; 
7.51, -1.57651, -0.225245, 0.752138; 
7.52, -1.57656, -0.225308, 0.752198; 
7.53, -1.57662, -0.225371, 0.752265; 
7.54, -1.57666, -0.225396, 0.752281; 
7.55, -1.57672, -0.225476, 0.752376; 
7.56, -1.57675, -0.225466, 0.752345; 
7.57, -1.57681, -0.225536, 0.752416; 
7.58, -1.57688, -0.225627, 0.752529; 
7.59, -1.57692, -0.225661, 0.752553; 
7.6, -1.57697, -0.225706, 0.752611; 
7.61, -1.57702, -0.225769, 0.752672; 
7.62, -1.57706, -0.225817, 0.752719; 
7.63, -1.5771, -0.225838, 0.752722; 
7.64, -1.57716, -0.225926, 0.752825; 
7.65, -1.57721, -0.225979, 0.752883; 
7.66, -1.57725, -0.226012, 0.7529; 
7.67, -1.57731, -0.226071, 0.75296; 
7.68, -1.57737, -0.226133, 0.753029; 
7.69, -1.57744, -0.226209, 0.753131; 
7.7, -1.57747, -0.226217, 0.753114; 
7.71, -1.57754, -0.226313, 0.753228; 
7.72, -1.57756, -0.22631, 0.753201; 
7.73, -1.57762, -0.22639, 0.753294; 
7.74, -1.57766, -0.226409, 0.753293; 
7.75, -1.57772, -0.226487, 0.753382; 
7.76, -1.57776, -0.226509, 0.75339; 
7.77, -1.57782, -0.226581, 0.753464; 
7.78, -1.57788, -0.226673, 0.75358; 
7.79, -1.57793, -0.226729, 0.753642; 
7.8, -1.57799, -0.226775, 0.753691; 
7.81, -1.57804, -0.226832, 0.753758; 
7.82, -1.57807, -0.226833, 0.75373; 
7.83, -1.57812, -0.226874, 0.753772; 
7.84, -1.57816, -0.226903, 0.753778; 
7.85, -1.57821, -0.226946, 0.753816; 
7.86, -1.57825, -0.226975, 0.753829; 
7.87, -1.57831, -0.227056, 0.753932; 
7.88, -1.57837, -0.227112, 0.753994; 
7.89, -1.57842, -0.227171, 0.754059; 
7.9, -1.57848, -0.227218, 0.754106; 
7.91, -1.57853, -0.227284, 0.754183; 
7.92, -1.57857, -0.227323, 0.754213; 
7.93, -1.57862, -0.227372, 0.754263; 
7.94, -1.57866, -0.2274, 0.754278; 
7.95, -1.57872, -0.227484, 0.754382; 
7.96, -1.57877, -0.227555, 0.754464; 
7.97, -1.57882, -0.227596, 0.7545; 
7.98, -1.57888, -0.22767, 0.754589; 
7.99, -1.57893, -0.22772, 0.754635; 
8, -1.57898, -0.227768, 0.75468; 
8.01, -1.57903, -0.227802, 0.754703; 
8.02, -1.57907, -0.227834, 0.754722; 
8.03, -1.57914, -0.227918, 0.754825; 
8.04, -1.57917, -0.22793, 0.754812; 
8.05, -1.57922, -0.227966, 0.75485; 
8.06, -1.57927, -0.228015, 0.754896; 
8.07, -1.57932, -0.228082, 0.754965; 
8.08, -1.57937, -0.228142, 0.755025; 
8.09, -1.57943, -0.228217, 0.755115; 
8.1, -1.57949, -0.228281, 0.755198; 
8.11, -1.57954, -0.22834, 0.755273; 
8.12, -1.57958, -0.228376, 0.755291; 
8.13, -1.57963, -0.228417, 0.755327; 
8.14, -1.57966, -0.228432, 0.755318; 
8.15, -1.5797, -0.228443, 0.755311; 
8.16, -1.57976, -0.228528, 0.755414; 
8.17, -1.5798, -0.228532, 0.755388; 
8.18, -1.57985, -0.228592, 0.755449; 
8.19, -1.57989, -0.22862, 0.755475; 
8.2, -1.57995, -0.228686, 0.755555; 
8.21, -1.57999, -0.228717, 0.755567; 
8.22, -1.58005, -0.228789, 0.755659; 
8.23, -1.58011, -0.228857, 0.755738; 
8.24, -1.58016, -0.228882, 0.755753; 
8.25, -1.5802, -0.228907, 0.755765; 
8.26, -1.58027, -0.229007, 0.755895; 
8.27, -1.58031, -0.229045, 0.75592; 
8.28, -1.58036, -0.229086, 0.755949; 
8.29, -1.58042, -0.229168, 0.756053; 
8.3, -1.58047, -0.229208, 0.756097; 
8.31, -1.58054, -0.229294, 0.756204; 
8.32, -1.58058, -0.229332, 0.756238; 
8.33, -1.58064, -0.229404, 0.756321; 
8.34, -1.5807, -0.229479, 0.756414; 
8.35, -1.58073, -0.229496, 0.756401; 
8.36, -1.58076, -0.229508, 0.756377; 
8.37, -1.58082, -0.229582, 0.756467; 
8.38, -1.58087, -0.229627, 0.756509; 
8.39, -1.58092, -0.229686, 0.756576; 
8.4, -1.58098, -0.229765, 0.756672; 
8.41, -1.58103, -0.229819, 0.756728; 
8.42, -1.58107, -0.229842, 0.756733; 
8.43, -1.58111, -0.229867, 0.756744; 
8.44, -1.58116, -0.229896, 0.756754; 
8.45, -1.58119, -0.229924, 0.75677; 
8.46, -1.58127, -0.23003, 0.756918; 
8.47, -1.58132, -0.230078, 0.756967; 
8.48, -1.58139, -0.230166, 0.75709; 
8.49, -1.58144, -0.230218, 0.757138; 
8.5, -1.58149, -0.230261, 0.757168; 
8.51, -1.58154, -0.230302, 0.7572; 
8.52, -1.58159, -0.230346, 0.757238; 
8.53, -1.58163, -0.230394, 0.757284; 
8.54, -1.58168, -0.230435, 0.757305; 
8.55, -1.58174, -0.230531, 0.757434; 
8.56, -1.58179, -0.230567, 0.757459; 
8.57, -1.58183, -0.230581, 0.757445; 
8.58, -1.58188, -0.230643, 0.75752; 
8.59, -1.58192, -0.230656, 0.757511; 
8.6, -1.58196, -0.230679, 0.75752; 
8.61, -1.582, -0.230713, 0.757543; 
8.62, -1.58205, -0.23076, 0.757592; 
8.63, -1.58211, -0.230812, 0.757655; 
8.64, -1.58215, -0.230844, 0.757683; 
8.65, -1.5822, -0.2309, 0.757742; 
8.66, -1.58227, -0.231013, 0.757899; 
8.67, -1.58231, -0.231039, 0.757898; 
8.68, -1.58238, -0.231139, 0.758031; 
8.69, -1.58244, -0.231188, 0.758081; 
8.7, -1.5825, -0.231256, 0.758155; 
8.71, -1.58256, -0.231307, 0.758212; 
8.72, -1.58262, -0.231369, 0.758282; 
8.73, -1.58268, -0.231426, 0.758339; 
8.74, -1.58272, -0.231444, 0.758325; 
8.75, -1.58277, -0.23148, 0.758354; 
8.76, -1.58284, -0.231565, 0.758461; 
8.77, -1.58287, -0.231572, 0.758432; 
8.78, -1.58293, -0.231615, 0.758471; 
8.79, -1.58297, -0.231631, 0.758466; 
8.8, -1.58301, -0.231629, 0.758437; 
8.81, -1.58307, -0.231684, 0.758489; 
8.82, -1.58312, -0.231727, 0.75853; 
8.83, -1.58317, -0.231745, 0.758521; 
8.84, -1.58322, -0.231802, 0.75858; 
8.85, -1.58328, -0.231864, 0.758646; 
8.86, -1.58333, -0.231912, 0.758694; 
8.87, -1.5834, -0.231999, 0.758817; 
8.88, -1.58346, -0.232063, 0.758891; 
8.89, -1.58352, -0.23213, 0.758967; 
8.9, -1.58358, -0.232188, 0.759035; 
8.91, -1.58364, -0.232241, 0.759102; 
8.92, -1.5837, -0.232298, 0.759159; 
8.93, -1.58375, -0.23236, 0.759244; 
8.94, -1.58381, -0.232401, 0.759271; 
8.95, -1.58385, -0.23242, 0.759263; 
8.96, -1.58391, -0.232497, 0.759362; 
8.97, -1.58397, -0.23255, 0.759416; 
8.98, -1.58403, -0.232635, 0.75953; 
8.99, -1.58409, -0.232691, 0.759592; 
9, -1.58414, -0.232741, 0.759637; 
9.01, -1.5842, -0.232815, 0.759726; 
9.02, -1.58426, -0.232873, 0.759785; 
9.03, -1.5843, -0.232918, 0.759826; 
9.04, -1.58436, -0.232978, 0.759888; 
9.05, -1.58442, -0.233041, 0.759958; 
9.06, -1.58447, -0.23307, 0.759974; 
9.07, -1.58451, -0.233095, 0.759976; 
9.08, -1.58455, -0.233122, 0.759977; 
9.09, -1.58462, -0.233187, 0.760056; 
9.1, -1.58466, -0.233217, 0.760065; 
9.11, -1.58472, -0.233265, 0.760119; 
9.12, -1.58477, -0.233334, 0.760194; 
9.13, -1.58482, -0.23336, 0.760204; 
9.14, -1.58487, -0.233385, 0.760207; 
9.15, -1.58493, -0.233431, 0.760247; 
9.16, -1.58499, -0.233506, 0.760343; 
9.17, -1.58504, -0.233559, 0.760394; 
9.18, -1.5851, -0.233591, 0.760415; 
9.19, -1.58516, -0.233671, 0.760532; 
9.2, -1.58521, -0.233685, 0.760517; 
9.21, -1.58526, -0.23373, 0.760564; 
9.22, -1.58532, -0.233797, 0.760645; 
9.23, -1.58537, -0.233844, 0.760691; 
9.24, -1.58542, -0.233893, 0.760736; 
9.25, -1.58549, -0.233992, 0.760879; 
9.26, -1.58555, -0.234032, 0.760907; 
9.27, -1.58562, -0.234133, 0.761059; 
9.28, -1.58569, -0.234219, 0.76118; 
9.29, -1.58574, -0.234265, 0.76122; 
9.3, -1.5858, -0.234356, 0.761349; 
9.31, -1.58585, -0.234393, 0.761375; 
9.32, -1.58591, -0.234475, 0.761485; 
9.33, -1.58596, -0.23451, 0.761519; 
9.34, -1.58601, -0.234538, 0.761534; 
9.35, -1.58606, -0.234583, 0.761577; 
9.36, -1.58609, -0.234591, 0.761542; 
9.37, -1.58614, -0.234616, 0.76154; 
9.38, -1.58619, -0.234656, 0.761569; 
9.39, -1.58625, -0.234736, 0.761663; 
9.4, -1.58628, -0.234736, 0.761609; 
9.41, -1.58633, -0.234779, 0.761656; 
9.42, -1.58639, -0.234832, 0.761704; 
9.43, -1.58644, -0.23486, 0.76171; 
9.44, -1.5865, -0.234915, 0.761767; 
9.45, -1.58656, -0.234954, 0.761804; 
9.46, -1.58661, -0.23499, 0.761833; 
9.47, -1.58666, -0.235048, 0.76191; 
9.48, -1.58671, -0.235095, 0.761959; 
9.49, -1.58676, -0.235129, 0.761981; 
9.5, -1.58682, -0.235177, 0.76202; 
9.51, -1.58687, -0.235213, 0.762037; 
9.52, -1.58692, -0.235261, 0.762086; 
9.53, -1.58698, -0.235323, 0.762162; 
9.54, -1.58703, -0.235344, 0.762146; 
9.55, -1.58708, -0.23538, 0.762173; 
9.56, -1.58714, -0.235453, 0.762264; 
9.57, -1.5872, -0.235507, 0.762329; 
9.58, -1.58725, -0.235554, 0.762384; 
9.59, -1.58731, -0.235607, 0.762434; 
9.6, -1.58736, -0.235652, 0.762476; 
9.61, -1.58743, -0.235741, 0.762606; 
9.62, -1.5875, -0.23582, 0.76271; 
9.63, -1.58755, -0.235875, 0.762772; 
9.64, -1.5876, -0.235922, 0.762809; 
9.65, -1.58765, -0.235968, 0.762841; 
9.66, -1.58771, -0.236029, 0.762917; 
9.67, -1.58777, -0.236103, 0.76301; 
9.68, -1.58782, -0.236128, 0.76301; 
9.69, -1.58788, -0.2362, 0.763114; 
9.7, -1.58793, -0.236234, 0.763134; 
9.71, -1.58798, -0.236283, 0.763179; 
9.72, -1.58803, -0.236321, 0.763212; 
9.73, -1.58809, -0.236377, 0.763277; 
9.74, -1.58813, -0.236414, 0.763293; 
9.75, -1.58818, -0.236435, 0.763294; 
9.76, -1.58823, -0.236494, 0.763359; 
9.77, -1.58828, -0.236534, 0.763394; 
9.78, -1.58835, -0.236614, 0.763505; 
9.79, -1.5884, -0.236662, 0.763549; 
9.8, -1.58845, -0.236719, 0.763614; 
9.81, -1.5885, -0.236742, 0.763604; 
9.82, -1.58856, -0.236809, 0.763685; 
9.83, -1.5886, -0.236835, 0.763683; 
9.84, -1.58866, -0.236877, 0.763712; 
9.85, -1.5887, -0.2369, 0.763706; 
9.86, -1.58877, -0.236962, 0.763789; 
9.87, -1.58883, -0.237043, 0.76391; 
9.88, -1.5889, -0.237096, 0.763979; 
9.89, -1.58895, -0.237126, 0.763992; 
9.9, -1.589, -0.237173, 0.764037; 
9.91, -1.58904, -0.237206, 0.764048; 
9.92, -1.58911, -0.237301, 0.764177; 
9.93, -1.58915, -0.237334, 0.764186; 
9.94, -1.5892, -0.237374, 0.764213; 
9.95, -1.58925, -0.237413, 0.764244; 
9.96, -1.58931, -0.23749, 0.764353; 
9.97, -1.58937, -0.237536, 0.764394; 
9.98, -1.58942, -0.237582, 0.764442; 
9.99, -1.58947, -0.237642, 0.764514; 
