0, -8.39041,1.07439,0.0399453,-2.56223,8.39118,1.07264,0;
0.01, -8.40166,1.08021,0.0396413,-2.56759,8.40273,1.07363,0;
0.02, -7.38307,0.810718,0.0795328,-2.19339,7.30619,0.485047,0;
0.03, -6.29143,0.797357,0.117017,-1.9973,6.1277,0.0902185,0;
0.04, -5.06191,0.675653,0.143423,-1.84292,4.90403,-0.243079,0;
0.05, -3.8952,0.550471,0.153309,-1.73184,3.7739,-0.482023,0;
0.06, -2.8952,0.443935,0.149288,-1.64271,2.81978,-0.63037,0;
0.07, -2.1014,0.352399,0.136608,-1.55958,2.06897,-0.712347,0;
0.08, -1.5059,0.277223,0.120092,-1.47571,1.50752,-0.747077,0;
0.09, -1.05705,0.219011,0.102389,-1.38919,1.09013,-0.748057,0;
0.1, -0.73246,0.173657,0.085578,-1.30128,0.788971,-0.728678,0;
0.11, -0.509148,0.139712,0.0705994,-1.21372,0.578869,-0.697548,0;
0.12, -0.353715,0.110772,0.0578448,-1.12907,0.43089,-0.662325,0;
0.13, -0.287792,0.0873263,0.0473047,-1.0492,0.349291,-0.629383,0;
0.14, -0.205974,0.068298,0.0383229,-0.972393,0.271011,-0.59162,0;
0.15, -0.16629,0.0543317,0.0311236,-0.900362,0.222924,-0.555779,0;
0.16, -0.140032,0.0416852,0.0254191,-0.833311,0.188486,-0.522116,0;
0.17, -0.116535,0.0319113,0.0205382,-0.77044,0.159879,-0.488866,0;
0.18, -0.113142,0.022014,0.0166329,-0.712996,0.144882,-0.460272,0;
0.19, -0.103081,0.0141867,0.0132112,-0.659185,0.129041,-0.43165,0;
0.2, -0.0944099,0.00988563,0.0102361,-0.608643,0.11585,-0.403102,0;
0.21, -0.097889,0.00426586,0.00783907,-0.562854,0.110283,-0.379059,0;
0.22, -0.0990299,0.000848712,0.00605508,-0.520081,0.105011,-0.355447,0;
0.23, -0.104761,-0.00166346,0.00506104,-0.480679,0.102895,-0.333837,0;
0.24, -0.10978,-0.00356272,0.00401477,-0.444261,0.101068,-0.313527,0;
0.25, -0.118989,-0.00648313,0.00302602,-0.411262,0.101561,-0.29613,0;
0.26, -0.119169,-0.0096478,0.0021984,-0.3806,0.0976404,-0.278875,0;
0.27, -0.115496,-0.0126815,0.00163567,-0.352183,0.0918624,-0.262194,0;
0.28, -0.119795,-0.0148948,0.000864582,-0.326232,0.0906836,-0.247679,0;
0.29, -0.120468,-0.0146473,0.000344485,-0.301579,0.0885596,-0.232418,0;
0.3, -0.112556,-0.0170219,-2.7177e-05,-0.27909,0.0818007,-0.218154,0;
0.31, -0.10267,-0.0193612,-0.000226103,-0.258303,0.0742842,-0.204589,0;
0.32, -0.0947466,-0.0196044,-0.000411332,-0.238739,0.068667,-0.191243,0;
0.33, -0.0964016,-0.0194996,-0.000567146,-0.221172,0.0685649,-0.180481,0;
0.34, -0.0915869,-0.0193844,-0.000651798,-0.204698,0.0656303,-0.169501,0;
0.35, -0.0952354,-0.0198505,-0.000674048,-0.190185,0.0669354,-0.16124,0;
0.36, -0.0934941,-0.0199543,-0.000782173,-0.176506,0.0658152,-0.152593,0;
0.37, -0.0843496,-0.0199559,-0.000949408,-0.163447,0.0609033,-0.143076,0;
0.38, -0.0818998,-0.0194451,-0.00118847,-0.151678,0.0595832,-0.135207,0;
0.39, -0.084768,-0.0206089,-0.00123094,-0.14167,0.0610187,-0.130035,0;
0.4, -0.091248,-0.0214529,-0.00138263,-0.132683,0.0644353,-0.125977,0;
0.41, -0.0852564,-0.0216374,-0.00104937,-0.123515,0.0616054,-0.119514,0;
0.42, -0.0872869,-0.0240711,-0.00118992,-0.116132,0.0621778,-0.116195,0;
0.43, -0.08008,-0.0247414,-0.00131025,-0.108388,0.0586275,-0.110547,0;
0.44, -0.0838622,-0.0248892,-0.00100373,-0.10177,0.0606794,-0.107074,0;
0.45, -0.0857413,-0.0228787,-0.000980252,-0.095034,0.062425,-0.102444,0;
0.46, -0.0798177,-0.0240753,-0.00123288,-0.0891575,0.0595156,-0.0982858,0;
0.47, -0.080629,-0.0232722,-0.00127572,-0.0836895,0.0602536,-0.0947228,0;
0.48, -0.0786966,-0.0228173,-0.00119722,-0.0785913,0.0597584,-0.0911355,0;
0.49, -0.0752291,-0.0233947,-0.00141428,-0.0740684,0.0582484,-0.0880446,0;
0.5, -0.0772041,-0.0225784,-0.001571,-0.0699408,0.0597719,-0.0856056,0;
0.51, -0.0707927,-0.0211955,-0.001765,-0.0654249,0.0573028,-0.0813444,0;
0.52, -0.0746919,-0.0188288,-0.00178577,-0.0616609,0.0600952,-0.0788499,0;
0.53, -0.068874,-0.017795,-0.00188988,-0.0579366,0.0579364,-0.0754178,0;
0.54, -0.0661759,-0.0205902,-0.00172709,-0.0557441,0.0564378,-0.0749214,0;
0.55, -0.0609555,-0.0190695,-0.00173767,-0.0524958,0.0546295,-0.071791,0;
0.56, -0.0576789,-0.0175103,-0.00172185,-0.0495377,0.0539201,-0.0690796,0;
0.57, -0.0681254,-0.0152272,-0.00158666,-0.0476112,0.0603409,-0.0690883,0;
0.58, -0.0692974,-0.0171195,-0.00148649,-0.0463766,0.0613881,-0.0696464,0;
0.59, -0.0725605,-0.0180731,-0.00125669,-0.0451972,0.063211,-0.070142,0;
0.6, -0.0787786,-0.0191034,-0.00118737,-0.0443703,0.0664178,-0.0713005,0;
0.61, -0.0846482,-0.020544,-0.00118571,-0.0437199,0.0692457,-0.0725654,0;
0.62, -0.092161,-0.0221444,-0.00131471,-0.0433161,0.0726281,-0.0742049,0;
0.63, -0.0884896,-0.0224247,-0.00135962,-0.0417944,0.0704812,-0.072661,0;
0.64, -0.0944142,-0.0217755,-0.00125641,-0.0407672,0.0730782,-0.0725312,0;
0.65, -0.0951439,-0.0219962,-0.00127876,-0.0397127,0.0730563,-0.0718942,0;
0.66, -0.0907216,-0.0222077,-0.00127418,-0.0383562,0.0702814,-0.0701705,0;
0.67, -0.089674,-0.0226737,-0.00128596,-0.0374127,0.069148,-0.0693711,0;
0.68, -0.0927841,-0.0223711,-0.00112867,-0.0366717,0.070432,-0.0691546,0;
0.69, -0.0915198,-0.0220348,-0.00116277,-0.0356741,0.0696125,-0.0680625,0;
0.7, -0.102431,-0.0219698,-0.00103227,-0.0357317,0.0747432,-0.0697287,0;
0.71, -0.0968092,-0.0223111,-0.00109443,-0.0347271,0.0715852,-0.0681748,0;
0.72, -0.0964272,-0.0228084,-0.00112268,-0.0341744,0.0706608,-0.0677209,0;
0.73, -0.091761,-0.0222851,-0.00116328,-0.0330731,0.0680146,-0.0658693,0;
0.74, -0.0913606,-0.0219377,-0.00118603,-0.0324126,0.0675244,-0.0651035,0;
0.75, -0.0885279,-0.0230338,-0.00122514,-0.0320381,0.0657312,-0.0647317,0;
0.76, -0.0865481,-0.0233551,-0.00123929,-0.0315738,0.0645359,-0.0641815,0;
0.77, -0.0921194,-0.0233374,-0.00127166,-0.0316398,0.0673086,-0.0651008,0;
0.78, -0.0980956,-0.0232013,-0.00134254,-0.0317478,0.0703861,-0.066084,0;
0.79, -0.0960872,-0.0237373,-0.0013463,-0.0314229,0.0691611,-0.0656688,0;
0.8, -0.0944315,-0.0249887,-0.00138261,-0.0313204,0.0677512,-0.0656524,0;
0.81, -0.0984374,-0.0240032,-0.00132413,-0.0310807,0.0696889,-0.0656619,0;
0.82, -0.0916169,-0.0234606,-0.00128954,-0.0301,0.0662446,-0.0635603,0;
0.83, -0.0952716,-0.023515,-0.00118502,-0.0301634,0.0677674,-0.0640832,0;
0.84, -0.0942303,-0.0235727,-0.00127888,-0.0299188,0.0671866,-0.063733,0;
0.85, -0.0986328,-0.0235943,-0.00120151,-0.0301166,0.0692236,-0.0645247,0;
0.86, -0.0992299,-0.0236661,-0.00115993,-0.0300412,0.0693885,-0.064544,0;
0.87, -0.10682,-0.0238432,-0.00114266,-0.0305668,0.0728836,-0.0660973,0;
0.88, -0.106498,-0.0237955,-0.00111491,-0.0303878,0.0724617,-0.0657957,0;
0.89, -0.105966,-0.0241506,-0.00100389,-0.0302765,0.0716158,-0.0655677,0;
0.9, -0.106869,-0.0239582,-0.00093111,-0.0301549,0.0716176,-0.0653863,0;
0.91, -0.0908046,-0.024576,-0.000957878,-0.0288439,0.0630693,-0.0619431,0;
0.92, -0.090822,-0.0248292,-0.000981143,-0.0287937,0.0626015,-0.0618405,0;
0.93, -0.0861298,-0.023772,-0.00103361,-0.0280604,0.0606412,-0.0602107,0;
0.94, -0.0834863,-0.0243596,-0.00114318,-0.0279853,0.0594113,-0.0599737,0;
0.95, -0.0860311,-0.022716,-0.00104702,-0.0277814,0.0613415,-0.0597734,0;
0.96, -0.0880052,-0.0244425,-0.000959202,-0.0284939,0.0624039,-0.0613251,0;
0.97, -0.0862792,-0.025711,-0.000816,-0.0287822,0.0615854,-0.0618296,0;
0.98, -0.0959508,-0.0247223,-0.000663062,-0.0293626,0.0668083,-0.0634785,0;
0.99, -0.0964188,-0.0262259,-0.00085387,-0.0298527,0.0670121,-0.0644625,0;
1, -0.102518,-0.0263546,-0.000651627,-0.0304125,0.069927,-0.0658209,0;
1.01, -0.106425,-0.0235104,-0.000664991,-0.0299,0.0723215,-0.0649651,0;
1.02, -0.101739,-0.0236657,-0.000656303,-0.029454,0.0696465,-0.063774,0;
1.03, -0.0924566,-0.0228778,-0.00077012,-0.0283677,0.0647028,-0.0610977,0;
1.04, -0.0884556,-0.0242702,-0.000805148,-0.0284227,0.0621413,-0.0609186,0;
1.05, -0.0789885,-0.0261201,-0.000945873,-0.0281826,0.0571139,-0.0599343,0;
1.06, -0.0793324,-0.0258565,-0.000899548,-0.028222,0.05756,-0.0600015,0;
1.07, -0.0927543,-0.0234887,-0.00100236,-0.0288468,0.0652819,-0.0618777,0;
1.08, -0.0931001,-0.0238874,-0.000950985,-0.0290997,0.0659188,-0.0623783,0;
1.09, -0.0916422,-0.0235523,-0.000791251,-0.0289554,0.0652719,-0.0619643,0;
1.1, -0.102713,-0.0231527,-0.00072538,-0.0299078,0.0708162,-0.0642542,0;
1.11, -0.106341,-0.0230969,-0.000709893,-0.0303186,0.0726337,-0.065139,0;
1.12, -0.0994953,-0.0238471,-0.000766519,-0.0299265,0.0687,-0.0639359,0;
1.13, -0.104405,-0.0232577,-0.00076619,-0.0302108,0.070743,-0.0645739,0;
1.14, -0.104264,-0.0237744,-0.000751358,-0.0303833,0.0703388,-0.0647845,0;
1.15, -0.101035,-0.0241022,-0.000760563,-0.0301967,0.0682871,-0.0641491,0;
1.16, -0.095958,-0.024601,-0.000807312,-0.0298822,0.0653126,-0.0631853,0;
1.17, -0.0904,-0.0244007,-0.000802746,-0.029329,0.0623861,-0.061764,0;
1.18, -0.0889312,-0.0244084,-0.000806614,-0.0292582,0.0616514,-0.0614757,0;
1.19, -0.0874402,-0.024302,-0.000742349,-0.0291762,0.0611359,-0.0611879,0;
1.2, -0.0887813,-0.0244311,-0.0007299,-0.0294576,0.0620287,-0.0617257,0;
1.21, -0.0920711,-0.0250116,-0.000581836,-0.0300675,0.0638365,-0.0629746,0;
1.22, -0.0902802,-0.0247409,-0.000643284,-0.0299316,0.0632211,-0.0625685,0;
1.23, -0.0948476,-0.0248647,-0.000612437,-0.0304677,0.0655608,-0.0637078,0;
1.24, -0.0955226,-0.025198,-0.000610839,-0.0307228,0.0659694,-0.0641388,0;
1.25, -0.107486,-0.0252325,-0.000582392,-0.0319651,0.0718687,-0.0669152,0;
1.26, -0.110167,-0.0250664,-0.000542214,-0.032231,0.0731761,-0.0674246,0;
1.27, -0.115384,-0.025298,-0.000661467,-0.0327836,0.0752427,-0.0685391,0;
1.28, -0.11647,-0.0253418,-0.000715356,-0.0328614,0.0752145,-0.0685674,0;
1.29, -0.119014,-0.0258576,-0.000677666,-0.0331981,0.075666,-0.069129,0;
1.3, -0.11636,-0.025751,-0.000598536,-0.03284,0.0736687,-0.0681588,0;
1.31, -0.1208,-0.0259695,-0.00055579,-0.0332603,0.0750923,-0.0689523,0;
1.32, -0.116533,-0.0257719,-0.000626039,-0.0327094,0.0724183,-0.067568,0;
1.33, -0.120029,-0.0250225,-0.000568721,-0.0327624,0.0735969,-0.0676331,0;
1.34, -0.113116,-0.0247234,-0.000555609,-0.0319447,0.0697246,-0.0656578,0;
1.35, -0.113198,-0.0244063,-0.000538903,-0.0318245,0.069233,-0.0652739,0;
1.36, -0.110062,-0.0246427,-0.000569337,-0.0316091,0.0673081,-0.0646116,0;
1.37, -0.110563,-0.0244995,-0.000606273,-0.0316637,0.0672847,-0.0646058,0;
1.38, -0.0994584,-0.0249006,-0.000676825,-0.0307035,0.0615476,-0.0622553,0;
1.39, -0.0990359,-0.0250784,-0.000698129,-0.0307783,0.0611483,-0.0622694,0;
1.4, -0.100989,-0.0248046,-0.000727123,-0.03103,0.0624078,-0.0627432,0;
1.41, -0.0971002,-0.0254005,-0.000909876,-0.0309454,0.0606221,-0.0623625,0;
1.42, -0.0965194,-0.0258497,-0.000937465,-0.0311472,0.0604197,-0.0626369,0;
1.43, -0.101625,-0.0260377,-0.000913725,-0.0318772,0.0632128,-0.0641207,0;
1.44, -0.100928,-0.0250132,-0.000936532,-0.0316173,0.0633935,-0.0635418,0;
1.45, -0.0994854,-0.0245794,-0.00100904,-0.0314147,0.0628838,-0.0630236,0;
1.46, -0.099619,-0.0239707,-0.0010867,-0.0313572,0.063177,-0.0628358,0;
1.47, -0.102777,-0.0242455,-0.00109219,-0.031901,0.0648232,-0.0638748,0;
1.48, -0.0889786,-0.0245275,-0.000986965,-0.0306586,0.0580678,-0.0609833,0;
1.49, -0.0932814,-0.0245042,-0.000929106,-0.0312166,0.0602053,-0.0620789,0;
1.5, -0.093226,-0.0253807,-0.000970358,-0.0316751,0.0604699,-0.0628692,0;
1.51, -0.0920063,-0.0272935,-0.00085431,-0.0322952,0.0598039,-0.0639007,0;
1.52, -0.0809644,-0.0264422,-0.000863334,-0.0309774,0.0548264,-0.0610092,0;
1.53, -0.0760986,-0.0263875,-0.000980192,-0.030529,0.0527876,-0.0599483,0;
1.54, -0.0688721,-0.0249387,-0.00101826,-0.0294842,0.0502144,-0.0577489,0;
1.55, -0.0719984,-0.0264576,-0.00110716,-0.0305232,0.0522759,-0.0597446,0;
1.56, -0.0750315,-0.0245293,-0.0010411,-0.0305751,0.0551947,-0.0599477,0;
1.57, -0.0709296,-0.0237511,-0.000861831,-0.0301176,0.0542035,-0.0589525,0;
1.58, -0.0726509,-0.0226441,-0.00058873,-0.0302132,0.0559544,-0.0591568,0;
1.59, -0.0757475,-0.0228557,-0.000460544,-0.0309125,0.0581821,-0.0605139,0;
1.6, -0.0903991,-0.0225585,-0.000479236,-0.0327385,0.0660855,-0.0642996,0;
1.61, -0.0909971,-0.0223458,-0.000488414,-0.032982,0.0668817,-0.0647044,0;
1.62, -0.0918693,-0.0233527,-0.00080981,-0.0335249,0.0669942,-0.065617,0;
1.63, -0.0926491,-0.0219765,-0.000819628,-0.0332985,0.0675103,-0.0651164,0;
1.64, -0.080231,-0.0236341,-0.000784973,-0.0324923,0.0608815,-0.0631348,0;
1.65, -0.0737935,-0.0241634,-0.000824661,-0.0320268,0.0573967,-0.0619714,0;
1.66, -0.0773452,-0.0247821,-0.00072664,-0.0327827,0.0592824,-0.0633851,0;
1.67, -0.0775261,-0.0249162,-0.000711691,-0.0330521,0.0598505,-0.0638235,0;
1.68, -0.0841092,-0.0243812,-0.000674276,-0.03379,0.0635761,-0.0653021,0;
1.69, -0.0883519,-0.0239931,-0.000628921,-0.0343032,0.066074,-0.0662903,0;
1.7, -0.0874914,-0.0240974,-0.000602985,-0.034336,0.065698,-0.0662265,0;
1.71, -0.0906487,-0.0243532,-0.000528997,-0.0348459,0.0670923,-0.0671356,0;
1.72, -0.0958404,-0.0244516,-0.000438219,-0.0355668,0.0695493,-0.0684869,0;
1.73, -0.094101,-0.0247755,-0.000480752,-0.0355056,0.0684429,-0.0682047,0;
1.74, -0.0956457,-0.0249237,-0.000482235,-0.0357328,0.0688148,-0.0685294,0;
1.75, -0.0990991,-0.0249771,-0.000427306,-0.0361728,0.0702201,-0.0692962,0;
1.76, -0.0960826,-0.0254105,-0.000431976,-0.0359554,0.0683331,-0.0686887,0;
1.77, -0.0925536,-0.0255735,-0.00040613,-0.0355725,0.0661602,-0.0677626,0;
1.78, -0.0937852,-0.0252658,-0.00041562,-0.0356193,0.0665525,-0.0677582,0;
1.79, -0.0910334,-0.0252858,-0.000416472,-0.0353245,0.0650734,-0.0670383,0;
1.8, -0.0878324,-0.0244046,-0.000422389,-0.0346953,0.0635309,-0.0657094,0;
1.81, -0.0911451,-0.0239509,-0.000491261,-0.0350159,0.0651978,-0.0662732,0;
1.82, -0.0959993,-0.0243694,-0.000509842,-0.0358418,0.0675517,-0.06779,0;
1.83, -0.0937055,-0.0247824,-0.000498764,-0.0357932,0.0662753,-0.0675348,0;
1.84, -0.0962281,-0.0245854,-0.000459105,-0.0360825,0.067324,-0.0680035,0;
1.85, -0.104904,-0.0238399,-0.000414651,-0.0369601,0.0715985,-0.0696877,0;
1.86, -0.100783,-0.0237234,-0.000378232,-0.0364661,0.0693844,-0.0685785,0;
1.87, -0.095457,-0.0236954,-0.000341312,-0.0357889,0.0662556,-0.0670973,0;
1.88, -0.0960942,-0.0241622,-0.000342627,-0.0360451,0.066107,-0.0674455,0;
1.89, -0.0943659,-0.0243276,-0.000331048,-0.0359723,0.0650811,-0.0671629,0;
1.9, -0.0883026,-0.0246089,-0.000404666,-0.0353783,0.0619041,-0.0658477,0;
1.91, -0.0864324,-0.0242941,-0.000368546,-0.0351167,0.0609869,-0.0652371,0;
1.92, -0.0872504,-0.0246291,-0.000287825,-0.0354521,0.0614697,-0.0657671,0;
1.93, -0.0854815,-0.0246539,-0.000296004,-0.0353912,0.0608132,-0.0655355,0;
1.94, -0.089104,-0.024886,-0.000268637,-0.0360465,0.0627237,-0.0667001,0;
1.95, -0.0877902,-0.0253206,-0.000245972,-0.0361721,0.0622139,-0.066806,0;
1.96, -0.0853974,-0.0257426,-0.000246171,-0.0361059,0.061037,-0.0665416,0;
1.97, -0.0934113,-0.024826,-0.000164376,-0.0369263,0.0652913,-0.0680919,0;
1.98, -0.09917,-0.024996,-0.000131932,-0.0378306,0.0682839,-0.0697319,0;
1.99, -0.0971893,-0.0266128,-0.000151944,-0.0381698,0.0668682,-0.0701756,0;
2, -0.104525,-0.0276273,-8.53415e-05,-0.0394473,0.0699471,-0.0724713,0;
2.01, -0.09993,-0.028532,-0.000138242,-0.039149,0.067288,-0.0717218,0;
2.02, -0.0978664,-0.0290023,-4.22875e-05,-0.0389331,0.0657527,-0.0711649,0;
2.03, -0.0995826,-0.0287463,-7.55445e-06,-0.0390019,0.0664072,-0.0712038,0;
2.04, -0.0887971,-0.0278908,-7.82394e-05,-0.0372808,0.0611689,-0.0678362,0;
2.05, -0.0899741,-0.0260465,-0.000134825,-0.0367736,0.0619515,-0.0668657,0;
2.06, -0.0932921,-0.0237721,-0.00013631,-0.0365512,0.0642441,-0.0664618,0;
2.07, -0.0880616,-0.0240347,-0.000349518,-0.0360642,0.0617528,-0.0654136,0;
2.08, -0.0915078,-0.0245295,-0.000310642,-0.0368253,0.063296,-0.0667191,0;
2.09, -0.0908823,-0.0242726,-0.000279529,-0.0368476,0.0631816,-0.0666596,0;
2.1, -0.0883583,-0.0239145,-0.000392824,-0.0365389,0.0620524,-0.0659786,0;
2.11, -0.0962833,-0.0233787,-0.000339812,-0.0375692,0.0660764,-0.0678397,0;
2.12, -0.0973726,-0.0240145,-0.000440173,-0.0380933,0.0665762,-0.0686827,0;
2.13, -0.0954162,-0.0254473,-0.000299431,-0.0384155,0.065146,-0.0690982,0;
2.14, -0.10407,-0.0248292,-9.27815e-05,-0.0394514,0.0693088,-0.0709567,0;
2.15, -0.100221,-0.0231169,5.67592e-05,-0.0384391,0.0676815,-0.0690201,0;
2.16, -0.0905029,-0.0229269,0.0001189,-0.0370496,0.0625747,-0.0663115,0;
2.17, -0.09153,-0.0234369,0.000106277,-0.0374221,0.0626788,-0.0668668,0;
2.18, -0.0878374,-0.0239226,0.000116487,-0.0372632,0.0608362,-0.0664363,0;
2.19, -0.078496,-0.0243675,4.90646e-05,-0.0362782,0.0562306,-0.0644786,0;
2.2, -0.0852783,-0.0238622,4.85856e-06,-0.0372158,0.0598286,-0.0661388,0;
2.21, -0.0924405,-0.0243838,-1.97426e-05,-0.0386171,0.0637197,-0.0686166,0;
2.22, -0.0922152,-0.0251135,-9.95622e-05,-0.0390222,0.0636924,-0.0692292,0;
2.23, -0.0913625,-0.0249747,-9.20768e-05,-0.0389506,0.0632833,-0.0689948,0;
2.24, -0.0894194,-0.0252131,-0.000120126,-0.0388331,0.062258,-0.0686631,0;
2.25, -0.083929,-0.0252939,-9.39834e-05,-0.0381774,0.05956,-0.0673512,0;
2.26, -0.0835357,-0.02518,-2.56814e-05,-0.0381854,0.0594682,-0.0672694,0;
2.27, -0.0829141,-0.0253237,3.52493e-05,-0.0382927,0.0593965,-0.0673651,0;
2.28, -0.0863442,-0.0253818,3.60877e-05,-0.038953,0.0613167,-0.0684715,0;
2.29, -0.082955,-0.0255259,1.81237e-05,-0.0386713,0.059898,-0.0678549,0;
2.3, -0.0864068,-0.0252278,1.70709e-06,-0.0391754,0.0617764,-0.0686852,0;
2.31, -0.0893188,-0.0250246,5.08258e-06,-0.0396566,0.0634652,-0.0694691,0;
2.32, -0.0853893,-0.0251092,4.11363e-05,-0.0392408,0.0616275,-0.0686085,0;
2.33, -0.0867253,-0.0249296,9.24147e-05,-0.039455,0.0622986,-0.0688999,0;
2.34, -0.0907984,-0.0249038,0.000107896,-0.0401534,0.0643839,-0.0700607,0;
2.35, -0.0912861,-0.0252616,8.31799e-05,-0.0404524,0.0645922,-0.0704825,0;
2.36, -0.0994034,-0.0250349,0.000150092,-0.0416305,0.0684984,-0.0725018,0;
2.37, -0.0971744,-0.024888,0.000197519,-0.0413057,0.0673347,-0.0718148,0;
2.38, -0.0954307,-0.0248367,0.000250842,-0.0410181,0.0661028,-0.0711867,0;
2.39, -0.101118,-0.0245306,0.000253662,-0.0417558,0.0686328,-0.0724046,0;
2.4, -0.100382,-0.0245134,0.000201543,-0.0416863,0.0680498,-0.0721679,0;
2.41, -0.106361,-0.0244255,0.000215917,-0.0425241,0.0705736,-0.0735495,0;
2.42, -0.105326,-0.0243733,0.000193077,-0.0423642,0.0697104,-0.0731493,0;
2.43, -0.108612,-0.0240155,0.000214629,-0.0426864,0.0708391,-0.0736136,0;
2.44, -0.105308,-0.0240225,0.000157009,-0.0421695,0.0687467,-0.0725799,0;
2.45, -0.105242,-0.0238882,0.000167088,-0.042066,0.0681734,-0.0722829,0;
2.46, -0.0976853,-0.0243227,9.75222e-05,-0.0410899,0.0639823,-0.0704372,0;
2.47, -0.0941248,-0.0246942,0.000106911,-0.0406884,0.0617862,-0.0696128,0;
2.48, -0.0867451,-0.025142,9.30801e-05,-0.0398173,0.0580045,-0.0679691,0;
2.49, -0.083884,-0.0251102,0.000132479,-0.039486,0.0566864,-0.0672941,0;
2.5, -0.0813546,-0.0250036,0.000240897,-0.0392465,0.0558103,-0.0667896,0;
2.51, -0.0808761,-0.0250106,0.000310873,-0.0393895,0.0559878,-0.0669527,0;
2.52, -0.0759277,-0.0253989,0.000262321,-0.0390011,0.0539726,-0.066181,0;
2.53, -0.0823551,-0.0250859,0.000174844,-0.0401053,0.0576201,-0.0680277,0;
2.54, -0.0822388,-0.0243269,0.000219146,-0.0400809,0.0583288,-0.0679204,0;
2.55, -0.0757431,-0.0245411,0.000213025,-0.0393502,0.0554631,-0.0665577,0;
2.56, -0.0875549,-0.0242803,0.000306981,-0.0412811,0.0615447,-0.0698208,0;
2.57, -0.0911545,-0.0246382,0.000216399,-0.0422292,0.063689,-0.0713651,0;
2.58, -0.098531,-0.0245715,0.000227605,-0.0434757,0.0673338,-0.0734203,0;
2.59, -0.109949,-0.0254256,0.000170558,-0.0456153,0.0725791,-0.0769947,0;
2.6, -0.114364,-0.0256656,7.93781e-05,-0.0463855,0.0743099,-0.0782017,0;
2.61, -0.118184,-0.02475,3.09822e-05,-0.0465228,0.075627,-0.0783303,0;
2.62, -0.117831,-0.0225988,-4.35935e-05,-0.0455318,0.0750944,-0.0765421,0;
2.63, -0.118654,-0.0225537,0.000107184,-0.0454535,0.0745561,-0.0762835,0;
2.64, -0.115196,-0.0223852,0.000158958,-0.0447345,0.0720125,-0.0749349,0;
2.65, -0.112056,-0.0225456,0.000205365,-0.0441869,0.0695883,-0.0738786,0;
2.66, -0.108977,-0.0235209,7.73173e-05,-0.0439866,0.0671744,-0.0734122,0;
2.67, -0.109813,-0.0240638,-8.34018e-05,-0.0443109,0.0669189,-0.0738447,0;
2.68, -0.10475,-0.0236968,5.07214e-05,-0.0433794,0.0641981,-0.0721649,0;
2.69, -0.100514,-0.0241858,7.21698e-05,-0.0428692,0.0616925,-0.0711927,0;
2.7, -0.103625,-0.0241181,0.000129328,-0.0434104,0.0630551,-0.0720128,0;
2.71, -0.106308,-0.025023,0.000163535,-0.0442742,0.0641583,-0.0733649,0;
2.72, -0.0984515,-0.0253446,0.000205534,-0.0431937,0.0602091,-0.0714446,0;
2.73, -0.101327,-0.0248522,0.000250064,-0.0435077,0.0615494,-0.0718844,0;
2.74, -0.0962303,-0.0248148,0.000325435,-0.0427688,0.059215,-0.0705523,0;
2.75, -0.0914726,-0.0254429,0.000243069,-0.0422924,0.0567881,-0.0696588,0;
2.76, -0.0837245,-0.0257908,0.000218749,-0.0412904,0.0531451,-0.0678916,0;
2.77, -0.0838316,-0.0255552,0.000180732,-0.0414011,0.0535943,-0.0680004,0;
2.78, -0.0799831,-0.0256894,0.000125555,-0.0410791,0.0523072,-0.0673855,0;
2.79, -0.084845,-0.0256106,0.000140794,-0.0421057,0.0552328,-0.0690192,0;
2.8, -0.083794,-0.0253429,0.000137421,-0.0421315,0.0554425,-0.0689871,0;
2.81, -0.091426,-0.0251132,0.00018636,-0.0435293,0.0596251,-0.0712304,0;
2.82, -0.0926332,-0.0248628,0.000157831,-0.0438739,0.0606908,-0.0717188,0;
2.83, -0.0973421,-0.0244022,0.000202238,-0.0446329,0.0632003,-0.0728902,0;
2.84, -0.100572,-0.0243481,0.000229128,-0.0452732,0.0648198,-0.0738559,0;
2.85, -0.105554,-0.024384,0.000277607,-0.0462073,0.0670849,-0.0752986,0;
2.86, -0.106998,-0.0246215,0.000326808,-0.0465648,0.0674896,-0.0757877,0;
2.87, -0.110202,-0.0249468,0.00037234,-0.0472119,0.0685508,-0.0767465,0;
2.88, -0.108434,-0.024956,0.000373184,-0.0468663,0.0672693,-0.0760757,0;
2.89, -0.114881,-0.0240612,0.000423938,-0.0475637,0.0700692,-0.0771187,0;
2.9, -0.111239,-0.023923,0.000471821,-0.0468488,0.0679226,-0.0758421,0;
2.91, -0.104175,-0.024561,0.000500495,-0.0457783,0.0637577,-0.0739877,0;
2.92, -0.106515,-0.0238565,0.000474136,-0.0459045,0.0645679,-0.0740946,0;
2.93, -0.102332,-0.0245488,0.000450575,-0.0454708,0.062213,-0.0732922,0;
2.94, -0.104573,-0.0245688,0.000466316,-0.0459134,0.0630428,-0.0739203,0;
2.95, -0.102326,-0.0249781,0.000469181,-0.0457504,0.061789,-0.0735629,0;
2.96, -0.100996,-0.0251221,0.000443731,-0.0456279,0.060971,-0.073273,0;
2.97, -0.0976178,-0.0248414,0.000439303,-0.0450125,0.0593577,-0.0721893,0;
2.98, -0.0957135,-0.0253372,0.000450708,-0.0449425,0.0583324,-0.0719869,0;
2.99, -0.0878011,-0.0259756,0.000440932,-0.0439252,0.0544929,-0.0702608,0;
3, -0.0834402,-0.0261012,0.000405893,-0.0433417,0.052555,-0.0692416,0;
3.01, -0.0831413,-0.0261831,0.00040666,-0.0435426,0.052838,-0.0694915,0;
3.02, -0.080737,-0.0267078,0.000410397,-0.04357,0.0521481,-0.0694629,0;
3.03, -0.0841959,-0.0264293,0.000474383,-0.0443364,0.0544306,-0.0706187,0;
3.04, -0.086139,-0.0260051,0.000500069,-0.0448014,0.0560652,-0.071286,0;
3.05, -0.0844968,-0.0262628,0.000514136,-0.0448193,0.0556601,-0.0712394,0;
3.06, -0.0868666,-0.0257161,0.00053685,-0.0452353,0.0572433,-0.0718229,0;
3.07, -0.0828643,-0.0261353,0.000476634,-0.0448691,0.0555753,-0.0711607,0;
3.08, -0.0834823,-0.0266953,0.000530323,-0.0453578,0.0559796,-0.0718606,0;
3.09, -0.0861799,-0.025633,0.000594607,-0.0456617,0.0578731,-0.0722607,0;
3.1, -0.080663,-0.0267686,0.000568021,-0.0452521,0.055286,-0.0715368,0;
3.11, -0.086588,-0.0246592,0.000589079,-0.0457266,0.0587991,-0.0721968,0;
3.12, -0.089417,-0.0237176,0.000532767,-0.0460786,0.0607349,-0.0726685,0;
3.13, -0.082291,-0.0275322,0.000543465,-0.0463626,0.0565406,-0.0730591,0;
3.14, -0.0791311,-0.0302999,0.000490746,-0.0469472,0.0543534,-0.0739135,0;
3.15, -0.0837385,-0.0254582,0.000401967,-0.0461565,0.0579616,-0.0725542,0;
3.16, -0.0837804,-0.0246214,0.00039373,-0.0459451,0.058599,-0.0721351,0;
3.17, -0.0903672,-0.0205719,0.000601401,-0.0458414,0.0628632,-0.0718571,0;
3.18, -0.0929075,-0.0199295,0.00077001,-0.046279,0.0643483,-0.0724563,0;
3.19, -0.0990336,-0.0213107,0.00076437,-0.0481188,0.0667593,-0.0752696,0;
3.2, -0.101158,-0.0221778,0.000722662,-0.0490333,0.0672657,-0.076622,0;
3.21, -0.106697,-0.0231865,0.000726386,-0.0505005,0.0691991,-0.0788327,0;
3.22, -0.107672,-0.0242895,0.000727968,-0.051098,0.0689006,-0.0796833,0;
3.23, -0.104903,-0.022355,0.000630322,-0.0497709,0.0673834,-0.077492,0;
3.24, -0.101626,-0.0217754,0.000597889,-0.0488081,0.0653321,-0.0758889,0;
3.25, -0.0989913,-0.0241338,0.000495664,-0.0491532,0.0629832,-0.0763633,0;
3.26, -0.100221,-0.0258817,0.000563948,-0.0500775,0.0627764,-0.0777316,0;
3.27, -0.0995002,-0.025071,0.000619505,-0.0496677,0.0623996,-0.0769973,0;
3.28, -0.0976058,-0.0241609,0.00066256,-0.0489373,0.0615057,-0.0757657,0;
3.29, -0.102196,-0.0250545,0.000711635,-0.0501608,0.0632884,-0.0775807,0;
3.3, -0.101675,-0.0249,0.000696781,-0.0500527,0.0629517,-0.0773261,0;
3.31, -0.0954862,-0.024241,0.000669122,-0.0485863,0.0599106,-0.0749683,0;
3.32, -0.104433,-0.0251754,0.00075931,-0.0506681,0.0637053,-0.0781002,0;
3.33, -0.103118,-0.025112,0.000814256,-0.0504848,0.0630803,-0.0777325,0;
3.34, -0.103907,-0.024389,0.000773223,-0.0503412,0.0633257,-0.0774107,0;
3.35, -0.100732,-0.0245014,0.000728758,-0.04974,0.0615302,-0.0764048,0;
3.36, -0.100312,-0.0250208,0.000724168,-0.0498603,0.0609372,-0.0765093,0;
3.37, -0.0927088,-0.0245987,0.000605634,-0.048263,0.0572743,-0.0739773,0;
3.38, -0.0905572,-0.0240507,0.000703385,-0.0476706,0.0562794,-0.0729856,0;
3.39, -0.0864672,-0.0238563,0.000652407,-0.0469619,0.0545268,-0.0718264,0;
3.4, -0.0877872,-0.0246375,0.000662974,-0.047734,0.0551795,-0.0729415,0;
3.41, -0.08261,-0.0246016,0.00071805,-0.0469686,0.0530623,-0.0717077,0;
3.42, -0.0824948,-0.0245262,0.000723629,-0.0471271,0.0533099,-0.0718767,0;
3.43, -0.0806891,-0.0246261,0.000746108,-0.0470913,0.0528608,-0.0717559,0;
3.44, -0.08105,-0.0244786,0.000716405,-0.0473766,0.0534752,-0.0721184,0;
3.45, -0.0867613,-0.0241359,0.000760083,-0.0486696,0.0567104,-0.0739982,0;
3.46, -0.0912475,-0.0238317,0.000723907,-0.0497172,0.0592978,-0.0755044,0;
3.47, -0.0930157,-0.0236085,0.00081859,-0.050167,0.060356,-0.0761016,0;
3.48, -0.0961177,-0.0235306,0.000915204,-0.0508829,0.0618174,-0.0771021,0;
3.49, -0.0874237,-0.0234858,0.000885505,-0.0492123,0.0576076,-0.0745071,0;
3.5, -0.0861651,-0.0239467,0.000845961,-0.0491758,0.0566904,-0.0743826,0;
3.51, -0.0911285,-0.0247244,0.000881776,-0.0506545,0.0589368,-0.0765446,0;
3.52, -0.0871237,-0.0244131,0.000830854,-0.0499033,0.0572652,-0.0753368,0;
3.53, -0.0850329,-0.0240386,0.000872049,-0.0494125,0.0563568,-0.0745144,0;
3.54, -0.081102,-0.02393,0.000922956,-0.0487119,0.0546216,-0.0733899,0;
3.55, -0.0816664,-0.0240003,0.000958701,-0.0490282,0.0550363,-0.0737942,0;
3.56, -0.0771997,-0.023689,0.000977091,-0.048232,0.053285,-0.0725297,0;
3.57, -0.0789263,-0.0242718,0.000999793,-0.0490359,0.0542004,-0.0736709,0;
3.58, -0.0864289,-0.0243182,0.000957413,-0.0508786,0.0581077,-0.0763471,0;
3.59, -0.0843084,-0.0241217,0.000906223,-0.0506074,0.0574515,-0.0758677,0;
3.6, -0.0808549,-0.0239347,0.00082149,-0.0499255,0.0558872,-0.0747752,0;
3.61, -0.0791452,-0.0240089,0.000860114,-0.0497303,0.0551338,-0.0744156,0;
3.62, -0.0755009,-0.0248333,0.000868944,-0.0494706,0.0533803,-0.0739789,0;
3.63, -0.0746451,-0.0249322,0.00084576,-0.049534,0.0531766,-0.0740066,0;
3.64, -0.080186,-0.0250965,0.000933222,-0.0509912,0.0560886,-0.0760947,0;
3.65, -0.0724813,-0.025369,0.00102012,-0.049716,0.0527472,-0.0741461,0;
3.66, -0.0783925,-0.0259097,0.00111555,-0.0513005,0.0555478,-0.0764252,0;
3.67, -0.0793663,-0.0255698,0.00112807,-0.0516089,0.0564713,-0.0767985,0;
3.68, -0.0836524,-0.0259525,0.00108728,-0.0527844,0.0585683,-0.0784627,0;
3.69, -0.0881853,-0.0252568,0.00101081,-0.0535906,0.0609827,-0.0795505,0;
3.7, -0.0832265,-0.0266431,0.000991356,-0.0531172,0.058264,-0.0788106,0;
3.71, -0.0823619,-0.0259058,0.000996708,-0.0526339,0.0578184,-0.078001,0;
3.72, -0.0913268,-0.0254332,0.0010982,-0.0543828,0.0621276,-0.0804698,0;
3.73, -0.0893418,-0.0251897,0.00108366,-0.0539304,0.061254,-0.0797214,0;
3.74, -0.0885224,-0.0255589,0.00105041,-0.053857,0.0604594,-0.0795418,0;
3.75, -0.0882927,-0.0258465,0.00106665,-0.0538955,0.0600346,-0.079524,0;
3.76, -0.0882959,-0.0262314,0.00105882,-0.0540502,0.0597436,-0.0796803,0;
3.77, -0.0859253,-0.0262235,0.00102062,-0.0535303,0.0584615,-0.0788409,0;
3.78, -0.0911209,-0.0261803,0.00103478,-0.0546478,0.0607587,-0.080385,0;
3.79, -0.0915625,-0.0258046,0.00102426,-0.0546396,0.0609949,-0.0802816,0;
3.8, -0.0933993,-0.0254412,0.00107185,-0.0548686,0.0617107,-0.0805239,0;
3.81, -0.101552,-0.0236138,0.0011843,-0.0559192,0.0657437,-0.0819071,0;
3.82, -0.0947792,-0.0235032,0.00121887,-0.0543663,0.0622782,-0.0795759,0;
3.83, -0.0903628,-0.024467,0.00125484,-0.0536793,0.0593831,-0.078532,0;
3.84, -0.0906293,-0.0248643,0.0012678,-0.0539024,0.0590588,-0.078791,0;
3.85, -0.0822381,-0.0249867,0.0012387,-0.0521732,0.0549438,-0.0762294,0;
3.86, -0.0860841,-0.0248782,0.00121965,-0.0530353,0.0566415,-0.0773959,0;
3.87, -0.0879722,-0.0242963,0.00126665,-0.0534329,0.0578223,-0.0778819,0;
3.88, -0.0883268,-0.023738,0.0011662,-0.0534215,0.0581633,-0.0777756,0;
3.89, -0.0827511,-0.0235962,0.00107435,-0.0522321,0.0555344,-0.0759963,0;
3.9, -0.0831189,-0.0234617,0.00109442,-0.0523906,0.0556575,-0.0761518,0;
3.91, -0.0810434,-0.0234872,0.00109966,-0.05214,0.0547838,-0.07573,0;
3.92, -0.0875574,-0.0235358,0.00115393,-0.0538292,0.0578995,-0.0780835,0;
3.93, -0.0904356,-0.0235075,0.00118723,-0.0546998,0.0594002,-0.0792608,0;
3.94, -0.0898324,-0.0234922,0.00126242,-0.0546865,0.0590426,-0.0791736,0;
3.95, -0.099052,-0.0234348,0.00131507,-0.0568153,0.0631786,-0.0821348,0;
3.96, -0.0999926,-0.0236731,0.00132267,-0.0571969,0.0633855,-0.0826128,0;
3.97, -0.101275,-0.0235789,0.00130579,-0.0573846,0.0635468,-0.0827985,0;
3.98, -0.0960523,-0.0241197,0.00126008,-0.0563146,0.0604906,-0.0812174,0;
3.99, -0.0973288,-0.0241113,0.00128519,-0.0564951,0.0605914,-0.0813963,0;
4, -0.0972029,-0.0237603,0.0012605,-0.0563111,0.0603364,-0.0810476,0;
4.01, -0.0966406,-0.0236693,0.00120984,-0.0561283,0.0598038,-0.0807116,0;
4.02, -0.0934062,-0.0236356,0.00120855,-0.0553627,0.0580254,-0.0795511,0;
4.03, -0.0957161,-0.0235092,0.00122056,-0.055851,0.0588943,-0.0801664,0;
4.04, -0.0959257,-0.0234642,0.00120964,-0.0559661,0.0588778,-0.0802574,0;
4.05, -0.0909446,-0.0235399,0.00124282,-0.0548866,0.0563528,-0.0786664,0;
4.06, -0.0907441,-0.0234967,0.00124896,-0.0548723,0.0560725,-0.0785788,0;
4.07, -0.0906281,-0.023329,0.0013009,-0.0548948,0.0560465,-0.0785378,0;
4.08, -0.0908928,-0.0233837,0.00132601,-0.0551156,0.056163,-0.0787827,0;
4.09, -0.0935697,-0.0236443,0.00135772,-0.0559883,0.057336,-0.0799546,0;
4.1, -0.0966041,-0.0234505,0.00137812,-0.056757,0.0587846,-0.0809568,0;
4.11, -0.108026,-0.0232206,0.00145715,-0.0594344,0.0640431,-0.0846326,0;
4.12, -0.108225,-0.0233067,0.00147063,-0.0595601,0.0639091,-0.0847368,0;
4.13, -0.0986261,-0.0233059,0.00140385,-0.057125,0.0588678,-0.0812527,0;
4.14, -0.101842,-0.0229451,0.00146777,-0.0575859,0.0598782,-0.0818061,0;
4.15, -0.100259,-0.0237008,0.00142378,-0.0575309,0.058717,-0.0816882,0;
4.16, -0.0984024,-0.023901,0.00148174,-0.0571488,0.0575129,-0.0810949,0;
4.17, -0.0916102,-0.0240156,0.00151826,-0.055577,0.0541187,-0.0788401,0;
4.18, -0.0892878,-0.0243914,0.00151199,-0.0552069,0.0528049,-0.0782729,0;
4.19, -0.0809417,-0.0246138,0.00140783,-0.0534341,0.0489797,-0.0757536,0;
4.2, -0.0895014,-0.0239447,0.00150231,-0.055418,0.0532995,-0.0784202,0;
4.21, -0.0934799,-0.0238476,0.00156508,-0.0566542,0.0556263,-0.0800693,0;
4.22, -0.08826,-0.0241572,0.00154978,-0.0557057,0.0532733,-0.0787061,0;
4.23, -0.0966795,-0.023427,0.00156399,-0.0575565,0.0573315,-0.0811733,0;
4.24, -0.0903588,-0.0232561,0.00145925,-0.0561144,0.0545926,-0.0791071,0;
4.25, -0.105408,-0.0233023,0.00134495,-0.0598615,0.0613733,-0.0842213,0;
4.26, -0.101505,-0.0235269,0.00143899,-0.0591634,0.0595539,-0.0831984,0;
4.27, -0.105426,-0.0227842,0.00141653,-0.0597268,0.0611116,-0.0838723,0;
4.28, -0.106381,-0.0234172,0.00138612,-0.0601734,0.0610604,-0.0844397,0;
4.29, -0.110303,-0.0242345,0.00143771,-0.0614056,0.0622178,-0.0861018,0;
4.3, -0.10749,-0.023657,0.00144254,-0.0603784,0.0606363,-0.0845866,0;
4.31, -0.114638,-0.0240374,0.00153363,-0.0621182,0.0633089,-0.0869168,0;
4.32, -0.118471,-0.024543,0.00156818,-0.0631828,0.0645167,-0.088323,0;
4.33, -0.119565,-0.0242207,0.00158803,-0.0631023,0.0644944,-0.0881191,0;
4.34, -0.121297,-0.0236621,0.00165508,-0.0630305,0.0647428,-0.0879124,0;
4.35, -0.122029,-0.0236029,0.0016664,-0.0629093,0.0643937,-0.0876621,0;
4.36, -0.114879,-0.0238564,0.00162563,-0.0609529,0.0603109,-0.084917,0;
4.37, -0.1201,-0.0229877,0.00167789,-0.0616677,0.062242,-0.0857799,0;
4.38, -0.108384,-0.0235616,0.00157877,-0.0588481,0.0562829,-0.0818875,0;
4.39, -0.109928,-0.0229243,0.0015403,-0.0588304,0.0566071,-0.0817664,0;
4.4, -0.105399,-0.0238582,0.00152903,-0.0581072,0.0541403,-0.0807575,0;
4.41, -0.100788,-0.0241753,0.00150955,-0.057124,0.0517804,-0.0793751,0;
4.42, -0.0955427,-0.0238975,0.00139607,-0.0557981,0.0494494,-0.0775013,0;
4.43, -0.0926144,-0.0229057,0.00130785,-0.0548335,0.0485367,-0.0760905,0;
4.44, -0.083827,-0.0234694,0.00129735,-0.0531102,0.044693,-0.0737255,0;
4.45, -0.0696922,-0.0234102,0.00127363,-0.0498308,0.0386274,-0.0692347,0;
4.46, -0.0649515,-0.023307,0.00126514,-0.0490575,0.0371518,-0.0681439,0;
4.47, -0.0613213,-0.0234356,0.00130674,-0.0489071,0.0365478,-0.0679109,0;
4.48, -0.0728225,-0.0234538,0.00140793,-0.0526913,0.0430013,-0.0729908,0;
4.49, -0.0829674,-0.022953,0.00152422,-0.0559198,0.0490028,-0.0772924,0;
4.5, -0.0911251,-0.0230286,0.0015798,-0.058623,0.0534823,-0.0808964,0;
4.51, -0.0991255,-0.0240311,0.00166771,-0.0614537,0.0572125,-0.0847047,0;
4.52, -0.0951286,-0.0239883,0.00165719,-0.0605429,0.0554073,-0.0834131,0;
4.53, -0.0984256,-0.0234832,0.00172373,-0.0611257,0.0568047,-0.0841054,0;
4.54, -0.0949329,-0.0235038,0.00165164,-0.0602407,0.0550676,-0.0828477,0;
4.55, -0.0971238,-0.0234221,0.00161337,-0.0607551,0.0558603,-0.0834696,0;
4.56, -0.0981289,-0.0232911,0.00156726,-0.0610082,0.0562389,-0.0837359,0;
4.57, -0.0973979,-0.0232845,0.00156816,-0.0608396,0.0557294,-0.0834463,0;
4.58, -0.0969009,-0.0232357,0.00158597,-0.0606935,0.0553152,-0.0831849,0;
4.59, -0.0979262,-0.0233722,0.00166067,-0.0610592,0.0555649,-0.083616,0;
4.6, -0.10666,-0.0233179,0.00168824,-0.0633868,0.0594184,-0.0866642,0;
4.61, -0.106621,-0.0233738,0.00169186,-0.0634196,0.0592153,-0.0866437,0;
4.62, -0.106907,-0.0232777,0.0017611,-0.0633299,0.0589235,-0.0864506,0;
4.63, -0.0972778,-0.0242138,0.00169983,-0.0610086,0.0538494,-0.0833298,0;
4.64, -0.0975726,-0.0239632,0.00166774,-0.060861,0.0536277,-0.0830542,0;
4.65, -0.0954663,-0.0238795,0.00170683,-0.0602996,0.0526307,-0.0822376,0;
4.66, -0.0837385,-0.0237948,0.0016365,-0.0571806,0.0472616,-0.0780233,0;
4.67, -0.0889587,-0.0236073,0.00167511,-0.0586114,0.0497086,-0.0798587,0;
4.68, -0.0874306,-0.0236565,0.00169005,-0.0585588,0.0493956,-0.0797386,0;
4.69, -0.0891842,-0.023238,0.00169884,-0.0591122,0.0505196,-0.0803983,0;
4.7, -0.089109,-0.023495,0.00161576,-0.0594402,0.0506525,-0.0807932,0;
4.71, -0.0901921,-0.0231312,0.0016337,-0.0598061,0.051386,-0.0812054,0;
4.72, -0.0880338,-0.0234937,0.00166618,-0.0595786,0.050439,-0.080867,0;
4.73, -0.0868728,-0.0233912,0.00168625,-0.0593976,0.0500234,-0.0805672,0;
4.74, -0.0913426,-0.0232172,0.00176926,-0.0607531,0.0522413,-0.0822952,0;
4.75, -0.0938561,-0.0231544,0.00181238,-0.0616396,0.0535668,-0.0834099,0;
4.76, -0.0932799,-0.0234179,0.0018123,-0.0617307,0.05324,-0.083485,0;
4.77, -0.0890749,-0.0233859,0.00178874,-0.060627,0.0512533,-0.081968,0;
4.78, -0.0827087,-0.023335,0.001753,-0.0589153,0.0483098,-0.0796519,0;
4.79, -0.0874889,-0.0232825,0.00178855,-0.0603687,0.0505524,-0.0815086,0;
4.8, -0.0834895,-0.02324,0.00180879,-0.0595363,0.0490261,-0.0803599,0;
4.81, -0.074375,-0.0228394,0.00175504,-0.0570052,0.0451296,-0.0769579,0;
4.82, -0.0790049,-0.0227652,0.00172833,-0.0585072,0.0474555,-0.0788768,0;
4.83, -0.0813509,-0.0231698,0.00172767,-0.0597889,0.0488793,-0.0805351,0;
4.84, -0.0830296,-0.022987,0.00175291,-0.0605116,0.0500103,-0.0814247,0;
4.85, -0.0691151,-0.0234822,0.00162931,-0.0570698,0.043793,-0.0768903,0;
4.86, -0.067339,-0.0229937,0.00172427,-0.0565519,0.0432633,-0.0761364,0;
4.87, -0.0678643,-0.0233946,0.00171572,-0.0573253,0.0439471,-0.0771244,0;
4.88, -0.0746839,-0.0232005,0.00173631,-0.0596731,0.047668,-0.0801418,0;
4.89, -0.0684925,-0.0226006,0.00173132,-0.0581156,0.0455953,-0.0780269,0;
4.9, -0.0833728,-0.0227006,0.00175869,-0.0626673,0.0525439,-0.0839257,0;
4.91, -0.0876469,-0.0222107,0.00180254,-0.0640776,0.0550167,-0.0856912,0;
4.92, -0.0928063,-0.0221077,0.00187566,-0.0656034,0.0572831,-0.087617,0;
4.93, -0.107678,-0.0213674,0.00198245,-0.0695328,0.0639113,-0.0926351,0;
4.94, -0.111501,-0.022145,0.00199745,-0.0708534,0.0649786,-0.0943296,0;
4.95, -0.115466,-0.0230704,0.00205018,-0.0719958,0.0655963,-0.0957958,0;
4.96, -0.124605,-0.0224536,0.00207709,-0.0739024,0.0688837,-0.0981634,0;
4.97, -0.115119,-0.0219265,0.00198288,-0.0704071,0.0637334,-0.0935103,0;
4.98, -0.115742,-0.0220397,0.0019592,-0.0699454,0.0627095,-0.0928372,0;
4.99, -0.116513,-0.0216279,0.00195276,-0.0695821,0.0622514,-0.0922721,0;
5, -0.113851,-0.0216963,0.00195254,-0.0684571,0.0601975,-0.0907502,0;
5.01, -0.111726,-0.0217814,0.00192043,-0.0675265,0.0584048,-0.0894839,0;
5.02, -0.109214,-0.0223005,0.00195935,-0.0667505,0.0564645,-0.0884472,0;
5.03, -0.109041,-0.0224523,0.00202542,-0.0665768,0.055793,-0.0881714,0;
5.04, -0.106346,-0.0224218,0.00195454,-0.0656518,0.0541783,-0.0869153,0;
5.05, -0.10458,-0.0226113,0.00195326,-0.0651006,0.0529623,-0.0861549,0;
5.06, -0.104615,-0.022227,0.00194603,-0.064914,0.0528239,-0.0858377,0;
5.07, -0.109135,-0.0219441,0.00201695,-0.066131,0.0547394,-0.0873313,0;
5.08, -0.108916,-0.0217766,0.00192454,-0.0660278,0.0545033,-0.0871347,0;
5.09, -0.108277,-0.0218491,0.00194204,-0.06581,0.0538874,-0.0868025,0;
5.1, -0.105448,-0.0220201,0.00192068,-0.0649968,0.0522797,-0.0857112,0;
5.11, -0.106863,-0.0217788,0.00194474,-0.0652984,0.0527079,-0.0860306,0;
5.12, -0.112404,-0.0217243,0.00199853,-0.0669781,0.0550428,-0.0881289,0;
5.13, -0.109025,-0.0217832,0.00198297,-0.0660301,0.0533312,-0.0868639,0;
5.14, -0.106227,-0.0218194,0.00195716,-0.0651187,0.0517131,-0.0856417,0;
5.15, -0.103763,-0.0217717,0.00195818,-0.0643331,0.0503908,-0.0845802,0;
5.16, -0.101768,-0.0218899,0.00194807,-0.063844,0.0493416,-0.08391,0;
5.17, -0.0978824,-0.0221355,0.00189683,-0.0629025,0.0474963,-0.0826732,0;
5.18, -0.0978869,-0.0228186,0.00192388,-0.0633563,0.0473392,-0.0832418,0;
5.19, -0.0970925,-0.0230169,0.0020335,-0.0634315,0.0470872,-0.0833033,0;
5.2, -0.0957874,-0.0230504,0.00210439,-0.0632649,0.0466587,-0.0830424,0;
5.21, -0.0909263,-0.0229515,0.00210881,-0.0619244,0.0447046,-0.0812761,0;
5.22, -0.0889664,-0.0232161,0.00209695,-0.0616792,0.0439632,-0.0809298,0;
5.23, -0.0936203,-0.0233009,0.00215026,-0.0634643,0.0463418,-0.0831605,0;
5.24, -0.0907335,-0.0232221,0.0021328,-0.0628966,0.0454711,-0.0823854,0;
5.25, -0.0986694,-0.0227514,0.00217155,-0.065353,0.0493353,-0.0854312,0;
5.26, -0.104696,-0.0225433,0.00216036,-0.0673793,0.0523304,-0.0879422,0;
5.27, -0.0965606,-0.0227021,0.00201885,-0.0650443,0.0486798,-0.0849322,0;
5.28, -0.0982454,-0.0220469,0.00206428,-0.0652322,0.049384,-0.0850801,0;
5.29, -0.0971978,-0.0225804,0.00206104,-0.0652778,0.0487903,-0.0851172,0;
5.3, -0.0974907,-0.0217801,0.00215053,-0.0651576,0.0491255,-0.0848701,0;
5.31, -0.102579,-0.0217129,0.00210294,-0.0668437,0.0513984,-0.0869513,0;
5.32, -0.094703,-0.0216629,0.00200631,-0.0645078,0.0479212,-0.0839432,0;
5.33, -0.0950588,-0.0219888,0.00205665,-0.0647803,0.0477979,-0.0842559,0;
5.34, -0.0888852,-0.0223378,0.00202622,-0.0631943,0.045045,-0.0822266,0;
5.35, -0.0762777,-0.0224615,0.00198644,-0.0594897,0.0395104,-0.0775117,0;
5.36, -0.0771572,-0.0227089,0.00202681,-0.0601622,0.0400804,-0.0783343,0;
5.37, -0.0781163,-0.0222743,0.00204998,-0.0608489,0.0412854,-0.0791367,0;
5.38, -0.0793636,-0.0227657,0.00209138,-0.0619931,0.042295,-0.0805668,0;
5.39, -0.0934414,-0.0220676,0.00224762,-0.0666283,0.0492103,-0.0863253,0;
5.4, -0.0918034,-0.0217672,0.00232787,-0.0663926,0.0490095,-0.0859637,0;
5.41, -0.100671,-0.0218054,0.00233419,-0.069316,0.0528315,-0.0895955,0;
5.42, -0.102593,-0.0213473,0.00236249,-0.069841,0.0537521,-0.0901781,0;
5.43, -0.113655,-0.0214348,0.00243417,-0.0733039,0.0582548,-0.094478,0;
5.44, -0.116187,-0.0214474,0.00246638,-0.0739899,0.0589562,-0.0952822,0;
5.45, -0.121643,-0.0208121,0.00242362,-0.0751093,0.0608033,-0.0965871,0;
5.46, -0.117913,-0.0213853,0.00241512,-0.0737405,0.0582098,-0.0948399,0;
5.47, -0.11446,-0.0216474,0.00238792,-0.0722603,0.0557001,-0.0929405,0;
5.48, -0.107608,-0.0218253,0.00234218,-0.069739,0.051906,-0.0897338,0;
5.49, -0.105763,-0.0219426,0.00241866,-0.0689149,0.0504984,-0.0886499,0;
5.5, -0.105627,-0.0223012,0.00236591,-0.0689387,0.0500317,-0.0886484,0;
5.51, -0.104331,-0.0223382,0.00240367,-0.0685227,0.049246,-0.0880806,0;
5.52, -0.10361,-0.0226164,0.00239846,-0.068383,0.0486765,-0.0878694,0;
5.53, -0.09857,-0.0222048,0.00230703,-0.0665896,0.0464667,-0.085557,0;
5.54, -0.0963109,-0.0222747,0.00229815,-0.0659029,0.0453775,-0.0846528,0;
5.55, -0.100501,-0.0214841,0.00234753,-0.067093,0.0475087,-0.0860428,0;
5.56, -0.101162,-0.0214616,0.00228775,-0.0675246,0.0479426,-0.0865332,0;
5.57, -0.0983775,-0.0215735,0.00226511,-0.0668023,0.0466741,-0.0855958,0;
5.58, -0.100857,-0.0211841,0.00225881,-0.06756,0.0478209,-0.0864691,0;
5.59, -0.0982102,-0.0217671,0.00222332,-0.0671298,0.0465213,-0.0859282,0;
5.6, -0.101482,-0.0219483,0.0022728,-0.0683948,0.0478437,-0.0874661,0;
5.61, -0.104937,-0.0221764,0.00222005,-0.0697991,0.0493053,-0.0891779,0;
5.62, -0.101258,-0.0223003,0.00226842,-0.0687216,0.047604,-0.0878003,0;
5.63, -0.0962057,-0.0219771,0.00220425,-0.0668669,0.0453379,-0.0854281,0;
5.64, -0.093328,-0.022098,0.00230668,-0.06603,0.0439889,-0.0843507,0;
5.65, -0.0870256,-0.0217194,0.00228521,-0.0639536,0.0414734,-0.0817121,0;
5.66, -0.0887044,-0.0216178,0.00234748,-0.0647369,0.0424253,-0.0826331,0;
5.67, -0.0800064,-0.0218857,0.00233962,-0.0623583,0.03894,-0.0796689,0;
5.68, -0.0812159,-0.0216245,0.00232099,-0.0630036,0.03985,-0.0804139,0;
5.69, -0.0788052,-0.0216879,0.00227345,-0.0627653,0.039321,-0.0800873,0;
5.7, -0.0796807,-0.0212179,0.00235311,-0.0633507,0.0403225,-0.0807469,0;
5.71, -0.0774075,-0.0209515,0.00236512,-0.0629996,0.0399146,-0.0802625,0;
5.72, -0.0767089,-0.0209827,0.0023126,-0.0632637,0.040035,-0.0805587,0;
5.73, -0.0803954,-0.0212323,0.00234404,-0.0651351,0.0420084,-0.0828473,0;
5.74, -0.0692574,-0.0222311,0.002329,-0.0623054,0.0373416,-0.0793855,0;
5.75, -0.0720571,-0.0214746,0.00232531,-0.0632877,0.0390784,-0.0805134,0;
5.76, -0.0693728,-0.0210204,0.00233606,-0.0627539,0.0386793,-0.0797926,0;
5.77, -0.0737251,-0.0210442,0.00237354,-0.0647505,0.041049,-0.082215,0;
5.78, -0.0787833,-0.0210878,0.00227724,-0.0670558,0.0437375,-0.0850179,0;
5.79, -0.0684487,-0.0209031,0.00220785,-0.0638619,0.0396801,-0.0810439,0;
5.8, -0.0706946,-0.0209762,0.00225581,-0.0649152,0.0407728,-0.082305,0;
5.81, -0.0675117,-0.0210417,0.00229017,-0.0643349,0.0398229,-0.0815601,0;
5.82, -0.0680197,-0.0206455,0.00235943,-0.0647513,0.0405238,-0.082011,0;
5.83, -0.072176,-0.0197136,0.00235013,-0.0662396,0.0430085,-0.0837419,0;
5.84, -0.0655456,-0.0201863,0.00234624,-0.0645978,0.0403758,-0.0817226,0;
5.85, -0.0732864,-0.0210934,0.00232305,-0.0680278,0.0435971,-0.0859497,0;
5.86, -0.0794099,-0.0205882,0.00237315,-0.0703743,0.046758,-0.0887549,0;
5.87, -0.0881845,-0.0201938,0.00246141,-0.0734742,0.0507627,-0.0924797,0;
5.88, -0.0958643,-0.0196773,0.00253096,-0.0759824,0.0541096,-0.0954692,0;
5.89, -0.0918304,-0.0198975,0.00254547,-0.074516,0.051906,-0.0936392,0;
5.9, -0.0889576,-0.0201593,0.00251354,-0.0732727,0.049959,-0.0920832,0;
5.91, -0.0957022,-0.0204154,0.00256519,-0.0755188,0.0522843,-0.0947936,0;
5.92, -0.0980813,-0.0202998,0.00253465,-0.0761838,0.0529773,-0.0955479,0;
5.93, -0.101246,-0.0199289,0.0025798,-0.0768403,0.0539127,-0.0962718,0;
5.94, -0.105959,-0.0204698,0.00268468,-0.0784187,0.055179,-0.0981766,0;
5.95, -0.104311,-0.0209346,0.00268524,-0.0776602,0.0536778,-0.0972263,0;
5.96, -0.0994428,-0.0214148,0.00264947,-0.075683,0.0506981,-0.0947931,0;
5.97, -0.100195,-0.0217039,0.00269965,-0.0756483,0.0502845,-0.0947111,0;
5.98, -0.0958599,-0.021663,0.0026793,-0.0738086,0.0480047,-0.0924157,0;
5.99, -0.0975256,-0.0220706,0.00277929,-0.0743167,0.0481761,-0.0930049,0;
6, -0.100818,-0.0215876,0.00279015,-0.0751443,0.049472,-0.093925,0;
6.01, -0.0997259,-0.0218747,0.00282087,-0.0747194,0.0486412,-0.0933754,0;
6.02, -0.0992946,-0.0217465,0.00276278,-0.0742845,0.0481238,-0.092784,0;
6.03, -0.100115,-0.0214133,0.00277999,-0.0742637,0.0482551,-0.0926862,0;
6.04, -0.0946163,-0.0217654,0.00279804,-0.0722928,0.045526,-0.0902676,0;
6.05, -0.0992809,-0.0208158,0.00283408,-0.0734064,0.0475095,-0.0915074,0;
6.06, -0.0954626,-0.0210583,0.00278998,-0.072151,0.0456992,-0.089955,0;
6.07, -0.0918305,-0.0216867,0.00283494,-0.0710518,0.0437072,-0.0886219,0;
6.08, -0.0933867,-0.0216672,0.00281421,-0.0716406,0.0442405,-0.0892907,0;
6.09, -0.0901351,-0.0210613,0.00277789,-0.0703009,0.0430638,-0.0875878,0;
6.1, -0.0912944,-0.0211004,0.00271247,-0.0708208,0.0435023,-0.0881771,0;
6.11, -0.0848851,-0.0215369,0.00262513,-0.068854,0.0406981,-0.08579,0;
6.12, -0.0821044,-0.0218169,0.00258697,-0.0681093,0.039442,-0.0848706,0;
6.13, -0.0815007,-0.0219454,0.00257748,-0.068233,0.0393584,-0.0849899,0;
6.14, -0.092331,-0.0206767,0.00263135,-0.0719885,0.0446187,-0.0894,0;
6.15, -0.0881013,-0.0206389,0.00265913,-0.0707695,0.0431353,-0.0878887,0;
6.16, -0.0884857,-0.0200421,0.00263742,-0.0707163,0.0433983,-0.0877456,0;
6.17, -0.0978463,-0.0198261,0.00267575,-0.0742572,0.0474208,-0.0919584,0;
6.18, -0.101275,-0.0196719,0.00267727,-0.0756414,0.0489044,-0.0935773,0;
6.19, -0.0946373,-0.0203116,0.00260971,-0.0733982,0.0456023,-0.0908805,0;
6.2, -0.0913097,-0.0205599,0.00267119,-0.0721172,0.0437026,-0.0893173,0;
6.21, -0.092252,-0.0204631,0.0027064,-0.0724317,0.0439449,-0.0896498,0;
6.22, -0.0867749,-0.0209417,0.00270508,-0.0707055,0.0414299,-0.0875681,0;
6.23, -0.0929849,-0.0207939,0.0027219,-0.0730278,0.0440194,-0.0903071,0;
6.24, -0.0913632,-0.020926,0.00269102,-0.0726995,0.0433858,-0.0898837,0;
6.25, -0.0952789,-0.0208898,0.00273022,-0.0741908,0.0449543,-0.0916296,0;
6.26, -0.0819069,-0.0217038,0.00268879,-0.0696208,0.0390321,-0.0861604,0;
6.27, -0.0853624,-0.0213218,0.00270679,-0.0707106,0.0404318,-0.0874005,0;
6.28, -0.0805838,-0.0212287,0.00272764,-0.0691846,0.0387102,-0.085528,0;
6.29, -0.0747093,-0.0218912,0.00270828,-0.0674903,0.0361871,-0.0835033,0;
6.3, -0.0830357,-0.0216733,0.00266963,-0.0708899,0.0400048,-0.0875219,0;
6.31, -0.0797183,-0.0227366,0.00262024,-0.0705801,0.0387215,-0.087183,0;
6.32, -0.0864546,-0.0221593,0.00264972,-0.0731045,0.0418839,-0.0901235,0;
6.33, -0.0874167,-0.0224991,0.00267518,-0.0738902,0.0424278,-0.0910413,0;
6.34, -0.0777004,-0.0227762,0.00266324,-0.0703991,0.0382964,-0.0868424,0;
6.35, -0.088443,-0.0220393,0.00277003,-0.0741718,0.0429979,-0.0912523,0;
6.36, -0.0902625,-0.0217819,0.00278566,-0.0750542,0.0440946,-0.0922465,0;
6.37, -0.0858016,-0.0219879,0.00267887,-0.0734509,0.0420903,-0.0903012,0;
6.38, -0.0816838,-0.0216413,0.00264377,-0.0716867,0.0403188,-0.0881329,0;
6.39, -0.0799144,-0.0217052,0.00269958,-0.0710981,0.0395471,-0.0873932,0;
6.4, -0.0797376,-0.0223117,0.0027613,-0.0715193,0.03938,-0.0878957,0;
6.41, -0.0861092,-0.0224457,0.00282363,-0.0742934,0.0421381,-0.0911738,0;
6.42, -0.0854093,-0.0224552,0.00283053,-0.0742566,0.0420024,-0.0910875,0;
6.43, -0.0811058,-0.022258,0.00280452,-0.0725433,0.0402247,-0.0889913,0;
6.44, -0.0789066,-0.0224563,0.00285688,-0.0718013,0.0392164,-0.0880782,0;
6.45, -0.0732789,-0.0222039,0.00288207,-0.0696856,0.0370462,-0.0855086,0;
6.46, -0.0633659,-0.0224903,0.00284402,-0.0661863,0.032998,-0.0813297,0;
6.47, -0.0606093,-0.0220933,0.00275961,-0.0653017,0.0322896,-0.0802201,0;
6.48, -0.0591659,-0.021939,0.00268866,-0.0653139,0.0323283,-0.0801953,0;
6.49, -0.0625543,-0.0220794,0.00270892,-0.067407,0.0343261,-0.08266,0;
6.5, -0.06088,-0.021585,0.00268344,-0.0672556,0.0344216,-0.0824204,0;
6.51, -0.0656961,-0.0214551,0.00275549,-0.0696459,0.0369339,-0.0852166,0;
6.52, -0.0723487,-0.0211889,0.0027238,-0.0727248,0.040233,-0.0888203,0;
6.53, -0.0737637,-0.0207538,0.00275053,-0.0735003,0.0412461,-0.0896768,0;
6.54, -0.0768236,-0.0202884,0.00273336,-0.0746864,0.0426991,-0.091015,0;
6.55, -0.0751621,-0.0206531,0.00268112,-0.0743317,0.0418563,-0.0905852,0;
6.56, -0.0847057,-0.0204317,0.00280682,-0.0780617,0.0457173,-0.094949,0;
6.57, -0.0867855,-0.0199796,0.00285761,-0.0787861,0.0466219,-0.0957382,0;
6.58, -0.0858695,-0.0203212,0.00291051,-0.0783888,0.0457614,-0.0952497,0;
6.59, -0.0882593,-0.0209131,0.00282232,-0.0793799,0.0460974,-0.0964232,0;
6.6, -0.0845189,-0.0212776,0.00279209,-0.0778506,0.0440522,-0.0946009,0;
6.61, -0.0839156,-0.02132,0.00276439,-0.0773772,0.0433735,-0.0940012,0;
6.62, -0.0883463,-0.0216078,0.00281737,-0.0791337,0.0448179,-0.09605,0;
6.63, -0.0893736,-0.0216357,0.00289583,-0.0794488,0.0449976,-0.0963821,0;
6.64, -0.0906686,-0.0209171,0.00290754,-0.0794189,0.0454169,-0.096252,0;
6.65, -0.0879357,-0.0205478,0.00289776,-0.0778937,0.0440606,-0.0943821,0;
6.66, -0.0740551,-0.0207467,0.00288752,-0.0721651,0.0379182,-0.0876071,0;
6.67, -0.0728582,-0.0206969,0.00285829,-0.0715144,0.0371486,-0.0868048,0;
6.68, -0.0719552,-0.0204763,0.00281042,-0.0713435,0.0369848,-0.0865578,0;
6.69, -0.0759698,-0.0206538,0.00288352,-0.0734062,0.0387511,-0.0889684,0;
6.7, -0.0733434,-0.0211255,0.00289207,-0.0728993,0.0377232,-0.0883725,0;
6.71, -0.079059,-0.0214448,0.00296798,-0.0756011,0.0400031,-0.0915409,0;
6.72, -0.0844269,-0.0210389,0.00306917,-0.0778564,0.0424588,-0.0941294,0;
6.73, -0.0908396,-0.0204605,0.00307762,-0.0802718,0.0452179,-0.0968878,0;
6.74, -0.0870924,-0.0208748,0.00301152,-0.0788369,0.0433297,-0.0951888,0;
6.75, -0.0825244,-0.0207615,0.00305677,-0.0766597,0.0410783,-0.0925872,0;
6.76, -0.0832558,-0.0208668,0.00306945,-0.0768247,0.0410542,-0.0927471,0;
6.77, -0.0846645,-0.0211935,0.00303903,-0.0775548,0.041378,-0.0935879,0;
6.78, -0.0909224,-0.0206495,0.00303536,-0.0798859,0.0439507,-0.0962469,0;
6.79, -0.0908258,-0.020773,0.00306126,-0.0798534,0.0437027,-0.096177,0;
6.8, -0.0932949,-0.0201504,0.00306249,-0.0803752,0.0445433,-0.0967069,0;
6.81, -0.0951092,-0.0199418,0.00315846,-0.0808107,0.045005,-0.09716,0;
6.82, -0.0945756,-0.0200019,0.00319987,-0.0803859,0.0443488,-0.0966301,0;
6.83, -0.09167,-0.0199322,0.00317455,-0.0788707,0.0427443,-0.0948158,0;
6.84, -0.091681,-0.0197876,0.00315272,-0.0785744,0.0423879,-0.0944218,0;
6.85, -0.0924155,-0.0195241,0.00312854,-0.0786457,0.0424644,-0.0944535,0;
6.86, -0.0935061,-0.0190919,0.00306895,-0.0788088,0.0427639,-0.0945819,0;
6.87, -0.0967666,-0.0189404,0.00307689,-0.080004,0.0438417,-0.0959341,0;
6.88, -0.082391,-0.0196396,0.0030271,-0.0741992,0.0374937,-0.0891754,0;
6.89, -0.0886371,-0.0195019,0.00305932,-0.076557,0.0396644,-0.0918871,0;
6.9, -0.08726,-0.0196892,0.00302719,-0.0763109,0.0390962,-0.0915844,0;
6.91, -0.0859543,-0.0197642,0.00303272,-0.0758533,0.0384422,-0.091025,0;
6.92, -0.0918994,-0.0190157,0.00306788,-0.0781287,0.0410062,-0.0935972,0;
6.93, -0.0991599,-0.0183026,0.00309931,-0.0810035,0.0441326,-0.0968627,0;
6.94, -0.100575,-0.0185765,0.00311938,-0.0817156,0.044379,-0.0976798,0;
6.95, -0.098635,-0.0190979,0.0031222,-0.0808824,0.0429801,-0.0967138,0;
6.96, -0.0958753,-0.0195476,0.00313356,-0.0796418,0.0412381,-0.0952677,0;
6.97, -0.0916703,-0.0196123,0.00318264,-0.0776503,0.0391551,-0.0929221,0;
6.98, -0.0989307,-0.018828,0.00327561,-0.080259,0.0420748,-0.095864,0;
6.99, -0.099217,-0.0186031,0.00327138,-0.0803105,0.0421458,-0.0958739,0;
7, -0.0987258,-0.0180313,0.00319681,-0.0796865,0.0418105,-0.0950774,0;
7.01, -0.106841,-0.017545,0.00324951,-0.0827844,0.044871,-0.0986095,0;
7.02, -0.0967041,-0.017492,0.00314676,-0.0782913,0.0405204,-0.09336,0;
7.03, -0.0943701,-0.0174943,0.00311469,-0.0769534,0.0390443,-0.091779,0;
7.04, -0.08667,-0.0175541,0.00305777,-0.0736639,0.0357156,-0.0879459,0;
7.05, -0.0805618,-0.0179863,0.00302762,-0.071315,0.0330012,-0.0852314,0;
7.06, -0.0770893,-0.0187123,0.00305681,-0.0704984,0.0314673,-0.0843149,0;
7.07, -0.0667575,-0.0197261,0.00303852,-0.0669913,0.02731,-0.0803006,0;
7.08, -0.0716971,-0.019825,0.00304918,-0.0697538,0.0296363,-0.0834855,0;
7.09, -0.0707581,-0.0196797,0.00320044,-0.0701299,0.0300082,-0.0838872,0;
7.1, -0.0796605,-0.019243,0.00327172,-0.074454,0.0342118,-0.0888349,0;
7.11, -0.0854688,-0.0192989,0.00335086,-0.0776283,0.0369859,-0.0924811,0;
7.12, -0.0868366,-0.0199941,0.00330719,-0.0788364,0.0374683,-0.0938936,0;
7.13, -0.0902731,-0.0199124,0.00333344,-0.0803874,0.0388289,-0.0956467,0;
7.14, -0.0846873,-0.0201343,0.00325369,-0.0780239,0.0364661,-0.0928921,0;
7.15, -0.0904539,-0.0206726,0.00332988,-0.0806667,0.0383934,-0.0959404,0;
7.16, -0.0908801,-0.0209555,0.00322216,-0.0810327,0.0384596,-0.0963437,0;
7.17, -0.0888101,-0.0208907,0.00324559,-0.0799679,0.037508,-0.0950667,0;
7.18, -0.0952034,-0.0202393,0.00327798,-0.0823174,0.0400955,-0.0976896,0;
7.19, -0.0958397,-0.0198836,0.0032494,-0.0823655,0.0403699,-0.0976774,0;
7.2, -0.095314,-0.0197105,0.00326767,-0.0818109,0.0399341,-0.0969853,0;
7.21, -0.0992442,-0.0187148,0.00322298,-0.0828528,0.0415075,-0.0980794,0;
7.22, -0.101363,-0.0188754,0.00321992,-0.0836761,0.0419876,-0.0990014,0;
7.23, -0.0982172,-0.019174,0.00323894,-0.082133,0.0402433,-0.097209,0;
7.24, -0.0939971,-0.0199162,0.00330088,-0.0802662,0.0378852,-0.0950753,0;
7.25, -0.0939351,-0.0201005,0.00326028,-0.0801101,0.0374708,-0.0948751,0;
7.26, -0.0903133,-0.0199236,0.00326012,-0.0783312,0.0359496,-0.0927787,0;
7.27, -0.0895796,-0.0198125,0.00324978,-0.0779033,0.035562,-0.0922445,0;
7.28, -0.0895633,-0.0203813,0.00319271,-0.0782201,0.0353282,-0.092615,0;
7.29, -0.0913571,-0.0197668,0.0032206,-0.0788694,0.0362322,-0.0932875,0;
7.3, -0.0915888,-0.0197761,0.00326404,-0.079067,0.0363246,-0.0934813,0;
7.31, -0.0943314,-0.0198506,0.00321942,-0.08039,0.0372968,-0.0949753,0;
7.32, -0.0886489,-0.0203829,0.00318555,-0.0781004,0.0348136,-0.0923485,0;
7.33, -0.0890887,-0.0205512,0.00320057,-0.0783111,0.0347775,-0.0925684,0;
7.34, -0.0897502,-0.0203992,0.00321771,-0.078658,0.0351077,-0.0929245,0;
7.35, -0.0849759,-0.0206855,0.00323322,-0.0767274,0.0331664,-0.0906949,0;
7.36, -0.0870409,-0.0210837,0.00326161,-0.0779272,0.0338164,-0.0920666,0;
7.37, -0.0880746,-0.020576,0.00329051,-0.0783905,0.0345166,-0.0925291,0;
7.38, -0.0960873,-0.0201176,0.00336003,-0.0819671,0.0378649,-0.0965613,0;
7.39, -0.0944811,-0.0198928,0.00334278,-0.0812581,0.0373311,-0.0957001,0;
7.4, -0.104741,-0.0194572,0.00338407,-0.0855763,0.0412426,-0.10058,0;
7.41, -0.10117,-0.0197157,0.00335867,-0.0839785,0.03956,-0.0987344,0;
7.42, -0.105764,-0.0191392,0.00338156,-0.0854045,0.0410655,-0.100292,0;
7.43, -0.11027,-0.0189351,0.00340564,-0.0871097,0.0424991,-0.102194,0;
7.44, -0.112236,-0.0185477,0.00344412,-0.0874497,0.0429075,-0.102522,0;
7.45, -0.106251,-0.0188227,0.00341862,-0.0843088,0.0399021,-0.0989142,0;
7.46, -0.104261,-0.0189503,0.00339479,-0.0829175,0.0384618,-0.0973011,0;
7.47, -0.103291,-0.0191298,0.0034809,-0.08226,0.0376018,-0.0965322,0;
7.48, -0.0923058,-0.0194566,0.00346035,-0.0771345,0.0329356,-0.0906695,0;
7.49, -0.0903552,-0.0196579,0.00343848,-0.0761768,0.0318571,-0.0895619,0;
7.5, -0.0842034,-0.019652,0.00339011,-0.0735547,0.0295661,-0.0865422,0;
7.51, -0.0909398,-0.0195735,0.00345415,-0.0769648,0.0323322,-0.0904038,0;
7.52, -0.0889292,-0.0198076,0.00339507,-0.0766601,0.0317761,-0.09005,0;
7.53, -0.085953,-0.019684,0.00335242,-0.0754656,0.0307832,-0.0886546,0;
7.54, -0.0915203,-0.0194507,0.00341763,-0.0782502,0.0331369,-0.0917867,0;
7.55, -0.0843144,-0.0194395,0.00338961,-0.0752526,0.0305851,-0.0883428,0;
7.56, -0.0975883,-0.0185356,0.00352416,-0.0812329,0.0360273,-0.0950688,0;
7.57, -0.0937326,-0.0185384,0.00343747,-0.0798382,0.0347532,-0.0934574,0;
7.58, -0.083711,-0.0188261,0.00338815,-0.0752183,0.0306255,-0.0881899,0;
7.59, -0.0876835,-0.0187509,0.00341646,-0.0771161,0.032069,-0.0903209,0;
7.6, -0.0870604,-0.0184864,0.00354842,-0.0771252,0.0321155,-0.0902924,0;
7.61, -0.0849557,-0.0191825,0.00350496,-0.0767185,0.0311456,-0.089855,0;
7.62, -0.0854823,-0.0195675,0.00352305,-0.0774158,0.0312846,-0.0906533,0;
7.63, -0.0927912,-0.0193438,0.00356044,-0.0810846,0.0342906,-0.0947831,0;
7.64, -0.0842305,-0.0205275,0.00351393,-0.0778255,0.0307235,-0.0911322,0;
7.65, -0.0830944,-0.0208985,0.00356777,-0.0774349,0.0300624,-0.0906814,0;
7.66, -0.0878999,-0.0206434,0.00354611,-0.0798279,0.0321348,-0.0933515,0;
7.67, -0.0860544,-0.0202274,0.00349179,-0.0790306,0.0317791,-0.092384,0;
7.68, -0.0829872,-0.0197138,0.00345831,-0.077434,0.030833,-0.0905032,0;
7.69, -0.0751234,-0.0186577,0.00346975,-0.0733469,0.0282944,-0.0857617,0;
7.7, -0.0855448,-0.0181928,0.00350471,-0.0783859,0.0325435,-0.0914202,0;
7.71, -0.0751514,-0.0189951,0.00342222,-0.0743742,0.0286117,-0.0869081,0;
7.72, -0.0875123,-0.0190535,0.0035682,-0.0805208,0.0332757,-0.0938609,0;
7.73, -0.0805695,-0.0194826,0.00352798,-0.0778918,0.0307644,-0.0908883,0;
7.74, -0.0884231,-0.0191968,0.00355281,-0.0815867,0.0337654,-0.0950296,0;
7.75, -0.0820701,-0.019647,0.00349891,-0.0789923,0.0313036,-0.092093,0;
7.76, -0.0886996,-0.0192563,0.00355076,-0.0819988,0.0338292,-0.0954447,0;
7.77, -0.084407,-0.0191366,0.00343625,-0.0800344,0.0323121,-0.0931809,0;
7.78, -0.0740474,-0.0197686,0.00339385,-0.0752838,0.0280436,-0.0878202,0;
7.79, -0.0722129,-0.0200869,0.00342953,-0.0746262,0.0272184,-0.0870709,0;
7.8, -0.07258,-0.0196965,0.0034721,-0.0750842,0.0277733,-0.0875381,0;
7.81, -0.0700877,-0.0191447,0.00349583,-0.0741344,0.0273752,-0.0864004,0;
7.82, -0.0821501,-0.0188782,0.00358096,-0.0803566,0.0322904,-0.0933966,0;
7.83, -0.0836397,-0.0184224,0.00362661,-0.0814347,0.0333275,-0.0945611,0;
7.84, -0.0900153,-0.0183397,0.00359011,-0.0845939,0.0357034,-0.0980986,0;
7.85, -0.0917419,-0.0183805,0.00360115,-0.0854816,0.0361965,-0.0990805,0;
7.86, -0.0973539,-0.0182551,0.00360209,-0.0879577,0.0380344,-0.101841,0;
7.87, -0.0890865,-0.0183565,0.00358302,-0.0836723,0.0345507,-0.0969783,0;
7.88, -0.0872419,-0.0182296,0.00358732,-0.0822511,0.0334206,-0.0953366,0;
7.89, -0.0848812,-0.01803,0.00357693,-0.0808573,0.0323747,-0.0937235,0;
7.9, -0.0853538,-0.0177088,0.00358011,-0.0809022,0.0325102,-0.0937263,0;
7.91, -0.0811218,-0.01809,0.00358553,-0.0790802,0.0306995,-0.0916753,0;
7.92, -0.0842106,-0.0185459,0.00362063,-0.0808707,0.0315841,-0.0937051,0;
7.93, -0.0842351,-0.0184348,0.00362956,-0.0810594,0.031646,-0.0938902,0;
7.94, -0.0895658,-0.0183136,0.00367362,-0.0837139,0.0336219,-0.0968482,0;
7.95, -0.0813283,-0.0194323,0.00368353,-0.0802052,0.0300889,-0.0929427,0;
7.96, -0.0762019,-0.0196462,0.00364738,-0.0776414,0.0279021,-0.0900452,0;
7.97, -0.0783712,-0.019435,0.00366226,-0.0787531,0.0288306,-0.0912551,0;
7.98, -0.0722303,-0.0192947,0.00363342,-0.0759553,0.0268108,-0.0880654,0;
7.99, -0.0727709,-0.0195763,0.00362357,-0.0765905,0.027031,-0.088773,0;
8, -0.0733819,-0.0194252,0.00362402,-0.0772937,0.0275764,-0.0895321,0;
8.01, -0.0773968,-0.0191184,0.00363792,-0.0795794,0.0294206,-0.0920591,0;
8.02, -0.0820809,-0.0186176,0.00364572,-0.0820459,0.0315442,-0.0947699,0;
8.03, -0.0737741,-0.01885,0.0035893,-0.0781944,0.0284474,-0.0904298,0;
8.04, -0.0833796,-0.0186103,0.00363657,-0.0829101,0.0319846,-0.095691,0;
8.05, -0.0855676,-0.0183226,0.003733,-0.0841849,0.033022,-0.0970786,0;
8.06, -0.0860734,-0.0182842,0.00371803,-0.0843864,0.0330842,-0.0972763,0;
8.07, -0.0826948,-0.01866,0.00365053,-0.0827212,0.0314803,-0.0954061,0;
8.08, -0.0809858,-0.0188917,0.00360686,-0.0818108,0.0305383,-0.0943724,0;
8.09, -0.0746953,-0.0192406,0.00357897,-0.0787588,0.0279757,-0.0909452,0;
8.1, -0.0700541,-0.0191983,0.00364024,-0.0764351,0.026236,-0.0883085,0;
8.11, -0.0664724,-0.0190957,0.00370202,-0.0748491,0.0250942,-0.0864981,0;
8.12, -0.0711443,-0.0197082,0.00369985,-0.0779303,0.0268315,-0.0899715,0;
8.13, -0.0732143,-0.0195919,0.0037342,-0.0795104,0.0279586,-0.0917164,0;
8.14, -0.0822017,-0.0197397,0.0038016,-0.0844923,0.0313839,-0.0972849,0;
8.15, -0.0912202,-0.019137,0.00390466,-0.0890534,0.0350089,-0.10233,0;
8.16, -0.0827806,-0.0190865,0.00381419,-0.0845777,0.0317967,-0.0972767,0;
8.17, -0.0943173,-0.0187473,0.00387835,-0.0898428,0.0357177,-0.103121,0;
8.18, -0.092399,-0.0189405,0.00382602,-0.0888067,0.0347539,-0.101944,0;
8.19, -0.0964158,-0.0189324,0.00396047,-0.0903329,0.0357486,-0.10362,0;
8.2, -0.0919536,-0.0188515,0.00395766,-0.0875533,0.0337328,-0.100471,0;
8.21, -0.0973728,-0.0188052,0.00393617,-0.0897554,0.035232,-0.102901,0;
8.22, -0.0912217,-0.0190461,0.00395121,-0.0863412,0.0325623,-0.0990651,0;
8.23, -0.0866058,-0.0183133,0.00387519,-0.083111,0.0306971,-0.0953726,0;
8.24, -0.0919302,-0.0173748,0.00391476,-0.0851823,0.0327032,-0.0975976,0;
8.25, -0.097734,-0.0169074,0.00396557,-0.0879556,0.0348341,-0.100643,0;
8.26, -0.0855098,-0.017257,0.00388275,-0.0816379,0.0299796,-0.0935873,0;
8.27, -0.0890392,-0.0176863,0.00387815,-0.0832722,0.0306528,-0.0954228,0;
8.28, -0.0919719,-0.0178081,0.00387086,-0.0849447,0.0315596,-0.0972826,0;
8.29, -0.083758,-0.0177604,0.00382049,-0.0806448,0.0284561,-0.0924574,0;
8.3, -0.0848887,-0.016998,0.00387165,-0.0807524,0.028915,-0.0925062,0;
8.31, -0.0761211,-0.0172851,0.00381166,-0.076494,0.02564,-0.0877528,0;
8.32, -0.0785598,-0.0168683,0.00385858,-0.0777453,0.0266358,-0.0891064,0;
8.33, -0.0734966,-0.0175486,0.00382821,-0.0759048,0.0247406,-0.0870857,0;
8.34, -0.0669665,-0.0178243,0.0038155,-0.0730085,0.0224057,-0.0838613,0;
8.35, -0.0763353,-0.018509,0.00387616,-0.0787504,0.0257622,-0.0902961,0;
8.36, -0.0871248,-0.0186383,0.00390151,-0.0852409,0.029978,-0.097527,0;
8.37, -0.0810134,-0.0186346,0.00386394,-0.082353,0.0279475,-0.094283,0;
8.38, -0.0821235,-0.0186616,0.00387351,-0.0828038,0.0281781,-0.0947613,0;
8.39, -0.0796764,-0.0187284,0.00388573,-0.0816072,0.027266,-0.0934058,0;
8.4, -0.0725572,-0.0184997,0.00380216,-0.0777732,0.0247791,-0.0890923,0;
8.41, -0.0715787,-0.0187235,0.00381181,-0.0774713,0.024375,-0.0887463,0;
8.42, -0.0783393,-0.018926,0.00388518,-0.0815556,0.0269104,-0.0932872,0;
8.43, -0.0842279,-0.0183171,0.00393838,-0.0848365,0.029471,-0.0968758,0;
8.44, -0.0900938,-0.0180674,0.00394974,-0.0879661,0.0316914,-0.100317,0;
8.45, -0.0952595,-0.0181504,0.00402522,-0.0906441,0.0333368,-0.103275,0;
8.46, -0.0806212,-0.0184848,0.00396164,-0.0826753,0.0276863,-0.0944048,0;
8.47, -0.0806814,-0.0181967,0.00397069,-0.0820263,0.0273776,-0.0936338,0;
8.48, -0.0699468,-0.0179026,0.00394424,-0.076241,0.0236471,-0.0871584,0;
8.49, -0.0699088,-0.0174468,0.00387619,-0.0761169,0.0237905,-0.0869708,0;
8.5, -0.0726389,-0.0169441,0.00381498,-0.0778867,0.0251931,-0.0888876,0;
8.51, -0.0751869,-0.0171148,0.00384246,-0.0798694,0.0262737,-0.0910865,0;
8.52, -0.0768477,-0.0170603,0.00383957,-0.0811578,0.0270003,-0.0925019,0;
8.53, -0.0773872,-0.0172171,0.0038631,-0.0817914,0.0271763,-0.0932001,0;
8.54, -0.0811936,-0.0174165,0.00380233,-0.0841107,0.0284164,-0.0957727,0;
8.55, -0.0694461,-0.0179578,0.00374459,-0.0781604,0.0240447,-0.0891815,0;
8.56, -0.0730104,-0.0173876,0.00374977,-0.0797843,0.0253903,-0.0909266,0;
8.57, -0.0824592,-0.0171705,0.00378893,-0.0851928,0.02898,-0.0968935,0;
8.58, -0.078809,-0.0174033,0.00383971,-0.0836165,0.0276898,-0.095142,0;
8.59, -0.0877132,-0.0171763,0.00394107,-0.0882087,0.0307146,-0.100198,0;
8.6, -0.0938294,-0.0163915,0.00398955,-0.0911839,0.0330646,-0.103423,0;
8.61, -0.097768,-0.0163702,0.00402547,-0.0929675,0.0341293,-0.105373,0;
8.62, -0.0981404,-0.0163749,0.00406393,-0.0926307,0.0337506,-0.104976,0;
8.63, -0.0963527,-0.0158222,0.00408553,-0.0907184,0.0327611,-0.102794,0;
8.64, -0.0998252,-0.0154008,0.00416156,-0.0917686,0.0335692,-0.103905,0;
8.65, -0.0983295,-0.0157184,0.00416691,-0.0905856,0.0324287,-0.102595,0;
8.66, -0.082528,-0.0167602,0.0040688,-0.0818222,0.0259657,-0.0929405,0;
8.67, -0.089629,-0.0168698,0.00406271,-0.0852318,0.0279263,-0.0967029,0;
8.68, -0.0773013,-0.0175964,0.00397427,-0.0789083,0.0233816,-0.0915759,0;
8.69, -0.0771969,-0.0170159,0.00395805,-0.0782295,0.0235673,-0.0979878,0;
8.7, -0.073433,-0.0171062,0.00387865,-0.0763343,0.0225457,-0.102579,0;
8.71, -0.0725227,-0.016919,0.00392286,-0.075964,0.0225885,-0.108783,0;
8.72, -0.0694849,-0.0164107,0.0038775,-0.0744018,0.0221044,-0.11349,0;
8.73, -0.0682421,-0.0163174,0.00382894,-0.0740531,0.0220578,-0.119537,0;
8.74, -0.0773095,-0.0160197,0.00384298,-0.0794162,0.0256901,-0.131748,0;
8.75, -0.0804205,-0.0155151,0.0038772,-0.081457,0.0273319,-0.140246,0;
8.76, -0.071867,-0.0159873,0.00381103,-0.0770309,0.0243283,-0.142102,0;
8.77, -0.083347,-0.015486,0.0038523,-0.0831324,0.0284694,-0.155682,0;
8.78, -0.0849666,-0.0152831,0.00388033,-0.0842618,0.029302,-0.16343,0;
8.79, -0.0930184,-0.0147005,0.00396075,-0.0883177,0.0322016,-0.174876,0;
8.8, -0.104993,-0.0138487,0.0041168,-0.0943858,0.036461,-0.188611,0;
8.81, -0.104391,-0.0135009,0.00404175,-0.0933481,0.0360181,-0.194869,0;
8.82, -0.10566,-0.0131922,0.00404391,-0.092912,0.0358812,-0.202288,0;
8.83, -0.114114,-0.0129225,0.00408362,-0.0966129,0.0382027,-0.21418,0;
8.84, -0.112696,-0.0131643,0.00403713,-0.095017,0.0369824,-0.22023,0;
8.85, -0.110218,-0.01353,0.0039947,-0.0926229,0.0351571,-0.225715,0;
8.86, -0.11048,-0.0137216,0.00401083,-0.0918024,0.0344327,-0.232786,0;
8.87, -0.0999665,-0.0139332,0.00398449,-0.0850968,0.0301825,-0.233186,0;
8.88, -0.0965105,-0.014342,0.00396343,-0.0824922,0.028289,-0.238046,0;
8.89, -0.0925401,-0.0143886,0.00391039,-0.0799761,0.0266573,-0.242435,0;
8.9, -0.0899225,-0.0144154,0.00392399,-0.0784215,0.0256312,-0.247667,0;
8.91, -0.0877423,-0.0140316,0.00397839,-0.0771319,0.0250259,-0.252956,0;
8.92, -0.0865466,-0.0140273,0.00393969,-0.0766778,0.0246733,-0.259061,0;
8.93, -0.0819257,-0.014156,0.00401727,-0.074433,0.0231544,-0.263104,0;
8.94, -0.0849355,-0.0140052,0.00399536,-0.0764576,0.0243226,-0.271779,0;
8.95, -0.0932299,-0.0139253,0.00405072,-0.0817146,0.0273279,-0.283822,0;
8.96, -0.0861427,-0.0141377,0.0040204,-0.0781358,0.024998,-0.286349,0;
8.97, -0.0855341,-0.0140578,0.00400204,-0.0777285,0.0247283,-0.292764,0;
8.98, -0.076262,-0.0142678,0.00396325,-0.0727398,0.0216281,-0.29388,0;
8.99, -0.0746013,-0.0145058,0.00396572,-0.072172,0.0210673,-0.299815,0;
9, -0.0750803,-0.0145605,0.00395805,-0.073152,0.0214913,-0.307031,0;
9.01, -0.0693767,-0.0150516,0.00391944,-0.0707894,0.0197388,-0.310565,0;
9.02, -0.0679155,-0.0152509,0.00388085,-0.0706689,0.0194751,-0.316615,0;
9.03, -0.0692722,-0.0156666,0.00392571,-0.0724463,0.0201775,-0.324567,0;
9.04, -0.0672962,-0.0157022,0.00387811,-0.0721454,0.0199506,-0.330207,0;
9.05, -0.0643972,-0.0159551,0.00385297,-0.0712681,0.0192793,-0.335373,0;
9.06, -0.0693208,-0.0154847,0.00392917,-0.0746379,0.0214829,-0.345113,0;
9.07, -0.0761221,-0.0153109,0.00397779,-0.0793043,0.0242294,-0.356218,0;
9.08, -0.0830078,-0.0152597,0.00398571,-0.0838348,0.0267789,-0.367455,0;
9.09, -0.0787424,-0.0147954,0.00394637,-0.0813084,0.0256364,-0.371313,0;
9.1, -0.0845862,-0.0149928,0.0039623,-0.0846362,0.0273539,-0.381988,0;
9.11, -0.0842429,-0.0147463,0.00402088,-0.0843498,0.0273047,-0.388472,0;
9.12, -0.0803,-0.0152443,0.00393113,-0.0820132,0.0256522,-0.393035,0;
9.13, -0.0861515,-0.0147988,0.00399655,-0.0850544,0.0275702,-0.403384,0;
9.14, -0.0926729,-0.0137173,0.00398453,-0.0884104,0.0300698,-0.413838,0;
9.15, -0.0940093,-0.0130659,0.00393966,-0.0886676,0.0305736,-0.421181,0;
9.16, -0.0874551,-0.0136853,0.00390902,-0.0845488,0.0278156,-0.424103,0;
9.17, -0.0872737,-0.0143404,0.00391157,-0.084186,0.0270698,-0.431149,0;
9.18, -0.0913732,-0.0137435,0.00394332,-0.0861508,0.0284027,-0.440312,0;
9.19, -0.0821801,-0.0136826,0.00394567,-0.0805136,0.0252822,-0.44119,0;
9.2, -0.091417,-0.0129158,0.00399265,-0.08533,0.0282932,-0.453578,0;
9.21, -0.092064,-0.0132106,0.00408367,-0.0859471,0.0283195,-0.461004,0;
9.22, -0.0876422,-0.0136113,0.00406432,-0.0832219,0.0264528,-0.465179,0;
9.23, -0.0882077,-0.0135291,0.00407312,-0.0832106,0.0263842,-0.472326,0;
9.24, -0.0889095,-0.0137074,0.00406635,-0.0836063,0.02637,-0.479716,0;
9.25, -0.0757678,-0.0142518,0.00399355,-0.0758592,0.0217977,-0.478257,0;
9.26, -0.0787737,-0.0140165,0.00397703,-0.077425,0.0226961,-0.486921,0;
9.27, -0.064597,-0.0146118,0.0039465,-0.0696162,0.0181142,-0.484813,0;
9.28, -0.0545979,-0.0145826,0.00388089,-0.0639228,0.0150492,-0.485092,0;
9.29, -0.0559224,-0.0147981,0.00391965,-0.0657299,0.0158168,-0.492926,0;
9.3, -0.0448727,-0.01528,0.00387321,-0.0606432,0.0127589,-0.492819,0;
9.31, -0.0482711,-0.015075,0.0039119,-0.0638381,0.0145115,-0.501821,0;
9.32, -0.0398153,-0.0154611,0.00388283,-0.0604922,0.0124969,-0.503339,0;
9.33, -0.0423613,-0.0149385,0.00398587,-0.0631907,0.0141927,-0.511623,0;
9.34, -0.0475367,-0.0148578,0.00410098,-0.0679075,0.0166796,-0.521862,0;
9.35, -0.0485791,-0.0147815,0.00415453,-0.0699269,0.0177316,-0.529385,0;
9.36, -0.0604113,-0.0144292,0.00421333,-0.0780147,0.0221121,-0.543858,0;
9.37, -0.0676197,-0.0142191,0.00424508,-0.0832178,0.0248832,-0.555364,0;
9.38, -0.0705051,-0.0140529,0.00425204,-0.0851866,0.0259599,-0.564003,0;
9.39, -0.0640966,-0.0149585,0.00414682,-0.08154,0.0234767,-0.567034,0;
9.4, -0.0785049,-0.014802,0.00420883,-0.0900078,0.0278622,-0.583303,0;
9.41, -0.0791849,-0.0146005,0.00428534,-0.0903538,0.0281547,-0.590451,0;
9.42, -0.0792633,-0.0143301,0.00420328,-0.0896695,0.0279478,-0.597152,0;
9.43, -0.0852964,-0.0142,0.00423091,-0.0926668,0.0295119,-0.607885,0;
9.44, -0.0841624,-0.0133627,0.00413946,-0.0910357,0.029158,-0.613484,0;
9.45, -0.0861924,-0.0131595,0.00419683,-0.0913889,0.029394,-0.62152,0;
9.46, -0.0893623,-0.0129041,0.00425211,-0.0925463,0.0300349,-0.630291,0;
9.47, -0.0859215,-0.013165,0.00432062,-0.0898336,0.0283875,-0.63493,0;
9.48, -0.0862042,-0.0134267,0.00436587,-0.0893188,0.0278432,-0.642041,0;
9.49, -0.0902299,-0.0130963,0.00439849,-0.0910929,0.0288121,-0.651371,0;
9.5, -0.0916409,-0.0129715,0.00433624,-0.0913537,0.0289176,-0.659034,0;
9.51, -0.0960009,-0.0127389,0.00431404,-0.0932908,0.0298913,-0.668643,0;
9.52, -0.0962931,-0.0128757,0.00433775,-0.0928405,0.0294499,-0.675713,0;
9.53, -0.0927726,-0.0129887,0.00431396,-0.0898548,0.0277882,-0.680188,0;
9.54, -0.101684,-0.012766,0.0043095,-0.0945318,0.0300718,-0.692896,0;
9.55, -0.104971,-0.0122315,0.00432285,-0.0957953,0.0308927,-0.701643,0;
9.56, -0.0992105,-0.0125937,0.00426479,-0.0914052,0.0284191,-0.70471,0;
9.57, -0.0973906,-0.012868,0.00429822,-0.0893543,0.0271102,-0.710401,0;
9.58, -0.0969963,-0.0127135,0.00435803,-0.0883443,0.0266021,-0.716833,0;
9.59, -0.0969262,-0.0127811,0.00431733,-0.0878124,0.0261704,-0.723639,0;
9.6, -0.0980405,-0.0126736,0.00432528,-0.0880078,0.0262163,-0.731134,0;
9.61, -0.0870973,-0.0125914,0.00423875,-0.0806593,0.0226526,-0.730434,0;
9.62, -0.0795514,-0.0129554,0.00417687,-0.0755946,0.019921,-0.732252,0;
9.63, -0.0779461,-0.0128922,0.00416762,-0.0746724,0.0194136,-0.737928,0;
9.64, -0.0796882,-0.0130041,0.00414949,-0.0763182,0.0200313,-0.745991,0;
9.65, -0.0818902,-0.013215,0.00411115,-0.0783783,0.0207738,-0.754432,0;
9.66, -0.0785249,-0.0132878,0.00412863,-0.0767315,0.0198576,-0.75899,0;
9.67, -0.072539,-0.0138227,0.00408154,-0.073425,0.0179227,-0.761953,0;
9.68, -0.0794146,-0.0135959,0.00413278,-0.0781304,0.0201838,-0.773378,0;
9.69, -0.0723014,-0.0138742,0.00417276,-0.0743705,0.0182258,-0.775438,0;
9.7, -0.076442,-0.013392,0.00419432,-0.0771337,0.0197595,-0.784853,0;
9.71, -0.0770884,-0.0136795,0.00420807,-0.0782515,0.0200659,-0.792252,0;
9.72, -0.0796427,-0.0133065,0.00426146,-0.0801272,0.0210988,-0.800634,0;
9.73, -0.0777211,-0.0132575,0.00427019,-0.0791863,0.0206475,-0.806091,0;
9.74, -0.082203,-0.0133379,0.00425912,-0.0822333,0.0219385,-0.816001,0;
9.75, -0.089154,-0.0128577,0.00436286,-0.0867609,0.0242179,-0.82739,0;
9.76, -0.0870892,-0.0131199,0.00433859,-0.0855395,0.0234338,-0.832876,0;
9.77, -0.089272,-0.0132971,0.0044042,-0.086676,0.0237697,-0.841252,0;
9.78, -0.0810401,-0.0135251,0.00434575,-0.0812027,0.0210845,-0.842413,0;
9.79, -0.0818244,-0.0134598,0.00433436,-0.0813451,0.0211352,-0.84969,0;
9.8, -0.079912,-0.0142911,0.00437516,-0.080512,0.0202034,-0.855551,0;
9.81, -0.0880731,-0.0140013,0.00439551,-0.0857485,0.0226756,-0.867873,0;
9.82, -0.083718,-0.0141733,0.00434012,-0.083128,0.0213677,-0.871704,0;
9.83, -0.0907967,-0.0136374,0.00435224,-0.0872499,0.0235019,-0.88315,0;
9.84, -0.0934614,-0.01313,0.00430339,-0.0887419,0.024417,-0.891557,0;
9.85, -0.101108,-0.012729,0.00432714,-0.0931794,0.0265762,-0.903464,0;
9.86, -0.0969091,-0.0125601,0.00434514,-0.0899022,0.02515,-0.907201,0;
9.87, -0.0875301,-0.0128534,0.00431849,-0.0830801,0.0218643,-0.907511,0;
9.88, -0.0852353,-0.0119797,0.00433459,-0.0806744,0.0212339,-0.912223,0;
9.89, -0.090344,-0.0114795,0.00438286,-0.0837803,0.0227948,-0.922351,0;
9.9, -0.091126,-0.0117649,0.00441075,-0.0845572,0.0228131,-0.92984,0;
9.91, -0.0963947,-0.0118788,0.00443965,-0.0879632,0.0240726,-0.940384,0;
9.92, -0.0854311,-0.0126602,0.00428356,-0.0808807,0.020426,-0.939768,0;
9.93, -0.0909039,-0.0130245,0.00430675,-0.0842007,0.0215186,-0.950564,0;
9.94, -0.0940756,-0.013187,0.0043286,-0.0864728,0.0223095,-0.959663,0;
9.95, -0.096806,-0.0131428,0.00437641,-0.0881215,0.0229768,-0.968332,0;
9.96, -0.0889888,-0.0134811,0.00435661,-0.0827851,0.0204362,-0.969709,0;
9.97, -0.0902081,-0.0133807,0.00434374,-0.0831001,0.0205943,-0.977248,0;
9.98, -0.0907081,-0.0133369,0.00439684,-0.0833913,0.0206948,-0.984347,0;
9.99, -0.0879258,-0.0136915,0.00440219,-0.0816231,0.0196907,-0.989287,0;
