0, -449.978,57.6195,2.14227,-137.412,450.019,57.5258,0;
0.01, -325.354,41.8962,1.52978,-99.4583,325.4,41.5694,0;
0.02, 0.510406,-7.35365,2.38318,3.46772,-4.67427,-24.6647,0;
0.03, 89.0237,-9.9736,3.59457,22.2553,-96.6958,-42.8149,0;
0.04, 113.229,-8.57432,3.12889,17.8097,-116.775,-36.7337,0;
0.05, 117.976,-11.7625,1.83535,13.508,-116.426,-28.8322,0;
0.06, 107.946,-11.3933,0.382706,10.3275,-104.138,-19.8519,0;
0.07, 90.2546,-9.9714,-0.736781,8.82525,-85.9508,-12.1046,0;
0.08, 70.543,-8.41137,-1.3859,8.43705,-66.7226,-6.30965,0;
0.09, 53.5022,-6.7556,-1.67132,8.53753,-50.1673,-2.13192,0;
0.1, 39.6452,-5.28607,-1.7061,8.70788,-36.8987,0.657646,0;
0.11, 28.2154,-4.04759,-1.58696,8.75832,-26.3538,2.35648,0;
0.12, 19.6635,-3.23407,-1.39331,8.60026,-18.5619,3.20748,0;
0.13, 11.4239,-2.65556,-1.17618,8.23103,-11.8601,3.34796,0;
0.14, 8.2434,-2.15906,-0.990635,7.863,-8.59352,3.56162,0;
0.15, 5.93233,-1.67371,-0.817867,7.45466,-6.33525,3.63773,0;
0.16, 3.57301,-1.37165,-0.655949,6.9776,-4.32905,3.47613,0;
0.17, 2.6343,-1.12828,-0.540416,6.52595,-3.27745,3.36229,0;
0.18, 1.31857,-1.00895,-0.444415,6.03554,-2.19967,3.08148,0;
0.19, 0.858809,-0.881895,-0.373502,5.5977,-1.66067,2.89764,0;
0.2, 0.907198,-0.610009,-0.323399,5.24158,-1.45466,2.86407,0;
0.21, 0.222109,-0.530565,-0.270787,4.83023,-0.932629,2.61475,0;
0.22, -0.128285,-0.438658,-0.211964,4.4587,-0.603013,2.41599,0;
0.23, -0.362586,-0.309205,-0.141582,4.1265,-0.370472,2.26287,0;
0.24, -0.500153,-0.227932,-0.109177,3.81099,-0.222359,2.10809,0;
0.25, -0.726306,-0.250973,-0.102294,3.48639,-0.0647989,1.88751,0;
0.26, -0.404515,-0.298352,-0.0907992,3.20536,-0.206265,1.75654,0;
0.27, 0.124716,-0.306447,-0.0698846,2.96884,-0.460975,1.69985,0;
0.28, -0.100334,-0.25988,-0.069697,2.73045,-0.311832,1.55718,0;
0.29, -0.180943,-0.0957324,-0.0624229,2.54786,-0.200631,1.50899,0;
0.3, 0.374338,-0.135787,-0.0457704,2.36293,-0.459025,1.46979,0;
0.31, 0.828176,-0.21876,-0.0293246,2.17648,-0.680673,1.39607,0;
0.32, 0.856815,-0.119009,-0.0207171,2.02925,-0.638056,1.3513,0;
0.33, 0.289301,-0.0213064,-0.0173081,1.86134,-0.278562,1.19882,0;
0.34, 0.256651,0.0057801,-0.0120504,1.71537,-0.206474,1.10815,0;
0.35, -0.00957468,-0.0206048,-0.00571122,1.55345,-0.0517078,0.953847,0;
0.36, -0.0170681,-0.0228778,-0.00740679,1.42347,-0.0296788,0.867932,0;
0.37, 0.539558,-0.00696705,-0.0134196,1.34385,-0.30176,0.911885,0;
0.38, 0.493441,0.026196,-0.0200292,1.24299,-0.267246,0.85674,0;
0.39, 0.000847414,-0.0428402,-0.0127219,1.09338,-0.00657984,0.65379,0;
0.4, -0.432968,-0.0870729,-0.0115056,0.961341,0.224977,0.480014,0;
0.41, 0.0563962,-0.049476,0.0114442,0.918778,-0.0126299,0.547065,0;
0.42, 0.0792157,-0.144202,0.00429844,0.821378,-0.0558329,0.461312,0;
0.43, 0.339012,-0.132406,-0.00993642,0.771388,-0.182551,0.478193,0;
0.44, 0.0682536,-0.0498162,0.0112055,0.713539,-0.0260752,0.433814,0;
0.45, -0.202354,0.0951805,0.0122578,0.676667,0.150537,0.42367,0;
0.46, 0.22816,0.011551,-0.0108216,0.627996,-0.0790566,0.43119,0;
0.47, 0.170961,0.00927203,-0.0116246,0.572413,-0.0603085,0.386427,0;
0.48, 0.107687,0.0498937,0.00100984,0.531204,-0.0145045,0.362587,0;
0.49, 0.261426,-0.00914579,-0.00913155,0.482501,-0.0981534,0.332747,0;
0.5, 0.040766,0.0250379,-0.0163913,0.436081,0.0204201,0.278038,0;
0.51, 0.291647,0.102664,-0.0177901,0.43744,-0.0835811,0.347265,0;
0.52, 0.0304119,0.185163,-0.00984359,0.408925,0.0622653,0.318336,0;
0.53, 0.200691,0.15667,-0.00783069,0.379645,-0.0221586,0.311121,0;
0.54, 0.351478,-0.093162,0.00432969,0.291472,-0.148452,0.180467,0;
0.55, 0.41858,-0.0172496,0.00500586,0.287815,-0.166238,0.212526,0;
0.56, 0.40069,0.126148,0.00136029,0.303147,-0.119484,0.273954,0;
0.57, -0.396241,0.189819,0.00794738,0.241696,0.303428,0.125725,0;
0.58, -0.440074,-0.00197818,0.0107195,0.163651,0.297917,-0.00940725,0;
0.59, -0.282714,-0.107933,0.0170854,0.127146,0.178254,-0.0447895,0;
0.6, -0.477584,-0.101552,0.013399,0.100557,0.25584,-0.084324,0;
0.61, -0.579277,-0.124792,0.00437251,0.0761755,0.289644,-0.116345,0;
0.62, -0.673817,-0.149446,-0.00614622,0.0536534,0.31366,-0.1449,0;
0.63, -0.138665,-0.0874932,-0.00727398,0.102528,0.0376424,0.00992614,0;
0.64, -0.2311,0.0119895,0.00299287,0.117447,0.0814334,0.0546717,0;
0.65, -0.254126,0.00951896,0.00237573,0.10662,0.0897802,0.0470736,0;
0.66, 0.173384,-0.0163547,-2.83797e-05,0.12184,-0.134627,0.11923,0;
0.67, 0.216803,-0.0340071,-0.000499682,0.111218,-0.165842,0.114012,0;
0.68, -0.0996962,-0.00329502,0.00800134,0.086278,0.00762519,0.054314,0;
0.69, -0.0414793,0.0265194,0.00418702,0.089872,-0.00437479,0.0740077,0;
0.7, -0.554286,0.0179021,0.00667305,0.0415332,0.249984,-0.0445366,0;
0.71, -0.11572,-0.0134053,0.00166404,0.059025,0.0250588,0.0262544,0;
0.72, 0.169106,-0.0390677,-0.00309481,0.0693746,-0.139668,0.0750502,0;
0.73, 0.289597,0.00676846,-0.00353192,0.0870215,-0.192586,0.125252,0;
0.74, 0.208586,0.0353654,-0.00301534,0.0826725,-0.137088,0.117026,0;
0.75, 0.198345,-0.0425724,-0.00327492,0.0534602,-0.133459,0.0621346,0;
0.76, 0.223488,-0.0569783,-0.00246742,0.0449125,-0.139673,0.0508739,0;
0.77, -0.202768,-0.0180574,-0.00256583,0.0177358,0.0899455,-0.0244723,0;
0.78, -0.520266,0.00484151,-0.00519146,-0.00483198,0.262653,-0.0842099,0;
0.79, -0.156619,-0.0238821,-0.00317472,0.0134053,0.0695533,-0.0209935,0;
0.8, 0.122837,-0.087053,-0.00258445,0.0174112,-0.100674,0.00980296,0;
0.81, -0.145126,0.00112252,0.00162538,0.01879,0.0452044,0.00160293,0;
0.82, 0.222255,0.0586917,0.00386875,0.0628555,-0.119425,0.112688,0;
0.83, 0.0442593,0.0229744,0.00727728,0.0362535,-0.0408505,0.0532959,0;
0.84, -0.0458934,-0.000919436,-0.000712006,0.0172149,0.00754176,0.0119885,0;
0.85, -0.212622,-0.00303505,0.00123092,-0.00046126,0.0931591,-0.0300264,0;
0.86, -0.198537,-0.00499705,0.00474204,-0.00193533,0.0850288,-0.0296253,0;
0.87, -0.457715,-0.0124657,0.00295065,-0.0262591,0.20642,-0.088776,0;
0.88, -0.284851,-0.00478578,0.00249148,-0.0104231,0.115788,-0.0448523,0;
0.89, -0.00891978,-0.0184126,0.00719391,0.0095867,-0.0388182,0.0138128,0;
0.9, -0.0340508,-0.00331905,0.00840522,0.0114274,-0.0315638,0.0188144,0;
0.91, 0.82895,-0.0279398,0.00212564,0.0758273,-0.463606,0.193183,0;
0.92, 0.615455,-0.0366369,-0.00169506,0.0543441,-0.356805,0.140181,0;
0.93, 0.352858,0.0430882,-0.0037881,0.0498098,-0.178072,0.113639,0;
0.94, 0.34011,0.00715577,-0.00806787,0.0341453,-0.153889,0.0801296,0;
0.95, -0.00137557,0.0717968,0.000553721,0.0188177,0.0413802,0.0310606,0;
0.96, -0.182033,-0.0316786,0.0076705,-0.0290167,0.121415,-0.0721054,0;
0.97, 0.00356682,-0.124788,0.0115683,-0.041519,0.00787614,-0.0852772,0;
0.98, -0.466595,-0.00545359,0.0143874,-0.0465944,0.256983,-0.117582,0;
0.99, -0.390826,-0.0520359,-0.0032911,-0.051302,0.209258,-0.121414,0;
1, -0.405681,-0.0603729,0.00460857,-0.0531246,0.196999,-0.122285,0;
1.01, -0.458565,0.138714,0.00608,0.00199661,0.247961,-0.0148516,0;
1.02, 0.0589162,0.0994694,0.00107219,0.0395433,-0.0310232,0.0869604,0;
1.03, 0.647376,0.0540654,-0.00566754,0.0781007,-0.350079,0.193449,0;
1.04, 0.598575,-0.0422264,-0.00621169,0.0423771,-0.342761,0.121444,0;
1.05, 0.726055,-0.147738,-0.00961911,0.018241,-0.402716,0.078206,0;
1.06, 0.384068,-0.0654868,-0.00330487,0.00806595,-0.192661,0.0386953,0;
1.07, -0.66659,0.124027,-0.00467758,-0.0333529,0.395594,-0.0962305,0;
1.08, -0.529241,0.0697737,-0.00108595,-0.0377182,0.329969,-0.0987421,0;
1.09, -0.019617,0.0176081,0.00991997,-0.00604315,0.0388556,-0.00905419,0;
1.1, -0.553456,0.0343399,0.00993886,-0.0477686,0.284462,-0.111948,0;
1.11, -0.616433,0.0205946,0.00443904,-0.0583443,0.309936,-0.134291,0;
1.12, 0.156984,-0.0351635,-0.00184094,-0.000877311,-0.105501,0.0159203,0;
1.13, -0.0330884,0.0034075,-0.00197639,-0.00369335,-0.0252531,0.0043187,0;
1.14, -0.144422,-0.00956082,0.000478575,-0.0183445,0.035112,-0.0296157,0;
1.15, 0.153514,-0.0345756,2.8067e-05,0.00182884,-0.116293,0.0228929,0;
1.16, 0.394024,-0.0422442,-0.00277718,0.0227354,-0.239967,0.0744312,0;
1.17, 0.51471,-0.0111248,-0.00160922,0.042811,-0.285373,0.117292,0;
1.18, 0.329704,0.00372056,-0.000337197,0.0273813,-0.173903,0.0772599,0;
1.19, 0.178292,0.00609398,0.00327537,0.0110358,-0.0783158,0.0368083,0;
1.2, 0.00203811,-0.00273906,0.00312676,-0.0108205,0.0195521,-0.0141694,0;
1.21, -0.216112,-0.0354391,0.00882898,-0.0428923,0.126827,-0.0853689,0;
1.22, -0.0378432,-0.00866589,0.00258219,-0.0180036,0.0419049,-0.029597,0;
1.23, -0.197767,8.5826e-06,0.000247575,-0.0276732,0.114042,-0.0538732,0;
1.24, -0.205185,-0.0215694,0.00104711,-0.0342503,0.110584,-0.0660198,0;
1.25, -0.695648,-0.0153604,0.00174638,-0.0798954,0.346851,-0.172672,0;
1.26, -0.615746,0.00534025,0.00329229,-0.0645387,0.303487,-0.138711,0;
1.27, -0.461593,-0.00658163,-0.00465243,-0.0482382,0.200011,-0.0979008,0;
1.28, -0.290218,-0.0103471,-0.00721762,-0.028635,0.0932171,-0.0509568,0;
1.29, -0.216836,-0.0306816,-0.000779789,-0.0251109,0.0387798,-0.0393883,0;
1.3, 0.0306014,-0.0147488,0.00523949,0.00500601,-0.0872357,0.0287632,0;
1.31, -0.153868,-0.0109721,0.00551978,-0.0110302,0.00232839,-0.00884613,0;
1.32, 0.0709225,0.00226209,-0.00157949,0.0151808,-0.100541,0.0490976,0;
1.33, -0.0484218,0.0464615,0.000716651,0.0161051,-0.0332001,0.0459297,0;
1.34, 0.258401,0.0460838,0.00253203,0.044936,-0.17799,0.111586,0;
1.35, 0.244598,0.0335503,0.00170575,0.0382735,-0.171336,0.0979768,0;
1.36, 0.206189,0.00232953,-0.000851688,0.0214652,-0.146226,0.0631693,0;
1.37, 0.100807,0.00101161,-0.0030298,0.00704463,-0.0828631,0.0305168,0;
1.38, 0.597232,-0.0170701,-0.00538669,0.0510331,-0.322075,0.131277,0;
1.39, 0.452726,-0.0243282,-0.00413821,0.0330761,-0.24585,0.091084,0;
1.4, -0.0172767,0.00535734,-0.00287472,-0.0102619,0.0149923,-0.0107772,0;
1.41, 0.14741,-0.022902,-0.0111414,-0.00466974,-0.0557035,0.00449932,0;
1.42, 0.171545,-0.0456604,-0.00877466,-0.00906998,-0.0733457,-0.00261285,0;
1.43, -0.228116,-0.0310346,-0.00100052,-0.0466742,0.131628,-0.0881956,0;
1.44, -0.152669,0.0442057,-0.000680115,-0.0155602,0.114797,-0.0278091,0;
1.45, 0.0729141,0.0611421,-0.00468162,0.01605,-0.00296892,0.0404663,0;
1.46, 0.0479276,0.0556978,-0.00710214,0.0117853,2.102e-05,0.032225,0;
1.47, -0.165448,0.0126334,-0.00378605,-0.0255033,0.0970388,-0.0447877,0;
1.48, 0.618435,-0.0212387,0.00485351,0.046185,-0.29713,0.116662,0;
1.49, 0.283223,-0.0106757,0.00704523,0.0147857,-0.136059,0.0468063,0;
1.5, -0.0786079,-0.0480767,0.000678739,-0.0387956,0.055485,-0.067338,0;
1.51, 0.0540715,-0.136683,0.00510489,-0.0533504,-0.0186519,-0.0900341,0;
1.52, 0.637512,-0.0340175,0.00382278,0.043352,-0.2899,0.109409,0;
1.53, 0.695824,0.0227131,-0.00590444,0.0705354,-0.305789,0.161264,0;
1.54, 0.647772,0.083084,-0.00650472,0.0810745,-0.249388,0.176267,0;
1.55, 0.155051,-0.0244916,-0.0069788,-0.0111461,-0.00744977,-0.0122608,0;
1.56, -0.230323,0.0540439,-0.000263766,-0.0356297,0.216819,-0.0724688,0;
1.57, 0.091404,0.108207,0.0115419,0.0170982,0.069782,0.0353345,0;
1.58, 0.045194,0.100476,0.0219038,0.0113488,0.0758571,0.0245789,0;
1.59, -0.209962,0.0382976,0.0186446,-0.0384788,0.184258,-0.0748151,0;
1.6, -0.912874,0.015955,0.00590455,-0.125153,0.520792,-0.255892,0;
1.61, -0.620174,0.0229137,-7.39894e-05,-0.0882334,0.364623,-0.176973,0;
1.62, -0.167135,-0.0438671,-0.0175225,-0.0509693,0.0900666,-0.0902725,0;
1.63, -0.0954735,0.0365082,-0.0130135,-0.0124826,0.0459252,-0.0153081,0;
1.64, 0.626932,-0.0417986,-0.000585552,0.047928,-0.332514,0.118682,0;
1.65, 0.819433,-0.0847569,-0.00119112,0.0569429,-0.43966,0.141143,0;
1.66, 0.137069,-0.0629839,0.00387569,-0.0172356,-0.0755335,-0.017773,0;
1.67, -0.0930256,-0.0360671,0.00436728,-0.0398523,0.0742527,-0.0686322,0;
1.68, -0.373826,0.018729,0.00317457,-0.0542017,0.229031,-0.103727,0;
1.69, -0.485768,0.039877,0.0040736,-0.0585008,0.282995,-0.114267,0;
1.7, -0.16075,0.0125753,0.0034177,-0.0267441,0.101153,-0.0449524,0;
1.71, -0.170225,-0.0147525,0.00530685,-0.0327471,0.0802776,-0.0542783,0;
1.72, -0.400783,-0.0153471,0.00795344,-0.0592876,0.18664,-0.10857,0;
1.73, -0.127886,-0.0228448,0.00174245,-0.0280307,0.0448328,-0.0431392,0;
1.74, -0.0520788,-0.021391,-0.00106069,-0.0149892,-0.00565605,-0.0161244,0;
1.75, -0.239907,-0.0108222,0.0027263,-0.0328536,0.0855247,-0.0534754,0;
1.76, 0.0190703,-0.0266248,0.00183929,-0.00690192,-0.0451281,0.000861466,0;
1.77, 0.282427,-0.0260763,0.0015508,0.0258795,-0.180297,0.0679355,0;
1.78, 0.0859387,0.00732684,0.000518629,0.0131929,-0.0736035,0.0391012,0;
1.79, 0.125034,0.00932386,-0.000243155,0.0165977,-0.0797858,0.0452046,0;
1.8, 0.274448,0.0482018,-0.000382949,0.0452837,-0.14005,0.10022,0;
1.81, -0.0367747,0.0585949,-0.00393345,0.00906381,0.0202149,0.0259833,0;
1.82, -0.365259,0.000781624,-0.00370185,-0.0523618,0.179321,-0.0938719,0;
1.83, -0.0822101,-0.0345072,-0.000572261,-0.0306913,0.0314288,-0.0470924,0;
1.84, -0.0804307,-0.00746517,0.00236288,-0.0191381,0.0233512,-0.025309,0;
1.85, -0.553835,0.0446256,0.00395805,-0.0588604,0.264397,-0.108494,0;
1.86, -0.129414,0.0358702,0.00393392,-0.00942475,0.0525113,-0.0087051,0;
1.87, 0.387188,0.0109099,0.00371704,0.0495022,-0.225189,0.111097,0;
1.88, 0.188742,-0.0223959,0.00164563,0.0146481,-0.138553,0.043892,0;
1.89, 0.104873,-0.0265036,0.000853772,-0.00132249,-0.0823582,0.0120232,0;
1.9, 0.394086,-0.0244031,-0.00346148,0.0338113,-0.214611,0.0809526,0;
1.91, 0.346371,0.0044542,-0.000831832,0.0373474,-0.179465,0.0853727,0;
1.92, 0.0691923,-0.00783516,0.00526937,-0.00401151,-0.0311402,0.00391022,0;
1.93, 0.0818938,-0.0126234,0.0028411,-0.00740597,-0.0259482,-0.00275048,0;
1.94, -0.127955,-0.0152744,0.00169328,-0.0345513,0.0785798,-0.0560038,0;
1.95, -0.0587886,-0.0327568,0.00231205,-0.0319995,0.0426598,-0.0496863,0;
1.96, 0.157811,-0.0410122,0.00104785,-0.00548659,-0.071281,0.002808,0;
1.97, -0.332298,0.0297823,0.00455392,-0.0429281,0.181258,-0.0747881,0;
1.98, -0.602899,0.0231554,0.00493349,-0.0800725,0.317403,-0.146575,0;
1.99, -0.165273,-0.0879528,0.000710387,-0.0584113,0.0658397,-0.0969644,0;
2, -0.361604,-0.117188,0.00309215,-0.088293,0.133763,-0.152387,0;
2.01, -0.0322508,-0.0981651,-0.000338526,-0.0367178,-0.0286224,-0.0534975,0;
2.02, 0.242437,-0.0684452,0.00351154,0.0144087,-0.16642,0.043388,0;
2.03, 0.00961293,-0.0116201,0.00530648,0.00513434,-0.038221,0.0217046,0;
2.04, 0.528804,0.0516017,-0.00187724,0.0910999,-0.267717,0.183033,0;
2.05, 0.346126,0.132967,-0.00545421,0.0936158,-0.158592,0.182793,0;
2.06, -0.155851,0.198986,-0.00266973,0.0425381,0.120091,0.0808342,0;
2.07, 0.155742,0.0866806,-0.01192,0.0397889,-0.0453489,0.081628,0;
2.08, -0.00299938,-0.0200425,-0.0062476,-0.0197086,0.000925958,-0.0252421,0;
2.09, -0.0697867,-0.00429957,0.00179596,-0.0271651,0.040068,-0.0399369,0;
2.1, 0.142496,0.0261598,-0.00485074,0.0113982,-0.0573487,0.0316937,0;
2.11, -0.326147,0.043741,-0.00133952,-0.0441589,0.172632,-0.0742492,0;
2.12, -0.348815,-0.0108769,-0.00402189,-0.0661537,0.175417,-0.113019,0;
2.13, 0.0147592,-0.0976117,0.0038884,-0.0438546,-0.032793,-0.0661206,0;
2.14, -0.403267,-0.0257447,0.0159251,-0.0724158,0.175153,-0.122998,0;
2.15, -0.118461,0.10602,0.0168187,0.0114058,0.0659005,0.0280685,0;
2.16, 0.616438,0.0788109,0.010575,0.106611,-0.311543,0.207692,0;
2.17, 0.336793,-0.00865319,0.00292534,0.0391121,-0.198302,0.0853733,0;
2.18, 0.223056,-0.0426966,0.000654445,0.00387327,-0.128493,0.0206301,0;
2.19, 0.648037,-0.0454107,-0.00320299,0.0582071,-0.32322,0.121247,0;
2.2, 0.0221318,0.00631649,-0.0049121,-0.0112694,0.00210069,-0.0105766,0;
2.21, -0.58283,-0.011854,-0.00345044,-0.104994,0.31639,-0.184169,0;
2.22, -0.297978,-0.0566564,-0.00558518,-0.0808966,0.166943,-0.137237,0;
2.23, 0.00319648,-0.023695,-0.0029036,-0.0216181,0.00484207,-0.0283967,0;
2.24, 0.130184,-0.0125604,-0.00176086,0.00486298,-0.0663948,0.020092,0;
2.25, 0.373953,-0.0135229,0.000273962,0.0394742,-0.186261,0.0835756,0;
2.26, 0.246739,0.00146231,0.00448841,0.0256623,-0.116223,0.0573495,0;
2.27, 0.0858561,-0.00406613,0.00604778,-0.00174947,-0.025798,0.00679192,0;
2.28, -0.151217,-0.00807645,0.00286283,-0.0389035,0.0965774,-0.0610727,0;
2.29, 0.0544137,-0.0107967,-0.000465164,-0.0110263,-0.00282023,-0.0100418,0;
2.3, -0.0749908,0.00990082,-0.00149336,-0.0204531,0.0579382,-0.0277872,0;
2.31, -0.27157,0.0214304,-0.000555696,-0.0442287,0.1562,-0.0714113,0;
2.32, 0.0789521,0.0050707,0.00194243,0.000630012,-0.0223395,0.0109564,0;
2.33, 0.0586572,0.00794304,0.00414699,0.00102184,-0.0225421,0.011862,0;
2.34, -0.248607,0.00805784,0.00304592,-0.0436805,0.128134,-0.0689858,0;
2.35, -0.188791,-0.0170884,-0.000360079,-0.0440962,0.0945798,-0.0686637,0;
2.36, -0.481094,-0.00134192,0.00279145,-0.0793896,0.231339,-0.13223,0;
2.37, -0.202202,0.0144227,0.00500161,-0.0308598,0.0923879,-0.0452703,0;
2.38, 0.126606,0.00951869,0.00510168,0.0200163,-0.0855179,0.0467036,0;
2.39, -0.232064,0.0195191,0.00258567,-0.0276715,0.0847898,-0.0388557,0;
2.4, -0.168569,0.0132812,-0.00228359,-0.0228586,0.0582443,-0.0300683,0;
2.41, -0.326535,0.00742265,-0.00116178,-0.046639,0.12758,-0.0720017,0;
2.42, -0.176899,0.00665149,-0.000988022,-0.0241318,0.0501036,-0.0316679,0;
2.43, -0.174581,0.021848,0.000310934,-0.0164977,0.0430588,-0.0181943,0;
2.44, 0.0502808,0.013913,-0.00239563,0.0153813,-0.0714151,0.0385732,0;
2.45, 0.110452,0.00928986,-0.00157485,0.0235148,-0.104991,0.0531523,0;
2.46, 0.425476,-0.0177584,-0.00369038,0.0593211,-0.259232,0.116633,0;
2.47, 0.48676,-0.0358244,-0.00218236,0.0604675,-0.285688,0.118569,0;
2.48, 0.582479,-0.0410246,-0.000822323,0.0686934,-0.315568,0.132352,0;
2.49, 0.469931,-0.0184351,0.00156435,0.0551148,-0.235698,0.107123,0;
2.5, 0.298709,0.00361583,0.00724868,0.0318392,-0.125277,0.0649041,0;
2.51, 0.150516,0.003404,0.00818621,0.00474135,-0.0373312,0.0170396,0;
2.52, 0.304539,-0.0204674,0.000837429,0.0173479,-0.108953,0.0393367,0;
2.53, -0.146702,0.00181489,-0.00600174,-0.044761,0.117472,-0.0695116,0;
2.54, -0.209806,0.0503412,-0.00122648,-0.0390392,0.166269,-0.0608382,0;
2.55, 0.317155,0.0194846,0.000790931,0.0334631,-0.105054,0.0662294,0;
2.56, -0.387211,0.010818,0.00498695,-0.0762179,0.223276,-0.123391,0;
2.57, -0.609517,-0.00962623,-0.00122992,-0.121064,0.33338,-0.20059,0;
2.58, -0.603766,-0.00869279,-0.0023053,-0.115153,0.314563,-0.189459,0;
2.59, -0.932279,-0.0452528,-0.00310611,-0.170977,0.442066,-0.284339,0;
2.6, -0.731595,-0.0458408,-0.0071057,-0.133416,0.322417,-0.218396,0;
2.61, -0.457549,0.0343637,-0.00649085,-0.0524007,0.175579,-0.0790118,0;
2.62, -0.170691,0.148372,-0.00651656,0.0403902,0.0397615,0.0790044,0;
2.63, -0.0617936,0.091136,0.00478367,0.040449,-0.0381904,0.0802858,0;
2.64, 0.150679,0.0254512,0.00806658,0.0475829,-0.15879,0.093312,0;
2.65, 0.29648,0.000631375,0.00536713,0.0586864,-0.232161,0.112316,0;
2.66, 0.30786,-0.0569875,-0.00459522,0.0367823,-0.240168,0.0750995,0;
2.67, 0.0979245,-0.0676405,-0.0131999,-0.0053357,-0.125433,0.0031388,0;
2.68, 0.262776,-0.00769904,0.000215237,0.0394009,-0.174278,0.0776991,0;
2.69, 0.421698,-0.0165449,0.00518809,0.0616707,-0.244372,0.11511,0;
2.7, 0.0292464,-0.0136974,0.00456298,-0.00360809,-0.0420839,0.00405427,0;
2.71, -0.231888,-0.0487733,0.0042944,-0.0630707,0.0928663,-0.0963154,0;
2.72, 0.302953,-0.0523109,0.00398299,0.0217476,-0.163524,0.0467213,0;
2.73, 0.130311,0.00816394,0.00429979,0.0189955,-0.0729926,0.0414351,0;
2.74, 0.209066,0.0180482,0.00608168,0.0333972,-0.097264,0.0651659,0;
2.75, 0.441792,-0.0295849,-0.00116291,0.0531187,-0.215895,0.0984432,0;
2.76, 0.630529,-0.0422899,-0.00395431,0.0767364,-0.30348,0.137708,0;
2.77, 0.329687,-0.00473831,-0.00341821,0.0366472,-0.134782,0.0696632,0;
2.78, 0.257698,-0.000948433,-0.00465859,0.0200191,-0.0779011,0.0412456,0;
2.79, -0.103308,6.71064e-05,-0.00159927,-0.0421374,0.105615,-0.0624483,0;
2.8, -0.105792,0.0167198,9.44769e-06,-0.0389799,0.116005,-0.0573535,0;
2.81, -0.395427,0.0230681,0.00252552,-0.0821803,0.249746,-0.128829,0;
2.82, -0.357844,0.024095,0.0003478,-0.0737782,0.223244,-0.114431,0;
2.83, -0.347713,0.0361569,0.00158771,-0.06318,0.203287,-0.0963113,0;
2.84, -0.371196,0.0226216,0.00302966,-0.0674291,0.195341,-0.102662,0;
2.85, -0.424913,0.00342705,0.00390317,-0.0803475,0.202094,-0.123162,0;
2.86, -0.296351,-0.0132382,0.00473048,-0.0603319,0.122702,-0.0896385,0;
2.87, -0.263921,-0.0267212,0.00469195,-0.0553425,0.0892703,-0.0808327,0;
2.88, -0.0444057,-0.0146178,0.00217953,-0.00992466,-0.0223021,-0.00599961,0;
2.89, -0.300331,0.0452952,0.00310738,-0.0287324,0.108232,-0.0369119,0;
2.9, -0.0467142,0.0416018,0.00459609,0.0127834,-0.0136816,0.0312425,0;
2.91, 0.479801,-0.0232149,0.00372638,0.0808567,-0.289679,0.142712,0;
2.92, 0.16459,0.0149053,5.79744e-05,0.0385393,-0.128717,0.0731935,0;
2.93, 0.181712,-0.0136406,-0.00204055,0.0258671,-0.123395,0.0519402,0;
2.94, 0.0347067,-0.0239873,-0.000196174,-0.00651816,-0.0461645,-0.00115461,0;
2.95, 0.059373,-0.0265096,0.000590914,-0.00554442,-0.0501086,0.00023181,0;
2.96, 0.148166,-0.0243183,-0.00118171,0.0105165,-0.0895682,0.0262479,0;
2.97, 0.24535,0.00673588,-0.0011922,0.0383974,-0.125736,0.0711107,0;
2.98, 0.243494,-0.0170987,0.000282449,0.0284643,-0.123912,0.0549466,0;
2.99, 0.521415,-0.0518575,-0.000137305,0.0613495,-0.256988,0.107693,0;
3, 0.556172,-0.0343569,-0.00219355,0.071794,-0.26098,0.123968,0;
3.01, 0.238093,-0.0138213,-0.001367,0.0185045,-0.0857923,0.0375022,0;
3.02, 0.177216,-0.0328719,-2.65124e-06,-0.0044042,-0.0427356,0.000275851,0;
3.03, -0.0844631,-0.00615438,0.00354262,-0.0426502,0.0947625,-0.0610857,0;
3.04, -0.221382,0.0300447,0.00387249,-0.054859,0.171436,-0.0803756,0;
3.05, -0.00650457,0.00380661,0.00216099,-0.0239024,0.0553858,-0.0306974,0;
3.06, -0.0791626,0.0222577,0.0019951,-0.0267943,0.0819739,-0.0349756,0;
3.07, 0.130842,-0.00249157,-0.00222179,0.00279641,-0.0286606,0.0123197,0;
3.08, 0.107915,-0.0429556,0.000715237,-0.014821,-0.0328273,-0.0157424,0;
3.09, -0.145274,0.0331642,0.00516783,-0.0333299,0.108188,-0.0449427,0;
3.1, 0.191357,-0.0237234,0.00134668,0.00739197,-0.0643612,0.0194558,0;
3.11, -0.121504,0.0753218,0.000558644,-0.0120055,0.100571,-0.010578,0;
3.12, -0.348603,0.125892,-0.00229928,-0.0350216,0.225271,-0.0467402,0;
3.13, 0.24013,-0.155672,-0.0014867,-0.0315208,-0.129942,-0.0427509,0;
3.14, 0.421799,-0.28799,-0.00275383,-0.0450397,-0.263935,-0.0645456,0;
3.15, -0.08308,0.129469,-0.00678958,0.0175139,0.0846121,0.0367354,0;
3.16, -0.153469,0.210756,-0.00421322,0.0378284,0.155837,0.0691111,0;
3.17, -0.379872,0.276984,0.0101952,0.0181248,0.273471,0.0388422,0;
3.18, -0.395578,0.201075,0.0169246,-0.0173784,0.252094,-0.0174208,0;
3.19, -0.469731,-0.0216682,0.00752648,-0.114598,0.215289,-0.171638,0;
3.2, -0.374357,-0.0913025,-0.00116098,-0.12289,0.134688,-0.184851,0;
3.21, -0.422321,-0.0950627,-0.00123679,-0.12629,0.141063,-0.189472,0;
3.22, -0.287383,-0.104966,-8.47293e-06,-0.0967008,0.0650023,-0.142901,0;
3.23, 0.0718835,0.0534807,-0.00519091,0.0373622,-0.0795277,0.0685155,0;
3.24, 0.270222,0.0976506,-0.00551121,0.0974108,-0.168428,0.162686,0;
3.25, 0.283762,-0.0930457,-0.00736113,0.0263224,-0.215025,0.0492847,0;
3.26, 0.0596129,-0.179493,-0.000605107,-0.055517,-0.116728,-0.0793881,0;
3.27, 0.0118048,-0.0383476,0.0049171,-0.0147778,-0.0456718,-0.0145709,0;
3.28, 0.125042,0.0666608,0.00477963,0.0489598,-0.066733,0.0855501,0;
3.29, -0.168987,-0.00975042,0.00470671,-0.0357294,0.0578997,-0.0464473,0;
3.3, -0.136932,-0.0199886,0.00144578,-0.0366212,0.0447121,-0.0481827,0;
3.31, 0.324812,0.0366487,-0.00168759,0.0758183,-0.165751,0.126085,0;
3.32, -0.241474,-0.024388,0.0037325,-0.0553555,0.0853633,-0.0767632,0;
3.33, -0.236386,-0.0285149,0.00625495,-0.0614407,0.0938282,-0.0864248,0;
3.34, -0.0421106,0.0359496,0.000472911,0.00301502,0.0100222,0.0139402,0;
3.35, 0.13978,0.0214915,-0.00353092,0.0370232,-0.0873169,0.0658519,0;
3.36, 0.140368,-0.0276559,-0.00215663,0.0176078,-0.0998129,0.0352966,0;
3.37, 0.443487,0.00256677,-0.00685045,0.0849817,-0.230633,0.138512,0;
3.38, 0.415574,0.0424085,0.00057296,0.093482,-0.200781,0.151636,0;
3.39, 0.352245,0.0337881,0.000277639,0.07114,-0.156871,0.116825,0;
3.4, 0.109477,-0.030511,-0.000908556,-0.00849974,-0.0432226,-0.0059016,0;
3.41, 0.256362,-0.0264321,0.00311884,0.0166022,-0.101212,0.0319209,0;
3.42, 0.203045,0.000745183,0.00245819,0.017081,-0.066633,0.0330293,0;
3.43, 0.13384,-0.00298455,0.00177839,1.56391e-05,-0.0277126,0.00689256,0;
3.44, 0.0566502,0.00443642,-0.00062825,-0.0142298,0.0149688,-0.0146975,0;
3.45, -0.307703,0.0235142,0.00135228,-0.0802091,0.194312,-0.114061,0;
3.46, -0.461886,0.0304284,-0.000413213,-0.108022,0.267419,-0.155724,0;
3.47, -0.305045,0.0260777,0.00393005,-0.0732403,0.178163,-0.102715,0;
3.48, -0.269547,0.0151503,0.00865634,-0.0639226,0.139406,-0.0884521,0;
3.49, 0.32914,0.00723055,0.00272108,0.0576633,-0.159117,0.0946943,0;
3.5, 0.381332,-0.0221858,-0.00255717,0.0613425,-0.201114,0.0997616,0;
3.51, -0.165596,-0.0591301,0.000318069,-0.0680734,0.0598609,-0.0957422,0;
3.52, 0.0392963,-0.0162864,-0.00160964,-0.0150919,-0.0127214,-0.0155641,0;
3.53, 0.238131,0.0266855,0.000423735,0.0462444,-0.100704,0.0775748,0;
3.54, 0.312569,0.0214115,0.00402946,0.0598631,-0.136813,0.0976666,0;
3.55, 0.138693,0.00300965,0.00410211,0.0138368,-0.0521515,0.0280188,0;
3.56, 0.245635,0.0150956,0.00273094,0.0355508,-0.0901664,0.0603827,0;
3.57, 0.0812934,-0.0194714,0.00221768,-0.0134808,-0.0180717,-0.0134909,0;
3.58, -0.440449,-0.0231021,-0.0012288,-0.125044,0.233879,-0.179809,0;
3.59, -0.182961,0.00533685,-0.00421306,-0.0611102,0.120063,-0.0838668,0;
3.6, 0.218244,0.0167744,-0.00676816,0.0345607,-0.0836306,0.0590311,0;
3.61, 0.23082,0.0043711,-0.00157582,0.0365315,-0.100906,0.0616427,0;
3.62, 0.284614,-0.0457015,0.00136561,0.0257941,-0.133199,0.044341,0;
3.63, 0.201687,-0.0374599,-0.000754137,0.00861153,-0.0852676,0.0188735,0;
3.64, -0.238282,-0.0179561,0.00387412,-0.0786172,0.135993,-0.109691,0;
3.65, 0.208477,-0.0224841,0.00791039,0.0119101,-0.0698258,0.0240662,0;
3.66, -0.0526485,-0.0408472,0.00901852,-0.0449593,0.0389488,-0.060104,0;
3.67, -0.23732,-0.00465567,0.00500977,-0.0712544,0.139537,-0.0979627,0;
3.68, -0.298149,-0.0111522,-0.000985615,-0.0840182,0.163082,-0.116586,0;
3.69, -0.420282,0.0240457,-0.00548128,-0.092201,0.219016,-0.127269,0;
3.7, 0.0612064,-0.0496103,-0.00423116,-0.0139083,-0.037554,-0.0138165,0;
3.71, 0.204454,-0.0100233,-0.000992764,0.0377457,-0.111229,0.0632135,0;
3.72, -0.421194,0.0456897,0.00543886,-0.0731347,0.199418,-0.0977945,0;
3.73, -0.230679,0.0347139,0.00314753,-0.0400135,0.114699,-0.0497,0;
3.74, 0.0650477,-0.00679876,-0.00169697,0.0108208,-0.0497233,0.023748,0;
3.75, 0.0475242,-0.027567,-0.000401562,0.00191642,-0.0547106,0.0102431,0;
3.76, 0.0145397,-0.0337793,-1.44824e-06,-0.00913086,-0.0373291,-0.00615596,0;
3.77, 0.12944,-0.016643,-0.00228264,0.0217579,-0.0836127,0.0393322,0;
3.78, -0.186508,-0.000197852,-0.000758151,-0.0408195,0.0711229,-0.0512596,0;
3.79, -0.209545,0.0214025,-0.000266676,-0.0396558,0.0929728,-0.0490017,0;
3.8, -0.146324,0.0342361,0.00219439,-0.0185932,0.0608009,-0.0180089,0;
3.81, -0.516234,0.114507,0.00781341,-0.0662475,0.247702,-0.0843893,0;
3.82, 0.034619,0.0793924,0.00650084,0.0409804,-0.0245624,0.0697976,0;
3.83, 0.44468,-0.0352671,0.00403539,0.0899547,-0.262739,0.137081,0;
3.84, 0.190997,-0.0558962,0.00243547,0.0234053,-0.147214,0.0399203,0;
3.85, 0.47364,-0.027661,-0.000771637,0.0899474,-0.254699,0.136252,0;
3.86, 0.122426,-0.00240645,-0.00201771,0.0202363,-0.0738414,0.0363979,0;
3.87, -0.195785,0.0340503,0.0016189,-0.0437024,0.101782,-0.0548553,0;
3.88, -0.107724,0.0529363,-0.00371699,-0.0184766,0.0703446,-0.0178685,0;
3.89, 0.270634,0.0330148,-0.00853761,0.0610717,-0.119188,0.0956412,0;
3.9, 0.191392,0.016899,-0.00307592,0.0370857,-0.0915446,0.0605669,0;
3.91, 0.131974,0.00543959,0.000371231,0.0148425,-0.0583124,0.0279906,0;
3.92, -0.265601,-0.00246732,0.00312855,-0.0806642,0.131382,-0.109008,0;
3.93, -0.39264,-0.000339347,0.00392231,-0.110431,0.195175,-0.151386,0;
3.94, -0.118436,0.00160849,0.00567433,-0.043517,0.0578632,-0.0554746,0;
3.95, -0.496027,0.0038005,0.00600528,-0.120962,0.220707,-0.165377,0;
3.96, -0.407549,-0.0104393,0.00297134,-0.103987,0.170997,-0.141337,0;
3.97, -0.164237,-0.00378482,-0.000187449,-0.0386395,0.0430884,-0.0475862,0;
3.98, 0.214689,-0.0268195,-0.00298583,0.0453982,-0.151966,0.0713903,0;
3.99, 0.122892,-0.0201199,-0.000510819,0.0297516,-0.110912,0.0493898,0;
4, -0.0110252,0.0157506,-0.000659595,0.00939612,-0.0290028,0.0215273,0;
4.01, 0.032087,0.0179554,-0.00356234,0.0168458,-0.0409623,0.0319819,0;
4.02, 0.195544,0.00748977,-0.00216978,0.0493024,-0.11804,0.0775487,0;
4.03, 0.00495649,0.00902445,0.000247068,0.00480513,-0.0259815,0.0144502,0;
4.04, -0.0793499,0.00767476,-0.000186217,-0.0199493,0.0207483,-0.020854,0;
4.05, 0.247765,-0.00144922,0.00142265,0.0511646,-0.132479,0.0791616,0;
4.06, 0.200347,-0.000179957,0.00155443,0.0414381,-0.112279,0.0652607,0;
4.07, 0.0453226,0.0102522,0.00322583,0.00606798,-0.0283159,0.0156014,0;
4.08, -0.00324488,0.00376713,0.00342994,-0.0115103,0.000791624,-0.00933045,0;
4.09, -0.151997,-0.0149847,0.00301687,-0.0552957,0.0665143,-0.0716998,0;
4.1, -0.267738,0.000139918,0.00253891,-0.0764081,0.123687,-0.100573,0;
4.11, -0.747368,0.0181366,0.00526637,-0.179155,0.345683,-0.243661,0;
4.12, -0.475063,0.00524103,0.00395164,-0.11625,0.206868,-0.155549,0;
4.13, 0.430342,-0.0016614,-0.00252591,0.107625,-0.240165,0.158031,0;
4.14, 0.185101,0.0191003,0.00101804,0.0657389,-0.135943,0.100409,0;
4.15, 0.0195374,-0.026604,-0.000283536,6.38713e-05,-0.0545955,0.00640427,0;
4.16, 0.150041,-0.0376833,0.00174863,0.0221422,-0.108251,0.0363937,0;
4.17, 0.444465,-0.0183509,0.00397721,0.0993562,-0.235855,0.144645,0;
4.18, 0.400701,-0.0266072,0.00141099,0.0831782,-0.210728,0.121613,0;
4.19, 0.583136,-0.0275418,-0.00554015,0.119868,-0.279185,0.17214,0;
4.2, -0.113618,0.0246927,0.00104306,-0.033681,0.0713757,-0.0393808,0;
4.21, -0.487569,0.0292571,0.00635806,-0.131064,0.265488,-0.174523,0;
4.22, 0.0806282,-0.00886854,0.00210359,-0.00768796,-0.0128756,-0.00494713,0;
4.23, -0.282449,0.0284548,0.000653254,-0.0722247,0.145303,-0.0924579,0;
4.24, 0.0410549,0.035657,-0.00508541,0.0101749,-0.0017747,0.021905,0;
4.25, -0.611696,0.00851846,-0.0100956,-0.156246,0.281628,-0.208997,0;
4.26, -0.340883,-0.0120161,-3.59514e-05,-0.100203,0.151317,-0.132295,0;
4.27, -0.150178,0.0311439,0.00159536,-0.0259474,0.0542586,-0.027486,0;
4.28, -0.193031,-0.00664047,-0.00203729,-0.0450515,0.0527032,-0.0550851,0;
4.29, -0.270747,-0.0638195,0.00152241,-0.0868534,0.069254,-0.115172,0;
4.3, -0.0109328,-0.00396629,0.00205016,0.00396455,-0.0388297,0.0126274,0;
4.31, -0.30119,-0.00382367,0.00536836,-0.0619979,0.0897224,-0.0776711,0;
4.32, -0.468608,-0.0390939,0.00545844,-0.119258,0.159357,-0.157787,0;
4.33, -0.250502,-0.00426671,0.00299795,-0.0471638,0.0611882,-0.0571074,0;
4.34, -0.166958,0.0388692,0.00468372,-0.00154325,0.0227689,0.00773072,0;
4.35, -0.118559,0.0262676,0.00338206,0.00838453,-0.0075466,0.0208664,0;
4.36, 0.342023,-0.00748772,-0.00128976,0.109925,-0.230624,0.158137,0;
4.37, -0.0101206,0.0377874,0.00137291,0.0382172,-0.056388,0.0617789,0;
4.38, 0.470888,0.00139072,-0.00352936,0.136202,-0.271283,0.193216,0;
4.39, 0.344626,0.0172827,-0.00560413,0.107599,-0.205275,0.154579,0;
4.4, 0.253774,-0.0282124,-0.00267867,0.0570991,-0.156556,0.0832748,0;
4.41, 0.42436,-0.0495332,-0.00182399,0.0837455,-0.226052,0.118009,0;
4.42, 0.489054,-0.00275185,-0.00696868,0.11429,-0.232794,0.161248,0;
4.43, 0.394421,0.0610261,-0.00926971,0.110188,-0.156983,0.158231,0;
4.44, 0.623844,0.00945033,-0.00472798,0.139418,-0.259321,0.19509,0;
4.45, 1.12339,-0.0120841,-0.00236663,0.250343,-0.482862,0.343659,0;
4.46, 0.861724,0.00530542,-0.00155441,0.180714,-0.33995,0.249309,0;
4.47, 0.47859,-0.00294148,0.00172072,0.0610132,-0.132617,0.0862606,0;
4.48, -0.429374,-0.00529918,0.00695256,-0.188376,0.306154,-0.251224,0;
4.49, -0.958239,0.0254393,0.0104054,-0.317202,0.565042,-0.423806,0;
4.5, -0.898621,0.0150914,0.00817108,-0.293745,0.512721,-0.391699,0;
4.51, -0.821027,-0.0535232,0.00772384,-0.281029,0.418468,-0.376532,0;
4.52, -0.160091,-0.0364665,0.00333545,-0.0820755,0.0836708,-0.10661,0;
4.53, -0.0840189,0.0223354,0.00380606,-0.0176445,0.0349088,-0.0162091,0;
4.54, 0.0750428,0.0176602,-0.00125165,0.027157,-0.045695,0.044114,0;
4.55, -0.00086882,0.00668897,-0.00441069,0.00330915,-0.016876,0.0114704,0;
4.56, -0.119423,0.0105691,-0.00434371,-0.0283775,0.0411681,-0.030946,0;
4.57, -0.0105304,0.00600636,-0.00204533,-0.00319972,-0.00922117,0.00246838,0;
4.58, 0.0467265,0.00380882,0.000643659,0.0123362,-0.0389419,0.0230691,0;
4.59, -0.0324351,-0.00523463,0.00464378,-0.0132129,-0.00540576,-0.0115066,0;
4.6, -0.504339,-0.0020285,0.00447568,-0.137923,0.213222,-0.178242,0;
4.61, -0.341869,-0.00171213,0.00175652,-0.0940136,0.139339,-0.119317,0;
4.62, -0.0707109,0.00320123,0.00411146,-0.0117085,0.00132563,-0.00875689,0;
4.63, 0.49618,-0.0468065,-0.000539999,0.125233,-0.280614,0.171683,0;
4.64, 0.353547,-0.0222288,-0.00363839,0.0978827,-0.209689,0.136286,0;
4.65, 0.162605,0.00829467,0.000537277,0.0506887,-0.0947422,0.0745449,0;
4.66, 0.718693,0.00841142,-0.00251679,0.192404,-0.333356,0.2627,0;
4.67, 0.188798,0.0139733,-0.000443677,0.0481429,-0.0840854,0.0707453,0;
4.68, -0.0426105,0.00526578,0.00188002,-0.0319168,0.0423314,-0.0366325,0;
4.69, -0.0554922,0.0218464,0.00122792,-0.0333858,0.0579362,-0.0378504,0;
4.7, -0.0574654,0.00231336,-0.00399015,-0.0396231,0.0502484,-0.0471204,0;
4.71, -0.0653381,0.0122272,-0.00217635,-0.0359572,0.0516114,-0.041679,0;
4.72, 0.0726267,-0.00656458,0.00191741,-0.00466352,-0.0203723,-0.00104236,0;
4.73, 0.13867,-0.00640402,0.00236207,0.0157235,-0.0539136,0.0260049,0;
4.74, -0.182148,0.0113334,0.00544128,-0.0646951,0.0976344,-0.0794269,0;
4.75, -0.298284,0.0104338,0.00568934,-0.0986838,0.153405,-0.124473,0;
4.76, -0.0934082,-0.0105329,0.00222284,-0.0476483,0.047386,-0.0578678,0;
4.77, 0.227267,-0.00788813,-0.000898915,0.0485953,-0.108467,0.0695531,0;
4.78, 0.504463,0.00237671,-0.00276813,0.132763,-0.235075,0.180975,0;
4.79, 0.0169961,0.00472607,0.000382538,-0.00492,-0.00641832,-0.000548482,0;
4.8, 0.0746541,0.00462691,0.0022092,0.00045624,-0.0159977,0.00611018,0;
4.81, 0.620491,0.023516,-0.0019135,0.160658,-0.257161,0.217739,0;
4.82, 0.126245,0.0198231,-0.00335261,0.0215342,-0.0340423,0.0345961,0;
4.83, -0.243102,-0.0162068,-0.00138673,-0.11,0.14014,-0.140474,0;
4.84, -0.200221,-0.00494646,0.00110498,-0.0951888,0.126308,-0.120411,0;
4.85, 0.663043,-0.0219201,-0.005693,0.147283,-0.278805,0.196728,0;
4.86, 0.620061,0.00779829,0.000463398,0.154824,-0.260021,0.208255,0;
4.87, 0.127324,-0.00563671,0.00245176,-0.00042747,-0.0221154,0.00393733,0;
4.88, -0.360359,-0.0024845,0.00125456,-0.149058,0.216299,-0.190652,0;
4.89, 0.0689814,0.0375545,0.000554289,-0.0111716,0.0356266,-0.00813412,0;
4.9, -0.601878,0.0187421,0.0014103,-0.199481,0.316693,-0.254588,0;
4.91, -0.772741,0.0263888,0.00340145,-0.244428,0.39231,-0.312787,0;
4.92, -0.531969,0.0245063,0.00579244,-0.164317,0.260185,-0.207669,0;
4.93, -1.03948,0.0468235,0.00886648,-0.283425,0.466109,-0.360917,0;
4.94, -0.820604,-0.0118724,0.00545642,-0.234928,0.332076,-0.300275,0;
4.95, -0.462342,-0.0747911,0.00417762,-0.139506,0.119865,-0.178828,0;
4.96, -0.68489,-0.00690112,0.00370705,-0.159398,0.214548,-0.200289,0;
4.97, 0.122812,0.0455318,-0.0036364,0.104211,-0.14265,0.145789,0;
4.98, 0.269971,0.0171875,-0.00468208,0.146287,-0.232175,0.199047,0;
4.99, -0.015315,0.0215494,-0.00182641,0.0574434,-0.0934985,0.0832936,0;
5, 0.117223,0.0121791,-0.000505649,0.0806696,-0.139277,0.112248,0;
5.01, 0.21279,-0.00459271,-0.00181197,0.0968127,-0.180452,0.131879,0;
5.02, 0.233272,-0.031136,0.000829225,0.0853861,-0.187382,0.115187,0;
5.03, 0.122785,-0.0287802,0.00484188,0.0465848,-0.124886,0.0647703,0;
5.04, 0.170019,-0.00765185,-0.00102941,0.0624902,-0.127278,0.0862976,0;
5.05, 0.203202,-0.0105151,-0.00235384,0.0674927,-0.134434,0.0925257,0;
5.06, 0.0844189,0.0132176,-0.000814949,0.037614,-0.0659312,0.0549989,0;
5.07, -0.229489,0.0288236,0.00345265,-0.0534815,0.0877006,-0.0615434,0;
5.08, -0.161046,0.0221871,-0.00226915,-0.0396242,0.0589927,-0.0442018,0;
5.09, 0.0141684,0.00477755,-0.00219405,0.00820914,-0.0303245,0.016375,0;
5.1, 0.173103,-0.0105444,-0.000985934,0.051468,-0.10961,0.0711491,0;
5.11, 0.0371755,0.00609646,0.000490345,0.0165985,-0.0431305,0.0271973,0;
5.12, -0.333255,0.0111304,0.00368371,-0.0963385,0.130868,-0.117569,0;
5.13, -0.0392188,0.00031078,0.00137967,-0.0152044,-0.000484996,-0.0142055,0;
5.14, 0.244408,-0.00364576,-0.00162031,0.0746526,-0.137935,0.100943,0;
5.15, 0.25606,0.000873235,-0.000983666,0.0816721,-0.142001,0.110084,0;
5.16, 0.222828,-0.00477452,-0.000674436,0.0631719,-0.119196,0.0858179,0;
5.17, 0.304738,-0.0174892,-0.00316114,0.0755299,-0.149973,0.100512,0;
5.18, 0.166084,-0.0468532,-0.000600761,0.0162411,-0.0882798,0.0230283,0;
5.19, 0.0699242,-0.0387605,0.00658674,-0.0148914,-0.0327963,-0.0164575,0;
5.2, 0.105253,-0.0141215,0.00816182,0.00423279,-0.0359209,0.00943397,0;
5.21, 0.317045,0.00197034,0.00370171,0.0775614,-0.123519,0.104074,0;
5.22, 0.302574,-0.0109153,0.000107772,0.065971,-0.118492,0.0884823,0;
5.23, -0.141089,-0.0142488,0.0025229,-0.0775109,0.0858511,-0.0946764,0;
5.24, -0.00737597,-0.000660713,0.00107128,-0.035633,0.0384763,-0.0406453,0;
5.25, -0.340681,0.0274874,0.00173428,-0.12069,0.187617,-0.146935,0;
5.26, -0.616308,0.0297526,0.000842553,-0.201922,0.306948,-0.24984,0;
5.27, 0.154584,0.00261266,-0.00778386,0.0313857,-0.0556726,0.0451986,0;
5.28, 0.177945,0.0308298,-0.00307252,0.0647871,-0.080371,0.0893579,0;
5.29, 0.0353213,-0.00396469,0.000673661,0.00265781,-0.024111,0.00836805,0;
5.3, 0.0213885,0.0263439,0.00481412,0.00552314,-0.00372352,0.0135308,0;
5.31, -0.278066,0.0318418,0.000913911,-0.0859228,0.131283,-0.102002,0;
5.32, 0.224581,0.00994774,-0.00645118,0.0607574,-0.0969606,0.08236,0;
5.33, 0.253048,-0.0143402,-0.00125024,0.0651329,-0.126397,0.0866042,0;
5.34, 0.362303,-0.0308098,-0.000336683,0.0876915,-0.172209,0.113812,0;
5.35, 0.92025,-0.0221437,-0.0030971,0.260499,-0.407434,0.332226,0;
5.36, 0.481158,-0.0206217,0.000466403,0.11754,-0.201932,0.151498,0;
5.37, 0.00185344,0.0125155,0.00252459,-0.0374677,0.0482521,-0.0425373,0;
5.38, -0.095206,-0.0113144,0.00332856,-0.0880467,0.0980808,-0.10767,0;
5.39, -0.807952,0.0209049,0.010165,-0.297284,0.417205,-0.369299,0;
5.4, -0.465788,0.0403979,0.0106465,-0.174816,0.264546,-0.213486,0;
5.41, -0.503661,0.0135959,0.00449324,-0.178644,0.242714,-0.219277,0;
5.42, -0.450944,0.0256751,0.0024491,-0.144917,0.203542,-0.175862,0;
5.43, -0.725192,0.0132188,0.00509335,-0.225338,0.302593,-0.277057,0;
5.44, -0.585738,-0.00110378,0.00470801,-0.17737,0.221996,-0.217236,0;
5.45, -0.464987,0.0335147,-0.000553718,-0.109825,0.156685,-0.129889,0;
5.46, -0.0396065,-0.00624467,-0.00182314,0.0218515,-0.0580721,0.0332923,0;
5.47, 0.28993,-0.0321943,-0.00201364,0.123839,-0.221586,0.159505,0;
5.48, 0.518436,-0.0226797,-0.00359751,0.199859,-0.314994,0.255017,0;
5.49, 0.389112,-0.0153464,0.00214193,0.152468,-0.24077,0.195974,0;
5.5, 0.12667,-0.02527,-0.000192819,0.0485177,-0.106835,0.0648166,0;
5.51, 0.0944836,-0.0168608,0.000419361,0.0296224,-0.0737236,0.0412092,0;
5.52, 0.0929598,-0.0188105,0.000916531,0.0247994,-0.0661739,0.0350819,0;
5.53, 0.307183,0.0106603,-0.00490721,0.104446,-0.146442,0.136115,0;
5.54, 0.322327,0.0102943,-0.00401549,0.10761,-0.148562,0.139997,0;
5.55, -0.104006,0.0420149,0.00171908,-0.0255437,0.057239,-0.0244221,0;
5.56, -0.177706,0.031746,-0.00144864,-0.0628833,0.0963248,-0.0718188,0;
5.57, 0.100236,-7.94353e-05,-0.00323749,0.015462,-0.0391614,0.0237664,0;
5.58, -0.033285,0.017529,-0.00154817,-0.0165256,0.0171814,-0.0149315,0;
5.59, 0.0624479,-0.0167478,-0.00234715,-0.00227158,-0.0326375,0.000482718,0;
5.6, -0.0861838,-0.0298832,0.00120633,-0.0553765,0.0267428,-0.0662574,0;
5.61, -0.297167,-0.022583,-0.00115314,-0.122215,0.122268,-0.148648,0;
5.62, 0.0450945,-0.0171838,0.000829673,-0.00432148,-0.0274154,-0.00176936,0;
5.63, 0.388192,0.0107964,-0.00186072,0.130905,-0.176829,0.168034,0;
5.64, 0.369256,0.00494253,0.00327081,0.121867,-0.169197,0.156342,0;
5.65, 0.484906,0.017516,0.00244557,0.156476,-0.203127,0.199501,0;
5.66, 0.178188,0.0196434,0.00310325,0.0458164,-0.0575905,0.0623225,0;
5.67, 0.44583,-0.00809082,0.00194939,0.111764,-0.168033,0.14179,0;
5.68, 0.268375,0.00467612,-0.000911369,0.0548462,-0.0829754,0.0719344,0;
5.69, 0.13756,0.00516883,-0.00325596,0.00259008,-0.0149302,0.00717276,0;
5.7, 0.0477193,0.0241677,0.00231506,-0.0238595,0.0354585,-0.0244416,0;
5.71, 0.103673,0.032306,0.00340362,-0.00258347,0.0138685,0.00225767,0;
5.72, 0.122436,0.0116177,-0.00189527,-0.00411428,-0.00342395,-0.00105721,0;
5.73, -0.156621,-0.0123951,-0.000194282,-0.10892,0.10886,-0.13175,0;
5.74, 0.461437,-0.0630629,9.94803e-05,0.0779113,-0.173396,0.0955846,0;
5.75, 0.258486,0.000340097,-0.000630293,0.0446326,-0.0747755,0.0586108,0;
5.76, 0.103145,0.0469883,0.000362192,0.00669385,0.0180604,0.0146874,0;
5.77, -0.136265,0.0200446,0.00239077,-0.0900435,0.118162,-0.105979,0;
5.78, -0.42367,0.000267212,-0.00365136,-0.198093,0.234429,-0.240122,0;
5.79, 0.333277,0.0086478,-0.00719844,0.0697559,-0.098622,0.0897981,0;
5.8, 0.243028,0.00302048,-0.000688325,0.0503468,-0.0787736,0.0657979,0;
5.81, 0.143851,-0.00519231,0.00316002,0.00801062,-0.0313586,0.0131944,0;
5.82, 0.0915125,0.0184337,0.00526212,-0.00369158,0.0040621,0.000222966,0;
5.83, -0.222931,0.0648458,0.00243799,-0.0928545,0.154843,-0.106244,0;
5.84, 0.194711,0.0131773,-8.33414e-05,0.0282903,-0.041451,0.0390846,0;
5.85, -0.185104,-0.0605752,-0.00137359,-0.130282,0.0873426,-0.159986,0;
5.86, -0.589985,-0.00998989,0.00176802,-0.249726,0.280078,-0.303025,0;
5.87, -0.750832,0.0345779,0.0065205,-0.277547,0.355391,-0.333558,0;
5.88, -0.79781,0.0451856,0.0074415,-0.272898,0.357744,-0.32661,0;
5.89, -0.144705,0.0110709,0.0040834,-0.041312,0.0408259,-0.0450533,0;
5.9, 0.25052,-0.018779,-0.00060436,0.103608,-0.163427,0.130605,0;
5.91, -0.234581,-0.0246521,0.00171721,-0.0662318,0.0395975,-0.0773375,0;
5.92, -0.367628,-0.00551901,0.000187494,-0.113635,0.1131,-0.134111,0;
5.93, -0.301489,0.0224312,0.00154106,-0.0738345,0.0895357,-0.0835005,0;
5.94, -0.397001,-0.0142354,0.00722647,-0.116445,0.110623,-0.137561,0;
5.95, -0.117882,-0.0434235,0.00435405,-0.0256686,-0.0244367,-0.0286112,0;
5.96, 0.290757,-0.046796,-0.00118195,0.124426,-0.208636,0.154122,0;
5.97, 0.153011,-0.0375673,0.00142887,0.0814277,-0.145581,0.102479,0;
5.98, 0.235326,-0.0126447,0.000642247,0.113157,-0.158671,0.142488,0;
5.99, 0.0789162,-0.0227326,0.00486141,0.0463508,-0.0850666,0.0604464,0;
6, -0.213217,0.00998373,0.00436946,-0.0518822,0.0605504,-0.056934,0;
6.01, -0.0749262,0.000666556,0.0026938,-0.0104833,0.00412561,-0.00739041,0;
6.02, 0.0433282,-0.00158204,-0.00175322,0.0342721,-0.0518562,0.046897,0;
6.03, -0.023945,0.0214339,-0.00110022,0.019759,-0.0169702,0.0306413,0;
6.04, 0.266443,-0.00539508,0.00129964,0.109585,-0.145252,0.137695,0;
6.05, -0.0420512,0.0395289,0.00268641,0.017202,0.00093101,0.0284399,0;
6.06, 0.0586319,0.0218626,-0.000845893,0.0369393,-0.0377452,0.0509595,0;
6.07, 0.318422,-0.0373239,0.000955293,0.102519,-0.16709,0.126243,0;
6.08, 0.0775614,-0.0238759,0.000387804,0.018169,-0.0584605,0.0247827,0;
6.09, 0.140767,0.0291322,-0.00250222,0.0572795,-0.0568551,0.0754649,0;
6.1, 0.0581198,0.0207984,-0.00500581,0.0215642,-0.0209941,0.0316822,0;
6.11, 0.318743,-0.021141,-0.00746374,0.0935306,-0.140774,0.115676,0;
6.12, 0.393073,-0.0315362,-0.00588641,0.114089,-0.17431,0.139661,0;
6.13, 0.180329,-0.0204605,-0.0026208,0.0344471,-0.0707799,0.0441203,0;
6.14, -0.533008,0.0608225,0.00217296,-0.199405,0.267915,-0.232782,0;
6.15, -0.184443,0.04994,0.00345652,-0.079651,0.121696,-0.0890232,0;
6.16, 0.0751089,0.0413895,0.00023571,0.0260629,-0.010045,0.0380557,0;
6.17, -0.501066,0.0362385,0.00144676,-0.184003,0.221917,-0.215371,0;
6.18, -0.546046,0.0207061,0.00146438,-0.210313,0.236281,-0.248133,0;
6.19, 0.163416,-0.0262875,-0.00333592,0.0442313,-0.0937667,0.0553018,0;
6.2, 0.40355,-0.036751,0.000730233,0.142947,-0.215917,0.173451,0;
6.21, 0.115467,-0.00828853,0.00384386,0.0449901,-0.0793826,0.0574886,0;
6.22, 0.284705,-0.0241503,0.00161493,0.0906265,-0.140769,0.111221,0;
6.23, -0.122541,-0.01035,0.00112935,-0.0580554,0.0405605,-0.0663922,0;
6.24, -0.118592,-0.00438201,-0.000967616,-0.0612848,0.0499914,-0.0700008,0;
6.25, -0.181211,-0.00272403,0.00102131,-0.0803126,0.0734764,-0.0925662,0;
6.26, 0.570341,-0.043023,-0.000883234,0.187312,-0.258657,0.225913,0;
6.27, 0.307978,-0.0109184,-0.0004173,0.108889,-0.144408,0.134036,0;
6.28, 0.204076,0.0145852,0.00158656,0.0673182,-0.0744358,0.0855739,0;
6.29, 0.491379,-0.0303406,-0.000153751,0.14753,-0.198991,0.178607,0;
6.3, -0.190027,-0.0130977,-0.00267578,-0.107375,0.0965601,-0.125575,0;
6.31, -0.101959,-0.0526885,-0.00424465,-0.10258,0.0610582,-0.122498,0;
6.32, -0.27913,-0.00947737,-0.000594418,-0.143096,0.141402,-0.167836,0;
6.33, -0.298752,-0.00256028,0.00214702,-0.141118,0.14691,-0.164708,0;
6.34, 0.442992,-0.0254234,0.000474046,0.140456,-0.181055,0.170573,0;
6.35, -0.21296,0.0270487,0.00544926,-0.074941,0.0989347,-0.0830125,0;
6.36, -0.453339,0.0402645,0.00492586,-0.172287,0.215462,-0.198632,0;
6.37, 0.110003,0.00328613,-0.00444663,0.0311766,-0.0391534,0.0418255,0;
6.38, 0.372136,0.0129852,-0.00580399,0.147608,-0.161284,0.181249,0;
6.39, 0.27928,0.00906492,0.000986457,0.108611,-0.120904,0.134331,0;
6.4, 0.108446,-0.0329382,0.00513818,0.0129276,-0.0519749,0.0173259,0;
6.41, -0.318507,-0.0307297,0.00603363,-0.15921,0.134335,-0.187932,0;
6.42, -0.20524,-0.009587,0.00322746,-0.107123,0.0972307,-0.124256,0;
6.43, 0.217753,0.00871018,-0.000655746,0.0752748,-0.0833158,0.0944522,0;
6.44, 0.282352,-0.00330974,0.0019235,0.103362,-0.120892,0.127133,0;
6.45, 0.414111,0.00707236,0.00323131,0.152694,-0.166458,0.18607,0;
6.46, 0.768018,-0.00665909,-0.000754467,0.276041,-0.309381,0.331549,0;
6.47, 0.570597,0.0116408,-0.00578722,0.197491,-0.209928,0.239011,0;
6.48, 0.253987,0.022048,-0.00728052,0.058387,-0.0537676,0.0739492,0;
6.49, -0.0966661,0.00071921,-0.00223415,-0.102966,0.0994091,-0.119217,0;
6.5, -0.0272964,0.0224412,-0.00113112,-0.0713595,0.0811686,-0.0804004,0;
6.51, -0.21284,0.025431,0.00291681,-0.135468,0.151004,-0.156103,0;
6.52, -0.535675,0.0223562,0.000932372,-0.258839,0.276856,-0.302509,0;
6.53, -0.362946,0.0349734,0.000642053,-0.176253,0.198539,-0.203474,0;
6.54, -0.266322,0.0437259,-1.71678e-05,-0.115886,0.140975,-0.130958,0;
6.55, -0.0462242,0.00155782,-0.00331686,-0.0355291,0.0214657,-0.0385263,0;
6.56, -0.469882,0.00124471,0.0046346,-0.195329,0.185463,-0.227576,0;
6.57, -0.473993,0.0310571,0.00724076,-0.18244,0.194381,-0.210159,0;
6.58, -0.0912875,0.000305027,0.00554944,-0.0304643,0.0129768,-0.0320903,0;
6.59, -0.11592,-0.0418863,-0.00223389,-0.0463342,-0.00551009,-0.0536612,0;
6.6, 0.110125,-0.0441349,-0.00462183,0.0447844,-0.100567,0.0538438,0;
6.61, 0.162172,-0.0204479,-0.00315157,0.0784276,-0.114055,0.0954361,0;
6.62, -0.19281,-0.0200797,0.00149347,-0.0671095,0.0383582,-0.0762065,0;
6.63, -0.219177,-0.0133989,0.00603567,-0.080407,0.0590799,-0.0915453,0;
6.64, -0.136336,0.0354918,0.00396703,-0.0210928,0.0376142,-0.0180645,0;
6.65, 0.0853843,0.0471145,0.000480508,0.0792028,-0.0540105,0.101181,0;
6.66, 0.84008,0.00814206,-0.000761607,0.365828,-0.378817,0.435866,0;
6.67, 0.617251,-0.00192148,-0.00199877,0.26631,-0.287178,0.317244,0;
6.68, 0.186178,0.0130005,-0.0037698,0.0726012,-0.0792198,0.089628,0;
6.69, -0.157583,-0.000790134,0.00186859,-0.0935213,0.0767428,-0.107097,0;
6.7, -0.00498973,-0.0307231,0.00294873,-0.0498236,0.0102637,-0.0576779,0;
6.71, -0.228983,-0.0362765,0.00481375,-0.138009,0.0932929,-0.161672,0;
6.72, -0.496282,0.00624544,0.00848776,-0.224387,0.215156,-0.260093,0;
6.73, -0.586125,0.0441619,0.00487574,-0.233926,0.256814,-0.268169,0;
6.74, -0.0872811,0.00233898,-0.00248681,-0.0337888,0.023516,-0.0355213,0;
6.75, 0.342367,-0.00590154,4.29605e-05,0.153996,-0.173197,0.18435,0;
6.76, 0.15368,-0.00323928,0.00203757,0.0815761,-0.0971026,0.0995334,0;
6.77, -0.0719674,-0.0211974,-0.000916419,-0.0305975,0.00059659,-0.0334108,0;
6.78, -0.389547,0.0159203,-0.00125613,-0.15186,0.147732,-0.173215,0;
6.79, -0.24595,0.0122388,0.00107201,-0.0929177,0.0878858,-0.104227,0;
6.8, -0.170188,0.0317287,0.00101607,-0.0423741,0.0522126,-0.043562,0;
6.81, -0.199112,0.0350102,0.00535129,-0.0459299,0.058476,-0.0473124,0;
6.82, -0.0584325,0.00878871,0.0059693,0.00219285,-0.0117513,0.00707698,0;
6.83, 0.162089,0.0033997,0.000864289,0.0942983,-0.107574,0.114281,0;
6.84, 0.112908,0.0103946,-0.00178325,0.0766894,-0.0847719,0.0941605,0;
6.85, -0.0210558,0.0201635,-0.00224266,0.0176965,-0.0205461,0.0256204,0;
6.86, -0.0838899,0.0343792,-0.00428801,-0.00794671,0.0149496,-0.00359872,0;
6.87, -0.221269,0.0267048,-0.00206129,-0.0702782,0.0692108,-0.0769434,0;
6.88, 0.637094,-0.0285648,-0.00277416,0.264027,-0.296843,0.309402,0;
6.89, 0.199301,-0.0182037,-0.000216502,0.0904119,-0.122075,0.107394,0;
6.9, -0.0795824,-0.00894599,-0.000797236,-0.0422127,0.0141243,-0.0469278,0;
6.91, 0.0979633,-0.0110859,-0.000794193,0.0249068,-0.0496951,0.0312761,0;
6.92, -0.263682,0.0360705,0.00191915,-0.104258,0.109779,-0.116089,0;
6.93, -0.610368,0.0665387,0.00305222,-0.239311,0.262322,-0.271071,0;
6.94, -0.393426,0.017588,0.00251909,-0.163534,0.149865,-0.186069,0;
6.95, -0.00322125,-0.0332264,0.00116651,-0.00359248,-0.0428971,-0.00333273,0;
6.96, 0.205353,-0.0451695,0.000885862,0.0908032,-0.142258,0.105827,0;
6.97, 0.341805,-0.0243534,0.00311764,0.158832,-0.187207,0.186439,0;
6.98, -0.207399,0.0361073,0.00696621,-0.0542247,0.063481,-0.0569628,0;
6.99, -0.266288,0.0414321,0.0036988,-0.0895678,0.101428,-0.0977325,0;
7, -0.0262185,0.0442248,-0.00351397,0.0171222,0.000906043,0.0262645,0;
7.01, -0.424918,0.0504543,2.01857e-05,-0.144691,0.154279,-0.161318,0;
7.02, 0.23126,0.0256963,-0.00393493,0.124609,-0.116496,0.149466,0;
7.03, 0.465898,0.00570705,-0.00543652,0.226423,-0.228242,0.266143,0;
7.04, 0.559613,-0.00233684,-0.00490801,0.253764,-0.260297,0.296742,0;
7.05, 0.649855,-0.0253499,-0.00412689,0.266076,-0.287927,0.309006,0;
7.06, 0.47592,-0.0560214,-1.60624e-05,0.157871,-0.210853,0.18123,0;
7.07, 0.736387,-0.0852926,-0.000112649,0.238549,-0.303584,0.272597,0;
7.08, 0.165114,-0.0496558,7.37462e-06,-0.00407174,-0.0494775,-0.00595985,0;
7.09, -0.0697446,-0.00337047,0.0084315,-0.103276,0.0811855,-0.117569,0;
7.1, -0.460946,0.0272006,0.00972975,-0.260195,0.249958,-0.296765,0;
7.11, -0.65334,0.0145303,0.0079799,-0.342278,0.315525,-0.392238,0;
7.12, -0.354669,-0.0365502,0.00133866,-0.216089,0.160807,-0.24939,0;
7.13, -0.283745,-0.022404,0.000325869,-0.154951,0.113946,-0.177391,0;
7.14, 0.150117,-0.0131644,-0.00343967,0.0548593,-0.0672829,0.0660927,0;
7.15, -0.117764,-0.0376672,0.00113744,-0.0621356,0.0217315,-0.0703616,0;
7.16, -0.2144,-0.0374629,-0.00331577,-0.108764,0.0646562,-0.124218,0;
7.17, 0.0628545,-0.0111566,-0.00250591,0.0282046,-0.0383711,0.0359202,0;
7.18, -0.270711,0.0350211,0.00202236,-0.0895645,0.104027,-0.0966226,0;
7.19, -0.269649,0.0442999,-0.000231961,-0.0874936,0.109124,-0.0935883,0;
7.2, -0.0353693,0.0272252,8.85638e-05,0.013844,0.00285291,0.0220083,0;
7.21, -0.200937,0.0630639,-0.00183699,-0.0370407,0.0718493,-0.0343846,0;
7.22, -0.264114,0.0315223,-0.00180131,-0.081365,0.0845772,-0.087779,0;
7.23, 0.0618243,-0.0155966,0.000631329,0.0447394,-0.0652403,0.0541064,0;
7.24, 0.330409,-0.0512914,0.00399367,0.153556,-0.189302,0.176859,0;
7.25, 0.18387,-0.0405089,0.000330811,0.0894615,-0.123882,0.103643,0;
7.26, 0.226478,-0.00270683,-0.00116534,0.114849,-0.114422,0.135534,0;
7.27, 0.184859,0.0107905,-0.000751901,0.095012,-0.085092,0.113612,0;
7.28, 0.0533256,-0.0254062,-0.00349329,0.0114854,-0.0381718,0.0148503,0;
7.29, -0.0868998,0.0117789,-0.000784726,-0.0423773,0.0351926,-0.0446708,0;
7.3, -0.0803154,0.0197829,0.00303234,-0.0369756,0.0377467,-0.0378432,0;
7.31, -0.167275,-0.00100134,-0.000595504,-0.0829625,0.0611355,-0.0921603,0;
7.32, 0.195262,-0.0309326,-0.00324651,0.0696007,-0.0940542,0.0810593,0;
7.33, 0.178253,-0.030022,-0.000741693,0.0685284,-0.091584,0.079988,0;
7.34, -0.0191361,-0.00183294,0.00124493,-0.013563,0.0014907,-0.0124388,0;
7.35, 0.233147,-0.0111252,0.00154877,0.0909432,-0.0940127,0.106891,0;
7.36, 0.0702573,-0.0317352,0.00224142,0.00829379,-0.0386053,0.0106357,0;
7.37, -0.105442,0.0101025,0.00276764,-0.0592788,0.0505679,-0.0639733,0;
7.38, -0.477998,0.0414017,0.00504822,-0.215434,0.20882,-0.240624,0;
7.39, -0.231971,0.0325751,0.00198364,-0.104313,0.105804,-0.11391,0;
7.4, -0.540673,0.0354567,0.00202769,-0.227673,0.211334,-0.254856,0;
7.41, -0.203996,0.00499806,0.000205001,-0.0807973,0.0614138,-0.0887579,0;
7.42, -0.173559,0.02403,0.000503528,-0.0421516,0.040682,-0.0431373,0;
7.43, -0.40743,0.0321198,0.0020576,-0.140969,0.128533,-0.155592,0;
7.44, -0.307246,0.0321767,0.0031224,-0.0924217,0.0859265,-0.100038,0;
7.45, 0.211539,0.00213093,0.000297046,0.14302,-0.13479,0.167143,0;
7.46, 0.320285,-0.0146995,-0.0019897,0.19198,-0.189203,0.22178,0;
7.47, 0.164338,-0.0158672,0.0035781,0.108516,-0.120374,0.126031,0;
7.48, 0.645251,-0.0255012,0.00205871,0.312439,-0.295811,0.358195,0;
7.49, 0.539075,-0.0247622,-0.00144591,0.255951,-0.245976,0.293551,0;
7.5, 0.477239,-0.00978685,-0.00348594,0.211507,-0.19571,0.243521,0;
7.51, -0.0988178,0.00276952,0.00141479,-0.0696758,0.0476325,-0.0767347,0;
7.52, -0.109522,-0.00975658,-0.00102361,-0.0969309,0.0605914,-0.108941,0;
7.53, 0.201504,-0.00196902,-0.00421948,0.0571262,-0.0598295,0.0673876,0;
7.54, -0.176456,0.0158771,0.00152704,-0.104249,0.0867098,-0.115194,0;
7.55, 0.191158,0.0101889,0.000695564,0.0604395,-0.0522848,0.0721885,0;
7.56, -0.465255,0.0504927,0.00649492,-0.221288,0.207079,-0.246017,0;
7.57, -0.266217,0.0351666,0.000439491,-0.140233,0.128295,-0.154951,0;
7.58, 0.608506,-0.00970045,-0.00515899,0.266204,-0.23818,0.304965,0;
7.59, 0.186582,-0.00615322,-0.000806362,0.0800796,-0.0851252,0.0933064,0;
7.6, -0.0542804,0.0154141,0.00778834,-0.0438793,0.0314975,-0.0466365,0;
7.61, 0.122495,-0.0268922,0.00289456,0.0142863,-0.0454253,0.0166029,0;
7.62, 0.0548089,-0.0458684,0.000152057,-0.0228999,-0.0289948,-0.027015,0;
7.63, -0.398627,-0.00707057,0.00256983,-0.221351,0.160568,-0.249772,0;
7.64, 0.175119,-0.0579739,-0.000953689,0.0287182,-0.0750614,0.0312794,0;
7.65, 0.345329,-0.0648033,0.00134181,0.122948,-0.154308,0.13829,0;
7.66, -0.166733,-0.00810329,0.000666528,-0.0963551,0.0659077,-0.106889,0;
7.67, -0.0719838,0.0285853,-0.00344895,-0.0445742,0.0536607,-0.0454542,0;
7.68, 0.207662,0.0446823,-0.00398665,0.102049,-0.0524812,0.122223,0;
7.69, 0.547587,0.0793506,-0.00104446,0.283698,-0.173052,0.330614,0;
7.7, -0.233727,0.0695634,0.00204335,-0.101388,0.123519,-0.107327,0;
7.71, 0.207791,-0.0176578,-0.00304288,0.0480273,-0.0636523,0.0553884,0;
7.72, -0.31843,-0.0299926,0.00486445,-0.201993,0.122287,-0.229081,0;
7.73, -0.049143,-0.0297129,0.00300311,-0.0758118,0.024703,-0.085915,0;
7.74, -0.222138,-0.0023862,0.000628065,-0.132239,0.0900891,-0.147601,0;
7.75, 0.0696388,-0.0160118,-0.00204589,0.00701997,-0.0275816,0.00951299,0;
7.76, -0.154457,0.00487046,0.000834143,-0.0826641,0.0574274,-0.0905505,0;
7.77, 0.00685635,0.0188842,-0.00445624,0.00197611,0.00349637,0.00642411,0;
7.78, 0.684813,-0.0272008,-0.00642726,0.313722,-0.273613,0.356109,0;
7.79, 0.520711,-0.0404224,-0.000414018,0.228883,-0.216855,0.259017,0;
7.8, 0.121125,0.00476009,0.00327914,0.0328923,-0.0307105,0.0401202,0;
7.81, 0.142732,0.0420254,0.00308481,0.0427068,-0.00986676,0.0537032,0;
7.82, -0.548944,0.0377049,0.00578339,-0.298296,0.250089,-0.332383,0;
7.83, -0.530566,0.0386276,0.00594447,-0.292798,0.243627,-0.326161,0;
7.84, -0.474073,0.0244223,0.000387538,-0.249994,0.198639,-0.27838,0;
7.85, -0.361213,0.00432018,-0.000433222,-0.183201,0.130177,-0.204232,0;
7.86, -0.412203,0.00621863,0.00030816,-0.189569,0.134802,-0.211115,0;
7.87, 0.20778,-0.000665869,-0.000943482,0.124605,-0.109706,0.143521,0;
7.88, 0.379971,0.00366957,-0.000494627,0.224695,-0.182698,0.256878,0;
7.89, 0.24446,0.0150967,-0.000510722,0.154297,-0.120015,0.177958,0;
7.9, 0.0855061,0.0256796,-0.000223879,0.0646905,-0.04378,0.0774011,0;
7.91, 0.226993,-0.00661613,0.000348591,0.107068,-0.100299,0.122704,0;
7.92, -0.00184652,-0.0369173,0.00210191,-0.0239581,-0.023169,-0.0273718,0;
7.93, -0.0937889,-0.01375,0.00187365,-0.0675103,0.0258856,-0.075018,0;
7.94, -0.30212,0.00754311,0.00293917,-0.15915,0.112094,-0.176562,0;
7.95, 0.232771,-0.055132,0.00233208,0.0826554,-0.111984,0.091997,0;
7.96, 0.55921,-0.0539683,-0.00125743,0.255856,-0.241213,0.287141,0;
7.97, 0.12907,-0.00397581,-0.000488797,0.0591773,-0.0553327,0.0690392,0;
7.98, 0.28594,0.0131715,-0.00118317,0.126656,-0.0897616,0.146372,0;
7.99, 0.201517,-0.00874096,-0.00158437,0.0703556,-0.0632998,0.0814257,0;
8, -0.0155911,-0.00174653,-0.000531794,-0.0450396,0.0253554,-0.0483676,0;
8.01, -0.23613,0.0206754,0.000670726,-0.151009,0.119374,-0.166166,0;
8.02, -0.410044,0.0394289,0.000944017,-0.225445,0.188653,-0.248255,0;
8.03, 0.237942,0.00899744,-0.00263701,0.0956915,-0.0715293,0.110832,0;
8.04, -0.227933,0.00740913,0.000415522,-0.122155,0.0854656,-0.134327,0;
8.05, -0.441648,0.0238097,0.00665086,-0.22928,0.175313,-0.253617,0;
8.06, -0.165421,0.0145797,0.00317406,-0.0867472,0.0632711,-0.0939282,0;
8.07, 0.138758,-0.0166007,-0.00354211,0.0689533,-0.0737036,0.0788746,0;
8.08, 0.215406,-0.0263821,-0.0049416,0.109911,-0.110561,0.12428,0;
8.09, 0.423963,-0.0299851,-0.00361539,0.209017,-0.183815,0.235189,0;
8.1, 0.506697,-0.0131017,0.00185589,0.25024,-0.200155,0.282549,0;
8.11, 0.414336,0.00459629,0.00544823,0.195759,-0.146233,0.222476,0;
8.12, -0.0751846,-0.029023,0.00262787,-0.0855573,0.0349276,-0.0954794,0;
8.13, -0.262853,-0.0168388,0.00221187,-0.190827,0.118059,-0.213007,0;
8.14, -0.587213,-0.00723821,0.00500516,-0.345873,0.236846,-0.385916,0;
8.15, -0.84891,0.0267179,0.00836553,-0.450442,0.335774,-0.500534,0;
8.16, 0.04318,0.025106,-0.000393776,0.0294689,-0.00859801,0.0377281,0;
8.17, -0.35974,0.0238453,0.0006764,-0.143944,0.113011,-0.156413,0;
8.18, -0.30084,0.00370319,-0.000780155,-0.125334,0.0839971,-0.137099,0;
8.19, -0.20791,-0.00471494,0.00551977,-0.0716513,0.0384712,-0.0774091,0;
8.2, 0.0850783,0.00380267,0.00477367,0.0916852,-0.0720712,0.106039,0;
8.21, -0.143415,0.00552371,-0.000446889,-0.0200027,0.00833728,-0.0188114,0;
8.22, 0.144467,-0.0106247,9.13717e-05,0.114085,-0.097059,0.130099,0;
8.23, 0.454982,0.0303538,-0.00361314,0.293975,-0.195739,0.333989,0;
8.24, -0.0725991,0.0772155,-0.000743633,0.0339,0.0195756,0.0460642,0;
8.25, -0.482141,0.0658359,0.00378308,-0.204937,0.17738,-0.222105,0;
8.26, 0.402698,0.00608098,-0.00230011,0.222191,-0.167442,0.250809,0;
8.27, 0.242054,-0.0324481,-0.00309836,0.137599,-0.136437,0.153563,0;
8.28, -0.222587,-0.0247069,-0.00104022,-0.115719,0.0461695,-0.129128,0;
8.29, 0.316206,-0.0051633,-0.00309075,0.161566,-0.131751,0.181933,0;
8.3, 0.236734,0.041458,0.000729704,0.149248,-0.0897752,0.171443,0;
8.31, 0.475597,0.0142077,-0.00157007,0.24984,-0.176784,0.281807,0;
8.32, 0.209456,0.0161314,0.000466782,0.101258,-0.073543,0.115832,0;
8.33, 0.233395,-0.0213818,-0.000151909,0.0781036,-0.0840828,0.0871274,0;
8.34, 0.539873,-0.0386178,-0.00161322,0.223161,-0.195674,0.247623,0;
8.35, -0.218349,-0.0513285,0.00260726,-0.184621,0.0779909,-0.207949,0;
8.36, -0.894298,-0.0358511,0.00360081,-0.549942,0.339144,-0.614182,0;
8.37, -0.142034,-0.00958722,-0.000663244,-0.129706,0.0729669,-0.14332,0;
8.38, 0.0993503,-0.00292161,-0.000717402,0.0405569,-0.03616,0.0474608,0;
8.39, 0.114534,-0.00487038,0.000822188,0.057426,-0.0480168,0.0662688,0;
8.4, 0.473756,0.00946437,-0.00398127,0.250817,-0.168525,0.282732,0;
8.41, 0.343225,-0.00361527,-0.00263416,0.172056,-0.123738,0.194006,0;
8.42, -0.276635,-0.0181317,0.00378768,-0.181592,0.103458,-0.201135,0;
8.43, -0.563269,0.0236137,0.00566861,-0.327845,0.230083,-0.361205,0;
8.44, -0.58341,0.0354639,0.00313336,-0.319936,0.23352,-0.351314,0;
8.45, -0.548515,0.00886133,0.00490472,-0.289892,0.193101,-0.319426,0;
8.46, 0.540239,-0.018943,-0.000346615,0.299536,-0.222014,0.334634,0;
8.47, 0.522878,0.00234079,-0.00146917,0.322107,-0.221867,0.361361,0;
8.48, 0.660333,0.0247577,-0.0013914,0.382878,-0.245955,0.430015,0;
8.49, 0.431514,0.0373138,-0.00466857,0.242578,-0.144284,0.274367,0;
8.5, -0.0739518,0.0467265,-0.00608472,-0.0511117,0.0556537,-0.0518453,0;
8.51, -0.23034,0.0135678,-0.00135862,-0.167591,0.109004,-0.183695,0;
8.52, -0.203177,7.46492e-05,0.000440036,-0.155962,0.0892295,-0.171887,0;
8.53, -0.112077,-0.00677202,0.00124851,-0.0982063,0.0458734,-0.108093,0;
8.54, -0.238761,-0.0164907,-0.00235069,-0.159524,0.0793412,-0.176671,0;
8.55, 0.476968,-0.0377067,-0.00529861,0.223533,-0.184338,0.247516,0;
8.56, 0.238232,0.00819473,-0.00232075,0.127417,-0.0887561,0.144006,0;
8.57, -0.573719,0.0300111,0.00187112,-0.317451,0.217999,-0.348273,0;
8.58, -0.181026,-0.00104652,0.00420098,-0.129326,0.0739572,-0.141691,0;
8.59, -0.398534,0.00505407,0.00764561,-0.22062,0.135944,-0.242336,0;
8.6, -0.65959,0.0496989,0.00688833,-0.333063,0.238761,-0.363872,0;
8.61, -0.502763,0.0327775,0.00451196,-0.239491,0.166689,-0.260969,0;
8.62, -0.220608,0.00579847,0.00388032,-0.0747448,0.0390152,-0.0800268,0;
8.63, 0.0482924,0.0304586,0.00294747,0.100251,-0.0579172,0.115634,0;
8.64, -0.1249,0.0441279,0.00520932,0.01731,0.00424001,0.0246442,0;
8.65, -0.0440498,0.0028358,0.00341664,0.0349717,-0.0363487,0.0411881,0;
8.66, 0.884784,-0.0648798,-0.0045372,0.511065,-0.386652,0.563674,0;
8.67, 0.236943,-0.0476904,-0.00400433,0.163119,-0.151623,0.179485,0;
8.68, 0.488409,-0.0501182,-0.00558681,0.264352,-0.210295,0.192359,0;
8.69, 0.454193,0.00116638,-0.00443222,0.268792,-0.160414,-0.159083,0;
8.7, 0.280048,0.0126734,-0.00547505,0.166327,-0.0757651,-0.463843,0;
8.71, 0.207428,0.00944097,-0.000903102,0.103908,-0.0407126,-0.54642,0;
8.72, 0.224368,0.0344053,-0.00126285,0.112005,-0.0314154,-0.527884,0;
8.73, 0.194387,0.0258541,-0.00416682,0.0838289,-0.0221395,-0.551983,0;
8.74, -0.417068,0.0230228,-0.00138459,-0.26336,0.18975,-0.926595,0;
8.75, -0.506353,0.0397517,0.00202562,-0.313016,0.227806,-0.973293,0;
8.76, 0.282192,-0.00369653,-0.002193,0.124733,-0.074437,-0.514005,0;
8.77, -0.313791,0.0121837,-0.000123901,-0.174533,0.120153,-0.868656,0;
8.78, -0.481291,0.0278582,0.00271447,-0.271486,0.188086,-0.96434,0;
8.79, -0.559705,0.0419057,0.00559792,-0.296097,0.211442,-1.00442,0;
8.8, -0.974996,0.0699901,0.011694,-0.495404,0.349909,-1.2442,0;
8.81, -0.486198,0.0556376,0.00256491,-0.20731,0.161188,-0.951127,0;
8.82, -0.130469,0.0361296,-0.00169975,0.0200824,0.00608491,-0.741843,0;
8.83, -0.5128,0.0296473,0.00191325,-0.182145,0.121424,-0.981754,0;
8.84, -0.260997,-1.51303e-05,-0.000992035,-0.0549524,0.023898,-0.841605,0;
8.85, 0.132073,-0.0268319,-0.00382693,0.166932,-0.130352,-0.613836,0;
8.86, 0.0817051,-0.0256206,-0.00103386,0.143037,-0.114863,-0.644347,0;
8.87, 0.569529,-0.0213008,-0.00110191,0.407749,-0.268544,-0.338975,0;
8.88, 0.593222,-0.0317614,-0.00209775,0.407181,-0.272766,-0.328586,0;
8.89, 0.414123,-0.0199487,-0.00381947,0.279967,-0.189095,-0.434708,0;
8.9, 0.327313,-0.00612192,-0.00148464,0.204732,-0.134979,-0.483418,0;
8.91, 0.249135,0.0187708,0.00307782,0.149393,-0.085393,-0.519665,0;
8.92, 0.170364,0.0147827,5.66938e-05,0.0875312,-0.0510851,-0.571125,0;
8.93, 0.311664,-0.00432914,0.00301501,0.148404,-0.100428,-0.493439,0;
8.94, 0.027992,0.00353466,0.00163799,-0.0170644,0.000723362,-0.667443,0;
8.95, -0.530018,0.00937044,0.00258629,-0.345166,0.196157,-1.01507,0;
8.96, 0.0449688,-0.00746012,0.000453578,-0.0219917,-0.00284895,-0.662683,0;
8.97, 0.251556,-0.00328511,-0.00181462,0.124999,-0.0844579,-0.528968,0;
8.98, 0.557008,-0.00942344,-0.00292816,0.300357,-0.188274,-0.338711,0;
8.99, 0.457817,-0.02059,-0.00150928,0.228964,-0.153708,-0.407594,0;
9, 0.0995432,-0.0134358,-0.00058701,0.00223503,-0.0194007,-0.631476,0;
9.01, 0.308043,-0.0301904,-0.00239631,0.0978311,-0.0845407,-0.509235,0;
9.02, 0.299478,-0.0303346,-0.00361812,0.0931328,-0.0804156,-0.514104,0;
9.03, 0.0203438,-0.0332531,0.000656362,-0.0763316,0.0165098,-0.691976,0;
9.04, 0.068855,-0.0198108,-0.00110575,-0.0495184,0.0115213,-0.65416,0;
9.05, 0.225822,-0.017902,-0.00295147,0.0478419,-0.0408688,-0.553454,0;
9.06, -0.140223,0.0147227,0.00284848,-0.146632,0.0913905,-0.767973,0;
9.07, -0.534856,0.0257893,0.00535217,-0.375052,0.228155,-1.01319,0;
9.08, -0.66064,0.0121936,0.00276048,-0.444214,0.256401,-1.10149,0;
9.09, -0.0859173,0.0284475,-0.00141721,-0.0731247,0.0571885,-0.724293,0;
9.1, -0.200325,0.00797176,-0.000553648,-0.115171,0.0674724,-0.807321,0;
9.11, -0.189082,0.00864413,0.00352554,-0.102982,0.0597642,-0.799744,0;
9.12, 0.190446,-0.017925,-0.00248255,0.116839,-0.0802144,-0.570383,0;
9.13, -0.164679,0.00606779,0.000419683,-0.0740627,0.0402921,-0.78544,0;
9.14, -0.551574,0.0723,0.00137666,-0.282976,0.197945,-0.999305,0;
9.15, -0.357447,0.079158,-0.00253726,-0.160711,0.13433,-0.870958,0;
9.16, 0.252538,-0.000694405,-0.00340138,0.186652,-0.110674,-0.519816,0;
9.17, 0.247052,-0.0537291,-0.00133958,0.173214,-0.140589,-0.550969,0;
9.18, -0.173602,0.00357847,0.00155708,-0.065914,0.0259904,-0.792754,0;
9.19, 0.341997,0.0216675,0.00133055,0.232795,-0.123283,-0.45156,0;
9.2, -0.164521,0.0465245,0.00280976,-0.0516096,0.0479861,-0.765181,0;
9.21, -0.337522,0.0147646,0.00674764,-0.185346,0.0991916,-0.894387,0;
9.22, 0.162042,-0.0278471,0.00279404,0.0971012,-0.0829292,-0.593358,0;
9.23, 0.128407,-0.0121532,0.000356185,0.0979778,-0.0730923,-0.605976,0;
9.24, -0.0332855,-0.00911911,-4.18814e-05,-0.00468876,-0.0148917,-0.70974,0;
9.25, 0.678341,-0.036024,-0.00411312,0.402892,-0.248097,-0.259611,0;
9.26, 0.343072,-0.0095788,-0.00373795,0.213799,-0.129265,-0.464045,0;
9.27, 0.72731,-0.0264861,-0.00274785,0.407407,-0.240286,-0.222181,0;
9.28, 1.07951,-0.020579,-0.00488402,0.605693,-0.340819,0.0112247,0;
9.29, 0.405783,-0.0140902,-0.00068643,0.173096,-0.10663,-0.426587,0;
9.3, 0.620149,-0.0345997,-0.00144759,0.247491,-0.158717,-0.298561,0;
9.31, 0.249975,-0.00910568,0.000449809,0.021353,-0.0234926,-0.528912,0;
9.32, 0.393399,-0.0160973,-0.000330147,0.0876344,-0.05963,-0.437444,0;
9.33, 0.18081,0.0138451,0.00460403,-0.0303919,0.0209714,-0.561883,0;
9.34, -0.323644,0.0222153,0.010009,-0.338509,0.187444,-0.889215,0;
9.35, -0.263834,0.0101713,0.00796132,-0.305004,0.161616,-0.85597,0;
9.36, -0.709278,0.0228529,0.00606764,-0.544425,0.293029,-1.14214,0;
9.37, -0.856906,0.0255582,0.0044603,-0.610378,0.327766,-1.23778,0;
9.38, -0.511488,0.0194049,0.0020578,-0.361739,0.194612,-1.01124,0;
9.39, 0.173041,-0.0404024,-0.00509504,0.077025,-0.0688765,-0.587514,0;
9.4, -0.552884,-0.0253057,-0.000656414,-0.332583,0.149712,-1.06004,0;
9.41, -0.557805,0.0112967,0.00584494,-0.326212,0.171299,-1.04401,0;
9.42, -0.1167,0.0223812,-0.00115177,-0.0275501,0.0259456,-0.745279,0;
9.43, -0.345184,0.0187414,-0.00115724,-0.14488,0.0819968,-0.898778,0;
9.44, -0.176274,0.0518872,-0.00427136,-0.0259101,0.0412472,-0.769105,0;
9.45, -0.10417,0.0444581,-0.000358161,0.0254446,0.00891374,-0.725155,0;
9.46, -0.247795,0.0271064,0.00461742,-0.0684065,0.0428872,-0.830057,0;
9.47, 0.0489833,-0.00188636,0.00608713,0.0996421,-0.0621367,-0.647716,0;
9.48, 0.0956077,-0.0221293,0.00547757,0.125028,-0.0886197,-0.626842,0;
9.49, -0.208532,0.00625124,0.00400508,-0.0591201,0.021075,-0.816217,0;
9.5, -0.230265,0.0175844,-0.00170316,-0.0766998,0.0380536,-0.824316,0;
9.51, -0.313991,0.0191048,-0.00332964,-0.124347,0.0616542,-0.880248,0;
9.52, -0.197676,0.00276007,5.86251e-05,-0.054204,0.0155731,-0.811377,0;
9.53, 0.147406,-0.00968319,-0.000558563,0.1646,-0.0997097,-0.585061,0;
9.54, -0.348519,0.00697069,-0.0010412,-0.13453,0.0564025,-0.911773,0;
9.55, -0.499811,0.0364612,0.000410533,-0.229561,0.12149,-0.999028,0;
9.56, 0.128247,0.00255216,-0.00264753,0.159795,-0.0880793,-0.590648,0;
9.57, 0.290702,-0.0250985,-0.000377132,0.267403,-0.15857,-0.494385,0;
9.58, 0.123505,-0.00404786,0.00414298,0.159569,-0.0925179,-0.596482,0;
9.59, 0.0359377,0.000315892,0.000286731,0.085039,-0.0536041,-0.655517,0;
9.6, -0.0517264,0.00380156,-0.000740808,0.0194481,-0.0192832,-0.713389,0;
9.61, 0.545084,0.00824296,-0.00452588,0.391487,-0.192941,-0.304059,0;
9.62, 0.821335,-0.0157077,-0.00664903,0.555612,-0.284729,-0.126852,0;
9.63, 0.447025,-0.0100671,-0.00344169,0.292431,-0.155789,-0.379643,0;
9.64, 0.0283659,-0.00577913,-0.00181693,-0.0124055,-0.00776292,-0.664526,0;
9.65, -0.165387,-0.0156061,-0.00289777,-0.161646,0.0569708,-0.803143,0;
9.66, 0.0874365,-0.0127782,-0.000685593,0.000122152,-0.0175638,-0.629119,0;
9.67, 0.435895,-0.0329696,-0.00211685,0.226489,-0.134011,-0.398916,0;
9.68, -0.118063,-0.00924403,0.000992693,-0.116245,0.0413725,-0.76706,0;
9.69, 0.156795,-0.0096854,0.00383735,0.0420168,-0.0307017,-0.578178,0;
9.7, 0.0161177,0.0159549,0.00298339,-0.0290472,0.0187519,-0.661987,0;
9.71, -0.155557,0.00160363,0.00187384,-0.147202,0.0652962,-0.787188,0;
9.72, -0.18199,0.0116902,0.00358342,-0.158281,0.075334,-0.800396,0;
9.73, -0.00324988,0.0156895,0.00265384,-0.0316762,0.0190722,-0.675065,0;
9.74, -0.183562,-0.000253334,0.00010548,-0.140571,0.0589217,-0.80594,0;
9.75, -0.536863,0.0233107,0.00525052,-0.356975,0.170504,-1.03971,0;
9.76, -0.185426,0.00412182,0.00266199,-0.128606,0.054153,-0.805914,0;
9.77, -0.0860996,-0.0166443,0.00323444,-0.0457604,0.00356668,-0.746142,0;
9.78, 0.362108,-0.0202653,-0.000642346,0.252053,-0.133395,-0.435542,0;
9.79, 0.263432,-0.00665168,-0.00246109,0.197353,-0.0994574,-0.496903,0;
9.8, 0.122704,-0.0437354,0.00144177,0.073054,-0.0649015,-0.61364,0;
9.81, -0.360328,-0.0164948,0.00254725,-0.2439,0.0940531,-0.937135,0;
9.82, -0.0695238,-0.00330176,-0.00194258,-0.0560344,0.0191751,-0.728037,0;
9.83, -0.26117,0.0230628,-0.00132394,-0.152127,0.0786009,-0.848523,0;
9.84, -0.397307,0.0470148,-0.00247676,-0.228161,0.125755,-0.932697,0;
9.85, -0.555301,0.0444156,-0.000593729,-0.320215,0.163889,-1.04358,0;
9.86, -0.094767,0.0283639,0.00157578,-0.00959332,0.0150323,-0.728223,0;
9.87, 0.612638,-0.0059992,-0.000631259,0.462073,-0.216282,-0.248505,0;
9.88, 0.504208,0.0371164,-3.62531e-05,0.40897,-0.167603,-0.303047,0;
9.89, -0.122154,0.0590336,0.00306282,-0.0271793,0.0371911,-0.733866,0;
9.9, -0.214577,0.00937558,0.00344252,-0.138834,0.053704,-0.82517,0;
9.91, -0.341367,-0.0130741,0.00295136,-0.228795,0.0769749,-0.925355,0;
9.92, 0.374333,-0.0474655,-0.00702106,0.240378,-0.14526,-0.434573,0;
9.93, 0.0955253,-0.0507046,-0.00457431,0.0730211,-0.0742328,-0.63241,0;
9.94, -0.317613,-0.027969,0.00110752,-0.208851,0.0627502,-0.914643,0;
9.95, -0.293576,-0.00709916,0.00339906,-0.190738,0.0697607,-0.887657,0;
9.96, 0.289233,-0.0179973,0.000926574,0.205462,-0.104807,-0.479284,0;
9.97, 0.215681,-0.00768421,-0.00112784,0.176305,-0.0846567,-0.524619,0;
9.98, -0.0275469,0.00407407,0.00227719,0.00412811,-0.00388882,-0.692412,0;
9.99, 0.129741,-0.0170392,0.0022477,0.0868214,-0.0514921,-0.591201,0;
