0, -0.00721152,0.00721152,0.0015927,0,0,0,0;
0.01, -0.0133879,-0.0289862,-0.000287009,0,0,0,0;
0.02, -3.5419,0.988828,0.017483,-1.37413,4.50019,0.575258,0.575258;
0.03, -6.25215,0.88997,0.0213179,-2.36871,7.75419,0.990952,0.990952;
0.04, -6.99326,0.685168,0.0391428,-2.33403,7.70745,0.744305,0.744305;
0.05, -6.90141,0.783588,0.0788669,-2.11148,6.74049,0.316155,0.316155;
0.06, -6.16118,0.709225,0.115821,-1.93338,5.57274,-0.0511817,-0.0511817;
0.07, -5.12938,0.602297,0.138038,-1.7983,4.40848,-0.339504,-0.339504;
0.08, -4.0495,0.504293,0.143458,-1.69502,3.3671,-0.538023,-0.538023;
0.09, -3.12767,0.405657,0.138621,-1.60677,2.50759,-0.659069,-0.659069;
0.1, -2.37208,0.319004,0.127012,-1.5224,1.84037,-0.722165,-0.722165;
0.11, -1.73652,0.245684,0.111375,-1.43702,1.33869,-0.743485,-0.743485;
0.12, -1.25085,0.196916,0.0945379,-1.34995,0.969706,-0.736908,-0.736908;
0.13, -0.769387,0.163052,0.0785296,-1.26236,0.706169,-0.713343,-0.713343;
0.14, -0.581745,0.130784,0.0652369,-1.17637,0.52055,-0.681269,-0.681269;
0.15, -0.443255,0.0992948,0.0533952,-1.09405,0.401949,-0.647789,-0.647789;
0.16, -0.300462,0.0797718,0.0425745,-1.01542,0.316014,-0.612173,-0.612173;
0.17, -0.242595,0.0630464,0.0347565,-0.940875,0.252661,-0.575796,-0.575796;
0.18, -0.161634,0.0546438,0.0284544,-0.871098,0.20937,-0.541034,-0.541034;
0.19, -0.132771,0.0454327,0.023703,-0.805837,0.176597,-0.507411,-0.507411;
0.2, -0.135461,0.0266076,0.0202806,-0.745487,0.154599,-0.476597,-0.476597;
0.21, -0.0931297,0.0208651,0.0168727,-0.689507,0.137992,-0.44762,-0.44762;
0.22, -0.0713142,0.0143022,0.0129835,-0.637092,0.123445,-0.418979,-0.418979;
0.23, -0.0569499,0.00524028,0.00832222,-0.588786,0.114119,-0.392832,-0.392832;
0.24, -0.0485574,-0.000684676,0.00617886,-0.544202,0.10809,-0.368672,-0.368672;
0.25, -0.0345789,0.00029154,0.00576059,-0.502936,0.104384,-0.346044,-0.346044;
0.26, -0.0545389,0.00249589,0.00491854,-0.464824,0.102162,-0.324963,-0.324963;
0.27, -0.087558,0.00191139,0.00341693,-0.429967,0.101514,-0.306088,-0.306088;
0.28, -0.07367,-0.00132589,0.0034554,-0.397912,0.0994493,-0.288522,-0.288522;
0.29, -0.0687362,-0.0124134,0.00298688,-0.36822,0.0948402,-0.271523,-0.271523;
0.3, -0.103187,-0.0109379,0.0017441,-0.340913,0.0917219,-0.255952,-0.255952;
0.31, -0.131351,-0.00633388,0.000532616,-0.315441,0.0897163,-0.240862,-0.240862;
0.32, -0.133074,-0.0132108,-5.70232e-05,-0.291807,0.0851266,-0.226164,-0.226164;
0.33, -0.0975992,-0.0194742,-0.000167701,-0.270041,0.0783201,-0.212203,-0.212203;
0.34, -0.095328,-0.0216895,-0.000538463,-0.249752,0.0719378,-0.19869,-0.19869;
0.35, -0.0786511,-0.0199564,-0.000907412,-0.231137,0.0691544,-0.186702,-0.186702;
0.36, -0.0781251,-0.0200941,-0.000796632,-0.213988,0.06709,-0.175621,-0.175621;
0.37, -0.112736,-0.0219568,-0.00051902,-0.198453,0.0665687,-0.166082,-0.166082;
0.38, -0.109935,-0.0242174,-6.26574e-05,-0.184214,0.0662725,-0.157403,-0.157403;
0.39, -0.0791907,-0.0195602,-0.000453814,-0.170776,0.063257,-0.148284,-0.148284;
0.4, -0.0520086,-0.0164015,-0.000442132,-0.158349,0.0605865,-0.139717,-0.139717;
0.41, -0.0825554,-0.0195086,-0.00207617,-0.147414,0.0605192,-0.133179,-0.133179;
0.42, -0.0840999,-0.0135379,-0.0015973,-0.137797,0.0627666,-0.128379,-0.128379;
0.43, -0.10028,-0.014746,-0.000705214,-0.128609,0.062642,-0.122908,-0.122908;
0.44, -0.0835823,-0.019995,-0.00204189,-0.120398,0.0620852,-0.118295,-0.118295;
0.45, -0.0668071,-0.0291948,-0.00203923,-0.112683,0.0602588,-0.113513,-0.113513;
0.46, -0.0934596,-0.0243686,-0.000606314,-0.105547,0.0599964,-0.109175,-0.109175;
0.47, -0.0900122,-0.02415,-0.000524363,-0.0987813,0.0615015,-0.104938,-0.104938;
0.48, -0.086153,-0.0268954,-0.00134834,-0.0925013,0.0607115,-0.100626,-0.100626;
0.49, -0.09558,-0.0232626,-0.000709996,-0.0867814,0.0601093,-0.0967618,-0.0967618;
0.5, -0.0819296,-0.0253981,-0.000163974,-0.081464,0.059965,-0.093136,-0.093136;
0.51, -0.0975631,-0.0307759,-0.000123292,-0.0766424,0.0589816,-0.0898083,-0.0898083;
0.52, -0.0814418,-0.0358012,-0.000580717,-0.0722823,0.0591856,-0.087028,-0.087028;
0.53, -0.0919789,-0.0342588,-0.000756496,-0.0679042,0.0583513,-0.0835552,-0.0835552;
0.54, -0.101191,-0.0182335,-0.00161626,-0.0638121,0.0589762,-0.0803725,-0.0803725;
0.55, -0.105416,-0.0233215,-0.00166042,-0.0600233,0.0587533,-0.0772612,-0.0772612;
0.56, -0.104402,-0.032697,-0.00140286,-0.057108,0.0572653,-0.0754563,-0.0754563;
0.57, -0.0548284,-0.0361533,-0.00164245,-0.0542227,0.0556058,-0.0733309,-0.0733309;
0.58, -0.051843,-0.0236359,-0.00183525,-0.0511955,0.0544107,-0.0705909,-0.0705909;
0.59, -0.0617567,-0.0168181,-0.00229238,-0.0487808,0.0574457,-0.0693343,-0.0693343;
0.6, -0.0499002,-0.0171969,-0.00197515,-0.0471404,0.0604241,-0.0694286,-0.0694286;
0.61, -0.0436741,-0.015597,-0.00133614,-0.0458728,0.0622058,-0.0698758,-0.0698758;
0.62, -0.0378908,-0.0139163,-0.000591659,-0.0448672,0.0647644,-0.0707191,-0.0707191;
0.63, -0.0714663,-0.01844,-0.000619695,-0.0441003,0.0676594,-0.0718829,-0.0718829;
0.64, -0.06613,-0.0247698,-0.00125447,-0.0435669,0.0707966,-0.0733318,-0.0733318;
0.65, -0.0647408,-0.0246023,-0.00120416,-0.042543,0.0711747,-0.0732326,-0.0732326;
0.66, -0.091353,-0.0233334,-0.0011351,-0.0413686,0.0719906,-0.072686,-0.072686;
0.67, -0.0941442,-0.0223084,-0.00110237,-0.0402996,0.072885,-0.0722149,-0.0722149;
0.68, -0.0744092,-0.0240277,-0.00158804,-0.0390775,0.0715407,-0.0710229,-0.0710229;
0.69, -0.0779489,-0.026124,-0.00134122,-0.0379713,0.0698826,-0.0698827,-0.0698827;
0.7, -0.0460788,-0.0249876,-0.00138944,-0.0371082,0.0699561,-0.0693396,-0.0693396;
0.71, -0.0733148,-0.0233975,-0.00115435,-0.0362108,0.0699127,-0.0685995,-0.0685995;
0.72, -0.0912098,-0.0220489,-0.000886563,-0.0357927,0.0724142,-0.0690447,-0.0690447;
0.73, -0.0987379,-0.0250133,-0.000877275,-0.0352008,0.0726648,-0.0687819,-0.0687819;
0.74, -0.0936593,-0.0269243,-0.000885161,-0.0345101,0.0712681,-0.0680318,-0.0680318;
0.75, -0.0928433,-0.021912,-0.000879453,-0.0336377,0.0693423,-0.0667793,-0.0667793;
0.76, -0.0942424,-0.0210451,-0.000927561,-0.0328111,0.0679721,-0.0656088,-0.0656088;
0.77, -0.0676837,-0.0231659,-0.000816885,-0.0322806,0.0666376,-0.0649877,-0.0649877;
0.78, -0.0478717,-0.0243127,-0.000568043,-0.0318269,0.0652392,-0.0644787,-0.0644787;
0.79, -0.0706017,-0.0228745,-0.000784287,-0.031648,0.0661369,-0.0647239,-0.0647239;
0.8, -0.0881001,-0.019055,-0.000874752,-0.0317037,0.068765,-0.0655658,-0.0655658;
0.81, -0.0715747,-0.0244936,-0.00106754,-0.0315695,0.0694637,-0.0657759,-0.0657759;
0.82, -0.0944823,-0.0285643,-0.00130664,-0.0313901,0.0684537,-0.0656774,-0.0656774;
0.83, -0.0834134,-0.0260994,-0.00147999,-0.0312006,0.0689056,-0.0656614,-0.0656614;
0.84, -0.077657,-0.024485,-0.000926725,-0.0305739,0.0677125,-0.064535,-0.064535;
0.85, -0.0672809,-0.0241927,-0.00101059,-0.0302106,0.0673055,-0.0640016,-0.0640016;
0.86, -0.0681659,-0.0241102,-0.00123809,-0.0300404,0.0673803,-0.0638821,-0.0638821;
0.87, -0.0521155,-0.0233323,-0.00105258,-0.0300499,0.0683116,-0.0641818,-0.0641818;
0.88, -0.0629394,-0.0239645,-0.00104823,-0.0300671,0.0691602,-0.0644782,-0.0644782;
0.89, -0.0802637,-0.0233313,-0.0014126,-0.0303264,0.0712249,-0.0653661,-0.0653661;
0.9, -0.0788277,-0.0243364,-0.00147091,-0.0304299,0.0723832,-0.0658148,-0.0658148;
0.91, -0.132504,-0.0236631,-0.0012574,-0.0303361,0.0719945,-0.0656769,-0.0656769;
0.92, -0.119173,-0.0228569,-0.000951215,-0.0302182,0.0716777,-0.0654886,-0.0654886;
0.93, -0.102575,-0.0277561,-0.000759163,-0.0294628,0.0670446,-0.0635563,-0.0635563;
0.94, -0.101509,-0.0255268,-0.000483516,-0.0289182,0.0634775,-0.062155,-0.062155;
0.95, -0.0802667,-0.0295151,-0.000969594,-0.0284204,0.0616925,-0.0610181,-0.0610181;
0.96, -0.0687648,-0.0226083,-0.00139791,-0.0280828,0.0601551,-0.060217,-0.060217;
0.97, -0.0802381,-0.0167115,-0.00170125,-0.0278905,0.0605689,-0.0599064,-0.0599064;
0.98, -0.0511865,-0.0238676,-0.00175528,-0.0281783,0.061784,-0.0606278,-0.0606278;
0.99, -0.0558695,-0.0209905,-0.000592058,-0.0285992,0.0618621,-0.0614804,-0.0614804;
1, -0.0551522,-0.0204711,-0.00109477,-0.0290645,0.064433,-0.0626563,-0.0626563;
1.01, -0.0522447,-0.0332805,-0.00114768,-0.0295743,0.0665264,-0.0638704,-0.0638704;
1.02, -0.0845562,-0.0312043,-0.000931708,-0.0301049,0.0684929,-0.0650926,-0.0650926;
1.03, -0.121304,-0.0288011,-0.000611012,-0.0300913,0.0709741,-0.0652417,-0.0652417;
1.04, -0.118169,-0.0226047,-0.000565924,-0.0296903,0.0706658,-0.0643723,-0.0643723;
1.05, -0.125699,-0.015837,-0.000393284,-0.0289099,0.0671631,-0.0624376,-0.0624376;
1.06, -0.104257,-0.0209029,-0.000726292,-0.0284863,0.0637365,-0.0612233,-0.0612233;
1.07, -0.0387859,-0.0321714,-0.000367158,-0.0283027,0.0597091,-0.060441,-0.060441;
1.08, -0.0471501,-0.0288029,-0.00064479,-0.0282267,0.057782,-0.0600537,-0.0600537;
1.09, -0.0792072,-0.0260194,-0.00148983,-0.0285609,0.0617364,-0.0610158,-0.0610158;
1.1, -0.0461725,-0.026377,-0.00133123,-0.0289353,0.0650386,-0.062004,-0.062004;
1.11, -0.042266,-0.0254894,-0.000938212,-0.0289952,0.0654249,-0.0620942,-0.0620942;
1.12, -0.0905635,-0.0226258,-0.000700563,-0.0294739,0.0682692,-0.0632142,-0.0632142;
1.13, -0.0789498,-0.0248298,-0.000616062,-0.0300549,0.0713702,-0.0645571,-0.0645571;
1.14, -0.0719846,-0.0238991,-0.000751824,-0.030061,0.0703155,-0.064397,-0.064397;
1.15, -0.090483,-0.0226,-0.000792272,-0.0301044,0.0700637,-0.0643541,-0.0643541;
1.16, -0.105498,-0.0223802,-0.000656084,-0.0302836,0.0704148,-0.0646505,-0.0646505;
1.17, -0.113003,-0.0245428,-0.000763162,-0.0302636,0.0692522,-0.0644217,-0.0644217;
1.18, -0.10136,-0.0254734,-0.000804244,-0.0300407,0.0668499,-0.0636774,-0.0636774;
1.19, -0.0917041,-0.0253908,-0.00101373,-0.0296109,0.0639972,-0.0625043,-0.0625043;
1.2, -0.0806161,-0.0246726,-0.000961502,-0.0293407,0.0622577,-0.061732,-0.061732;
1.21, -0.0669663,-0.0223596,-0.00128419,-0.0292271,0.0614748,-0.0613634,-0.0613634;
1.22, -0.0780918,-0.0243342,-0.000899587,-0.0293333,0.0616719,-0.0615056,-0.0615056;
1.23, -0.0681562,-0.0245412,-0.000689891,-0.0297687,0.0629398,-0.0623589,-0.0623589;
1.24, -0.0677446,-0.0231218,-0.000737033,-0.0299425,0.0633559,-0.0626548,-0.0626548;
1.25, -0.0373101,-0.0231483,-0.000643645,-0.0302191,0.0644991,-0.0631941,-0.0631941;
1.26, -0.0423869,-0.0245596,-0.000750372,-0.0305627,0.0656063,-0.0638543,-0.0638543;
1.27, -0.0521632,-0.0238476,-0.000235963,-0.0313655,0.0690716,-0.0655808,-0.0655808;
1.28, -0.063065,-0.0236661,-9.34409e-05,-0.0320123,0.0721067,-0.0669679,-0.0669679;
1.29, -0.0677941,-0.0224036,-0.000523511,-0.0324916,0.074109,-0.0679462,-0.0679462;
1.3, -0.0833472,-0.0237619,-0.000972937,-0.0327728,0.0750411,-0.068456,-0.068456;
1.31, -0.0718849,-0.0237698,-0.000938104,-0.033026,0.0754261,-0.0688505,-0.0688505;
1.32, -0.0857911,-0.0247671,-0.00051686,-0.0329793,0.0745554,-0.0685631,-0.0685631;
1.33, -0.078391,-0.027596,-0.00061818,-0.0330886,0.0745782,-0.0686513,-0.0686513;
1.34, -0.0975302,-0.0280138,-0.000818436,-0.0329371,0.0735732,-0.06816,-0.06816;
1.35, -0.0966375,-0.0271472,-0.000759591,-0.0327739,0.0732432,-0.0677008,-0.0677008;
1.36, -0.0941031,-0.0251141,-0.000587071,-0.0323265,0.0714599,-0.0665848,-0.0665848;
1.37, -0.0873597,-0.0249783,-0.000409994,-0.0319467,0.0697483,-0.0656046,-0.0656046;
1.38, -0.118179,-0.0243033,-0.000384646,-0.0317269,0.0682856,-0.0649738,-0.0649738;
1.39, -0.109169,-0.0236849,-0.000433333,-0.0316549,0.0674579,-0.0646686,-0.0646686;
1.4, -0.0796289,-0.0251541,-0.000397581,-0.0311494,0.0642375,-0.0633556,-0.0633556;
1.41, -0.0896521,-0.0235996,0.00011082,-0.0308196,0.0617782,-0.0624446,-0.0624446;
1.42, -0.0911734,-0.0221726,-4.79049e-05,-0.0309207,0.061927,-0.0625521,-0.0625521;
1.43, -0.0662818,-0.0226814,-0.000464422,-0.0309673,0.0613711,-0.0625075,-0.0625075;
1.44, -0.071022,-0.0275936,-0.000497492,-0.0310524,0.0606355,-0.0625338,-0.0625338;
1.45, -0.085171,-0.0289152,-0.000269348,-0.0315198,0.0619541,-0.0634151,-0.0634151;
1.46, -0.0837088,-0.028612,-8.60376e-05,-0.0316833,0.0631007,-0.0636939,-0.0636939;
1.47, -0.0703353,-0.0255135,-0.000250157,-0.0315206,0.0630732,-0.063289,-0.063289;
1.48, -0.119269,-0.0241972,-0.0010285,-0.0313977,0.0630728,-0.0629662,-0.0629662;
1.49, -0.0984501,-0.0245005,-0.00107396,-0.0316537,0.0640403,-0.0634147,-0.0634147;
1.5, -0.0755732,-0.0216949,-0.000565563,-0.0311947,0.0610726,-0.062248,-0.062248;
1.51, -0.0836809,-0.0161114,-0.000903154,-0.0310494,0.0597098,-0.0617803,-0.0617803;
1.52, -0.120267,-0.0234653,-0.000954207,-0.0314355,0.0602634,-0.0624538,-0.0624538;
1.53, -0.123997,-0.0272668,-0.000314615,-0.0319669,0.0600801,-0.0633538,-0.0633538;
1.54, -0.120882,-0.0311715,-0.00026843,-0.0315365,0.05718,-0.0622591,-0.0622591;
1.55, -0.0897034,-0.0236862,-0.000107808,-0.0308311,0.0541237,-0.0606469,-0.0606469;
1.56, -0.0656401,-0.028418,-0.000456577,-0.0300167,0.0516278,-0.0588839,-0.0588839;
1.57, -0.0857965,-0.0322195,-0.00132056,-0.0301253,0.0515544,-0.0590066,-0.0590066;
1.58, -0.083075,-0.0316428,-0.00197938,-0.0304847,0.0537225,-0.0597322,-0.0597322;
1.59, -0.0671642,-0.0273628,-0.00169029,-0.0303189,0.05442,-0.0593784,-0.0593784;
1.6, -0.0232301,-0.0250374,-0.000638538,-0.0302011,0.0551767,-0.0591319,-0.0591319;
1.61, -0.0415902,-0.0257052,-0.000302477,-0.0305837,0.0570184,-0.0598809,-0.0598809;
1.62, -0.0701143,-0.0219062,0.000770904,-0.0318414,0.0622299,-0.0624393,-0.0624393;
1.63, -0.0749665,-0.0271024,0.000479585,-0.0327186,0.0658767,-0.0642093,-0.0642093;
1.64, -0.120098,-0.0228083,-0.000542429,-0.0332317,0.0667737,-0.0651124,-0.0651124;
1.65, -0.132094,-0.0202348,-0.000551753,-0.0333558,0.0672352,-0.0652645,-0.0652645;
1.66, -0.0892788,-0.0209035,-0.000709268,-0.0328768,0.0639102,-0.0640777,-0.0640777;
1.67, -0.0746942,-0.0225505,-0.000691032,-0.0323036,0.0595142,-0.0626672,-0.0626672;
1.68, -0.0571454,-0.025788,-0.000522122,-0.0324757,0.0587558,-0.0628449,-0.0628449;
1.69, -0.0502185,-0.0270408,-0.000537196,-0.0328789,0.0595007,-0.0635307,-0.0635307;
1.7, -0.0706537,-0.0255939,-0.000568463,-0.0334173,0.0617911,-0.0645676,-0.0645676;
1.71, -0.0702004,-0.02366,-0.000673655,-0.0340046,0.0646189,-0.0657107,-0.0657107;
1.72, -0.0559311,-0.0234447,-0.000772954,-0.034271,0.0656334,-0.0661605,-0.0661605;
1.73, -0.0729921,-0.0231994,-0.000425954,-0.034597,0.0664356,-0.0667032,-0.0667032;
1.74, -0.0777967,-0.0232947,-0.000238635,-0.0351939,0.0682996,-0.067789,-0.067789;
1.75, -0.0661164,-0.0238337,-0.000423953,-0.0354712,0.0687492,-0.0682199,-0.0682199;
1.76, -0.0822559,-0.0231075,-0.000429514,-0.0356235,0.0686926,-0.0683809,-0.0683809;
1.77, -0.0988537,-0.0234442,-0.000482365,-0.03595,0.0695479,-0.068916,-0.068916;
1.78, -0.0865778,-0.0253845,-0.000346378,-0.036017,0.0690989,-0.0689074,-0.0689074;
1.79, -0.0888908,-0.0255245,-0.000311201,-0.0357594,0.0672959,-0.0682283,-0.0682283;
1.8, -0.0982377,-0.0282576,-0.00034046,-0.0356286,0.0665565,-0.0678375,-0.0678375;
1.81, -0.0787292,-0.0286865,-7.54728e-06,-0.0354614,0.0657603,-0.0673848,-0.0673848;
1.82, -0.0579969,-0.0244995,6.60061e-05,-0.0350123,0.0643583,-0.0663827,-0.0663827;
1.83, -0.0756813,-0.0224862,-0.000219878,-0.0349194,0.0645623,-0.0661238,-0.0661238;
1.84, -0.0759342,-0.0242394,-0.000391535,-0.035444,0.0663553,-0.0670622,-0.0670622;
1.85, -0.0464031,-0.0270738,-0.000350879,-0.0357478,0.0666684,-0.0675321,-0.0675321;
1.86, -0.0730012,-0.0270151,-0.000465256,-0.03594,0.0669021,-0.0677858,-0.0677858;
1.87, -0.105432,-0.0259302,-0.000572429,-0.0365338,0.0695489,-0.0688705,-0.0688705;
1.88, -0.0930036,-0.0235087,-0.000374062,-0.0366267,0.0700712,-0.068958,-0.068958;
1.89, -0.0876617,-0.0232345,-0.000305172,-0.0361282,0.067819,-0.067847,-0.067847;
1.9, -0.10563,-0.0237472,-0.000100106,-0.0359837,0.0664349,-0.0674079,-0.0674079;
1.91, -0.102581,-0.0255111,-0.000250652,-0.0359934,0.0656118,-0.0672875,-0.0672875;
1.92, -0.0850963,-0.0244318,-0.000584768,-0.0356568,0.063466,-0.0664783,-0.0664783;
1.93, -0.0857941,-0.024223,-0.000429889,-0.0352862,0.0616711,-0.0656247,-0.0656247;
1.94, -0.072609,-0.0237235,-0.00028959,-0.0353257,0.0613594,-0.065585,-0.065585;
1.95, -0.076938,-0.0227307,-0.000346351,-0.0353935,0.0610971,-0.0656124,-0.0656124;
1.96, -0.0905066,-0.0224499,-0.000311739,-0.0357413,0.0618856,-0.066173,-0.066173;
1.97, -0.0599712,-0.0264071,-0.000391285,-0.0360684,0.0623106,-0.0666701,-0.0666701;
1.98, -0.0429942,-0.0256751,-0.000337679,-0.0361168,0.0615995,-0.0666416,-0.0666416;
1.99, -0.0703162,-0.0189959,-0.000167629,-0.0365474,0.0634126,-0.0673896,-0.0673896;
2, -0.0582379,-0.01674,-0.000255413,-0.0373471,0.0665851,-0.0688552,-0.0688552;
2.01, -0.0789052,-0.0184397,-0.000100909,-0.0379315,0.0672416,-0.0698247,-0.0698247;
2.02, -0.0961973,-0.0205971,-0.000415942,-0.0388153,0.0685826,-0.071349,-0.071349;
2.03, -0.0816876,-0.0239723,-0.00046461,-0.0391822,0.0682967,-0.0718834,-0.0718834;
2.04, -0.114188,-0.0288966,-0.000129588,-0.0390388,0.0666297,-0.0714495,-0.0714495;
2.05, -0.102755,-0.03391,0.000179106,-0.0389895,0.0662469,-0.0712328,-0.0712328;
2.06, -0.0712687,-0.0376675,0.000133738,-0.0380756,0.0635727,-0.0694032,-0.0694032;
2.07, -0.0905183,-0.0307033,0.000643226,-0.0371403,0.0619878,-0.0675745,-0.0675745;
2.08, -0.0804749,-0.0234757,0.00031827,-0.0367148,0.0631863,-0.0667661,-0.0667661;
2.09, -0.0763052,-0.0244791,-0.000189822,-0.0363211,0.0627312,-0.0659498,-0.0659498;
2.1, -0.0896912,-0.0267814,0.00019566,-0.0365166,0.0627436,-0.0662027,-0.0662027;
2.11, -0.0603923,-0.0273556,0.000108978,-0.0367857,0.0631442,-0.0666016,-0.0666016;
2.12, -0.0587729,-0.0236997,0.00030096,-0.0366711,0.0625675,-0.066285,-0.066285;
2.13, -0.0816025,-0.0184494,-0.000324675,-0.0371095,0.0642951,-0.0670272,-0.0670272;
2.14, -0.0556993,-0.022512,-0.00099408,-0.0377756,0.0660515,-0.0681571,-0.0681571;
2.15, -0.0736656,-0.0315854,-0.00110852,-0.0382184,0.0657241,-0.0688193,-0.0688193;
2.16, -0.119754,-0.0306741,-0.000889703,-0.0389374,0.0674743,-0.070049,-0.070049;
2.17, -0.10214,-0.0244811,-0.000305085,-0.0388188,0.0681324,-0.0697674,-0.0697674;
2.18, -0.0947882,-0.0222926,-0.000129681,-0.0377552,0.0650162,-0.0676908,-0.0676908;
2.19, -0.121228,-0.0226815,1.86984e-06,-0.0373713,0.0630343,-0.0668377,-0.0668377;
2.2, -0.0819699,-0.0253261,0.000310272,-0.0373258,0.0617478,-0.0666308,-0.0666308;
2.21, -0.0438551,-0.0233898,0.000374634,-0.0367471,0.058516,-0.0654183,-0.0654183;
2.22, -0.0616174,-0.0208674,0.0004375,-0.036862,0.0585395,-0.0655243,-0.0655243;
2.23, -0.0807452,-0.0233059,0.000197443,-0.0379064,0.0617018,-0.0673662,-0.0673662;
2.24, -0.088853,-0.0241434,9.71217e-05,-0.0387126,0.0633714,-0.0687386,-0.0687386;
2.25, -0.104112,-0.0244314,-9.72677e-05,-0.0389349,0.0634197,-0.0690227,-0.0690227;
2.26, -0.0961556,-0.0252924,-0.000335473,-0.0388835,0.0627551,-0.0688216,-0.0688216;
2.27, -0.0859677,-0.0247133,-0.000397952,-0.0384906,0.0608945,-0.0679852,-0.0679852;
2.28, -0.0709835,-0.024182,-0.000116398,-0.0382336,0.0597319,-0.067412,-0.067412;
2.29, -0.0837961,-0.0242392,5.55378e-05,-0.0382487,0.0594729,-0.0673444,-0.0673444;
2.3, -0.0757995,-0.0254052,0.00017428,-0.0386412,0.060438,-0.0679555,-0.0679555;
2.31, -0.0634648,-0.0258773,0.000178816,-0.0387518,0.0604127,-0.0680552,-0.0680552;
2.32, -0.0854771,-0.0252845,-8.19972e-05,-0.0389533,0.0609907,-0.0683331,-0.0683331;
2.33, -0.0843646,-0.025402,-0.000214224,-0.0393981,0.0625525,-0.0690475,-0.0690475;
2.34, -0.0650373,-0.0250269,-3.74196e-05,-0.0393937,0.0623281,-0.0689376,-0.0689376;
2.35, -0.0686739,-0.0234186,0.000178383,-0.0393772,0.0621026,-0.068819,-0.068819;
2.36, -0.050512,-0.0241093,6.82835e-05,-0.0398185,0.0633851,-0.0695091,-0.0695091;
2.37, -0.0680601,-0.0253756,-0.000150045,-0.0402583,0.0643315,-0.0701957,-0.0701957;
2.38, -0.0887676,-0.0254459,-0.000229501,-0.0410493,0.066644,-0.0715179,-0.0715179;
2.39, -0.066392,-0.0256335,5.43005e-05,-0.0413596,0.0675679,-0.0719706,-0.0719706;
2.4, -0.0703127,-0.0253636,0.000359853,-0.0411614,0.0667121,-0.071504,-0.071504;
2.41, -0.0604104,-0.0246906,0.000345444,-0.0414397,0.067561,-0.0718917,-0.0718917;
2.42, -0.0697976,-0.0248405,0.000305225,-0.0416678,0.0681408,-0.0721932,-0.0721932;
2.43, -0.0700694,-0.0258374,0.000232626,-0.0421318,0.0694191,-0.0729132,-0.0729132;
2.44, -0.0841927,-0.0255567,0.000350285,-0.0423743,0.0699196,-0.0732298,-0.0732298;
2.45, -0.0879454,-0.0252709,0.0002905,-0.0425344,0.07035,-0.0734123,-0.0734123;
2.46, -0.107657,-0.0240219,0.000340582,-0.0423848,0.0696371,-0.073025,-0.073025;
2.47, -0.111399,-0.0229221,0.000220331,-0.0421532,0.0685849,-0.0724933,-0.0724933;
2.48, -0.117202,-0.0227828,9.7535e-05,-0.0415586,0.0659944,-0.071328,-0.071328;
2.49, -0.110023,-0.0241352,-4.16439e-05,-0.0409513,0.0631381,-0.0701422,-0.0701422;
2.5, -0.0991367,-0.0253913,-0.000380779,-0.0402632,0.0599798,-0.0688192,-0.0688192;
2.51, -0.0896658,-0.0252837,-0.000398686,-0.0397108,0.0576251,-0.0677477,-0.0677477;
2.52, -0.0991887,-0.0239471,4.37168e-05,-0.039392,0.0563714,-0.0670986,-0.0670986;
2.53, -0.070888,-0.0248051,0.000640762,-0.0393449,0.0559969,-0.0669289,-0.0669289;
2.54, -0.0668808,-0.0278408,0.000346108,-0.0391752,0.0549079,-0.0665342,-0.0665342;
2.55, -0.0999391,-0.0265486,6.82669e-05,-0.0396215,0.056083,-0.0672303,-0.0672303;
2.56, -0.0559002,-0.0250084,1.43374e-05,-0.0400098,0.0577461,-0.0678384,-0.0678384;
2.57, -0.0418541,-0.0234527,0.000498359,-0.0396833,0.0566984,-0.0671756,-0.0671756;
2.58, -0.0422691,-0.0233818,0.000588049,-0.0404388,0.0589288,-0.0684098,-0.0684098;
2.59, -0.0217865,-0.020396,0.000753141,-0.041657,0.0622606,-0.0704155,-0.0704155;
2.6, -0.0346023,-0.0205728,0.000979591,-0.0428022,0.065408,-0.0723106,-0.0723106;
2.61, -0.0521386,-0.0261337,0.000907119,-0.0445051,0.0698297,-0.0751538,-0.0751538;
2.62, -0.0705562,-0.0338928,0.000854898,-0.0458489,0.0730529,-0.0773373,-0.0773373;
2.63, -0.0774373,-0.0302551,8.75435e-05,-0.0463697,0.0748079,-0.0781272,-0.0781272;
2.64, -0.0907069,-0.0262406,-0.000188911,-0.0459671,0.0752065,-0.0773386,-0.0773386;
2.65, -0.0998131,-0.0247877,-5.62924e-05,-0.0455577,0.0748233,-0.0765349,-0.0765349;
2.66, -0.100277,-0.0210914,0.000599773,-0.0450908,0.0732363,-0.0756014,-0.0756014;
2.67, -0.0868727,-0.0202336,0.00123659,-0.0445004,0.0709153,-0.0744793,-0.0744793;
2.68, -0.0972203,-0.024321,0.000286064,-0.0441298,0.0685131,-0.0737281,-0.0737281;
2.69, -0.107132,-0.0240051,-9.41589e-05,-0.0441778,0.0672582,-0.073696,-0.073696;
2.7, -0.0823447,-0.0236975,6.59105e-05,-0.0437924,0.0655167,-0.0729198,-0.0729198;
2.71, -0.0657168,-0.0211161,0.000152075,-0.043177,0.063072,-0.0717682,-0.0717682;
2.72, -0.0993026,-0.0216413,1.56007e-05,-0.0432129,0.0626511,-0.0717266,-0.0717266;
2.73, -0.0886046,-0.0252993,6.29857e-05,-0.0438427,0.0635802,-0.0726899,-0.0726899;
2.74, -0.0934773,-0.0260819,-8.35803e-05,-0.0436148,0.0619435,-0.0722236,-0.0722236;
2.75, -0.107917,-0.0232809,0.000330135,-0.0434289,0.0612162,-0.0718103,-0.0718103;
2.76, -0.119671,-0.0227847,0.000461879,-0.0431014,0.0602416,-0.0711576,-0.0711576;
2.77, -0.100674,-0.0248604,0.000519843,-0.0425709,0.0580837,-0.0701734,-0.0701734;
2.78, -0.0960057,-0.0251308,0.00061109,-0.0418039,0.0550486,-0.0687954,-0.0687954;
2.79, -0.0731887,-0.0246662,0.000520048,-0.0414295,0.0537013,-0.0680985,-0.0680985;
2.8, -0.073039,-0.0258026,0.000412882,-0.0412298,0.0529201,-0.067687,-0.067687;
2.81, -0.0549044,-0.0256761,0.000343235,-0.0416542,0.0539778,-0.0683116,-0.0683116;
2.82, -0.0573034,-0.0257908,0.000495433,-0.042043,0.0551364,-0.0688862,-0.0688862;
2.83, -0.0581161,-0.0265519,0.000430885,-0.0428688,0.0576356,-0.0701726,-0.0701726;
2.84, -0.0566991,-0.0255471,0.000366732,-0.0436041,0.059868,-0.0713169,-0.0713169;
2.85, -0.0534245,-0.024232,0.0003405,-0.0442344,0.0618994,-0.0722809,-0.0722809;
2.86, -0.06161,-0.0231732,0.000255323,-0.0449115,0.0638535,-0.0733076,-0.0733076;
2.87, -0.0637517,-0.0223498,0.000271253,-0.0457141,0.065875,-0.074539,-0.074539;
2.88, -0.0776231,-0.0233472,0.000389015,-0.0463161,0.0671023,-0.0754351,-0.0754351;
2.89, -0.0616699,-0.0268205,0.000414056,-0.0468803,0.0679952,-0.0762437,-0.0762437;
2.9, -0.077571,-0.0270161,0.000253536,-0.0469682,0.0677721,-0.0763041,-0.0763041;
2.91, -0.110663,-0.0235321,0.000161218,-0.0472525,0.0688552,-0.0766734,-0.0766734;
2.92, -0.0908951,-0.0256534,0.000508339,-0.0471293,0.0687162,-0.07636,-0.07636;
2.93, -0.0916894,-0.0237799,0.000630884,-0.0463201,0.0658199,-0.0749326,-0.0749326;
2.94, -0.0823488,-0.0229094,0.000548382,-0.045943,0.0645345,-0.074201,-0.074201;
2.95, -0.0838283,-0.0227984,0.000490544,-0.0456804,0.063298,-0.0736822,-0.0736822;
2.96, -0.0893436,-0.0230918,0.000590887,-0.0457447,0.0628368,-0.0736944,-0.0736944;
2.97, -0.0954837,-0.0253005,0.0005686,-0.045801,0.0623383,-0.0736907,-0.0736907;
2.98, -0.0952856,-0.0237007,0.000464885,-0.0456838,0.0614413,-0.073429,-0.073429;
2.99, -0.112618,-0.0219052,0.000406152,-0.0453021,0.0601813,-0.072717,-0.072717;
3, -0.114749,-0.0230831,0.000531794,-0.0450228,0.0589444,-0.0721676,-0.0721676;
3.01, -0.0946071,-0.0240491,0.000569202,-0.0444182,0.056374,-0.0710918,-0.0710918;
3.02, -0.090574,-0.0227369,0.000486625,-0.0436998,0.0537662,-0.0698509,-0.0698509;
3.03, -0.0740439,-0.0240616,0.000340538,-0.0435055,0.0529059,-0.0694766,-0.0694766;
3.04, -0.0654727,-0.0263313,0.000370911,-0.0435431,0.0524779,-0.0694743,-0.0694743;
3.05, -0.0790189,-0.0249198,0.000422999,-0.0439784,0.0534269,-0.0700836,-0.0700836;
3.06, -0.0745242,-0.0259434,0.000481898,-0.044528,0.0551408,-0.0708881,-0.0708881;
3.07, -0.0877326,-0.0246286,0.000705723,-0.0447669,0.0556973,-0.0711956,-0.0711956;
3.08, -0.0862985,-0.021897,0.000523997,-0.0450308,0.0565172,-0.0715455,-0.0715455;
3.09, -0.0704418,-0.0264826,0.000315698,-0.0450036,0.0562259,-0.0714212,-0.0714212;
3.1, -0.091498,-0.0232445,0.000464449,-0.0451609,0.0558985,-0.0715795,-0.0715795;
3.11, -0.0720276,-0.0293039,0.000641431,-0.0454897,0.0569836,-0.0720281,-0.0720281;
3.12, -0.0576739,-0.0321529,0.000910074,-0.0454121,0.056338,-0.0718338,-0.0718338;
3.13, -0.0944063,-0.0146882,0.00065933,-0.045534,0.0573436,-0.0719397,-0.0719397;
3.14, -0.105766,-0.00621023,0.000694694,-0.0458755,0.0595981,-0.0724078,-0.0724078;
3.15, -0.07453,-0.0327966,0.00116235,-0.0461978,0.0582984,-0.0728344,-0.0728344;
3.16, -0.0700523,-0.0380064,0.00100855,-0.0466504,0.0556583,-0.0734808,-0.0734808;
3.17, -0.0559134,-0.0419772,0.000138225,-0.046474,0.0565031,-0.0731134,-0.0731134;
3.18, -0.0549586,-0.0370593,-0.000293287,-0.046095,0.0580608,-0.0724209,-0.0724209;
3.19, -0.0500116,-0.0221488,0.000355646,-0.0459172,0.0607974,-0.072034,-0.072034;
3.2, -0.0560128,-0.0177369,0.000921987,-0.0460895,0.0633192,-0.0722079,-0.0722079;
3.21, -0.0530953,-0.0173747,0.00096661,-0.0472306,0.0654703,-0.0739233,-0.0739233;
3.22, -0.0617071,-0.0168409,0.000847332,-0.0484657,0.0668162,-0.0757719,-0.0757719;
3.23, -0.0846164,-0.0276936,0.00111285,-0.0497273,0.0682287,-0.0776672,-0.0776672;
3.24, -0.0972227,-0.0308451,0.00108949,-0.0506895,0.0688804,-0.0790959,-0.0790959;
3.25, -0.0976996,-0.0184478,0.00119623,-0.0503231,0.0680841,-0.0784107,-0.0784107;
3.26, -0.0833661,-0.0124615,0.000801991,-0.049347,0.0663993,-0.076784,-0.076784;
3.27, -0.0804231,-0.021687,0.000460427,-0.0490858,0.0642495,-0.0762923,-0.0762923;
3.28, -0.0876582,-0.028789,0.000443417,-0.0496352,0.0630815,-0.0770854,-0.0770854;
3.29, -0.0689932,-0.0234607,0.000541983,-0.049779,0.0626248,-0.0772306,-0.0772306;
3.3, -0.0708886,-0.0226978,0.000747883,-0.0492982,0.0619577,-0.0763757,-0.0763757;
3.31, -0.10007,-0.0269266,0.000822394,-0.0496574,0.0625365,-0.0768405,-0.0768405;
3.32, -0.0643342,-0.0222899,0.000652384,-0.0500157,0.0629817,-0.0773214,-0.0773214;
3.33, -0.0645495,-0.0219526,0.00047133,-0.0492594,0.0613237,-0.0760602,-0.0760602;
3.34, -0.0768966,-0.0264807,0.000821032,-0.0498128,0.0621787,-0.0768281,-0.0768281;
3.35, -0.0883069,-0.0257678,0.00104928,-0.0504337,0.0631206,-0.0776931,-0.0776931;
3.36, -0.0883445,-0.0225477,0.000951542,-0.0503971,0.0632192,-0.0775541,-0.0775541;
3.37, -0.107439,-0.0250018,0.00116958,-0.0500215,0.0623445,-0.0768948,-0.0768948;
3.38, -0.105657,-0.0275049,0.000688601,-0.0498583,0.0613448,-0.0765412,-0.0765412;
3.39, -0.101511,-0.0269696,0.000720844,-0.0490046,0.059039,-0.0751569,-0.0751569;
3.4, -0.086009,-0.0225073,0.00086826,-0.04806,0.0570352,-0.0736409,-0.0736409;
3.41, -0.0951646,-0.0230224,0.000552435,-0.0473552,0.0554657,-0.0724724,-0.0724724;
3.42, -0.0917398,-0.0246419,0.000623782,-0.0474415,0.05503,-0.0725311,-0.0725311;
3.43, -0.087336,-0.0243524,0.000686908,-0.0472743,0.0540203,-0.0722117,-0.0722117;
3.44, -0.0824033,-0.0247319,0.000878087,-0.0471085,0.0533548,-0.0718818,-0.0718818;
3.45, -0.0594285,-0.0253862,0.000870287,-0.0471053,0.0530748,-0.0718124,-0.0718124;
3.46, -0.0496513,-0.0255655,0.00104675,-0.047244,0.0532258,-0.0719595,-0.0719595;
3.47, -0.0596444,-0.0253934,0.000724706,-0.0480428,0.0551682,-0.0731008,-0.0731008;
3.48, -0.0620216,-0.0247227,0.00042393,-0.0491344,0.0578439,-0.0746578,-0.0746578;
3.49, -0.0998948,-0.0251498,0.000644351,-0.0498651,0.0596256,-0.0756839,-0.0756839;
3.5, -0.103193,-0.0232221,0.000990494,-0.0504976,0.0610181,-0.0765684,-0.0765684;
3.51, -0.0685157,-0.0200088,0.000968162,-0.0499205,0.0594273,-0.0756229,-0.0756229;
3.52, -0.081394,-0.0231575,0.00102519,-0.0493143,0.0574163,-0.0746242,-0.0746242;
3.53, -0.0940348,-0.0261964,0.000841713,-0.049987,0.0580151,-0.0755812,-0.0755812;
3.54, -0.0986975,-0.0260211,0.000590181,-0.0501357,0.0578896,-0.0757378,-0.0757378;
3.55, -0.0876034,-0.0245282,0.000637031,-0.0496841,0.0568818,-0.0749623,-0.0749623;
3.56, -0.0943121,-0.0255179,0.000692964,-0.0490835,0.0555128,-0.0739861,-0.0739861;
3.57, -0.0837942,-0.0231002,0.000786324,-0.048937,0.0549895,-0.0737053,-0.0737053;
3.58, -0.0507593,-0.0219602,0.00118356,-0.0485834,0.0540892,-0.0731012,-0.0731012;
3.59, -0.0670516,-0.0242662,0.00130731,-0.0487249,0.0539083,-0.0732365,-0.0732365;
3.6, -0.0925166,-0.0255794,0.00137268,-0.0499747,0.0562475,-0.0750347,-0.0750347;
3.61, -0.0933741,-0.0246997,0.00102992,-0.0505885,0.0574493,-0.0758732,-0.0758732;
3.62, -0.0965895,-0.0215215,0.000814271,-0.0502408,0.0566116,-0.0752821,-0.0752821;
3.63, -0.0912916,-0.0219389,0.000987132,-0.0498748,0.0556026,-0.0746662,-0.0746662;
3.64, -0.0634258,-0.0225852,0.000830179,-0.0496167,0.0542719,-0.0742227,-0.0742227;
3.65, -0.0916223,-0.0230296,0.000410106,-0.0495213,0.0534171,-0.0740331,-0.0740331;
3.66, -0.0751684,-0.0213349,0.000433478,-0.0503126,0.0547767,-0.0751317,-0.0751317;
3.67, -0.0634802,-0.0233999,0.000769535,-0.050194,0.0540811,-0.0748907,-0.0748907;
3.68, -0.0595677,-0.0228421,0.00120375,-0.0506469,0.0544693,-0.0754911,-0.0754911;
3.69, -0.0519627,-0.0248956,0.00155891,-0.0513519,0.0558663,-0.0764704,-0.0764704;
3.7, -0.082428,-0.0208752,0.00132525,-0.0521931,0.0574967,-0.0776369,-0.0776369;
3.71, -0.0916212,-0.0236447,0.00109083,-0.0531226,0.0596851,-0.0789103,-0.0789103;
3.72, -0.0520778,-0.0261671,0.000877384,-0.0532624,0.0593095,-0.0790474,-0.0790474;
3.73, -0.0640304,-0.0257641,0.000964219,-0.0528875,0.0581967,-0.0784155,-0.0784155;
3.74, -0.0827452,-0.0235993,0.00121447,-0.0536167,0.0601937,-0.0793934,-0.0793934;
3.75, -0.0816358,-0.022049,0.00114169,-0.0540136,0.0613384,-0.0798902,-0.0798902;
3.76, -0.0795285,-0.0215968,0.0011253,-0.0539057,0.0608424,-0.0796532,-0.0796532;
3.77, -0.0867561,-0.0228971,0.00124596,-0.0538793,0.0602955,-0.0795511,-0.0795511;
3.78, -0.0667749,-0.0235224,0.00125713,-0.0539715,0.0599204,-0.079612,-0.079612;
3.79, -0.0652929,-0.0248998,0.00123367,-0.0537553,0.059084,-0.0792192,-0.0792192;
3.8, -0.0692924,-0.0258008,0.00106406,-0.0541768,0.0597972,-0.0797307,-0.0797307;
3.81, -0.0460461,-0.0303708,0.000831832,-0.0545624,0.0607263,-0.0802207,-0.0802207;
3.82, -0.0808387,-0.0290217,0.000751794,-0.0547525,0.061336,-0.0804025,-0.0804025;
3.83, -0.106814,-0.022126,0.000785465,-0.055412,0.0638129,-0.0812455,-0.0812455;
3.84, -0.0906726,-0.0202368,0.000973045,-0.0549958,0.0635643,-0.0805467,-0.0805467;
3.85, -0.108426,-0.0226834,0.00108952,-0.0541066,0.0609377,-0.0791763,-0.0791763;
3.86, -0.0861015,-0.0237643,0.00129071,-0.0538755,0.0594651,-0.0787776,-0.0787776;
3.87, -0.0658658,-0.0257881,0.00115697,-0.0529679,0.0569182,-0.0774161,-0.0774161;
3.88, -0.071396,-0.0271019,0.00148386,-0.0527588,0.056181,-0.0770505,-0.0770505;
3.89, -0.0953442,-0.0263443,0.00168652,-0.0532105,0.0571989,-0.077599,-0.077599;
3.9, -0.0903567,-0.0252167,0.00136131,-0.0533877,0.0579016,-0.077778,-0.077778;
3.91, -0.0864777,-0.0243366,0.00114712,-0.0527762,0.0567126,-0.0768214,-0.0768214;
3.92, -0.0611586,-0.0231323,0.00110169,-0.0524033,0.0557942,-0.0762171,-0.0762171;
3.93, -0.0530942,-0.023059,0.00109323,-0.0522564,0.0552127,-0.0759357,-0.0759357;
3.94, -0.070552,-0.0236938,0.000902087,-0.0530688,0.0565241,-0.0770263,-0.0770263;
3.95, -0.0467144,-0.0230815,0.00102367,-0.0541686,0.0584763,-0.0785398,-0.0785398;
3.96, -0.0522602,-0.0222394,0.00120369,-0.0546065,0.0590572,-0.0790956,-0.0790956;
3.97, -0.067807,-0.0230391,0.00135538,-0.0558169,0.0612617,-0.0807496,-0.0807496;
3.98, -0.0918544,-0.0221322,0.0014352,-0.0568547,0.0629738,-0.0821619,-0.0821619;
3.99, -0.0860111,-0.0223247,0.00131067,-0.0572424,0.0634039,-0.0826367,-0.0826367;
4, -0.0774839,-0.0244986,0.00136908,-0.056788,0.0618846,-0.0819232,-0.0819232;
4.01, -0.0801828,-0.024818,0.001547,-0.056495,0.0607739,-0.0814314,-0.0814314;
4.02, -0.0904814,-0.0243756,0.00140329,-0.0563884,0.0604846,-0.0812158,-0.0812158;
4.03, -0.0783466,-0.0240454,0.00130662,-0.0562301,0.0600775,-0.0808946,-0.0808946;
4.04, -0.0729307,-0.0239195,0.00136434,-0.0557392,0.0588962,-0.0801193,-0.0801193;
4.05, -0.093622,-0.0239215,0.00115353,-0.0556791,0.0586326,-0.0799744,-0.0799744;
4.06, -0.0905831,-0.0239531,0.00117713,-0.0558881,0.0588405,-0.0801832,-0.0801832;
4.07, -0.0806277,-0.0242993,0.00111673,-0.0553772,0.0575192,-0.0793918,-0.0793918;
4.08, -0.0775213,-0.0237672,0.00110797,-0.0549527,0.056395,-0.0787398,-0.0787398;
4.09, -0.0680193,-0.0223318,0.00119314,-0.054901,0.056111,-0.0785838,-0.0785838;
4.1, -0.0606678,-0.023091,0.00127038,-0.0550089,0.0561209,-0.0786767,-0.0786767;
4.11, -0.0302277,-0.0233912,0.00126591,-0.0555696,0.0567846,-0.0793931,-0.0793931;
4.12, -0.0475904,-0.0230325,0.00127637,-0.056329,0.0580229,-0.0803996,-0.0803996;
4.13, -0.105166,-0.0240387,0.00143649,-0.0581199,0.0614778,-0.0828364,-0.0828364;
4.14, -0.0897158,-0.0248609,0.00130259,-0.0592838,0.0635487,-0.0843916,-0.0843916;
4.15, -0.0789388,-0.0216496,0.00143586,-0.0582076,0.0611461,-0.0828114,-0.0828114;
4.16, -0.0871131,-0.0210818,0.00124636,-0.0575597,0.0597859,-0.0818063,-0.0818063;
4.17, -0.105862,-0.0229331,0.00100428,-0.0575566,0.0592401,-0.0817423,-0.0817423;
4.18, -0.102985,-0.0224215,0.00119379,-0.0573301,0.0581573,-0.081379,-0.081379;
4.19, -0.114374,-0.0227095,0.00158822,-0.056335,0.0558002,-0.0799321,-0.0799321;
4.2, -0.0700782,-0.0249744,0.00138412,-0.0554963,0.0536921,-0.078716,-0.078716;
4.21, -0.0461943,-0.0246014,0.00114205,-0.0542977,0.0508984,-0.0769955,-0.0769955;
4.22, -0.0822567,-0.0231432,0.00124167,-0.0546471,0.0516122,-0.0773901,-0.0773901;
4.23, -0.0593344,-0.0248566,0.00149174,-0.0559546,0.0542696,-0.0791335,-0.0791335;
4.24, -0.0798201,-0.0258024,0.00177007,-0.0560349,0.0541416,-0.0791838,-0.0791838;
4.25, -0.0383246,-0.0228639,0.00233987,-0.0567553,0.0555916,-0.0801084,-0.0801084;
4.26, -0.0555372,-0.0219852,0.00158209,-0.0566422,0.0555735,-0.079889,-0.079889;
4.27, -0.0678665,-0.0250375,0.00143628,-0.0582098,0.0583919,-0.0819792,-0.0819792;
4.28, -0.065083,-0.0224257,0.00170978,-0.0592094,0.0599068,-0.0833025,-0.0833025;
4.29, -0.060085,-0.0185734,0.00150292,-0.0594808,0.0604459,-0.0835774,-0.0835774;
4.3, -0.0767151,-0.0229111,0.00139634,-0.0599209,0.0609751,-0.0841275,-0.0841275;
4.31, -0.0582596,-0.0223002,0.00128172,-0.0607923,0.061667,-0.0852793,-0.0852793;
4.32, -0.0474656,-0.0197533,0.00133898,-0.0607508,0.0612776,-0.0851523,-0.0851523;
4.33, -0.0613939,-0.0223427,0.00144691,-0.0613771,0.0621771,-0.0859302,-0.0859302;
4.34, -0.0669038,-0.0252681,0.00132261,-0.0625697,0.0637701,-0.0875079,-0.0875079;
4.35, -0.0699481,-0.0244553,0.00140382,-0.0630415,0.06438,-0.0880788,-0.0880788;
4.36, -0.0991056,-0.0230521,0.00157377,-0.063047,0.0646079,-0.0880009,-0.0880009;
4.37, -0.0767969,-0.0254056,0.00152155,-0.0629683,0.0645349,-0.0877931,-0.0877931;
4.38, -0.10721,-0.0240254,0.00167554,-0.0618784,0.0622268,-0.0862113,-0.0862113;
4.39, -0.0991464,-0.0248259,0.00186026,-0.0614856,0.061664,-0.0855934,-0.0855934;
4.4, -0.0930712,-0.021629,0.00167758,-0.0601182,0.0589493,-0.0836618,-0.0836618;
4.41, -0.103782,-0.0205736,0.00155116,-0.0590527,0.0568959,-0.0821155,-0.0821155;
4.42, -0.107896,-0.0239059,0.00187637,-0.0584802,0.0553342,-0.0812832,-0.0812832;
4.43, -0.101804,-0.0279863,0.00206568,-0.0576408,0.0530724,-0.0801035,-0.0801035;
4.44, -0.116216,-0.025074,0.00166499,-0.0564943,0.0507425,-0.0784905,-0.0784905;
4.45, -0.147937,-0.0246709,0.00132213,-0.0553949,0.0491729,-0.0769085,-0.0769085;
4.46, -0.131153,-0.0253681,0.0013491,-0.054008,0.0465827,-0.0749573,-0.0749573;
4.47, -0.106455,-0.024231,0.001236,-0.051502,0.0417518,-0.07152,-0.07152;
4.48, -0.0484757,-0.0225521,0.00119717,-0.049684,0.0383513,-0.0690283,-0.0690283;
4.49, -0.0146816,-0.0235779,0.0011593,-0.0490848,0.037027,-0.0681655,-0.0681655;
4.5, -0.0185768,-0.0229009,0.00130819,-0.0509704,0.0400872,-0.0706762,-0.0706762;
4.51, -0.023743,-0.0183988,0.00134274,-0.0541323,0.0457397,-0.0749145,-0.0749145;
4.52, -0.0660681,-0.0205798,0.0014507,-0.0570731,0.0508675,-0.0788332,-0.0788332;
4.53, -0.07117,-0.0242916,0.00143249,-0.0598918,0.0550487,-0.082598,-0.082598;
4.54, -0.0812866,-0.024292,0.00172937,-0.0607057,0.0558861,-0.0836639,-0.0836639;
4.55, -0.0764275,-0.0234047,0.00197126,-0.0608824,0.0562354,-0.0838259,-0.0838259;
4.56, -0.0688041,-0.0233799,0.00201235,-0.0606036,0.0557791,-0.0833845,-0.0833845;
4.57, -0.0757136,-0.0233804,0.00183219,-0.0605813,0.0556113,-0.0832703,-0.0832703;
4.58, -0.0793854,-0.0233135,0.00163958,-0.0608691,0.0560215,-0.0835795,-0.0835795;
4.59, -0.0742832,-0.0226262,0.00140977,-0.0608855,0.0559296,-0.0835547,-0.0835547;
4.6, -0.044156,-0.0218344,0.00158155,-0.0607674,0.0555395,-0.0833237,-0.0833237;
4.61, -0.0544589,-0.0220641,0.00171072,-0.060904,0.055488,-0.083439,-0.083439;
4.62, -0.0718649,-0.0229308,0.00149151,-0.0622864,0.0576177,-0.0852221,-0.0852221;
4.63, -0.107952,-0.0206749,0.00161564,-0.0632249,0.0590115,-0.0864138,-0.0864138;
4.64, -0.0988463,-0.0219975,0.00188413,-0.063336,0.0590266,-0.0865014,-0.0865014;
4.65, -0.0865392,-0.0236495,0.00166061,-0.0620857,0.0562184,-0.0847855,-0.0847855;
4.66, -0.121885,-0.0248684,0.00166308,-0.0611122,0.0541206,-0.0834237,-0.0834237;
4.67, -0.0880665,-0.0241943,0.00170856,-0.0606017,0.0531741,-0.0826773,-0.0826773;
4.68, -0.07312,-0.0232306,0.00161608,-0.0586715,0.0498437,-0.0800494,-0.0800494;
4.69, -0.0722543,-0.0244068,0.00166987,-0.0581877,0.0489999,-0.079342,-0.079342;
4.7, -0.0720648,-0.0230083,0.0020203,-0.0585218,0.0494216,-0.079709,-0.079709;
4.71, -0.0715429,-0.0236361,0.00192051,-0.0588512,0.050003,-0.0800873,-0.0800873;
4.72, -0.0803271,-0.0227301,0.00161285,-0.0592412,0.0505056,-0.080559,-0.080559;
4.73, -0.0845631,-0.0227817,0.00156469,-0.059597,0.051021,-0.0809758,-0.0809758;
4.74, -0.0640976,-0.0232801,0.00147679,-0.0596475,0.0508199,-0.0809868,-0.0809868;
4.75, -0.0566279,-0.023,0.0015054,-0.0595023,0.0502787,-0.0807251,-0.0807251;
4.76, -0.0696926,-0.0220158,0.00167707,-0.0601445,0.0512552,-0.0815197,-0.0815197;
4.77, -0.0901784,-0.0227077,0.00178878,-0.0611222,0.0527897,-0.0827655,-0.0827655;
4.78, -0.107845,-0.0238873,0.00183177,-0.0615982,0.0532624,-0.083344,-0.083344;
4.79, -0.0766573,-0.0231165,0.00179396,-0.0611171,0.0521783,-0.0826483,-0.0826483;
4.8, -0.0802666,-0.0233333,0.00163818,-0.0597898,0.0498277,-0.0808372,-0.0808372;
4.81, -0.115098,-0.0255409,0.00172367,-0.0598381,0.0497624,-0.0808433,-0.0808433;
4.82, -0.083466,-0.0242904,0.00200101,-0.0598325,0.0496052,-0.0807823,-0.0807823;
4.83, -0.0596911,-0.0214546,0.00199336,-0.0582272,0.0470319,-0.0786053,-0.0786053;
4.84, -0.0624279,-0.0221825,0.00181132,-0.0580133,0.0466915,-0.07826,-0.07826;
4.85, -0.117517,-0.0227349,0.00197836,-0.0591166,0.0480914,-0.0796643,-0.0796643;
4.86, -0.114868,-0.0244794,0.00159729,-0.0600667,0.0493567,-0.0808688,-0.0808688;
4.87, -0.0832163,-0.0227449,0.00163297,-0.058596,0.0465683,-0.0789012,-0.0789012;
4.88, -0.0519186,-0.0221473,0.00187784,-0.0570471,0.043966,-0.076818,-0.076818;
4.89, -0.0794089,-0.0255432,0.00177426,-0.0570437,0.0437452,-0.0767777,-0.0767777;
4.9, -0.0365974,-0.0229259,0.00197474,-0.0585367,0.0459111,-0.0786861,-0.0786861;
4.91, -0.025615,-0.0230348,0.00191863,-0.0586567,0.0462651,-0.0787669,-0.0787669;
4.92, -0.0411375,-0.0233198,0.00170065,-0.0606435,0.0494333,-0.0813126,-0.0813126;
4.93, -0.00887931,-0.023654,0.00170926,-0.0630908,0.0533561,-0.0844404,-0.0844404;
4.94, -0.0228206,-0.0200831,0.00187809,-0.0647278,0.0559587,-0.0865164,-0.0865164;
4.95, -0.045783,-0.0164149,0.00186575,-0.0675691,0.060618,-0.0901272,-0.0901272;
4.96, -0.0318238,-0.0203201,0.00200644,-0.069923,0.0639396,-0.0931288,-0.0931288;
4.97, -0.0835651,-0.0253214,0.00224373,-0.0713044,0.0651381,-0.0949171,-0.0949171;
4.98, -0.092962,-0.0235737,0.00228126,-0.0729028,0.0672839,-0.0969202,-0.0969202;
4.99, -0.0746145,-0.0233956,0.0021885,-0.0718637,0.0658553,-0.0954625,-0.0954625;
5, -0.082978,-0.0231107,0.00204294,-0.0704032,0.0635341,-0.0934721,-0.0934721;
5.01, -0.0889864,-0.0221986,0.00209254,-0.069822,0.0626001,-0.09264,-0.09264;
5.02, -0.0901726,-0.0205276,0.00190164,-0.0690239,0.0612091,-0.0915161,-0.0915161;
5.03, -0.0829848,-0.0205329,0.00167251,-0.0680533,0.059402,-0.0901973,-0.0901973;
5.04, -0.085944,-0.0221046,0.00204389,-0.0671991,0.0575304,-0.089046,-0.089046;
5.05, -0.0879564,-0.0219901,0.00211688,-0.0667279,0.0562804,-0.0883976,-0.0883976;
5.06, -0.0803104,-0.0233585,0.00205718,-0.0661072,0.0550079,-0.0875349,-0.0875349;
5.07, -0.0601146,-0.0237553,0.00188789,-0.0654274,0.0536621,-0.0866103,-0.0866103;
5.08, -0.0643852,-0.023509,0.0022487,-0.0650548,0.0530046,-0.0860612,-0.0860612;
5.09, -0.0756224,-0.0226089,0.00218543,-0.0655955,0.0538798,-0.0866754,-0.0866754;
5.1, -0.0858051,-0.0218115,0.00205281,-0.0659838,0.0544721,-0.0871177,-0.0871177;
5.11, -0.0770425,-0.0227153,0.00201352,-0.0658973,0.0541668,-0.086954,-0.086954;
5.12, -0.0532822,-0.0223385,0.0019306,-0.0653843,0.0530697,-0.0862423,-0.0862423;
5.13, -0.0720754,-0.0222312,0.0019844,-0.0652238,0.05264,-0.0859702,-0.0859702;
5.14, -0.0902063,-0.0224768,0.00210471,-0.0661848,0.0539501,-0.0871456,-0.0871456;
5.15, -0.0908972,-0.0226992,0.0020628,-0.066343,0.0539465,-0.0872883,-0.0872883;
5.16, -0.0887131,-0.0223199,0.00204763,-0.065593,0.0525659,-0.0862779,-0.0862779;
5.17, -0.0938475,-0.0217922,0.00218354,-0.0647824,0.0511443,-0.085178,-0.085178;
5.18, -0.0848475,-0.0195666,0.00205356,-0.0641395,0.0499519,-0.0843192,-0.0843192;
5.19, -0.0785948,-0.0199017,0.00160656,-0.0633908,0.0484508,-0.0833146,-0.0833146;
5.2, -0.0808396,-0.0216848,0.00149446,-0.0632268,0.0475714,-0.0830841,-0.0830841;
5.21, -0.0942955,-0.0230485,0.0017251,-0.0633789,0.0472441,-0.0832485,-0.0832485;
5.22, -0.0933789,-0.0222701,0.00197214,-0.0633302,0.0468834,-0.0831537,-0.0831537;
5.23, -0.0648986,-0.0212196,0.00196609,-0.0625492,0.0456472,-0.0821136,-0.0821136;
5.24, -0.0733769,-0.0223671,0.0020133,-0.0618939,0.0444631,-0.0812298,-0.0812298;
5.25, -0.0520534,-0.0234672,0.00210556,-0.0626734,0.0453191,-0.082176,-0.082176;
5.26, -0.0342999,-0.022953,0.0022716,-0.0630289,0.0457049,-0.0825821,-0.0825821;
5.27, -0.0837751,-0.0226585,0.0025841,-0.064234,0.0475822,-0.0840499,-0.0840499;
5.28, -0.0854183,-0.024457,0.0022979,-0.0662656,0.0506529,-0.0865494,-0.0865494;
5.29, -0.0761425,-0.0219555,0.00210191,-0.0659474,0.0500956,-0.0860989,-0.0860989;
5.3, -0.075282,-0.0239768,0.00183404,-0.0652927,0.0492904,-0.0852045,-0.0852045;
5.31, -0.0560288,-0.0237223,0.00220755,-0.065267,0.0490508,-0.0851195,-0.0851195;
5.32, -0.0881766,-0.0232173,0.00251983,-0.0652131,0.0490141,-0.084985,-0.084985;
5.33, -0.0899511,-0.0215877,0.00217537,-0.0660636,0.0503255,-0.0860055,-0.0860055;
5.34, -0.0969247,-0.0207055,0.0020668,-0.0654619,0.0493563,-0.0851822,-0.0851822;
5.35, -0.132678,-0.0225904,0.00205191,-0.064813,0.0480921,-0.084315,-0.084315;
5.36, -0.104321,-0.0218393,0.0019779,-0.0639401,0.0463689,-0.0831773,-0.0831773;
5.37, -0.0734541,-0.0230731,0.00198527,-0.0613316,0.0422959,-0.0798544,-0.0798544;
5.38, -0.0671029,-0.0214024,0.0019573,-0.0601486,0.0402758,-0.0783401,-0.0783401;
5.39, -0.0214048,-0.0220171,0.00177372,-0.0605231,0.0407597,-0.0787661,-0.0787661;
5.4, -0.0433587,-0.0239267,0.00163571,-0.061405,0.041741,-0.0798429,-0.0798429;
5.41, -0.0410324,-0.0219965,0.00209628,-0.0643856,0.0459118,-0.0835357,-0.0835357;
5.42, -0.0444987,-0.0228005,0.00223836,-0.0661378,0.0485558,-0.0856692,-0.0856692;
5.43, -0.0269068,-0.021225,0.00217847,-0.0679162,0.0509846,-0.0878633,-0.0878633;
5.44, -0.0358678,-0.0204264,0.00217286,-0.0693594,0.0530202,-0.089621,-0.089621;
5.45, -0.0438198,-0.0229436,0.00251395,-0.0716213,0.0560472,-0.0923921,-0.0923921;
5.46, -0.0710708,-0.0210555,0.00246821,-0.073392,0.0582662,-0.0945642,-0.0945642;
5.47, -0.0922443,-0.0199435,0.00237697,-0.0744976,0.059832,-0.0958625,-0.0958625;
5.48, -0.106899,-0.0210364,0.00240525,-0.0742802,0.0592517,-0.0955301,-0.0955301;
5.49, -0.0984557,-0.021293,0.00206038,-0.0730261,0.0570363,-0.0939359,-0.0939359;
5.5, -0.0813977,-0.0202255,0.00229699,-0.071028,0.0538851,-0.0913861,-0.0913861;
5.51, -0.079242,-0.020878,0.00225651,-0.069516,0.05148,-0.0894259,-0.0894259;
5.52, -0.079061,-0.0206915,0.00221844,-0.0690242,0.0504088,-0.0887766,-0.0887766;
5.53, -0.0928202,-0.0231588,0.00253905,-0.0687383,0.0496738,-0.0883647,-0.0883647;
5.54, -0.0937377,-0.0231075,0.00247469,-0.0684877,0.0490111,-0.0880142,-0.0880142;
5.55, -0.0663009,-0.0242934,0.00224065,-0.0674375,0.0475463,-0.0866528,-0.0866528;
5.56, -0.0614398,-0.023551,0.00247427,-0.0663595,0.0460611,-0.0852534,-0.0852534;
5.57, -0.0792223,-0.022034,0.00250574,-0.0666143,0.0466345,-0.0854974,-0.0854974;
5.58, -0.0706854,-0.0228118,0.00245276,-0.0672423,0.0475961,-0.0862159,-0.0862159;
5.59, -0.0767375,-0.020867,0.0024757,-0.0670906,0.0472055,-0.0859795,-0.0859795;
5.6, -0.0670847,-0.0195374,0.00229627,-0.0672612,0.0473776,-0.0861279,-0.0861279;
5.61, -0.0534313,-0.0195624,0.00253416,-0.0672742,0.0470507,-0.0861212,-0.0861212;
5.62, -0.0755247,-0.0207287,0.00228797,-0.0678316,0.0473185,-0.086783,-0.086783;
5.63, -0.0976997,-0.0231359,0.00235896,-0.0690623,0.0485408,-0.0882719,-0.0882719;
5.64, -0.0964038,-0.0227779,0.00203743,-0.0690973,0.0482644,-0.0882886,-0.0882886;
5.65, -0.103771,-0.0238866,0.00203988,-0.0677913,0.0464985,-0.0866097,-0.0866097;
5.66, -0.0839313,-0.0234195,0.00210018,-0.0665673,0.0448069,-0.0850475,-0.0850475;
5.67, -0.100977,-0.0222369,0.00206665,-0.0650092,0.0427746,-0.0830513,-0.0830513;
5.68, -0.0895314,-0.022611,0.00232299,-0.064549,0.0421995,-0.0824256,-0.0824256;
5.69, -0.0809772,-0.0224589,0.00252629,-0.063422,0.040519,-0.0810074,-0.0810074;
5.7, -0.075195,-0.0235272,0.00218756,-0.0628822,0.0396866,-0.0802918,-0.0802918;
5.71, -0.0787589,-0.024269,0.00210775,-0.0628516,0.0395381,-0.0802186,-0.0802186;
5.72, -0.0799169,-0.0229409,0.00245957,-0.0631007,0.0398941,-0.0804617,-0.0804617;
5.73, -0.0618632,-0.0206645,0.002451,-0.0631223,0.0400343,-0.0804404,-0.0804404;
5.74, -0.101602,-0.0186348,0.00219696,-0.0631526,0.0400005,-0.0804494,-0.0804494;
5.75, -0.0886572,-0.0223134,0.00234292,-0.0642461,0.0410886,-0.0817688,-0.0817688;
5.76, -0.0785931,-0.0251331,0.00234014,-0.06348,0.039351,-0.0808144,-0.0808144;
5.77, -0.0630097,-0.0227944,0.00229514,-0.0630254,0.038606,-0.0802242,-0.0802242;
5.78, -0.0444188,-0.0208528,0.00280568,-0.0629535,0.0387866,-0.0800775,-0.0800775;
5.79, -0.0932606,-0.0230649,0.00277901,-0.0638591,0.0399677,-0.0811408,-0.0811408;
5.8, -0.0874934,-0.0224127,0.00240356,-0.0658467,0.0423125,-0.0835428,-0.0835428;
5.81, -0.0810121,-0.021591,0.00217776,-0.0651392,0.0413254,-0.0826405,-0.0826405;
5.82, -0.0776692,-0.0230072,0.00205544,-0.0646372,0.0405391,-0.0819841,-0.0819841;
5.83, -0.0574021,-0.0254372,0.00237824,-0.0645547,0.040225,-0.0818517,-0.0818517;
5.84, -0.0841844,-0.0229335,0.00239195,-0.0645934,0.0402625,-0.0818519,-0.0818519;
5.85, -0.0595739,-0.0172953,0.0026334,-0.0655206,0.041813,-0.0829126,-0.0829126;
5.86, -0.033515,-0.0195686,0.00257498,-0.0652455,0.0413998,-0.0825216,-0.0825216;
5.87, -0.0231857,-0.0221223,0.00233864,-0.0665447,0.0422715,-0.0841221,-0.0841221;
5.88, -0.0202572,-0.0226718,0.00232758,-0.0690426,0.0450735,-0.0871501,-0.0871501;
5.89, -0.062392,-0.0217074,0.00234348,-0.0718221,0.0486292,-0.0904877,-0.0904877;
5.9, -0.0879158,-0.0203109,0.00252865,-0.0745362,0.0522055,-0.0937543,-0.0937543;
5.91, -0.056628,-0.0188237,0.00255845,-0.0749576,0.0526117,-0.094204,-0.094204;
5.92, -0.0479855,-0.0199679,0.00271157,-0.0739227,0.0509786,-0.092898,-0.092898;
5.93, -0.052227,-0.021909,0.00261594,-0.0745893,0.0513755,-0.0936723,-0.0936723;
5.94, -0.046024,-0.0192185,0.00227832,-0.0757205,0.0525056,-0.0950123,-0.0950123;
5.95, -0.0639633,-0.0177579,0.00237321,-0.0764576,0.0534006,-0.0958479,-0.0958479;
5.96, -0.0903777,-0.0184606,0.00261074,-0.0776226,0.0545055,-0.0972228,-0.0972228;
5.97, -0.0814528,-0.0187434,0.00249264,-0.0778755,0.0542628,-0.0975091,-0.0975091;
5.98, -0.0866497,-0.0205815,0.00251051,-0.0766412,0.052178,-0.0959695,-0.0959695;
5.99, -0.0764662,-0.0196467,0.00228055,-0.0758282,0.0507203,-0.0949445,-0.0949445;
6, -0.0575562,-0.0211738,0.0024207,-0.0746823,0.0491337,-0.0935163,-0.0935163;
6.01, -0.0663865,-0.0208888,0.00248142,-0.074232,0.0482847,-0.0929134,-0.0929134;
6.02, -0.0739723,-0.0209365,0.00274558,-0.0747432,0.0488897,-0.0934838,-0.0934838;
6.03, -0.0696764,-0.0223733,0.00273546,-0.0748451,0.0489281,-0.093558,-0.093558;
6.04, -0.0883454,-0.021212,0.00246587,-0.0745108,0.0484105,-0.0930869,-0.0930869;
6.05, -0.0684543,-0.0233868,0.00249418,-0.0743147,0.0482423,-0.09278,-0.09278;
6.06, -0.0748101,-0.0225615,0.00269211,-0.0732139,0.0467896,-0.0914062,-0.0914062;
6.07, -0.0914494,-0.019267,0.00247701,-0.0730424,0.0467993,-0.0911205,-0.0911205;
6.08, -0.0758664,-0.0196248,0.00260617,-0.0726708,0.0464215,-0.0906103,-0.0906103;
6.09, -0.079974,-0.0232457,0.00277281,-0.0716441,0.0447506,-0.0893475,-0.0893475;
6.1, -0.0745296,-0.0225721,0.00297578,-0.0714668,0.0441649,-0.0891016,-0.0891016;
6.11, -0.0912434,-0.0203827,0.00303653,-0.0708993,0.0435966,-0.0883477,-0.0883477;
6.12, -0.0959946,-0.0198613,0.00290781,-0.0706756,0.0433857,-0.0880277,-0.0880277;
6.13, -0.0821971,-0.0201162,0.00276365,-0.0697395,0.0419782,-0.0868736,-0.0868736;
6.14, -0.0360853,-0.0239319,0.00271601,-0.0686051,0.0402384,-0.0854777,-0.0854777;
6.15, -0.0585399,-0.0240259,0.00250525,-0.0682609,0.0395293,-0.085032,-0.085032;
6.16, -0.0753821,-0.0238588,0.00264307,-0.0702471,0.042208,-0.0873608,-0.0873608;
6.17, -0.0381,-0.0222581,0.00279392,-0.0710402,0.0434254,-0.088255,-0.088255;
6.18, -0.0351173,-0.021105,0.00281057,-0.0707829,0.0433244,-0.0878729,-0.0878729;
6.19, -0.0809838,-0.0194202,0.00287824,-0.0726313,0.0455404,-0.0900253,-0.0900253;
6.2, -0.096564,-0.0192439,0.00254992,-0.0747385,0.0479047,-0.092508,-0.092508;
6.21, -0.0779213,-0.020527,0.00245307,-0.0742848,0.0469692,-0.0919541,-0.0919541;
6.22, -0.0886804,-0.0199171,0.00253026,-0.0728562,0.0448095,-0.0902193,-0.0902193;
6.23, -0.062278,-0.0198238,0.00270893,-0.0724092,0.0440162,-0.0896424,-0.0896424;
6.24, -0.0624454,-0.0203332,0.00284866,-0.0715072,0.042609,-0.0885324,-0.0885324;
6.25, -0.0583732,-0.0202399,0.00274454,-0.0720862,0.0430132,-0.0891972,-0.0891972;
6.26, -0.106972,-0.0192511,0.0025957,-0.072693,0.0435131,-0.0898966,-0.0898966;
6.27, -0.0900068,-0.0207478,0.00268427,-0.0734992,0.0442479,-0.0908225,-0.0908225;
6.28, -0.0832275,-0.022304,0.00257836,-0.0716257,0.0416597,-0.0885622,-0.0885622;
6.29, -0.101653,-0.0199984,0.00257431,-0.0705382,0.0402183,-0.0872239,-0.0872239;
6.3, -0.0574633,-0.0196477,0.00300364,-0.0698546,0.0394728,-0.0863675,-0.0863675;
6.31, -0.0629715,-0.0172511,0.00305938,-0.0683841,0.0374816,-0.0845788,-0.0845788;
6.32, -0.0515687,-0.019617,0.00290219,-0.0694587,0.0384492,-0.0858361,-0.0858361;
6.33, -0.0503477,-0.020046,0.00273933,-0.0704931,0.0390587,-0.0870623,-0.0870623;
6.34, -0.0983775,-0.020156,0.00258907,-0.0719213,0.0404727,-0.0887395,-0.0887395;
6.35, -0.0559415,-0.0219357,0.0025212,-0.0733264,0.0419449,-0.0903859,-0.0903859;
6.36, -0.0402982,-0.0224253,0.00264654,-0.0719266,0.0401335,-0.0886815,-0.0886815;
6.37, -0.0767144,-0.0212145,0.00307042,-0.0726767,0.0411218,-0.0895132,-0.0895132;
6.38, -0.0937843,-0.02241,0.00308846,-0.0743979,0.0432735,-0.0914974,-0.0914974;
6.39, -0.0877157,-0.0218322,0.00266876,-0.074089,0.0428838,-0.0910786,-0.0910786;
6.4, -0.0764764,-0.0187274,0.00244179,-0.0726023,0.0412709,-0.089266,-0.089266;
6.41, -0.0487156,-0.0179824,0.00254165,-0.0715288,0.040062,-0.0879226,-0.0879226;
6.42, -0.0560059,-0.019589,0.00269199,-0.0713924,0.0395432,-0.0877517,-0.0877517;
6.43, -0.0834652,-0.0217409,0.00281608,-0.0729796,0.0408876,-0.0896295,-0.0896295;
6.44, -0.0876342,-0.0209298,0.00262696,-0.0740616,0.0418599,-0.0908716,-0.0908716;
6.45, -0.0962119,-0.0220032,0.00248729,-0.0733127,0.0410239,-0.08993,-0.08993;
6.46, -0.119084,-0.0219864,0.00261327,-0.0722675,0.0398168,-0.0886578,-0.0886578;
6.47, -0.106143,-0.0227212,0.00301979,-0.0707419,0.0381518,-0.0867959,-0.0867959;
6.48, -0.0854694,-0.0228397,0.00322524,-0.067984,0.0350569,-0.0834775,-0.0834775;
6.49, -0.0625971,-0.0206693,0.00300829,-0.0660093,0.0329572,-0.0810891,-0.0810891;
6.5, -0.0671288,-0.0223108,0.00291442,-0.0654196,0.0324208,-0.0803524,-0.0803524;
6.51, -0.0550412,-0.0220391,0.00273368,-0.0664601,0.0334155,-0.0815437,-0.0815437;
6.52, -0.0340417,-0.0210589,0.00300433,-0.0671758,0.0342269,-0.0823473,-0.0823473;
6.53, -0.0453306,-0.0221659,0.00296915,-0.0685229,0.0357352,-0.0839083,-0.0839083;
6.54, -0.0516561,-0.0228016,0.00300476,-0.0711065,0.0385043,-0.0869312,-0.0869312;
6.55, -0.0658555,-0.0204359,0.00315698,-0.0728733,0.0404908,-0.0889655,-0.0889655;
6.56, -0.0383603,-0.0193609,0.00280528,-0.0740394,0.0419015,-0.0902771,-0.0902771;
6.57, -0.0381211,-0.0213674,0.00265131,-0.0743833,0.0421147,-0.0906639,-0.0906639;
6.58, -0.0629135,-0.020044,0.00263236,-0.0763338,0.043972,-0.0929397,-0.0929397;
6.59, -0.0612041,-0.0171365,0.00317757,-0.0781695,0.0459128,-0.0950398,-0.0950398;
6.6, -0.075842,-0.0174447,0.0032558,-0.0784762,0.0460433,-0.0953596,-0.0953596;
6.61, -0.0793069,-0.0191506,0.00314728,-0.0789301,0.0459895,-0.0958963,-0.0958963;
6.62, -0.0561631,-0.0184189,0.00297201,-0.0784786,0.0449806,-0.0953605,-0.0953605;
6.63, -0.0543639,-0.0187769,0.00267858,-0.0777056,0.0438408,-0.0944034,-0.0944034;
6.64, -0.059812,-0.0221702,0.00280065,-0.0783761,0.0442282,-0.0951666,-0.0951666;
6.65, -0.0741987,-0.0233385,0.00296023,-0.0791725,0.0448171,-0.0960822,-0.0960822;
6.66, -0.123242,-0.0225635,0.00276142,-0.0793839,0.045193,-0.0962642,-0.0962642;
6.67, -0.108673,-0.0213651,0.00292217,-0.0786061,0.0446526,-0.09525,-0.09525;
6.68, -0.0804556,-0.0214931,0.00318742,-0.0749351,0.040862,-0.0908908,-0.0908908;
6.69, -0.0579916,-0.019972,0.00292809,-0.0722741,0.0379926,-0.0877213,-0.0877213;
6.7, -0.0677591,-0.0182286,0.00278646,-0.071547,0.0372011,-0.0868249,-0.0868249;
6.71, -0.0531744,-0.0174258,0.00276628,-0.0724823,0.0379666,-0.0878934,-0.0878934;
6.72, -0.0358484,-0.0195716,0.00263646,-0.0729873,0.0380698,-0.0884721,-0.0884721;
6.73, -0.0300105,-0.0217327,0.00292738,-0.0743663,0.0390053,-0.0900891,-0.0900891;
6.74, -0.0624035,-0.0200374,0.00324838,-0.0766001,0.0411549,-0.0926881,-0.0926881;
6.75, -0.09043,-0.0204457,0.00294206,-0.0789423,0.0437213,-0.0953697,-0.0953697;
6.76, -0.0780907,-0.0200105,0.00288221,-0.0792879,0.0439588,-0.0957254,-0.0957254;
6.77, -0.0632559,-0.0183588,0.00315797,-0.0777419,0.0422278,-0.0938836,-0.0938836;
6.78, -0.0425867,-0.0202077,0.00330892,-0.0769213,0.0412533,-0.0928868,-0.0928868;
6.79, -0.0519194,-0.0202583,0.00310159,-0.0772318,0.0412592,-0.093219,-0.093219;
6.8, -0.0568778,-0.0216377,0.00310019,-0.0787567,0.0427389,-0.0949536,-0.0949536;
6.81, -0.0549707,-0.0216432,0.00283261,-0.0796805,0.0436176,-0.0959969,-0.0959969;
6.82, -0.0640766,-0.0202875,0.00274492,-0.0801002,0.0441389,-0.0964294,-0.0964294;
6.83, -0.078395,-0.0203982,0.00301337,-0.0805691,0.0447251,-0.0969035,-0.0969035;
6.84, -0.075167,-0.0207012,0.00320984,-0.0805388,0.044606,-0.0968343,-0.0968343;
6.85, -0.0663676,-0.0211376,0.00329669,-0.0795931,0.0435321,-0.0956897,-0.0956897;
6.86, -0.062203,-0.021956,0.0034602,-0.0788351,0.042683,-0.0947502,-0.0947502;
6.87, -0.0532024,-0.0210461,0.00336143,-0.0786628,0.0424789,-0.0944953,-0.0944953;
6.88, -0.109022,-0.0194014,0.00308313,-0.0787324,0.0426267,-0.0945292,-0.0945292;
6.89, -0.0805037,-0.0189783,0.00308934,-0.0794387,0.04332,-0.0952977,-0.0952977;
6.9, -0.0622161,-0.0190833,0.00322052,-0.0767984,0.0403508,-0.0922036,-0.0922036;
6.91, -0.0736841,-0.0193323,0.00314777,-0.0758919,0.0391307,-0.0911296,-0.0911296;
6.92, -0.0501787,-0.0216681,0.00312233,-0.0763185,0.0392714,-0.0915983,-0.0915983;
6.93, -0.0275682,-0.0228417,0.00318121,-0.0760621,0.0387723,-0.0912878,-0.0912878;
6.94, -0.0416154,-0.0201157,0.0031436,-0.077105,0.0398718,-0.0924488,-0.0924488;
6.95, -0.0669901,-0.0174551,0.00310274,-0.0795075,0.0424952,-0.0951591,-0.0951591;
6.96, -0.0805527,-0.0171411,0.00306611,-0.0811363,0.0439951,-0.0970197,-0.0970197;
6.97, -0.0894317,-0.0188002,0.00286952,-0.0811771,0.0435665,-0.097053,-0.097053;
6.98, -0.0536626,-0.0214496,0.00281885,-0.0802643,0.0421411,-0.0959937,-0.0959937;
6.99, -0.0497363,-0.0217852,0.00305624,-0.078675,0.0402687,-0.0941301,-0.0941301;
7, -0.0653778,-0.0225588,0.00345811,-0.0792156,0.0409048,-0.094699,-0.094699;
7.01, -0.0393256,-0.0219717,0.00338521,-0.0801188,0.0419198,-0.0956762,-0.0956762;
7.02, -0.082039,-0.0217882,0.0034036,-0.0799442,0.04193,-0.095413,-0.095413;
7.03, -0.0973597,-0.0209472,0.00343028,-0.0813854,0.0434719,-0.0970267,-0.0970267;
7.04, -0.103412,-0.0207404,0.00335569,-0.0801447,0.0423057,-0.095532,-0.095532;
7.05, -0.109143,-0.0195062,0.00325209,-0.0778861,0.040025,-0.0928709,-0.0928709;
7.06, -0.0976296,-0.0172466,0.00302992,-0.075337,0.0374217,-0.0899042,-0.0899042;
7.07, -0.114458,-0.0159613,0.00290498,-0.0726737,0.0345427,-0.0868158,-0.0868158;
7.08, -0.0771091,-0.0170074,0.00311568,-0.0711015,0.0324329,-0.0850005,-0.0850005;
7.09, -0.0618031,-0.0196436,0.00263361,-0.0687201,0.0293972,-0.0822734,-0.0822734;
7.1, -0.0362878,-0.0207756,0.00270397,-0.0687639,0.0289024,-0.0823358,-0.0823358;
7.11, -0.0236317,-0.0193954,0.00290392,-0.0697882,0.0297124,-0.0835119,-0.0835119;
7.12, -0.042993,-0.016542,0.00325149,-0.0723913,0.0322134,-0.0864786,-0.0864786;
7.13, -0.0477381,-0.0175591,0.00332506,-0.075817,0.0353689,-0.0904016,-0.0904016;
7.14, -0.0760555,-0.0191089,0.00343549,-0.0779816,0.0369797,-0.0928929,-0.0928929;
7.15, -0.0584664,-0.0167367,0.00324263,-0.0795206,0.0381174,-0.0946675,-0.0946675;
7.16, -0.052107,-0.01651,0.00357187,-0.0789772,0.0374434,-0.0940087,-0.0940087;
7.17, -0.0702725,-0.0189616,0.00343007,-0.0795967,0.0376602,-0.0947116,-0.0947116;
7.18, -0.0485198,-0.0211057,0.00327289,-0.0806863,0.0383088,-0.095954,-0.095954;
7.19, -0.0485572,-0.0217067,0.00342439,-0.0804048,0.0379259,-0.095593,-0.095593;
7.2, -0.0638474,-0.0211025,0.0033249,-0.081304,0.0389622,-0.0965606,-0.0965606;
7.21, -0.0530578,-0.0229969,0.0035361,-0.0821826,0.0400539,-0.0974986,-0.0974986;
7.22, -0.0487904,-0.0208257,0.0035653,-0.0820351,0.0400846,-0.097276,-0.097276;
7.23, -0.0699791,-0.0183681,0.00328103,-0.0824026,0.0408037,-0.0976193,-0.0976193;
7.24, -0.0875069,-0.0165809,0.0029607,-0.0832239,0.0416479,-0.0984988,-0.0984988;
7.25, -0.0778938,-0.0170004,0.00326074,-0.0827776,0.0409963,-0.0979577,-0.0979577;
7.26, -0.0806213,-0.0196211,0.0033418,-0.0812312,0.0391034,-0.0961885,-0.0961885;
7.27, -0.0778676,-0.0205161,0.00333233,-0.0803369,0.0378656,-0.0951506,-0.0951506;
7.28, -0.0691055,-0.0178165,0.00355447,-0.0792001,0.0367199,-0.0937966,-0.0937966;
7.29, -0.0599688,-0.0199808,0.00342991,-0.0782428,0.0358674,-0.0926608,-0.0926608;
7.3, -0.0603655,-0.0205153,0.00317775,-0.0781284,0.0354862,-0.0925112,-0.0925112;
7.31, -0.0545767,-0.0189397,0.00346186,-0.0785544,0.0358398,-0.0929579,-0.0929579;
7.32, -0.0782019,-0.0177553,0.00350204,-0.0789191,0.0362165,-0.0933383,-0.0933383;
7.33, -0.0770773,-0.0176769,0.00334987,-0.0797524,0.0368297,-0.094259,-0.094259;
7.34, -0.0641678,-0.0191291,0.00329756,-0.079061,0.0358898,-0.0934461,-0.0934461;
7.35, -0.0806189,-0.0191557,0.00317911,-0.0783789,0.0349703,-0.0926488,-0.0926488;
7.36, -0.0698477,-0.0174417,0.00320047,-0.0785091,0.0349849,-0.0927732,-0.0927732;
7.37, -0.0583405,-0.019787,0.00323742,-0.0775946,0.034048,-0.0917032,-0.0917032;
7.38, -0.0339432,-0.0209049,0.00323228,-0.0775064,0.0336603,-0.0915964,-0.0915964;
7.39, -0.0500522,-0.0209311,0.00334997,-0.0781033,0.0341655,-0.0922371,-0.0922371;
7.4, -0.0297963,-0.020143,0.00348216,-0.0802622,0.0362554,-0.0946427,-0.0946427;
7.41, -0.0517581,-0.0189307,0.00349149,-0.0813027,0.0373128,-0.0957823,-0.0957823;
7.42, -0.0538228,-0.0201151,0.00348265,-0.0835883,0.0394244,-0.0983326,-0.0983326;
7.43, -0.038475,-0.0201361,0.00348342,-0.0843915,0.0400388,-0.0992199,-0.0992199;
7.44, -0.044964,-0.0203461,0.00338543,-0.0848077,0.0404475,-0.0996495,-0.0996495;
7.45, -0.0789081,-0.019468,0.00338939,-0.086224,0.0417323,-0.101204,-0.101204;
7.46, -0.0860103,-0.0185743,0.00350927,-0.0871493,0.0425921,-0.102205,-0.102205;
7.47, -0.075703,-0.0182292,0.00319347,-0.0857141,0.0412426,-0.100534,-0.100534;
7.48, -0.107158,-0.0188127,0.0030981,-0.0837961,0.039351,-0.0983186,-0.0983186;
7.49, -0.100144,-0.0186128,0.00336831,-0.0827084,0.0381494,-0.0970566,-0.0970566;
7.5, -0.0960082,-0.0195495,0.00350815,-0.0795804,0.0351885,-0.0934745,-0.0934745;
7.51, -0.0581343,-0.0191103,0.00339273,-0.0770222,0.0327292,-0.0905395,-0.0905395;
7.52, -0.0573249,-0.0184242,0.00355042,-0.0749083,0.0307719,-0.0881028,-0.0881028;
7.53, -0.0776995,-0.0195654,0.00365053,-0.0756175,0.03125,-0.0888729,-0.0888729;
7.54, -0.0529005,-0.019782,0.00342866,-0.0765802,0.0318556,-0.0899627,-0.0899627;
7.55, -0.0769868,-0.0202875,0.00333862,-0.0760004,0.0312579,-0.0892849,-0.0892849;
7.56, -0.0339737,-0.0212739,0.00322079,-0.0770449,0.0321233,-0.0904395,-0.0904395;
7.57, -0.0469568,-0.0208165,0.00354927,-0.0764516,0.031599,-0.0897169,-0.0897169;
7.58, -0.104268,-0.0198608,0.00360668,-0.0786608,0.0336727,-0.0921766,-0.0921766;
7.59, -0.0765354,-0.0189963,0.00349437,-0.0800502,0.0349539,-0.0937281,-0.0937281;
7.6, -0.0607199,-0.019964,0.00300533,-0.0773924,0.0325712,-0.0906754,-0.0906754;
7.61, -0.0721759,-0.0176063,0.00325334,-0.0766029,0.0317234,-0.0897443,-0.0897443;
7.62, -0.0676423,-0.0161297,0.00346683,-0.0770415,0.0320378,-0.0902097,-0.0902097;
7.63, -0.0378898,-0.0175897,0.00348765,-0.0768839,0.0315812,-0.0900426,-0.0900426;
7.64, -0.0754065,-0.0156471,0.00350141,-0.0771261,0.0312925,-0.0903135,-0.0903135;
7.65, -0.0865468,-0.0154755,0.00330098,-0.0793302,0.0328985,-0.0928118,-0.0928118;
7.66, -0.052945,-0.0179633,0.00354886,-0.0790498,0.0321457,-0.0925011,-0.0925011;
7.67, -0.0592131,-0.0206859,0.00378533,-0.0778256,0.0306042,-0.0911183,-0.0911183;
7.68, -0.0776075,-0.0224585,0.00373108,-0.078781,0.031263,-0.0921834,-0.0921834;
7.69, -0.0999933,-0.0254783,0.00341775,-0.0792284,0.0318005,-0.0926398,-0.0926398;
7.7, -0.0485561,-0.0228866,0.00350763,-0.0781981,0.0312761,-0.0914188,-0.0914188;
7.71, -0.0773406,-0.0184352,0.00366284,-0.0753703,0.0295449,-0.0881104,-0.0881104;
7.72, -0.0427035,-0.0161609,0.00334543,-0.0763786,0.0307802,-0.0891846,-0.0891846;
7.73, -0.0603261,-0.0168016,0.00336429,-0.0759039,0.0301428,-0.088632,-0.088632;
7.74, -0.048959,-0.0181305,0.00361203,-0.0779235,0.0313665,-0.0909214,-0.0909214;
7.75, -0.068085,-0.0179727,0.0036889,-0.0786792,0.0316124,-0.0917818,-0.0917818;
7.76, -0.0533965,-0.0187743,0.00360014,-0.0800034,0.0325136,-0.0932568,-0.0932568;
7.77, -0.0639478,-0.0199705,0.00388987,-0.0799314,0.0322388,-0.0931622,-0.0931622;
7.78, -0.108466,-0.018657,0.00376775,-0.0807678,0.0328142,-0.0940648,-0.0940648;
7.79, -0.0976046,-0.0173188,0.00343217,-0.0807484,0.0328483,-0.0940035,-0.0940035;
7.8, -0.0712791,-0.0194161,0.00333247,-0.0775974,0.0301116,-0.0904409,-0.0904409;
7.81, -0.0727359,-0.0220209,0.00332777,-0.0753084,0.0279414,-0.0878531,-0.0878531;
7.82, -0.0271589,-0.0200484,0.00341721,-0.0749937,0.027636,-0.0874509,-0.0874509;
7.83, -0.0283329,-0.0201333,0.00340406,-0.0745597,0.0275385,-0.086914,-0.086914;
7.84, -0.032001,-0.0191432,0.00377071,-0.0775335,0.0300372,-0.090237,-0.090237;
7.85, -0.0393609,-0.0180472,0.00380961,-0.0804701,0.032472,-0.0934991,-0.0934991;
7.86, -0.0359969,-0.0179444,0.00380588,-0.0829706,0.0344594,-0.0962825,-0.0962825;
7.87, -0.076742,-0.0188891,0.00366872,-0.0847961,0.0357629,-0.0983247,-0.0983247;
7.88, -0.0881033,-0.0195235,0.00359032,-0.0867037,0.0371105,-0.100436,-0.100436;
7.89, -0.0791619,-0.0199565,0.00363691,-0.0854517,0.0360143,-0.0989998,-0.0989998;
7.9, -0.0686212,-0.0202727,0.00366825,-0.0832026,0.034187,-0.0964321,-0.0964321;
7.91, -0.0778652,-0.0186458,0.00356946,-0.0816567,0.0329876,-0.0946522,-0.0946522;
7.92, -0.0626572,-0.0160497,0.00353639,-0.0810198,0.0325485,-0.0938792,-0.0938792;
7.93, -0.0565822,-0.0174478,0.00359054,-0.0799513,0.0315432,-0.0926504,-0.0926504;
7.94, -0.0427981,-0.0183048,0.00360667,-0.0801858,0.0313127,-0.0929237,-0.0929237;
7.95, -0.0778611,-0.0154211,0.00344102,-0.0808477,0.0315747,-0.0936777,-0.0936777;
7.96, -0.0994476,-0.0163019,0.00357075,-0.0824518,0.0326925,-0.0954415,-0.0954415;
7.97, -0.0711302,-0.0185354,0.00368684,-0.0816285,0.031575,-0.0945197,-0.0945197;
7.98, -0.0814017,-0.0200601,0.00365587,-0.0790585,0.0291628,-0.0916488,-0.0916488;
7.99, -0.0757084,-0.0184361,0.00371559,-0.0784663,0.0286082,-0.0909588,-0.0909588;
8, -0.0613655,-0.0184953,0.00373095,-0.0772068,0.0277103,-0.0894956,-0.0894956;
8.01, -0.0468615,-0.0194541,0.00374109,-0.0765114,0.0270772,-0.0886826,-0.0886826;
8.02, -0.0353471,-0.0200814,0.00379496,-0.0769466,0.0273293,-0.0891658,-0.0891658;
8.03, -0.0779824,-0.0196925,0.0037971,-0.078458,0.0285237,-0.0908269,-0.0908269;
8.04, -0.0472454,-0.0183333,0.00379614,-0.0807277,0.0304137,-0.0933101,-0.0933101;
8.05, -0.0331333,-0.0188453,0.00346351,-0.0797586,0.0296957,-0.0921995,-0.0921995;
8.06, -0.0513365,-0.0189096,0.00359732,-0.0809833,0.0305491,-0.0935451,-0.0935451;
8.07, -0.0713166,-0.0175572,0.00394564,-0.0832792,0.0323061,-0.0960814,-0.0960814;
8.08, -0.0762974,-0.0170231,0.00402094,-0.084138,0.0329365,-0.0970188,-0.0970188;
8.09, -0.0899504,-0.0173314,0.00385433,-0.0834546,0.0322001,-0.0962287,-0.0962287;
8.1, -0.0954119,-0.0186953,0.00345675,-0.0823521,0.0310934,-0.0949866,-0.0949866;
8.11, -0.0893596,-0.0196833,0.0032369,-0.0802685,0.0292563,-0.0926387,-0.0926387;
8.12, -0.0568532,-0.0162793,0.00359819,-0.0777548,0.027253,-0.0898104,-0.0898104;
8.13, -0.0444437,-0.0167393,0.00369638,-0.0758038,0.0257902,-0.0875846,-0.0875846;
8.14, -0.0230105,-0.0165522,0.00364844,-0.0766555,0.0261421,-0.0885414,-0.0885414;
8.15, -0.00578093,-0.018054,0.00354349,-0.0785636,0.0273238,-0.0906699,-0.0906699;
8.16, -0.0646073,-0.0199781,0.00381201,-0.0820281,0.0296901,-0.0945299,-0.0945299;
8.17, -0.0380064,-0.0187165,0.00392595,-0.0865298,0.0330489,-0.0995353,-0.0995353;
8.18, -0.0418036,-0.0175361,0.00400262,-0.0862418,0.0329611,-0.0991599,-0.0991599;
8.19, -0.04793,-0.0170966,0.0035586,-0.0876768,0.0340927,-0.100721,-0.100721;
8.2, -0.0672165,-0.0183664,0.00351676,-0.0889293,0.0349308,-0.102094,-0.102094;
8.21, -0.0520943,-0.0178728,0.00395933,-0.0896488,0.0353165,-0.102867,-0.102867;
8.22, -0.0710475,-0.0174944,0.00380549,-0.088727,0.0345954,-0.101808,-0.101808;
8.23, -0.0915819,-0.02096,0.00395103,-0.0889314,0.0346788,-0.101994,-0.101994;
8.24, -0.0567688,-0.0228142,0.00396617,-0.0877856,0.0337087,-0.100694,-0.100694;
8.25, -0.0295984,-0.02111,0.003806,-0.0848456,0.0317542,-0.0973556,-0.0973556;
8.26, -0.0879649,-0.0194587,0.00387316,-0.0845115,0.0319471,-0.0968933,-0.0968933;
8.27, -0.07726,-0.0163113,0.00399269,-0.0865585,0.0337192,-0.0991138,-0.0991138;
8.28, -0.0464393,-0.0156737,0.00402572,-0.0843337,0.0320468,-0.096605,-0.096605;
8.29, -0.0820951,-0.0184322,0.00395703,-0.0829629,0.0306838,-0.0950721,-0.0950721;
8.3, -0.0768999,-0.0213279,0.00375524,-0.0841223,0.0311454,-0.0963625,-0.0963625;
8.31, -0.0925657,-0.0201837,0.00380557,-0.0824976,0.0298266,-0.0945429,-0.0945429;
8.32, -0.0749299,-0.019582,0.00376467,-0.0810053,0.0289281,-0.0928288,-0.0928288;
8.33, -0.0763682,-0.0173139,0.003783,-0.0785054,0.0271616,-0.0900088,-0.0900088;
8.34, -0.0965666,-0.016968,0.00375478,-0.0774963,0.0264237,-0.0888521,-0.0888521;
8.35, -0.0463264,-0.0141445,0.00375785,-0.0767221,0.0255837,-0.0879796,-0.0879796;
8.36, -0.00154527,-0.0136535,0.00394861,-0.0744863,0.023628,-0.0855045,-0.0855045;
8.37, -0.0512953,-0.0171811,0.00396189,-0.0763303,0.0244072,-0.087584,-0.087584;
8.38, -0.0673184,-0.0180463,0.00391134,-0.0818404,0.0278005,-0.0937244,-0.0937244;
8.39, -0.0682887,-0.0179028,0.00381384,-0.0831335,0.0285306,-0.0951579,-0.0951579;
8.4, -0.0920251,-0.0196879,0.00399868,-0.0827222,0.0281663,-0.0946862,-0.0946862;
8.41, -0.0833057,-0.0185082,0.00395717,-0.0821501,0.0276878,-0.0940235,-0.0940235;
8.42, -0.0422009,-0.0161588,0.0037617,-0.0796412,0.0260021,-0.0911941,-0.0911941;
8.43, -0.0232558,-0.0181978,0.0037446,-0.0779148,0.0247627,-0.0892532,-0.0892532;
8.44, -0.0218871,-0.0188129,0.00393344,-0.0797362,0.0257986,-0.0912651,-0.0912651;
8.45, -0.0241102,-0.017075,0.00382512,-0.0830127,0.0281021,-0.0948773,-0.0948773;
8.46, -0.0961488,-0.017851,0.00378269,-0.0862168,0.0304368,-0.0983895,-0.0983895;
8.47, -0.0950104,-0.0190391,0.00388978,-0.0891048,0.0323634,-0.101585,-0.101585;
8.48, -0.104167,-0.0209944,0.00381838,-0.0861141,0.0301438,-0.0982407,-0.0982407;
8.49, -0.0889664,-0.0213617,0.00411184,-0.0829054,0.0279295,-0.0946258,-0.0946258;
8.5, -0.0553646,-0.0208093,0.00438833,-0.079063,0.0254685,-0.0903223,-0.0903223;
8.51, -0.0449103,-0.018199,0.00410915,-0.0766408,0.0240233,-0.0875817,-0.0875817;
8.52, -0.0466308,-0.0174116,0.00399168,-0.0771581,0.0245815,-0.0881014,-0.0881014;
8.53, -0.0526333,-0.0171403,0.00392006,-0.0788314,0.0256721,-0.0899346,-0.0899346;
8.54, -0.0441713,-0.0161799,0.0042245,-0.0803889,0.0265642,-0.0916562,-0.0916562;
8.55, -0.0915398,-0.0164455,0.00414489,-0.081363,0.0270214,-0.0927366,-0.0927366;
8.56, -0.0757889,-0.0188058,0.00405649,-0.0829621,0.0278167,-0.0945025,-0.0945025;
8.57, -0.0219354,-0.0183323,0.00408753,-0.080727,0.0259735,-0.0920273,-0.0920273;
8.58, -0.0478542,-0.0172821,0.00377157,-0.0794612,0.0250858,-0.0905876,-0.0905876;
8.59, -0.0333835,-0.0169992,0.00365345,-0.0826326,0.0272654,-0.0940706,-0.0940706;
8.6, -0.0161413,-0.0192254,0.00382058,-0.0839208,0.0280027,-0.0954869,-0.0954869;
8.61, -0.0264426,-0.0183779,0.00393089,-0.0861319,0.0293625,-0.097912,-0.097912;
8.62, -0.045081,-0.0172383,0.00389186,-0.0894561,0.0317535,-0.101549,-0.101549;
8.63, -0.0629439,-0.0193617,0.00387062,-0.0918595,0.0334202,-0.104159,-0.104159;
8.64, -0.0514162,-0.0198367,0.00380195,-0.0926057,0.0338078,-0.10496,-0.10496;
8.65, -0.0566608,-0.0173826,0.00388616,-0.0915994,0.0332274,-0.103803,-0.103803;
8.66, -0.118117,-0.0151852,0.00405692,-0.0914265,0.0332709,-0.103559,-0.103559;
8.67, -0.0751052,-0.0146225,0.00426547,-0.0910716,0.0329094,-0.103144,-0.103144;
8.68, -0.0917046,-0.0149175,0.0042213,-0.0859646,0.0290417,-0.0842769,-0.0842769;
8.69, -0.0892505,-0.0166316,0.00406505,-0.0843379,0.0275274,-0.0343031,-0.0343031;
8.7, -0.0775373,-0.0161049,0.00413595,-0.081698,0.0254219,-0.00567029,-0.00567029;
8.71, -0.0727067,-0.0158673,0.00385103,-0.0790055,0.0238172,-0.0009373,-0.0009373;
8.72, -0.0738574,-0.0175591,0.00386578,-0.077344,0.0230623,-0.000154936,-0.000154936;
8.73, -0.0717767,-0.0170045,0.00407711,-0.0763027,0.0226557,-2.56109e-05,-2.56109e-05;
8.74, -0.0311032,-0.0152777,0.00412701,-0.0751856,0.0223389,-4.23347e-06,-4.23347e-06;
8.75, -0.0251983,-0.0162276,0.00394123,-0.0743468,0.0221183,-6.99793e-07,-6.99793e-07;
8.76, -0.0774615,-0.0151102,0.00392332,-0.0769783,0.0240161,-1.15676e-07,-1.15676e-07;
8.77, -0.0378344,-0.0143795,0.00403554,-0.0801009,0.026292,-1.91212e-08,-1.91212e-08;
8.78, -0.0267185,-0.0151473,0.00391712,-0.0788563,0.0255495,-3.16074e-09,-3.16074e-09;
8.79, -0.0214912,-0.0156611,0.00376155,-0.0806077,0.0267505,-5.2247e-10,-5.2247e-10;
8.8, 0.00614292,-0.0162888,0.00353477,-0.0833195,0.0286309,-8.63642e-11,-8.63642e-11;
8.81, -0.0262569,-0.0163432,0.0039752,-0.0862758,0.0307475,-1.4276e-11,-1.4276e-11;
8.82, -0.0498073,-0.0156118,0.00415123,-0.0912344,0.0342459,-2.35982e-12,-2.35982e-12;
8.83, -0.0243284,-0.014091,0.00406338,-0.0933057,0.0358576,-3.90079e-13,-3.90079e-13;
8.84, -0.0409766,-0.0125956,0.00415257,-0.0931049,0.0359189,-6.44801e-14,-6.44801e-14;
8.85, -0.0670182,-0.0118136,0.0042142,-0.0949383,0.0371316,-1.06586e-14,-1.06586e-14;
8.86, -0.0636386,-0.0117254,0.00405362,-0.0954817,0.0373718,-1.76186e-15,-1.76186e-15;
8.87, -0.0961188,-0.0132979,0.00386951,-0.0938091,0.0360673,-2.91235e-16,-2.91235e-16;
8.88, -0.0975651,-0.0127095,0.00392168,-0.0923737,0.0349189,-4.81412e-17,-4.81412e-17;
8.89, -0.0856158,-0.0133865,0.00409885,-0.0883072,0.0322346,-7.95774e-18,-7.95774e-18;
8.9, -0.0799185,-0.0144006,0.00396449,-0.0842365,0.0295063,-1.31541e-18,-1.31541e-18;
8.91, -0.0747688,-0.016023,0.0036853,-0.0814257,0.0276138,-2.17438e-19,-2.17438e-19;
8.92, -0.0694637,-0.0156588,0.00391208,-0.0793758,0.0262638,-3.59425e-20,-3.59425e-20;
8.93, -0.0787986,-0.0148771,0.0036595,-0.077884,0.0254119,-5.94129e-21,-5.94129e-21;
8.94, -0.0598754,-0.0147593,0.00386179,-0.0770103,0.0249028,-9.82096e-22,-9.82096e-22;
8.95, -0.0226556,-0.0138235,0.00401128,-0.0755288,0.0238954,-1.6234e-22,-1.6234e-22;
8.96, -0.0608914,-0.0141169,0.00393533,-0.075702,0.0239033,-2.68349e-23,-2.68349e-23;
8.97, -0.0745992,-0.0146536,0.0040255,-0.0791612,0.0258661,-4.4358e-24,-4.4358e-24;
8.98, -0.0949041,-0.0149639,0.00398287,-0.0793745,0.0258371,-7.33239e-25,-7.33239e-25;
8.99, -0.0882736,-0.0140635,0.00392209,-0.0781181,0.024993,-1.21204e-25,-1.21204e-25;
9, -0.0643606,-0.0139492,0.00400298,-0.0751171,0.023108,-2.00351e-26,-2.00351e-26;
9.01, -0.0782013,-0.0135317,0.00403392,-0.0728273,0.0215725,-3.3118e-27,-3.3118e-27;
9.02, -0.0775912,-0.0134649,0.00412007,-0.0728023,0.021377,-5.4744e-28,-5.4744e-28;
9.03, -0.058906,-0.0126018,0.00394003,-0.071824,0.0205326,-9.04919e-29,-9.04919e-29;
9.04, -0.0621564,-0.0136445,0.00404049,-0.0709068,0.019728,-1.49583e-29,-1.49583e-29;
9.05, -0.0726204,-0.0141351,0.00410741,-0.0716601,0.0198922,-2.47261e-30,-2.47261e-30;
9.06, -0.0481877,-0.0153096,0.00387393,-0.0721506,0.020011,-4.08722e-31,-4.08722e-31;
9.07, -0.0218442,-0.0150177,0.00386102,-0.0716732,0.0196004,-6.75617e-32,-6.75617e-32;
9.08, -0.0133951,-0.0137579,0.00409004,-0.0731467,0.0205125,-1.1168e-32,-1.1168e-32;
9.09, -0.0516232,-0.01599,0.00417598,-0.0768939,0.022795,-1.84606e-33,-1.84606e-33;
9.1, -0.0438983,-0.0140441,0.00417594,-0.08133,0.0253603,-3.05154e-34,-3.05154e-34;
9.11, -0.0446393,-0.0140247,0.00390388,-0.0820725,0.0259319,-5.0442e-35,-5.0442e-35;
9.12, -0.0698647,-0.0131356,0.00416537,-0.0832255,0.0266055,-8.33806e-36,-8.33806e-36;
9.13, -0.0461709,-0.0137638,0.00412028,-0.0842515,0.0272035,-1.37828e-36,-1.37828e-36;
9.14, -0.0204182,-0.0172166,0.00421367,-0.0830699,0.0264027,-2.2783e-37,-2.2783e-37;
9.15, -0.0333527,-0.0180407,0.00440463,-0.0838197,0.0268069,-3.76603e-38,-3.76603e-38;
9.16, -0.0738585,-0.0141129,0.00423633,-0.0866515,0.0287858,-6.22525e-39,-6.22525e-39;
9.17, -0.0733338,-0.0105098,0.00410694,-0.0882563,0.0301267,-1.02903e-39,-1.02903e-39;
9.18, -0.0453121,-0.0133486,0.00408352,-0.0863878,0.0290209,-1.70099e-40,-1.70099e-40;
9.19, -0.0798362,-0.0160376,0.00390249,-0.0846563,0.0276136,-2.81171e-41,-2.81171e-41;
9.2, -0.0459641,-0.0162519,0.00400233,-0.0853246,0.0278729,-4.64811e-42,-4.64811e-42;
9.21, -0.0342979,-0.0138322,0.0037934,-0.0829952,0.0266424,-7.67912e-43,-7.67912e-43;
9.22, -0.0675567,-0.0123036,0.00387133,-0.0835069,0.0271231,-1.27518e-43,-1.27518e-43;
9.23, -0.0652914,-0.0130768,0.0040594,-0.0853611,0.0281135,-2.10195e-44,-2.10195e-44;
9.24, -0.0544297,-0.0129696,0.00415265,-0.0843821,0.0272838,-2.8026e-45,-2.8026e-45;
9.25, -0.101894,-0.0130435,0.00414946,-0.0834021,0.0265548,0,0;
9.26, -0.0795152,-0.0139157,0.00425589,-0.0834575,0.0264051,0,0;
9.27, -0.105193,-0.014022,0.00402622,-0.079432,0.0239232,0,0;
9.28, -0.128719,-0.0154898,0.00403158,-0.0772855,0.0226315,0,0;
9.29, -0.0836613,-0.0144765,0.00400388,-0.073212,0.0202284,0,0;
9.3, -0.0979797,-0.0141225,0.00395354,-0.0671563,0.0168203,0,0;
9.31, -0.0732869,-0.0150039,0.00397659,-0.0654267,0.0157519,0,0;
9.32, -0.0828385,-0.0149468,0.00395297,-0.062958,0.0141663,0,0;
9.33, -0.0686537,-0.0164359,0.00372146,-0.0627352,0.0139302,0,0;
9.34, -0.034865,-0.0157756,0.00356669,-0.0618544,0.013335,0,0;
9.35, -0.0387918,-0.0151009,0.00368336,-0.0621705,0.0135451,0,0;
9.36, -0.00896934,-0.0145365,0.00399676,-0.0655527,0.0154179,0,0;
9.37, 0.000995493,-0.0141727,0.00417537,-0.0686002,0.017035,0,0;
9.38, -0.0219752,-0.0142349,0.00422328,-0.0740432,0.0199666,0,0;
9.39, -0.0675656,-0.0115885,0.00444619,-0.0801549,0.0232449,0,0;
9.4, -0.0189692,-0.0105265,0.00444636,-0.0837718,0.0251892,0,0;
9.41, -0.0186768,-0.0128549,0.00401507,-0.0829967,0.024501,0,0;
9.42, -0.0481046,-0.0145301,0.00433578,-0.0863192,0.0259968,0,0;
9.43, -0.0327171,-0.0135442,0.00443777,-0.0895858,0.0277112,0,0;
9.44, -0.0440542,-0.016041,0.00458847,-0.0898617,0.0279716,0,0;
9.45, -0.0488086,-0.0156554,0.00431155,-0.0912993,0.0287899,0,0;
9.46, -0.039134,-0.0140777,0.00403274,-0.0915696,0.0292026,0,0;
9.47, -0.0589585,-0.0129659,0.00382658,-0.0913166,0.0292937,0,0;
9.48, -0.0619927,-0.0117116,0.00385424,-0.0919881,0.029722,0,0;
9.49, -0.0416496,-0.0128321,0.00406913,-0.0909957,0.0290976,0,0;
9.5, -0.0400898,-0.0135586,0.00445797,-0.0897593,0.0282108,0,0;
9.51, -0.0344013,-0.0134525,0.00460587,-0.0903389,0.0284234,0,0;
9.52, -0.0421539,-0.0126734,0.00434398,-0.0911075,0.028806,0,0;
9.53, -0.0652528,-0.0125852,0.00425893,-0.0923556,0.0294223,0,0;
9.54, -0.0319965,-0.0124432,0.00448514,-0.0928952,0.0295776,0,0;
9.55, -0.0218426,-0.0140475,0.00444402,-0.091251,0.0285798,0,0;
9.56, -0.0638127,-0.0132402,0.00441691,-0.092596,0.0291429,0,0;
9.57, -0.0745981,-0.0117226,0.00421644,-0.0948904,0.0303583,0,0;
9.58, -0.0634021,-0.0127062,0.0039747,-0.0932813,0.0294781,0,0;
9.59, -0.0575435,-0.0130731,0.00426738,-0.0906123,0.0278912,0,0;
9.6, -0.0516244,-0.0131602,0.00436563,-0.0890293,0.0269659,0,0;
9.61, -0.0916525,-0.0149451,0.00440012,-0.0881748,0.0264316,0,0;
9.62, -0.110102,-0.0140766,0.00443699,-0.0879722,0.0262376,0,0;
9.63, -0.0849986,-0.0137536,0.0043548,-0.0840574,0.0243096,0,0;
9.64, -0.056926,-0.013326,0.00438945,-0.0785083,0.0214619,0,0;
9.65, -0.0439202,-0.0123922,0.00452685,-0.0755842,0.019903,0,0;
9.66, -0.0608632,-0.0132789,0.00429408,-0.0757056,0.0198266,0,0;
9.67, -0.0841704,-0.0126707,0.00425979,-0.0773162,0.0203954,0,0;
9.68, -0.0469512,-0.0128659,0.0042714,-0.0773248,0.0202208,0,0;
9.69, -0.0653847,-0.0136378,0.00397242,-0.0750523,0.018881,0,0;
9.7, -0.0559723,-0.0148595,0.00409069,-0.0762124,0.019293,0,0;
9.71, -0.0443788,-0.0135081,0.00423126,-0.0758053,0.0189867,0,0;
9.72, -0.0425654,-0.0140728,0.0041337,-0.0760915,0.0191742,0,0;
9.73, -0.0545447,-0.0147119,0.00413836,-0.0775579,0.0198253,0,0;
9.74, -0.0422419,-0.0130668,0.00438373,-0.0791449,0.0205798,0,0;
9.75, -0.0185355,-0.0137555,0.0041833,-0.0794577,0.0207711,0,0;
9.76, -0.0420618,-0.0132911,0.00422925,-0.0808615,0.0213612,0,0;
9.77, -0.048649,-0.011835,0.00415574,-0.0844337,0.0230658,0,0;
9.78, -0.0786747,-0.0126139,0.0042558,-0.0857238,0.0236051,0,0;
9.79, -0.0720171,-0.0132382,0.0044227,-0.0861751,0.0236416,0,0;
9.8, -0.0624884,-0.0106688,0.00420701,-0.083656,0.0223106,0,0;
9.81, -0.0300466,-0.0113345,0.00431499,-0.0816872,0.0213158,0,0;
9.82, -0.0495625,-0.0130307,0.00451386,-0.0809569,0.0206637,0,0;
9.83, -0.0366733,-0.0140827,0.00455244,-0.0834001,0.0216032,0,0;
9.84, -0.027515,-0.0153554,0.00469706,-0.0839499,0.0217966,0,0;
9.85, -0.0167829,-0.0145648,0.0046243,-0.0854759,0.0225834,0,0;
9.86, -0.0476954,-0.0144059,0.00431866,-0.0877588,0.0238425,0,0;
9.87, -0.0951346,-0.013802,0.00422473,-0.0909555,0.0254817,0,0;
9.88, -0.0878928,-0.0163311,0.00423687,-0.0910555,0.0256294,0,0;
9.89, -0.045823,-0.0165004,0.00425397,-0.0864404,0.0234656,0,0;
9.9, -0.0395409,-0.0133585,0.00425113,-0.0823386,0.0217922,0,0;
9.91, -0.0309149,-0.0114835,0.00432763,-0.08261,0.0221632,0,0;
9.92, -0.0789259,-0.0107713,0.00472634,-0.0840088,0.0226983,0,0;
9.93, -0.0600546,-0.00976821,0.00467585,-0.0862904,0.0234698,0,0;
9.94, -0.0322924,-0.0104627,0.00445175,-0.083893,0.0220181,0,0;
9.95, -0.0338976,-0.011934,0.00429301,-0.0831554,0.0212746,0,0;
9.96, -0.0730817,-0.0125528,0.00425577,-0.0852428,0.0219023,0,0;
9.97, -0.0680692,-0.0128028,0.00442262,-0.0871531,0.0226006,0,0;
9.98, -0.0516973,-0.0131654,0.00428802,-0.0851084,0.0215535,0,0;
9.99, -0.0622457,-0.012312,0.00422995,-0.0833373,0.0207059,0,0;
