0, -0.000134468,0.000134468,0.10003,-1.5708,0,0,0;
0.01, -0.000287056,-0.000503063,0.100003,-1.5708,0,0,0;
0.02, -0.0662041,0.018379,0.100345,-1.59642,0.0839118,0.0107264,0.0107264;
0.03, -0.13519,0.0214198,0.100498,-1.62209,0.167939,0.0214627,0.0214627;
0.04, -0.207934,0.0297606,0.101077,-1.64403,0.241001,0.0263131,0.0263131;
0.05, -0.27459,0.0376189,0.102105,-1.664,0.302278,0.0272153,0.0272153;
0.06, -0.331113,0.0440557,0.103449,-1.68243,0.351318,0.0247845,0.0247845;
0.07, -0.376317,0.0495188,0.104918,-1.69975,0.389057,0.0199643,0.0199643;
0.08, -0.410864,0.0540259,0.10635,-1.71618,0.417255,0.0136606,0.0136606;
0.09, -0.43748,0.0575278,0.107696,-1.73177,0.437945,0.00653714,0.00653714;
0.1, -0.457261,0.0602772,0.108888,-1.74653,0.45302,-0.000933627,-0.000933627;
0.11, -0.471323,0.0623453,0.10991,-1.76042,0.463921,-0.0084142,-0.0084142;
0.12, -0.48147,0.0641091,0.110761,-1.77343,0.471811,-0.015701,-0.015701;
0.13, -0.486315,0.0655611,0.111461,-1.78557,0.4776,-0.0226765,-0.0226765;
0.14, -0.492095,0.0666893,0.112046,-1.79686,0.481909,-0.0292997,-0.0292997;
0.15, -0.495351,0.0675099,0.112515,-1.80735,0.485402,-0.0355935,-0.0355935;
0.16, -0.497776,0.0682347,0.112883,-1.81708,0.488112,-0.0415097,-0.0415097;
0.17, -0.500024,0.0687611,0.113195,-1.82608,0.490341,-0.0470675,-0.0470675;
0.18, -0.501039,0.0692928,0.113445,-1.83441,0.492226,-0.0522887,-0.0522887;
0.19, -0.502452,0.0696757,0.11366,-1.84212,0.493825,-0.0571774,-0.0571774;
0.2, -0.503782,0.0698187,0.113846,-1.84925,0.495273,-0.0617801,-0.0617801;
0.21, -0.504361,0.0700462,0.113994,-1.85584,0.496564,-0.0660966,-0.0660966;
0.22, -0.505082,0.070122,0.114102,-1.86193,0.497722,-0.0701276,-0.0701276;
0.23, -0.505523,0.0701334,0.114157,-1.86756,0.498825,-0.0739182,-0.0739182;
0.24, -0.506007,0.0700982,0.114216,-1.87276,0.499875,-0.0774726,-0.0774726;
0.25, -0.506233,0.0701253,0.114272,-1.87756,0.500904,-0.080811,-0.080811;
0.26, -0.507018,0.0701559,0.114315,-1.88201,0.501915,-0.0839463,-0.0839463;
0.27, -0.508045,0.0701668,0.114339,-1.88612,0.50293,-0.0869076,-0.0869076;
0.28, -0.508577,0.0701301,0.114379,-1.88992,0.503907,-0.0896963,-0.0896963;
0.29, -0.509336,0.0699232,0.114402,-1.89345,0.504825,-0.0923183,-0.0923183;
0.3, -0.510626,0.0698726,0.114413,-1.89671,0.505732,-0.0947951,-0.0947951;
0.31, -0.512039,0.0698164,0.114411,-1.89972,0.506618,-0.0971193,-0.0971193;
0.32, -0.51333,0.0696208,0.114409,-1.90252,0.507436,-0.0993008,-0.0993008;
0.33, -0.514021,0.0694072,0.114408,-1.9051,0.508179,-0.101347,-0.101347;
0.34, -0.515113,0.0691817,0.114399,-1.90749,0.508865,-0.103259,-0.103259;
0.35, -0.515678,0.0690019,0.114389,-1.9097,0.509551,-0.105064,-0.105064;
0.36, -0.516578,0.0687888,0.114382,-1.91174,0.510207,-0.106759,-0.106759;
0.37, -0.517939,0.0685599,0.114379,-1.91365,0.510877,-0.108371,-0.108371;
0.38, -0.518884,0.0683033,0.114381,-1.91541,0.511535,-0.109897,-0.109897;
0.39, -0.519496,0.068156,0.114371,-1.91705,0.512144,-0.111328,-0.111328;
0.4, -0.519881,0.0679924,0.11437,-1.91856,0.51274,-0.11268,-0.11268;
0.41, -0.521046,0.0677702,0.114333,-1.91998,0.51335,-0.11398,-0.11398;
0.42, -0.521712,0.0677016,0.11433,-1.92131,0.513994,-0.11524,-0.11524;
0.43, -0.522952,0.0675066,0.114324,-1.92254,0.51461,-0.116435,-0.116435;
0.44, -0.523511,0.0672877,0.114292,-1.9237,0.515232,-0.117597,-0.117597;
0.45, -0.524188,0.0669267,0.114278,-1.92479,0.515818,-0.118703,-0.118703;
0.46, -0.525348,0.0667632,0.11428,-1.9258,0.516425,-0.119774,-0.119774;
0.47, -0.526093,0.066479,0.114271,-1.92675,0.517049,-0.120798,-0.120798;
0.48, -0.527008,0.06621,0.114253,-1.92765,0.517645,-0.121781,-0.121781;
0.49, -0.528015,0.0660088,0.114254,-1.92848,0.518247,-0.122728,-0.122728;
0.5, -0.528688,0.0657189,0.114252,-1.92927,0.518845,-0.123639,-0.123639;
0.51, -0.52988,0.0653846,0.114251,-1.93001,0.519427,-0.12452,-0.12452;
0.52, -0.530435,0.0649979,0.114242,-1.93071,0.520025,-0.125376,-0.125376;
0.53, -0.53159,0.0646846,0.114235,-1.93136,0.520598,-0.126189,-0.126189;
0.54, -0.532551,0.0646245,0.114211,-1.93198,0.521199,-0.126978,-0.126978;
0.55, -0.53367,0.0642793,0.114198,-1.93256,0.521778,-0.127732,-0.127732;
0.56, -0.534669,0.0639336,0.114184,-1.93312,0.522343,-0.128481,-0.128481;
0.57, -0.534814,0.0635526,0.114166,-1.93364,0.522889,-0.129199,-0.129199;
0.58, -0.535531,0.0634353,0.114147,-1.93414,0.523428,-0.12989,-0.12989;
0.59, -0.536124,0.0632598,0.11412,-1.93461,0.524032,-0.130581,-0.130581;
0.6, -0.536534,0.0630887,0.114105,-1.93508,0.524645,-0.131277,-0.131277;
0.61, -0.536966,0.0629461,0.114095,-1.93553,0.525278,-0.131979,-0.131979;
0.62, -0.537297,0.062814,0.114094,-1.93597,0.525942,-0.132692,-0.132692;
0.63, -0.538329,0.0625865,0.114084,-1.93641,0.526634,-0.133417,-0.133417;
0.64, -0.538768,0.0623081,0.114068,-1.93684,0.52736,-0.134159,-0.134159;
0.65, -0.539527,0.0620806,0.114059,-1.93726,0.528065,-0.134886,-0.134886;
0.66, -0.540608,0.0618479,0.114046,-1.93767,0.528796,-0.135611,-0.135611;
0.67, -0.541481,0.0616333,0.114036,-1.93807,0.529527,-0.13633,-0.13633;
0.68, -0.542093,0.0613735,0.114016,-1.93845,0.530229,-0.137032,-0.137032;
0.69, -0.542976,0.061105,0.114007,-1.93882,0.530921,-0.137726,-0.137726;
0.7, -0.543103,0.060869,0.11399,-1.93919,0.531625,-0.138417,-0.138417;
0.71, -0.544258,0.0606411,0.113982,-1.93955,0.532321,-0.139098,-0.139098;
0.72, -0.54509,0.0604289,0.113974,-1.9399,0.533069,-0.139795,-0.139795;
0.73, -0.546187,0.0601485,0.113965,-1.94025,0.533785,-0.140477,-0.140477;
0.74, -0.547019,0.0598795,0.113956,-1.94059,0.534491,-0.141154,-0.141154;
0.75, -0.547998,0.0597036,0.113947,-1.94092,0.535171,-0.141813,-0.141813;
0.76, -0.548924,0.0594766,0.113937,-1.94125,0.535847,-0.142464,-0.142464;
0.77, -0.549381,0.0592358,0.11393,-1.94157,0.536504,-0.143111,-0.143111;
0.78, -0.549811,0.0589879,0.113926,-1.94188,0.537149,-0.143753,-0.143753;
0.79, -0.55074,0.0587742,0.113916,-1.9422,0.537822,-0.144404,-0.144404;
0.8, -0.551648,0.0586083,0.113908,-1.94252,0.538526,-0.145065,-0.145065;
0.81, -0.552206,0.0583026,0.113895,-1.94283,0.539218,-0.145722,-0.145722;
0.82, -0.553437,0.0580156,0.113881,-1.94315,0.539895,-0.146378,-0.146378;
0.83, -0.554016,0.0577767,0.113865,-1.94346,0.540592,-0.147035,-0.147035;
0.84, -0.554885,0.0575335,0.113861,-1.94376,0.541255,-0.14767,-0.14767;
0.85, -0.555417,0.0572932,0.113847,-1.94406,0.541932,-0.148311,-0.148311;
0.86, -0.556185,0.0570519,0.113835,-1.94436,0.542604,-0.148948,-0.148948;
0.87, -0.556519,0.0568254,0.113826,-1.94466,0.543297,-0.149594,-0.149594;
0.88, -0.557346,0.0565765,0.113815,-1.94496,0.54399,-0.150239,-0.150239;
0.89, -0.558188,0.0563538,0.113798,-1.94527,0.544719,-0.1509,-0.1509;
0.9, -0.558942,0.0560958,0.113784,-1.94557,0.545444,-0.151558,-0.151558;
0.91, -0.56075,0.0558732,0.113773,-1.94587,0.54616,-0.152214,-0.152214;
0.92, -0.561558,0.0556438,0.113765,-1.94617,0.546876,-0.152868,-0.152868;
0.93, -0.562654,0.0553243,0.113758,-1.94646,0.547507,-0.153487,-0.153487;
0.94, -0.563621,0.0551116,0.113756,-1.94675,0.548133,-0.154105,-0.154105;
0.95, -0.564267,0.0547583,0.113741,-1.94703,0.548739,-0.154708,-0.154708;
0.96, -0.564942,0.0546243,0.113726,-1.94731,0.549333,-0.155307,-0.155307;
0.97, -0.56585,0.0544569,0.113707,-1.94759,0.549947,-0.155905,-0.155905;
0.98, -0.566052,0.0541565,0.11369,-1.94787,0.550571,-0.156518,-0.156518;
0.99, -0.566824,0.0540059,0.113694,-1.94816,0.551187,-0.157137,-0.157137;
1, -0.567251,0.0537727,0.113673,-1.94845,0.551855,-0.157771,-0.157771;
1.01, -0.567817,0.053345,0.113666,-1.94875,0.552525,-0.158416,-0.158416;
1.02, -0.568918,0.0531037,0.113656,-1.94906,0.553224,-0.159074,-0.159074;
1.03, -0.570307,0.0527971,0.113653,-1.94936,0.553947,-0.159724,-0.159724;
1.04, -0.571363,0.052635,0.113646,-1.94965,0.554644,-0.160362,-0.160362;
1.05, -0.572755,0.0524995,0.113645,-1.94993,0.555291,-0.160973,-0.160973;
1.06, -0.573537,0.0522339,0.113633,-1.95022,0.555912,-0.161582,-0.161582;
1.07, -0.573504,0.0518463,0.113635,-1.9505,0.556483,-0.162181,-0.162181;
1.08, -0.574282,0.0516241,0.113623,-1.95078,0.557059,-0.162781,-0.162781;
1.09, -0.575181,0.0513513,0.113604,-1.95107,0.557712,-0.1634,-0.1634;
1.1, -0.575298,0.0510914,0.113594,-1.95136,0.558371,-0.164024,-0.164024;
1.11, -0.575878,0.050842,0.113586,-1.95165,0.559024,-0.164643,-0.164643;
1.12, -0.577114,0.0506375,0.113581,-1.95195,0.559732,-0.165286,-0.165286;
1.13, -0.577619,0.0503581,0.113574,-1.95225,0.560458,-0.165937,-0.165937;
1.14, -0.578437,0.0501444,0.113566,-1.95255,0.561145,-0.166577,-0.166577;
1.15, -0.579447,0.0499156,0.113558,-1.95286,0.561853,-0.167222,-0.167222;
1.16, -0.580573,0.0496953,0.113553,-1.95316,0.562556,-0.16787,-0.16787;
1.17, -0.581729,0.0494292,0.113543,-1.95346,0.563239,-0.168512,-0.168512;
1.18, -0.582628,0.0491779,0.113536,-1.95376,0.563892,-0.169143,-0.169143;
1.19, -0.583525,0.0489228,0.113524,-1.95405,0.564516,-0.169761,-0.169761;
1.2, -0.584246,0.0486829,0.113516,-1.95435,0.565132,-0.170376,-0.170376;
1.21, -0.584845,0.0484755,0.113499,-1.95464,0.565744,-0.170988,-0.170988;
1.22, -0.585762,0.0482061,0.113495,-1.95493,0.566364,-0.171605,-0.171605;
1.23, -0.586282,0.0479734,0.113487,-1.95523,0.567002,-0.172235,-0.172235;
1.24, -0.587045,0.0477474,0.11348,-1.95553,0.567635,-0.17286,-0.17286;
1.25, -0.587107,0.0475128,0.113475,-1.95584,0.56829,-0.173498,-0.173498;
1.26, -0.587748,0.0472567,0.113466,-1.95614,0.56895,-0.174139,-0.174139;
1.27, -0.588234,0.0470302,0.113469,-1.95646,0.569669,-0.174808,-0.174808;
1.28, -0.588979,0.0467885,0.113466,-1.95679,0.5704,-0.175482,-0.175482;
1.29, -0.589634,0.0465782,0.113458,-1.95711,0.571153,-0.176168,-0.176168;
1.3, -0.590615,0.0463212,0.113446,-1.95744,0.571905,-0.176853,-0.176853;
1.31, -0.591152,0.0460942,0.113438,-1.95777,0.572662,-0.177545,-0.177545;
1.32, -0.592231,0.0458319,0.113436,-1.9581,0.573398,-0.178226,-0.178226;
1.33, -0.592828,0.0455396,0.113427,-1.95844,0.574149,-0.178916,-0.178916;
1.34, -0.594073,0.045265,0.113418,-1.95876,0.574873,-0.179591,-0.179591;
1.35, -0.594882,0.0449979,0.113412,-1.95909,0.575609,-0.180268,-0.180268;
1.36, -0.595889,0.0447619,0.113407,-1.95941,0.576307,-0.180924,-0.180924;
1.37, -0.596667,0.0445049,0.113404,-1.95973,0.576999,-0.181577,-0.181577;
1.38, -0.598168,0.0442717,0.1134,-1.96004,0.577672,-0.182223,-0.182223;
1.39, -0.599005,0.0440347,0.113395,-1.96036,0.578345,-0.182869,-0.182869;
1.4, -0.599688,0.0437706,0.113391,-1.96067,0.57896,-0.183492,-0.183492;
1.41, -0.600734,0.043555,0.113397,-1.96098,0.579572,-0.184115,-0.184115;
1.42, -0.601575,0.0433342,0.113393,-1.96129,0.580196,-0.184742,-0.184742;
1.43, -0.602062,0.0431025,0.113386,-1.96159,0.580802,-0.185366,-0.185366;
1.44, -0.602911,0.0427868,0.113382,-1.96191,0.581406,-0.185992,-0.185992;
1.45, -0.603808,0.0425084,0.113381,-1.96223,0.582039,-0.186633,-0.186633;
1.46, -0.604607,0.0422189,0.113381,-1.96254,0.582672,-0.187269,-0.187269;
1.47, -0.605216,0.0419924,0.113376,-1.96286,0.583301,-0.187899,-0.187899;
1.48, -0.606884,0.0417459,0.11336,-1.96317,0.583933,-0.188527,-0.188527;
1.49, -0.607424,0.0415008,0.113352,-1.96349,0.584581,-0.189166,-0.189166;
1.5, -0.60823,0.0413082,0.11335,-1.96379,0.585162,-0.189776,-0.189776;
1.51, -0.609109,0.0411818,0.113336,-1.96411,0.585764,-0.190397,-0.190397;
1.52, -0.610604,0.0408642,0.113329,-1.96442,0.586369,-0.191025,-0.191025;
1.53, -0.611714,0.0406048,0.11333,-1.96475,0.586967,-0.191664,-0.191664;
1.54, -0.612968,0.040252,0.113325,-1.96506,0.587515,-0.192274,-0.192274;
1.55, -0.61357,0.0401027,0.113327,-1.96536,0.588043,-0.192874,-0.192874;
1.56, -0.614183,0.0397289,0.113318,-1.96566,0.588545,-0.193451,-0.193451;
1.57, -0.615239,0.0394237,0.113299,-1.96596,0.589068,-0.194049,-0.194049;
1.58, -0.615936,0.0391028,0.113277,-1.96627,0.58962,-0.194648,-0.194648;
1.59, -0.616545,0.0388687,0.113264,-1.96657,0.590162,-0.195238,-0.195238;
1.6, -0.616432,0.0386164,0.113264,-1.96687,0.590721,-0.195829,-0.195829;
1.61, -0.617199,0.0383546,0.11326,-1.96718,0.591303,-0.196434,-0.196434;
1.62, -0.617951,0.0381711,0.113278,-1.96751,0.591964,-0.197077,-0.197077;
1.63, -0.618714,0.0378354,0.113275,-1.96784,0.592633,-0.197725,-0.197725;
1.64, -0.620298,0.0376804,0.113265,-1.96817,0.593303,-0.198381,-0.198381;
1.65, -0.62151,0.0374596,0.113262,-1.96851,0.593978,-0.199032,-0.199032;
1.66, -0.622093,0.037255,0.113252,-1.96883,0.594587,-0.199663,-0.199663;
1.67, -0.622886,0.0370128,0.113247,-1.96915,0.595161,-0.200283,-0.200283;
1.68, -0.62328,0.0367362,0.113242,-1.96948,0.595753,-0.200917,-0.200917;
1.69, -0.623821,0.0364654,0.113236,-1.96981,0.596352,-0.201555,-0.201555;
1.7, -0.624683,0.0362222,0.11323,-1.97015,0.596988,-0.202208,-0.202208;
1.71, -0.625295,0.0359952,0.113223,-1.97049,0.597648,-0.202871,-0.202871;
1.72, -0.625781,0.0357573,0.113215,-1.97083,0.598305,-0.203533,-0.203533;
1.73, -0.626699,0.0355294,0.113214,-1.97118,0.598976,-0.204205,-0.204205;
1.74, -0.627414,0.0352933,0.113211,-1.97154,0.599672,-0.204889,-0.204889;
1.75, -0.628009,0.0350521,0.113205,-1.97189,0.600356,-0.205571,-0.205571;
1.76, -0.629008,0.0348289,0.113202,-1.97225,0.601044,-0.206257,-0.206257;
1.77, -0.630042,0.0345871,0.113196,-1.97261,0.601747,-0.20695,-0.20695;
1.78, -0.630776,0.0343206,0.113194,-1.97297,0.60243,-0.207637,-0.207637;
1.79, -0.631758,0.0340712,0.113191,-1.97333,0.603092,-0.208314,-0.208314;
1.8, -0.63277,0.0337617,0.113187,-1.97368,0.603757,-0.208992,-0.208992;
1.81, -0.633372,0.0334861,0.11319,-1.97404,0.604408,-0.209662,-0.209662;
1.82, -0.633876,0.0332711,0.11319,-1.97438,0.605043,-0.210319,-0.210319;
1.83, -0.634828,0.033047,0.113186,-1.97473,0.605695,-0.210982,-0.210982;
1.84, -0.635481,0.032789,0.113181,-1.97509,0.606371,-0.21166,-0.21166;
1.85, -0.635749,0.0325024,0.113178,-1.97545,0.607033,-0.212335,-0.212335;
1.86, -0.636818,0.0322416,0.113172,-1.97581,0.607707,-0.213015,-0.213015;
1.87, -0.637964,0.0319865,0.113167,-1.97618,0.608423,-0.213712,-0.213712;
1.88, -0.638735,0.03177,0.113165,-1.97654,0.609116,-0.214398,-0.214398;
1.89, -0.639654,0.0315297,0.113161,-1.9769,0.609779,-0.215069,-0.215069;
1.9, -0.640842,0.0312922,0.113162,-1.97726,0.61044,-0.215743,-0.215743;
1.91, -0.641768,0.0310218,0.113157,-1.97762,0.611091,-0.216415,-0.216415;
1.92, -0.642524,0.0307953,0.11315,-1.97798,0.61171,-0.217073,-0.217073;
1.93, -0.643441,0.030545,0.113148,-1.97833,0.61232,-0.217726,-0.217726;
1.94, -0.64402,0.0303166,0.113145,-1.97868,0.612935,-0.218384,-0.218384;
1.95, -0.644908,0.030093,0.113141,-1.97904,0.613543,-0.219039,-0.219039;
1.96, -0.645864,0.0298688,0.113138,-1.9794,0.61417,-0.219706,-0.219706;
1.97, -0.646172,0.0295703,0.113133,-1.97976,0.614792,-0.220374,-0.220374;
1.98, -0.646618,0.0293391,0.113131,-1.98012,0.615402,-0.221039,-0.221039;
1.99, -0.647548,0.0291927,0.11313,-1.98049,0.616055,-0.22172,-0.22172;
2, -0.6479,0.0290205,0.113126,-1.98087,0.616738,-0.222418,-0.222418;
2.01, -0.648996,0.0288241,0.113127,-1.98125,0.617407,-0.223119,-0.223119;
2.02, -0.649936,0.0286062,0.113119,-1.98164,0.618106,-0.223844,-0.223844;
2.03, -0.65064,0.0283439,0.113117,-1.98203,0.618779,-0.224561,-0.224561;
2.04, -0.652126,0.0280249,0.113117,-1.98242,0.619437,-0.225273,-0.225273;
2.05, -0.652863,0.0276592,0.113121,-1.98281,0.620101,-0.225985,-0.225985;
2.06, -0.653465,0.0272648,0.113121,-1.98319,0.620712,-0.226663,-0.226663;
2.07, -0.654598,0.0270278,0.113132,-1.98355,0.621332,-0.227332,-0.227332;
2.08, -0.655189,0.0268166,0.11313,-1.98392,0.621974,-0.227997,-0.227997;
2.09, -0.656035,0.0265501,0.113127,-1.98428,0.622592,-0.228651,-0.228651;
2.1, -0.657002,0.0262744,0.113133,-1.98465,0.623225,-0.229318,-0.229318;
2.11, -0.657314,0.0260003,0.113131,-1.98502,0.623857,-0.229985,-0.229985;
2.12, -0.65805,0.0257952,0.113137,-1.98538,0.624477,-0.230644,-0.230644;
2.13, -0.658981,0.0256383,0.113126,-1.98576,0.625138,-0.231323,-0.231323;
2.14, -0.65925,0.0253627,0.113115,-1.98614,0.625804,-0.23201,-0.23201;
2.15, -0.660302,0.0249965,0.113104,-1.98652,0.626455,-0.232701,-0.232701;
2.16, -0.661722,0.0247257,0.113097,-1.98692,0.627148,-0.23341,-0.23341;
2.17, -0.662467,0.0245144,0.113098,-1.9873,0.627825,-0.2341,-0.2341;
2.18, -0.663506,0.0242918,0.113096,-1.98767,0.628451,-0.234763,-0.234763;
2.19, -0.664896,0.0240614,0.113097,-1.98805,0.629078,-0.235432,-0.235432;
2.2, -0.665277,0.0237873,0.113102,-1.98842,0.629686,-0.236096,-0.236096;
2.21, -0.66563,0.0235817,0.113105,-1.98878,0.630248,-0.236741,-0.236741;
2.22, -0.666448,0.0233791,0.113111,-1.98915,0.630847,-0.237403,-0.237403;
2.23, -0.667309,0.0231216,0.11311,-1.98954,0.631484,-0.238089,-0.238089;
2.24, -0.668237,0.0228865,0.113112,-1.98993,0.632121,-0.238781,-0.238781;
2.25, -0.669388,0.0226362,0.113109,-1.99032,0.632754,-0.239471,-0.239471;
2.26, -0.67022,0.0223792,0.113104,-1.99071,0.633376,-0.240158,-0.240158;
2.27, -0.671064,0.0221393,0.1131,-1.99109,0.633972,-0.240831,-0.240831;
2.28, -0.671653,0.021898,0.113102,-1.99147,0.634566,-0.241504,-0.241504;
2.29, -0.672669,0.0216548,0.113102,-1.99186,0.63516,-0.242178,-0.242178;
2.3, -0.673259,0.0213912,0.113105,-1.99224,0.635774,-0.242862,-0.242862;
2.31, -0.67388,0.0211337,0.113106,-1.99263,0.636373,-0.243541,-0.243541;
2.32, -0.674932,0.0208852,0.113103,-1.99302,0.63699,-0.244228,-0.244228;
2.33, -0.675657,0.0206277,0.113101,-1.99342,0.637625,-0.244922,-0.244922;
2.34, -0.676206,0.0203826,0.113102,-1.99381,0.638241,-0.245608,-0.245608;
2.35, -0.67698,0.0201595,0.113105,-1.99421,0.638864,-0.246297,-0.246297;
2.36, -0.67728,0.0199063,0.113104,-1.99461,0.639508,-0.246998,-0.246998;
2.37, -0.678227,0.0196483,0.113102,-1.99501,0.640154,-0.247703,-0.247703;
2.38, -0.679145,0.0193956,0.113099,-1.99543,0.640839,-0.248428,-0.248428;
2.39, -0.679599,0.0191367,0.113102,-1.99584,0.641512,-0.249146,-0.249146;
2.4, -0.680453,0.0188868,0.113107,-1.99625,0.642173,-0.249858,-0.249858;
2.41, -0.680887,0.0186436,0.11311,-1.99667,0.64286,-0.250582,-0.250582;
2.42, -0.681761,0.0183918,0.113113,-1.99709,0.64354,-0.251304,-0.251304;
2.43, -0.682366,0.0181267,0.113115,-1.99751,0.644246,-0.252039,-0.252039;
2.44, -0.683383,0.0178773,0.11312,-1.99794,0.644943,-0.252771,-0.252771;
2.45, -0.684198,0.0176237,0.113121,-1.99836,0.645651,-0.253507,-0.253507;
2.46, -0.685481,0.0173948,0.113126,-1.99878,0.646339,-0.254232,-0.254232;
2.47, -0.686512,0.0171688,0.113126,-1.99921,0.647021,-0.254955,-0.254955;
2.48, -0.68778,0.0169404,0.113127,-1.99962,0.64766,-0.25566,-0.25566;
2.49, -0.688765,0.0166876,0.113126,-2.00002,0.648278,-0.256356,-0.256356;
2.5, -0.689727,0.0164292,0.11312,-2.00042,0.648858,-0.257036,-0.257036;
2.51, -0.690558,0.0161798,0.113117,-2.00082,0.649425,-0.257708,-0.257708;
2.52, -0.691669,0.01595,0.11312,-2.00121,0.649983,-0.258376,-0.258376;
2.53, -0.692067,0.0156891,0.11313,-2.0016,0.650543,-0.259046,-0.259046;
2.54, -0.692874,0.0153916,0.113129,-2.00199,0.651083,-0.259708,-0.259708;
2.55, -0.694082,0.0151479,0.11313,-2.00239,0.651659,-0.260388,-0.260388;
2.56, -0.694144,0.014899,0.11313,-2.00279,0.652242,-0.261067,-0.261067;
2.57, -0.694718,0.0146773,0.113139,-2.00319,0.652797,-0.261733,-0.261733;
2.58, -0.695058,0.014437,0.113143,-2.0036,0.653412,-0.262431,-0.262431;
2.59, -0.695144,0.0142624,0.113153,-2.00402,0.654049,-0.263145,-0.263145;
2.6, -0.695674,0.0140388,0.113164,-2.00446,0.654723,-0.263879,-0.263879;
2.61, -0.696245,0.0137393,0.113172,-2.00491,0.655448,-0.264649,-0.264649;
2.62, -0.697082,0.0133545,0.11318,-2.00538,0.656192,-0.265431,-0.265431;
2.63, -0.697843,0.013109,0.113174,-2.00584,0.656948,-0.266214,-0.266214;
2.64, -0.698872,0.0128496,0.113174,-2.0063,0.657699,-0.26698,-0.26698;
2.65, -0.699881,0.0126126,0.113174,-2.00675,0.658444,-0.267742,-0.267742;
2.66, -0.700882,0.0124276,0.113185,-2.0072,0.659164,-0.268492,-0.268492;
2.67, -0.701636,0.0122182,0.1132,-2.00764,0.65986,-0.26923,-0.26923;
2.68, -0.702761,0.0119436,0.113193,-2.00808,0.660532,-0.269965,-0.269965;
2.69, -0.703833,0.0117238,0.113194,-2.00852,0.661201,-0.270703,-0.270703;
2.7, -0.704442,0.0114782,0.113195,-2.00896,0.661843,-0.271425,-0.271425;
2.71, -0.705075,0.0112941,0.113197,-2.00939,0.66246,-0.272137,-0.272137;
2.72, -0.706372,0.0110581,0.113196,-2.00982,0.663091,-0.272857,-0.272857;
2.73, -0.706996,0.0107844,0.113198,-2.01026,0.663732,-0.27359,-0.27359;
2.74, -0.708119,0.0105283,0.113195,-2.0107,0.664334,-0.274305,-0.274305;
2.75, -0.709218,0.0103171,0.113203,-2.01113,0.66495,-0.275024,-0.275024;
2.76, -0.710505,0.0100815,0.113206,-2.01156,0.665542,-0.275729,-0.275729;
2.77, -0.711298,0.00981927,0.113213,-2.01198,0.66611,-0.276426,-0.276426;
2.78, -0.712337,0.00957322,0.113219,-2.01239,0.666641,-0.277105,-0.277105;
2.79, -0.712827,0.00932765,0.113223,-2.01281,0.667177,-0.277785,-0.277785;
2.8, -0.713691,0.00905919,0.113227,-2.01322,0.6677,-0.278459,-0.278459;
2.81, -0.714009,0.00880933,0.11323,-2.01364,0.668253,-0.279149,-0.279149;
2.82, -0.714731,0.00854659,0.113237,-2.01406,0.668807,-0.279839,-0.279839;
2.83, -0.715236,0.00827718,0.113239,-2.0145,0.669403,-0.280551,-0.280551;
2.84, -0.715833,0.00803256,0.113243,-2.01494,0.67001,-0.281268,-0.281268;
2.85, -0.716322,0.00779557,0.113246,-2.01538,0.670642,-0.281997,-0.281997;
2.86, -0.717034,0.00757003,0.113248,-2.01583,0.671291,-0.282736,-0.282736;
2.87, -0.717637,0.00735021,0.113252,-2.0163,0.671961,-0.283489,-0.283489;
2.88, -0.718553,0.00710607,0.113256,-2.01676,0.672636,-0.284246,-0.284246;
2.89, -0.718954,0.00681376,0.11326,-2.01723,0.673322,-0.285014,-0.285014;
2.9, -0.719987,0.00655532,0.113261,-2.0177,0.673994,-0.285775,-0.285775;
2.91, -0.721236,0.0063436,0.113263,-2.01818,0.674695,-0.286546,-0.286546;
2.92, -0.721895,0.00605559,0.113271,-2.01865,0.675374,-0.287304,-0.287304;
2.93, -0.722958,0.00585151,0.113277,-2.01911,0.676012,-0.288044,-0.288044;
2.94, -0.723619,0.00561118,0.113282,-2.01956,0.676658,-0.288785,-0.288785;
2.95, -0.724561,0.00539041,0.113286,-2.02002,0.67728,-0.289518,-0.289518;
2.96, -0.725445,0.00515294,0.113293,-2.02048,0.67791,-0.290257,-0.290257;
2.97, -0.726458,0.00488448,0.113298,-2.02094,0.678528,-0.290993,-0.290993;
2.98, -0.727376,0.0046699,0.113302,-2.02139,0.679138,-0.291726,-0.291726;
2.99, -0.728672,0.0044539,0.113306,-2.02184,0.679731,-0.292447,-0.292447;
3, -0.729743,0.00421119,0.113313,-2.02229,0.680315,-0.293167,-0.293167;
3.01, -0.730557,0.00396895,0.113318,-2.02273,0.68086,-0.29387,-0.29387;
3.02, -0.731502,0.0037539,0.113323,-2.02316,0.681385,-0.294562,-0.294562;
3.03, -0.732078,0.00349498,0.113325,-2.0236,0.681914,-0.295257,-0.295257;
3.04, -0.73275,0.00322223,0.113329,-2.02404,0.682435,-0.295952,-0.295952;
3.05, -0.733648,0.00299048,0.113334,-2.02448,0.682979,-0.296658,-0.296658;
3.06, -0.734294,0.00271249,0.113339,-2.02493,0.68354,-0.297371,-0.297371;
3.07, -0.735341,0.0024879,0.113348,-2.02537,0.684097,-0.298083,-0.298083;
3.08, -0.736097,0.00228047,0.113351,-2.02583,0.684669,-0.298802,-0.298802;
3.09, -0.736724,0.00196958,0.113353,-2.02628,0.685225,-0.299513,-0.299513;
3.1, -0.737864,0.00179076,0.113359,-2.02673,0.685785,-0.300232,-0.300232;
3.11, -0.738291,0.00141549,0.113367,-2.02719,0.686363,-0.300954,-0.300954;
3.12, -0.738907,0.00111508,0.113378,-2.02764,0.686916,-0.30167,-0.30167;
3.13, -0.740146,0.00110745,0.113381,-2.0281,0.687504,-0.302392,-0.302392;
3.14, -0.741138,0.00104117,0.11339,-2.02856,0.688112,-0.303118,-0.303118;
3.15, -0.74165,0.000485659,0.113404,-2.02902,0.688677,-0.303849,-0.303849;
3.16, -0.742441,0.000187159,0.113412,-2.02949,0.68922,-0.304588,-0.304588;
3.17, -0.742828,-0.000312328,0.113407,-2.02995,0.6898,-0.305314,-0.305314;
3.18, -0.743465,-0.000596046,0.113404,-2.03041,0.690386,-0.306035,-0.306035;
3.19, -0.743874,-0.000736952,0.113413,-2.03087,0.691015,-0.306754,-0.306754;
3.2, -0.744537,-0.000921011,0.113424,-2.03133,0.691658,-0.307478,-0.307478;
3.21, -0.744985,-0.0010879,0.113433,-2.03181,0.692326,-0.308231,-0.308231;
3.22, -0.745723,-0.00125551,0.113441,-2.0323,0.692998,-0.308997,-0.308997;
3.23, -0.7467,-0.00162673,0.113455,-2.03281,0.69369,-0.309785,-0.309785;
3.24, -0.747708,-0.00190997,0.113464,-2.03332,0.694379,-0.310582,-0.310582;
3.25, -0.748669,-0.00200129,0.113478,-2.03382,0.695053,-0.311357,-0.311357;
3.26, -0.749388,-0.00212598,0.113481,-2.03431,0.695707,-0.312116,-0.312116;
3.27, -0.750231,-0.00242257,0.113485,-2.0348,0.696336,-0.31288,-0.31288;
3.28, -0.751148,-0.00272751,0.11349,-2.0353,0.696964,-0.313657,-0.313657;
3.29, -0.751654,-0.00290656,0.113496,-2.03579,0.697588,-0.314427,-0.314427;
3.3, -0.752482,-0.00315785,0.113505,-2.03628,0.698203,-0.315185,-0.315185;
3.31, -0.753669,-0.00345016,0.113513,-2.03679,0.698836,-0.31596,-0.31596;
3.32, -0.753899,-0.00362015,0.113518,-2.03729,0.699466,-0.316734,-0.316734;
3.33, -0.754776,-0.0038662,0.113522,-2.03777,0.700065,-0.317483,-0.317483;
3.34, -0.755523,-0.0041554,0.113534,-2.03828,0.700702,-0.318264,-0.318264;
3.35, -0.756517,-0.00439334,0.113544,-2.03878,0.701333,-0.319042,-0.319042;
3.36, -0.757339,-0.00460196,0.113553,-2.03929,0.701966,-0.319816,-0.319816;
3.37, -0.758613,-0.00488257,0.113567,-2.03978,0.702581,-0.32058,-0.32058;
3.38, -0.759543,-0.00516224,0.113568,-2.04028,0.703191,-0.321345,-0.321345;
3.39, -0.760593,-0.00542474,0.113579,-2.04077,0.703763,-0.322085,-0.322085;
3.4, -0.7613,-0.00561523,0.113587,-2.04124,0.704326,-0.322815,-0.322815;
3.41, -0.762416,-0.00586915,0.11359,-2.04171,0.704871,-0.323533,-0.323533;
3.42, -0.763212,-0.00611639,0.113598,-2.04219,0.705423,-0.324262,-0.324262;
3.43, -0.764115,-0.00635695,0.113605,-2.04266,0.705954,-0.324979,-0.324979;
3.44, -0.76488,-0.0066092,0.113615,-2.04313,0.706487,-0.325698,-0.325698;
3.45, -0.765308,-0.00686598,0.113623,-2.0436,0.707015,-0.326416,-0.326416;
3.46, -0.765812,-0.00712156,0.113636,-2.04407,0.70755,-0.327137,-0.327137;
3.47, -0.766491,-0.00737405,0.113639,-2.04456,0.708117,-0.327877,-0.327877;
3.48, -0.767086,-0.00761628,0.113643,-2.04506,0.70871,-0.328632,-0.328632;
3.49, -0.768426,-0.00787425,0.113651,-2.04556,0.709314,-0.329393,-0.329393;
3.5, -0.769297,-0.0080862,0.113663,-2.04607,0.709932,-0.330164,-0.330164;
3.51, -0.769772,-0.00826979,0.113672,-2.04656,0.710508,-0.330909,-0.330909;
3.52, -0.770814,-0.00853777,0.113683,-2.04705,0.711075,-0.331653,-0.331653;
3.53, -0.771737,-0.00880575,0.113689,-2.04756,0.711664,-0.332418,-0.332418;
3.54, -0.772774,-0.0090611,0.113694,-2.04806,0.712237,-0.333172,-0.333172;
3.55, -0.773526,-0.00929618,0.113701,-2.04855,0.712801,-0.333917,-0.333917;
3.56, -0.774596,-0.00956559,0.113708,-2.04904,0.713347,-0.334651,-0.334651;
3.57, -0.775273,-0.00976777,0.113717,-2.04953,0.713897,-0.335389,-0.335389;
3.58, -0.775584,-0.00999355,0.113732,-2.05001,0.71443,-0.336114,-0.336114;
3.59, -0.776505,-0.0102527,0.113744,-2.0505,0.714972,-0.336851,-0.336851;
3.6, -0.777511,-0.0105107,0.113759,-2.05101,0.715553,-0.337614,-0.337614;
3.61, -0.778407,-0.0107489,0.113766,-2.05152,0.716128,-0.338373,-0.338373;
3.62, -0.779422,-0.0109415,0.113774,-2.05202,0.716686,-0.339121,-0.339121;
3.63, -0.780262,-0.0111771,0.113785,-2.05251,0.717238,-0.339865,-0.339865;
3.64, -0.780696,-0.0113995,0.113791,-2.05301,0.717772,-0.340604,-0.340604;
3.65, -0.781967,-0.0116355,0.113793,-2.0535,0.718303,-0.341345,-0.341345;
3.66, -0.782379,-0.011831,0.113799,-2.05401,0.718864,-0.342106,-0.342106;
3.67, -0.783102,-0.0120928,0.113809,-2.05451,0.719392,-0.342847,-0.342847;
3.68, -0.783615,-0.012301,0.113823,-2.05502,0.719947,-0.343611,-0.343611;
3.69, -0.784115,-0.012579,0.113841,-2.05554,0.720512,-0.344379,-0.344379;
3.7, -0.785213,-0.0127368,0.113851,-2.05607,0.721098,-0.345164,-0.345164;
3.71, -0.786056,-0.0130255,0.113861,-2.0566,0.721707,-0.345959,-0.345959;
3.72, -0.786276,-0.0132799,0.113869,-2.05714,0.72229,-0.346747,-0.346747;
3.73, -0.787187,-0.0135381,0.11388,-2.05766,0.722868,-0.347527,-0.347527;
3.74, -0.788026,-0.0137551,0.113893,-2.05821,0.72349,-0.348332,-0.348332;
3.75, -0.788826,-0.0139728,0.113903,-2.05874,0.724102,-0.349129,-0.349129;
3.76, -0.789612,-0.0141864,0.113915,-2.05928,0.724707,-0.349925,-0.349925;
3.77, -0.790547,-0.0144279,0.113928,-2.05982,0.725307,-0.35072,-0.35072;
3.78, -0.791005,-0.0146616,0.113941,-2.06036,0.725904,-0.351517,-0.351517;
3.79, -0.791762,-0.0149233,0.113953,-2.0609,0.726489,-0.352305,-0.352305;
3.8, -0.792431,-0.015182,0.113962,-2.06144,0.727097,-0.353109,-0.353109;
3.81, -0.792704,-0.0155249,0.113969,-2.06199,0.727707,-0.353912,-0.353912;
3.82, -0.793918,-0.0157816,0.113977,-2.06254,0.728324,-0.354717,-0.354717;
3.83, -0.794985,-0.0159619,0.113985,-2.0631,0.728981,-0.355536,-0.355536;
3.84, -0.795753,-0.0161707,0.113996,-2.06364,0.729604,-0.356332,-0.356332;
3.85, -0.797068,-0.0164151,0.114007,-2.06418,0.730198,-0.357117,-0.357117;
3.86, -0.797607,-0.0166523,0.114022,-2.06472,0.730788,-0.357905,-0.357905;
3.87, -0.79827,-0.016928,0.114031,-2.06524,0.731338,-0.358667,-0.358667;
3.88, -0.799029,-0.0172005,0.11405,-2.06577,0.731904,-0.359441,-0.359441;
3.89, -0.800164,-0.0174565,0.114066,-2.0663,0.732482,-0.36022,-0.36022;
3.9, -0.800924,-0.0177031,0.114078,-2.06684,0.733064,-0.360998,-0.360998;
3.91, -0.801835,-0.017942,0.114089,-2.06736,0.733619,-0.361758,-0.361758;
3.92, -0.802202,-0.0181653,0.114099,-2.06788,0.734176,-0.36252,-0.36252;
3.93, -0.802799,-0.0183997,0.11411,-2.06841,0.734724,-0.363277,-0.363277;
3.94, -0.803619,-0.01864,0.114118,-2.06894,0.735303,-0.364058,-0.364058;
3.95, -0.803817,-0.0188637,0.11413,-2.06949,0.735897,-0.36485,-0.36485;
3.96, -0.804537,-0.0190828,0.114142,-2.07004,0.736487,-0.365642,-0.365642;
3.97, -0.805239,-0.0193219,0.114157,-2.07061,0.737119,-0.366463,-0.366463;
3.98, -0.806352,-0.0195305,0.114171,-2.07118,0.737753,-0.367289,-0.367289;
3.99, -0.807054,-0.0197625,0.114183,-2.07175,0.738388,-0.368117,-0.368117;
4, -0.807843,-0.0200214,0.114198,-2.07232,0.738993,-0.36893,-0.36893;
4.01, -0.80866,-0.0202646,0.114215,-2.07288,0.739599,-0.369744,-0.369744;
4.02, -0.809646,-0.0205073,0.114227,-2.07344,0.740203,-0.370554,-0.370554;
4.03, -0.810279,-0.0207455,0.11424,-2.07401,0.740801,-0.371361,-0.371361;
4.04, -0.811045,-0.0209849,0.114254,-2.07456,0.741381,-0.372157,-0.372157;
4.05, -0.81214,-0.021224,0.114264,-2.07512,0.74197,-0.372958,-0.372958;
4.06, -0.812931,-0.0214639,0.114277,-2.07568,0.742559,-0.373761,-0.373761;
4.07, -0.813715,-0.0217097,0.114287,-2.07623,0.743122,-0.374548,-0.374548;
4.08, -0.814476,-0.0219412,0.114298,-2.07677,0.743683,-0.375333,-0.375333;
4.09, -0.815082,-0.0221555,0.114311,-2.07732,0.744243,-0.376119,-0.376119;
4.1, -0.815666,-0.022398,0.114324,-2.07787,0.744805,-0.376907,-0.376907;
4.11, -0.815718,-0.0226281,0.114336,-2.07843,0.745378,-0.377706,-0.377706;
4.12, -0.816483,-0.0228574,0.114349,-2.079,0.745966,-0.378516,-0.378516;
4.13, -0.817872,-0.0231071,0.114365,-2.0796,0.746607,-0.379362,-0.379362;
4.14, -0.818448,-0.0233576,0.114376,-2.08019,0.747246,-0.380209,-0.380209;
4.15, -0.819323,-0.0235453,0.114393,-2.08076,0.747834,-0.381022,-0.381022;
4.16, -0.820217,-0.0237672,0.114402,-2.08134,0.748433,-0.38184,-0.38184;
4.17, -0.821425,-0.0240064,0.114412,-2.08191,0.74902,-0.382657,-0.382657;
4.18, -0.822347,-0.0242207,0.114426,-2.08249,0.749595,-0.383468,-0.383468;
4.19, -0.823649,-0.0244558,0.114444,-2.08304,0.750137,-0.384256,-0.384256;
4.2, -0.823879,-0.0247207,0.114455,-2.08359,0.750665,-0.385039,-0.385039;
4.21, -0.824396,-0.024955,0.114466,-2.08413,0.751154,-0.385796,-0.385796;
4.22, -0.8255,-0.0251803,0.114479,-2.08468,0.751687,-0.386581,-0.386581;
4.23, -0.825739,-0.0254471,0.114496,-2.08525,0.752244,-0.387381,-0.387381;
4.24, -0.826911,-0.0257032,0.114515,-2.08581,0.752776,-0.388168,-0.388168;
4.25, -0.826727,-0.0259075,0.114542,-2.08638,0.75335,-0.38898,-0.38898;
4.26, -0.827747,-0.0261333,0.114549,-2.08694,0.753896,-0.389771,-0.389771;
4.27, -0.828274,-0.0264068,0.114567,-2.08754,0.754509,-0.390613,-0.390613;
4.28, -0.828985,-0.0265956,0.114585,-2.08813,0.755105,-0.391445,-0.391445;
4.29, -0.829509,-0.0267677,0.114598,-2.08873,0.755716,-0.392284,-0.392284;
4.3, -0.830463,-0.0270419,0.114612,-2.08933,0.756327,-0.393129,-0.393129;
4.31, -0.830782,-0.0272346,0.114624,-2.08995,0.756949,-0.39399,-0.39399;
4.32, -0.83131,-0.027427,0.114638,-2.09055,0.757555,-0.394835,-0.394835;
4.33, -0.832015,-0.0276756,0.114653,-2.09117,0.758188,-0.395705,-0.395705;
4.34, -0.832681,-0.0279396,0.114665,-2.0918,0.758833,-0.396588,-0.396588;
4.35, -0.833408,-0.0281708,0.11468,-2.09243,0.759478,-0.397469,-0.397469;
4.36, -0.834636,-0.0283966,0.114697,-2.09306,0.760126,-0.398348,-0.398348;
4.37, -0.835079,-0.0286736,0.114711,-2.09369,0.76077,-0.399225,-0.399225;
4.38, -0.836595,-0.0288892,0.11473,-2.0943,0.761373,-0.400074,-0.400074;
4.39, -0.83727,-0.0291581,0.114749,-2.09492,0.761995,-0.400932,-0.400932;
4.4, -0.838324,-0.0293353,0.114764,-2.09551,0.762558,-0.401751,-0.401751;
4.41, -0.839386,-0.0295537,0.114779,-2.0961,0.763124,-0.402568,-0.402568;
4.42, -0.840487,-0.0298145,0.114801,-2.09668,0.763666,-0.403376,-0.403376;
4.43, -0.84144,-0.0301175,0.114822,-2.09725,0.764183,-0.40417,-0.40417;
4.44, -0.842763,-0.0303302,0.114835,-2.09781,0.764678,-0.404945,-0.404945;
4.45, -0.844427,-0.0305946,0.114847,-2.09835,0.765163,-0.405706,-0.405706;
4.46, -0.845491,-0.0308444,0.114861,-2.09889,0.76561,-0.406443,-0.406443;
4.47, -0.84648,-0.0310791,0.114872,-2.09938,0.765996,-0.407135,-0.407135;
4.48, -0.846505,-0.0312943,0.114885,-2.09987,0.766368,-0.407817,-0.407817;
4.49, -0.846616,-0.0315447,0.114896,-2.10036,0.766733,-0.408496,-0.408496;
4.5, -0.846855,-0.0317597,0.11491,-2.10089,0.767163,-0.409226,-0.409226;
4.51, -0.847107,-0.0319126,0.114923,-2.10145,0.767654,-0.409998,-0.409998;
4.52, -0.848126,-0.0321546,0.114939,-2.10204,0.768188,-0.410807,-0.410807;
4.53, -0.848683,-0.0324094,0.114952,-2.10265,0.76876,-0.411655,-0.411655;
4.54, -0.849669,-0.0326457,0.114973,-2.10326,0.769315,-0.412489,-0.412489;
4.55, -0.850295,-0.0328758,0.114993,-2.10387,0.769883,-0.41333,-0.41333;
4.56, -0.850994,-0.0331116,0.115013,-2.10447,0.770433,-0.414158,-0.414158;
4.57, -0.851805,-0.0333443,0.11503,-2.10508,0.770992,-0.414993,-0.414993;
4.58, -0.852601,-0.0335774,0.115045,-2.10569,0.771554,-0.41583,-0.41583;
4.59, -0.853298,-0.0337977,0.115058,-2.1063,0.772112,-0.416665,-0.416665;
4.6, -0.853504,-0.0340126,0.115076,-2.1069,0.772665,-0.417497,-0.417497;
4.61, -0.854269,-0.0342371,0.115093,-2.10751,0.77322,-0.418333,-0.418333;
4.62, -0.855016,-0.0344718,0.115106,-2.10815,0.773814,-0.419199,-0.419199;
4.63, -0.856392,-0.034656,0.115124,-2.10878,0.774407,-0.420066,-0.420066;
4.64, -0.857136,-0.0349,0.115144,-2.10941,0.774996,-0.42093,-0.42093;
4.65, -0.858031,-0.0351374,0.115158,-2.11002,0.775534,-0.421764,-0.421764;
4.66, -0.859539,-0.0353961,0.115177,-2.11063,0.776071,-0.422594,-0.422594;
4.67, -0.859967,-0.0356266,0.115193,-2.11124,0.776597,-0.423416,-0.423416;
4.68, -0.860821,-0.035857,0.115209,-2.11181,0.77707,-0.424197,-0.424197;
4.69, -0.861467,-0.0361123,0.115226,-2.11239,0.777567,-0.424995,-0.424995;
4.7, -0.862229,-0.036324,0.115249,-2.11298,0.778061,-0.425793,-0.425793;
4.71, -0.862917,-0.036576,0.115266,-2.11357,0.778566,-0.426597,-0.426597;
4.72, -0.863811,-0.0367868,0.115281,-2.11417,0.779072,-0.427405,-0.427405;
4.73, -0.864643,-0.0370243,0.115297,-2.11476,0.779586,-0.428217,-0.428217;
4.74, -0.865115,-0.037256,0.115311,-2.11536,0.780091,-0.429025,-0.429025;
4.75, -0.86571,-0.0374842,0.115326,-2.11595,0.780591,-0.429831,-0.429831;
4.76, -0.866504,-0.0376968,0.115344,-2.11656,0.781113,-0.430654,-0.430654;
4.77, -0.867529,-0.0379341,0.115362,-2.11718,0.781649,-0.431488,-0.431488;
4.78, -0.868692,-0.0381775,0.115381,-2.11779,0.782181,-0.432323,-0.432323;
4.79, -0.869142,-0.0383995,0.115398,-2.1184,0.782694,-0.433143,-0.433143;
4.8, -0.870152,-0.0386398,0.115414,-2.11899,0.783177,-0.433939,-0.433939;
4.81, -0.871489,-0.0389104,0.115432,-2.11959,0.783682,-0.434754,-0.434754;
4.82, -0.871946,-0.039134,0.115454,-2.12019,0.784173,-0.435558,-0.435558;
4.83, -0.872547,-0.0393348,0.115473,-2.12076,0.784624,-0.436327,-0.436327;
4.84, -0.873193,-0.0395706,0.11549,-2.12134,0.785099,-0.437116,-0.437116;
4.85, -0.874833,-0.0397949,0.115512,-2.12194,0.785587,-0.437921,-0.437921;
4.86, -0.8757,-0.0400565,0.115523,-2.12255,0.786088,-0.438736,-0.438736;
4.87, -0.876415,-0.0402596,0.115542,-2.12312,0.786525,-0.439505,-0.439505;
4.88, -0.876729,-0.0404894,0.115562,-2.12368,0.786958,-0.440266,-0.440266;
4.89, -0.877875,-0.0407696,0.115578,-2.12426,0.787398,-0.441037,-0.441037;
4.9, -0.877675,-0.0409625,0.1156,-2.12485,0.787874,-0.441839,-0.441839;
4.91, -0.878151,-0.041214,0.115618,-2.12543,0.78833,-0.442619,-0.442619;
4.92, -0.878574,-0.0414379,0.115634,-2.12606,0.788856,-0.443458,-0.443458;
4.93, -0.878377,-0.0416825,0.115652,-2.1267,0.789406,-0.444315,-0.444315;
4.94, -0.878885,-0.0418479,0.115672,-2.12736,0.789979,-0.445191,-0.445191;
4.95, -0.879386,-0.0420001,0.115689,-2.12805,0.790618,-0.446118,-0.446118;
4.96, -0.87956,-0.0422437,0.115711,-2.12876,0.791268,-0.447061,-0.447061;
4.97, -0.880923,-0.0425177,0.115735,-2.12948,0.791923,-0.448019,-0.448019;
4.98, -0.88164,-0.0427268,0.115757,-2.13022,0.792612,-0.449001,-0.449001;
4.99, -0.882346,-0.042974,0.115779,-2.13092,0.79325,-0.449936,-0.449936;
5, -0.883271,-0.0431952,0.115798,-2.13162,0.793877,-0.450864,-0.450864;
5.01, -0.88416,-0.0434148,0.11582,-2.13232,0.794499,-0.451787,-0.451787;
5.02, -0.885072,-0.043607,0.115837,-2.133,0.795101,-0.452694,-0.452694;
5.03, -0.885834,-0.0438197,0.115853,-2.13368,0.795685,-0.453589,-0.453589;
5.04, -0.886757,-0.0440502,0.115877,-2.13435,0.79625,-0.454474,-0.454474;
5.05, -0.887618,-0.0442638,0.115897,-2.13501,0.796808,-0.455355,-0.455355;
5.06, -0.888365,-0.0445127,0.115917,-2.13567,0.79735,-0.456224,-0.456224;
5.07, -0.888823,-0.0447452,0.115935,-2.13632,0.797879,-0.457086,-0.457086;
5.08, -0.889584,-0.044981,0.115961,-2.13697,0.798407,-0.457944,-0.457944;
5.09, -0.890372,-0.0451989,0.11598,-2.13763,0.798955,-0.458818,-0.458818;
5.1, -0.8913,-0.0454147,0.116001,-2.13829,0.7995,-0.459689,-0.459689;
5.11, -0.891956,-0.045651,0.116021,-2.13895,0.800039,-0.460557,-0.460557;
5.12, -0.892347,-0.045866,0.11604,-2.1396,0.800562,-0.461414,-0.461414;
5.13, -0.893309,-0.046092,0.11606,-2.14025,0.801089,-0.462274,-0.462274;
5.14, -0.894234,-0.0463169,0.116082,-2.14092,0.801639,-0.463156,-0.463156;
5.15, -0.895136,-0.0465457,0.116102,-2.14158,0.802172,-0.464024,-0.464024;
5.16, -0.896008,-0.0467646,0.116123,-2.14223,0.80269,-0.464881,-0.464881;
5.17, -0.896999,-0.0469804,0.116145,-2.14288,0.803193,-0.465727,-0.465727;
5.18, -0.897741,-0.047158,0.116164,-2.14352,0.803687,-0.466566,-0.466566;
5.19, -0.898532,-0.04737,0.116177,-2.14414,0.804162,-0.467392,-0.467392;
5.2, -0.899357,-0.047595,0.116193,-2.14478,0.804635,-0.468225,-0.468225;
5.21, -0.900407,-0.0478327,0.116212,-2.14541,0.805106,-0.469058,-0.469058;
5.22, -0.901273,-0.0480447,0.116233,-2.14604,0.805573,-0.469888,-0.469888;
5.23, -0.901714,-0.0482538,0.116252,-2.14666,0.80602,-0.470701,-0.470701;
5.24, -0.902637,-0.0484891,0.116273,-2.14728,0.806459,-0.47151,-0.47151;
5.25, -0.902868,-0.0487268,0.116294,-2.14792,0.806923,-0.472342,-0.472342;
5.26, -0.903218,-0.0489502,0.116318,-2.14854,0.807377,-0.473166,-0.473166;
5.27, -0.90448,-0.0491776,0.116346,-2.1492,0.807871,-0.47402,-0.47402;
5.28, -0.905112,-0.0494373,0.116365,-2.14987,0.808394,-0.4749,-0.4749;
5.29, -0.905917,-0.0496268,0.116387,-2.15052,0.808881,-0.475749,-0.475749;
5.3, -0.906638,-0.0499008,0.116402,-2.15117,0.809375,-0.4766,-0.4766;
5.31, -0.907049,-0.0501168,0.116429,-2.15183,0.809863,-0.477451,-0.477451;
5.32, -0.908292,-0.0503564,0.116454,-2.15248,0.810354,-0.4783,-0.4783;
5.33, -0.909006,-0.050554,0.116473,-2.15315,0.810868,-0.479169,-0.479169;
5.34, -0.910139,-0.0507636,0.116495,-2.15379,0.811347,-0.480008,-0.480008;
5.35, -0.911684,-0.0510044,0.116515,-2.15444,0.811825,-0.480851,-0.480851;
5.36, -0.91236,-0.051208,0.116534,-2.15507,0.812276,-0.481673,-0.481673;
5.37, -0.913032,-0.0514576,0.116554,-2.15567,0.812671,-0.482448,-0.482448;
5.38, -0.913683,-0.0516467,0.116573,-2.15627,0.813071,-0.483232,-0.483232;
5.39, -0.913513,-0.0518861,0.11659,-2.15688,0.813484,-0.484023,-0.484023;
5.4, -0.91435,-0.0521312,0.116606,-2.1575,0.813907,-0.484829,-0.484829;
5.41, -0.914516,-0.0523312,0.116631,-2.15816,0.814399,-0.485692,-0.485692;
5.42, -0.915127,-0.0525773,0.116652,-2.15883,0.814889,-0.486552,-0.486552;
5.43, -0.915152,-0.0527658,0.116674,-2.15952,0.815418,-0.487448,-0.487448;
5.44, -0.915724,-0.0529764,0.116696,-2.16022,0.815955,-0.488349,-0.488349;
5.45, -0.916112,-0.0532241,0.116724,-2.16095,0.816538,-0.489294,-0.489294;
5.46, -0.917086,-0.0534081,0.116746,-2.16169,0.817127,-0.490247,-0.490247;
5.47, -0.918045,-0.0536127,0.11677,-2.16244,0.817735,-0.491213,-0.491213;
5.48, -0.91922,-0.0538297,0.116795,-2.16318,0.818318,-0.492161,-0.492161;
5.49, -0.920073,-0.0540411,0.116812,-2.1639,0.818875,-0.493091,-0.493091;
5.5, -0.920813,-0.054235,0.116839,-2.1646,0.819394,-0.493988,-0.493988;
5.51, -0.921628,-0.0544541,0.116859,-2.16529,0.819899,-0.494875,-0.494875;
5.52, -0.922404,-0.0546536,0.116882,-2.16598,0.820399,-0.495761,-0.495761;
5.53, -0.923459,-0.0549107,0.11691,-2.16666,0.820891,-0.496642,-0.496642;
5.54, -0.924334,-0.0551271,0.116933,-2.16735,0.821378,-0.497521,-0.497521;
5.55, -0.924795,-0.0553885,0.116954,-2.16801,0.821843,-0.498376,-0.498376;
5.56, -0.92548,-0.0556073,0.116981,-2.16867,0.822297,-0.499223,-0.499223;
5.57, -0.926386,-0.0558238,0.117005,-2.16934,0.822772,-0.500083,-0.500083;
5.58, -0.926956,-0.0560608,0.11703,-2.17002,0.823251,-0.500948,-0.500948;
5.59, -0.927852,-0.0562477,0.117055,-2.17069,0.823718,-0.501804,-0.501804;
5.6, -0.928368,-0.0564437,0.117076,-2.17136,0.824196,-0.502669,-0.502669;
5.61, -0.92887,-0.0566392,0.117105,-2.17203,0.824661,-0.503528,-0.503528;
5.62, -0.929834,-0.0568566,0.117124,-2.17272,0.82514,-0.504403,-0.504403;
5.63, -0.930887,-0.0571032,0.11715,-2.17342,0.825633,-0.505295,-0.505295;
5.64, -0.931798,-0.0573194,0.117166,-2.1741,0.826109,-0.506173,-0.506173;
5.65, -0.932929,-0.0575743,0.117189,-2.17477,0.826562,-0.507027,-0.507027;
5.66, -0.933544,-0.0577955,0.117209,-2.17543,0.827002,-0.507871,-0.507871;
5.67, -0.934826,-0.0580149,0.11723,-2.17607,0.827417,-0.508688,-0.508688;
5.68, -0.935471,-0.0582459,0.117255,-2.17672,0.827841,-0.509514,-0.509514;
5.69, -0.936346,-0.0584664,0.117281,-2.17734,0.82823,-0.510311,-0.510311;
5.7, -0.937012,-0.0587132,0.1173,-2.17797,0.828629,-0.511115,-0.511115;
5.71, -0.937878,-0.0589559,0.117322,-2.1786,0.829022,-0.511916,-0.511916;
5.72, -0.938643,-0.0591738,0.117349,-2.17923,0.829425,-0.512723,-0.512723;
5.73, -0.939125,-0.0593672,0.117372,-2.17986,0.829825,-0.513526,-0.513526;
5.74, -0.940561,-0.0595434,0.117393,-2.1805,0.830225,-0.514331,-0.514331;
5.75, -0.941102,-0.059804,0.117418,-2.18115,0.830645,-0.51516,-0.51516;
5.76, -0.941993,-0.0600588,0.11744,-2.18177,0.831018,-0.515954,-0.515954;
5.77, -0.94243,-0.0602646,0.117463,-2.1824,0.831409,-0.516759,-0.516759;
5.78, -0.942821,-0.0604687,0.117496,-2.18303,0.831796,-0.517557,-0.517557;
5.79, -0.944205,-0.0607209,0.117521,-2.18368,0.832206,-0.518379,-0.518379;
5.8, -0.944779,-0.0609274,0.117543,-2.18435,0.832644,-0.519229,-0.519229;
5.81, -0.945701,-0.061146,0.117564,-2.18499,0.833041,-0.520039,-0.520039;
5.82, -0.946386,-0.0613868,0.117584,-2.18564,0.833448,-0.520863,-0.520863;
5.83, -0.946836,-0.0616562,0.117611,-2.18628,0.833847,-0.521678,-0.521678;
5.84, -0.947978,-0.0618556,0.117633,-2.18693,0.834252,-0.522498,-0.522498;
5.85, -0.948194,-0.0619965,0.117663,-2.18759,0.834682,-0.523336,-0.523336;
5.86, -0.948515,-0.0622296,0.117686,-2.18824,0.835086,-0.524153,-0.524153;
5.87, -0.948666,-0.0624521,0.117709,-2.18892,0.835522,-0.525012,-0.525012;
5.88, -0.948888,-0.0626829,0.117732,-2.18962,0.835989,-0.5259,-0.5259;
5.89, -0.949865,-0.0628893,0.117756,-2.19036,0.836497,-0.526825,-0.526825;
5.9, -0.950769,-0.0630863,0.117783,-2.19111,0.837038,-0.527779,-0.527779;
5.91, -0.951051,-0.0632651,0.117808,-2.19186,0.837557,-0.528716,-0.528716;
5.92, -0.951614,-0.0634799,0.117836,-2.19259,0.838057,-0.529637,-0.529637;
5.93, -0.952127,-0.0637074,0.117861,-2.19335,0.838579,-0.530585,-0.530585;
5.94, -0.952539,-0.0638716,0.117882,-2.19411,0.839109,-0.53154,-0.53154;
5.95, -0.95336,-0.0640521,0.117907,-2.19488,0.839648,-0.532503,-0.532503;
5.96, -0.954391,-0.0642412,0.117934,-2.19566,0.8402,-0.533485,-0.533485;
5.97, -0.955058,-0.0644286,0.117958,-2.19644,0.840737,-0.534457,-0.534457;
5.98, -0.956052,-0.0646503,0.117984,-2.1972,0.841244,-0.535405,-0.535405;
5.99, -0.956657,-0.0648298,0.118004,-2.19795,0.841747,-0.536352,-0.536352;
6, -0.957158,-0.0650642,0.118031,-2.19869,0.842227,-0.537276,-0.537276;
6.01, -0.95794,-0.065258,0.118055,-2.19943,0.842709,-0.538206,-0.538206;
6.02, -0.958679,-0.0654762,0.118085,-2.20019,0.843203,-0.539145,-0.539145;
6.03, -0.959339,-0.0657074,0.118111,-2.20093,0.84369,-0.540079,-0.540079;
6.04, -0.960405,-0.0659053,0.118134,-2.20168,0.844171,-0.541007,-0.541007;
6.05, -0.960816,-0.0661659,0.11816,-2.20242,0.844653,-0.541934,-0.541934;
6.06, -0.961771,-0.0663695,0.118188,-2.20314,0.845109,-0.542836,-0.542836;
6.07, -0.962714,-0.066546,0.11821,-2.20387,0.845584,-0.543752,-0.543752;
6.08, -0.963322,-0.0667543,0.118239,-2.2046,0.846041,-0.544651,-0.544651;
6.09, -0.964241,-0.0670114,0.118267,-2.20531,0.846478,-0.545537,-0.545537;
6.1, -0.964873,-0.0672176,0.118298,-2.20602,0.84692,-0.54643,-0.54643;
6.11, -0.965993,-0.0674133,0.118328,-2.20673,0.847351,-0.547306,-0.547306;
6.12, -0.966879,-0.0676119,0.118356,-2.20743,0.847786,-0.548188,-0.548188;
6.13, -0.967623,-0.0678153,0.118383,-2.20812,0.848193,-0.549046,-0.549046;
6.14, -0.967628,-0.0680864,0.11841,-2.2088,0.848587,-0.549895,-0.549895;
6.15, -0.968606,-0.0683098,0.118434,-2.20949,0.848981,-0.550744,-0.550744;
6.16, -0.969287,-0.0685563,0.118462,-2.21021,0.849427,-0.551638,-0.551638;
6.17, -0.969386,-0.0687606,0.11849,-2.21091,0.849858,-0.552517,-0.552517;
6.18, -0.969868,-0.0689719,0.118518,-2.21162,0.850292,-0.553395,-0.553395;
6.19, -0.971002,-0.0691514,0.118548,-2.21236,0.850767,-0.554314,-0.554314;
6.2, -0.971922,-0.0693505,0.11857,-2.21312,0.851256,-0.55525,-0.55525;
6.21, -0.972565,-0.0695632,0.118596,-2.21385,0.851712,-0.556159,-0.556159;
6.22, -0.973621,-0.0697529,0.118621,-2.21458,0.852149,-0.557052,-0.557052;
6.23, -0.973921,-0.0699556,0.11865,-2.2153,0.852588,-0.557949,-0.557949;
6.24, -0.974726,-0.0701609,0.118678,-2.21601,0.853002,-0.558824,-0.558824;
6.25, -0.975174,-0.0703614,0.118705,-2.21674,0.853443,-0.559727,-0.559727;
6.26, -0.97674,-0.0705464,0.11873,-2.21746,0.853877,-0.560626,-0.560626;
6.27, -0.977217,-0.070771,0.118758,-2.21821,0.854326,-0.561542,-0.561542;
6.28, -0.978226,-0.070998,0.118782,-2.2189,0.854716,-0.562404,-0.562404;
6.29, -0.979304,-0.0711758,0.118809,-2.21961,0.855121,-0.563278,-0.563278;
6.3, -0.979462,-0.0713816,0.118842,-2.2203,0.855508,-0.564133,-0.564133;
6.31, -0.980371,-0.0715282,0.118871,-2.22098,0.85587,-0.564968,-0.564968;
6.32, -0.980633,-0.0717592,0.1189,-2.22168,0.85627,-0.565844,-0.565844;
6.33, -0.981267,-0.071944,0.118926,-2.22239,0.856657,-0.566715,-0.566715;
6.34, -0.982594,-0.0721552,0.118951,-2.22312,0.857076,-0.567617,-0.567617;
6.35, -0.982595,-0.0723846,0.118976,-2.22386,0.8575,-0.568527,-0.568527;
6.36, -0.983173,-0.0726075,0.119004,-2.22456,0.857883,-0.569395,-0.569395;
6.37, -0.984158,-0.0728099,0.119038,-2.22531,0.858313,-0.570308,-0.570308;
6.38, -0.985122,-0.0730498,0.119067,-2.22606,0.858754,-0.57123,-0.57123;
6.39, -0.985932,-0.0732543,0.119091,-2.22679,0.859175,-0.572133,-0.572133;
6.4, -0.986637,-0.0734224,0.119115,-2.22751,0.859578,-0.573015,-0.573015;
6.41, -0.986918,-0.0736065,0.119141,-2.22822,0.859973,-0.573889,-0.573889;
6.42, -0.987656,-0.0738139,0.119169,-2.22893,0.860367,-0.574768,-0.574768;
6.43, -0.988629,-0.0740435,0.119198,-2.22968,0.860789,-0.575679,-0.575679;
6.44, -0.989464,-0.074239,0.119222,-2.23042,0.861209,-0.57659,-0.57659;
6.45, -0.990523,-0.074476,0.119247,-2.23115,0.861611,-0.57748,-0.57748;
6.46, -0.991858,-0.0746863,0.119274,-2.23186,0.862003,-0.578361,-0.578361;
6.47, -0.992728,-0.0749252,0.119307,-2.23256,0.862374,-0.579216,-0.579216;
6.48, -0.99351,-0.0751481,0.11934,-2.23322,0.862704,-0.580029,-0.580029;
6.49, -0.993979,-0.0753391,0.119368,-2.23388,0.863026,-0.580832,-0.580832;
6.5, -0.994777,-0.0755851,0.119397,-2.23453,0.86335,-0.581634,-0.581634;
6.51, -0.995152,-0.0757904,0.119423,-2.2352,0.863693,-0.58246,-0.58246;
6.52, -0.995408,-0.0760009,0.119456,-2.23587,0.864037,-0.583284,-0.583284;
6.53, -0.996006,-0.0762322,0.119484,-2.23657,0.864407,-0.584137,-0.584137;
6.54, -0.996497,-0.0764604,0.119515,-2.2373,0.864809,-0.585025,-0.585025;
6.55, -0.997293,-0.0766442,0.119547,-2.23803,0.865221,-0.585921,-0.585921;
6.56, -0.997362,-0.0768399,0.119572,-2.23878,0.865648,-0.586832,-0.586832;
6.57, -0.997916,-0.0770698,0.119599,-2.23952,0.866067,-0.587738,-0.587738;
6.58, -0.998663,-0.0772498,0.119625,-2.2403,0.866524,-0.588687,-0.588687;
6.59, -0.999195,-0.0774074,0.119662,-2.24109,0.86699,-0.589644,-0.589644;
6.6, -1.00012,-0.0775921,0.119692,-2.24188,0.867448,-0.590597,-0.590597;
6.61, -1.00085,-0.0777926,0.119724,-2.24267,0.867909,-0.591561,-0.591561;
6.62, -1.00125,-0.0779655,0.119752,-2.24345,0.868349,-0.592507,-0.592507;
6.63, -1.00187,-0.0781627,0.119777,-2.24422,0.868783,-0.593447,-0.593447;
6.64, -1.00247,-0.0784085,0.119807,-2.24501,0.869231,-0.594408,-0.594408;
6.65, -1.00334,-0.0786386,0.119837,-2.24581,0.869681,-0.595371,-0.595371;
6.66, -1.00493,-0.0788593,0.119863,-2.2466,0.870135,-0.596334,-0.596334;
6.67, -1.00569,-0.0790653,0.119894,-2.24738,0.870576,-0.597278,-0.597278;
6.68, -1.00643,-0.0792856,0.119927,-2.2481,0.870955,-0.598154,-0.598154;
6.69, -1.00685,-0.0794692,0.119954,-2.24882,0.871327,-0.599022,-0.599022;
6.7, -1.0077,-0.0796454,0.119982,-2.24953,0.871697,-0.599887,-0.599887;
6.71, -1.00801,-0.0798161,0.120009,-2.25027,0.872084,-0.600777,-0.600777;
6.72, -1.00834,-0.0800323,0.120035,-2.25099,0.872461,-0.601661,-0.601661;
6.73, -1.00861,-0.0802569,0.120067,-2.25175,0.872861,-0.602576,-0.602576;
6.74, -1.00953,-0.0804386,0.120101,-2.25253,0.873286,-0.603518,-0.603518;
6.75, -1.01051,-0.080657,0.120127,-2.25333,0.873738,-0.604486,-0.604486;
6.76, -1.01114,-0.0808456,0.120157,-2.25412,0.874171,-0.605438,-0.605438;
6.77, -1.01173,-0.0810213,0.12019,-2.25489,0.874582,-0.606364,-0.606364;
6.78, -1.012,-0.0812438,0.120224,-2.25565,0.874993,-0.607292,-0.607292;
6.79, -1.01269,-0.0814354,0.120253,-2.25643,0.875407,-0.608228,-0.608228;
6.8, -1.01321,-0.0816698,0.120285,-2.25723,0.875846,-0.60919,-0.60919;
6.81, -1.01377,-0.0818763,0.12031,-2.25803,0.876283,-0.610152,-0.610152;
6.82, -1.01448,-0.082073,0.120338,-2.25883,0.876728,-0.611119,-0.611119;
6.83, -1.01535,-0.0822814,0.12037,-2.25964,0.877179,-0.61209,-0.61209;
6.84, -1.01602,-0.0824885,0.120403,-2.26044,0.877622,-0.613057,-0.613057;
6.85, -1.01665,-0.0827036,0.120436,-2.26123,0.878049,-0.614005,-0.614005;
6.86, -1.01726,-0.0829282,0.120472,-2.26202,0.878473,-0.614949,-0.614949;
6.87, -1.01772,-0.083128,0.120504,-2.2628,0.878898,-0.615894,-0.615894;
6.88, -1.01933,-0.0833137,0.120534,-2.26359,0.879326,-0.61684,-0.61684;
6.89, -1.0196,-0.0835044,0.120565,-2.26439,0.879764,-0.617799,-0.617799;
6.9, -1.02036,-0.0836957,0.120598,-2.26513,0.880139,-0.618691,-0.618691;
6.91, -1.02112,-0.0838909,0.120629,-2.2659,0.880536,-0.619609,-0.619609;
6.92, -1.02141,-0.0841267,0.12066,-2.26666,0.880927,-0.620525,-0.620525;
6.93, -1.02161,-0.0843546,0.120692,-2.26742,0.881311,-0.621436,-0.621436;
6.94, -1.02219,-0.0845325,0.120723,-2.2682,0.881721,-0.622372,-0.622372;
6.95, -1.02299,-0.084697,0.120754,-2.26901,0.882162,-0.62334,-0.62334;
6.96, -1.02384,-0.0848713,0.120785,-2.26983,0.882606,-0.624317,-0.624317;
6.97, -1.02478,-0.085072,0.120812,-2.27064,0.883036,-0.625284,-0.625284;
6.98, -1.02498,-0.0853024,0.120841,-2.27144,0.883448,-0.626237,-0.626237;
6.99, -1.02563,-0.0855143,0.120873,-2.27221,0.88384,-0.627166,-0.627166;
7, -1.02634,-0.0857499,0.12091,-2.27301,0.884261,-0.628125,-0.628125;
7.01, -1.02648,-0.085959,0.120942,-2.27382,0.884682,-0.629083,-0.629083;
7.02, -1.02781,-0.0861812,0.120977,-2.27461,0.8851,-0.630034,-0.630034;
7.03, -1.02863,-0.086381,0.121011,-2.27544,0.885549,-0.63102,-0.63102;
7.04, -1.0298,-0.086592,0.121044,-2.27623,0.885954,-0.631954,-0.631954;
7.05, -1.03087,-0.0867743,0.121076,-2.27699,0.886345,-0.632872,-0.632872;
7.06, -1.03176,-0.0869343,0.121105,-2.27773,0.886702,-0.633751,-0.633751;
7.07, -1.0331,-0.0870898,0.121134,-2.27844,0.887032,-0.634603,-0.634603;
7.08, -1.03344,-0.0872712,0.121167,-2.27915,0.887346,-0.635447,-0.635447;
7.09, -1.03416,-0.0874841,0.121188,-2.27982,0.88762,-0.63625,-0.63625;
7.1, -1.03424,-0.0876925,0.121218,-2.28052,0.887916,-0.637084,-0.637084;
7.11, -1.03453,-0.0878742,0.121247,-2.28122,0.888216,-0.637923,-0.637923;
7.12, -1.0351,-0.0880218,0.121283,-2.28196,0.888558,-0.638812,-0.638812;
7.13, -1.03554,-0.0882161,0.121315,-2.28274,0.888928,-0.639736,-0.639736;
7.14, -1.03656,-0.0884101,0.121351,-2.28353,0.889303,-0.640675,-0.640675;
7.15, -1.03685,-0.0885553,0.121381,-2.28433,0.889691,-0.641632,-0.641632;
7.16, -1.03748,-0.0887308,0.121421,-2.28511,0.890056,-0.642561,-0.642561;
7.17, -1.03828,-0.0889359,0.121451,-2.28592,0.89044,-0.64352,-0.64352;
7.18, -1.03852,-0.0891569,0.121485,-2.28673,0.890824,-0.644484,-0.644484;
7.19, -1.03914,-0.0893736,0.12152,-2.28753,0.891199,-0.645434,-0.645434;
7.2, -1.03984,-0.0895796,0.121552,-2.28835,0.8916,-0.646411,-0.646411;
7.21, -1.04025,-0.0898287,0.12159,-2.28918,0.892004,-0.647388,-0.647388;
7.22, -1.04077,-0.0900075,0.121624,-2.28999,0.892403,-0.648358,-0.648358;
7.23, -1.04163,-0.0901864,0.121655,-2.29082,0.892818,-0.649339,-0.649339;
7.24, -1.04257,-0.0903394,0.121683,-2.29166,0.893238,-0.650329,-0.650329;
7.25, -1.04323,-0.0905201,0.121719,-2.29248,0.893641,-0.651301,-0.651301;
7.26, -1.04412,-0.0907331,0.121751,-2.29328,0.894019,-0.652251,-0.652251;
7.27, -1.04483,-0.0909367,0.121785,-2.29408,0.894394,-0.6532,-0.6532;
7.28, -1.04548,-0.0910923,0.121822,-2.29487,0.894754,-0.654128,-0.654128;
7.29, -1.04602,-0.0913234,0.121855,-2.29565,0.895109,-0.65505,-0.65505;
7.3, -1.04666,-0.0915158,0.121885,-2.29643,0.895463,-0.655977,-0.655977;
7.31, -1.04714,-0.0916986,0.121923,-2.29722,0.895825,-0.656909,-0.656909;
7.32, -1.04817,-0.0918696,0.121957,-2.29801,0.896188,-0.657844,-0.657844;
7.33, -1.04879,-0.0920494,0.12199,-2.29881,0.896561,-0.658794,-0.658794;
7.34, -1.0494,-0.0922515,0.122023,-2.29959,0.896909,-0.659718,-0.659718;
7.35, -1.05037,-0.0924373,0.122053,-2.30038,0.897257,-0.660643,-0.660643;
7.36, -1.05088,-0.0926001,0.122086,-2.30116,0.897608,-0.661572,-0.661572;
7.37, -1.05147,-0.0928247,0.122118,-2.30193,0.89794,-0.662479,-0.662479;
7.38, -1.0516,-0.0930285,0.122151,-2.30271,0.898278,-0.6634,-0.6634;
7.39, -1.05235,-0.093241,0.122185,-2.30349,0.898623,-0.664325,-0.664325;
7.4, -1.05233,-0.0934339,0.122221,-2.30431,0.899002,-0.665291,-0.665291;
7.41, -1.05322,-0.0936174,0.122255,-2.30512,0.899375,-0.666248,-0.666248;
7.42, -1.05357,-0.093832,0.12229,-2.30598,0.899787,-0.667254,-0.667254;
7.43, -1.05393,-0.0940261,0.122325,-2.30682,0.900183,-0.668241,-0.668241;
7.44, -1.05445,-0.0942354,0.122358,-2.30767,0.900594,-0.669244,-0.669244;
7.45, -1.05549,-0.0944192,0.122392,-2.30855,0.901019,-0.670266,-0.670266;
7.46, -1.05627,-0.0946033,0.122428,-2.30942,0.901448,-0.671291,-0.671291;
7.47, -1.05698,-0.0947835,0.122457,-2.31026,0.901847,-0.67228,-0.67228;
7.48, -1.05835,-0.0949779,0.122489,-2.31109,0.902231,-0.673253,-0.673253;
7.49, -1.05913,-0.0951588,0.122525,-2.31191,0.902607,-0.674219,-0.674219;
7.5, -1.06018,-0.0953653,0.12256,-2.31269,0.902937,-0.675125,-0.675125;
7.51, -1.06038,-0.0955465,0.122593,-2.31345,0.903255,-0.676021,-0.676021;
7.52, -1.06116,-0.0957303,0.12263,-2.31418,0.903551,-0.676886,-0.676886;
7.53, -1.062,-0.0959361,0.122666,-2.31495,0.903874,-0.67779,-0.67779;
7.54, -1.06228,-0.0961301,0.122699,-2.31572,0.904192,-0.678691,-0.678691;
7.55, -1.06339,-0.0963395,0.122732,-2.31647,0.9045,-0.679577,-0.679577;
7.56, -1.06317,-0.0965571,0.122764,-2.31726,0.904831,-0.680495,-0.680495;
7.57, -1.06406,-0.0967586,0.122803,-2.31801,0.905137,-0.681379,-0.681379;
7.58, -1.06537,-0.0969527,0.122837,-2.31882,0.905497,-0.682329,-0.682329;
7.59, -1.06575,-0.0971377,0.122872,-2.31962,0.905845,-0.683264,-0.683264;
7.6, -1.06643,-0.0973485,0.122898,-2.32037,0.906151,-0.684146,-0.684146;
7.61, -1.06721,-0.0974979,0.122935,-2.32114,0.906472,-0.685049,-0.685049;
7.62, -1.06782,-0.0976613,0.122969,-2.32191,0.906793,-0.685952,-0.685952;
7.63, -1.06798,-0.0978487,0.123004,-2.32268,0.907104,-0.686851,-0.686851;
7.64, -1.06918,-0.0979819,0.123039,-2.32346,0.907417,-0.687757,-0.687757;
7.65, -1.06989,-0.0981481,0.12307,-2.32427,0.90776,-0.688705,-0.688705;
7.66, -1.07021,-0.0983429,0.123109,-2.32505,0.908067,-0.689616,-0.689616;
7.67, -1.07097,-0.0985649,0.123147,-2.32582,0.908368,-0.690523,-0.690523;
7.68, -1.07182,-0.0987964,0.123184,-2.32662,0.908689,-0.691457,-0.691457;
7.69, -1.07297,-0.0990734,0.123216,-2.32741,0.909007,-0.69238,-0.69238;
7.7, -1.07293,-0.0992675,0.123253,-2.32818,0.909316,-0.693286,-0.693286;
7.71, -1.07424,-0.0994327,0.12329,-2.32892,0.909599,-0.694143,-0.694143;
7.72, -1.07407,-0.0995853,0.12332,-2.3297,0.909924,-0.695057,-0.695057;
7.73, -1.07516,-0.0997639,0.123356,-2.33044,0.91021,-0.695926,-0.695926;
7.74, -1.07528,-0.0999508,0.123393,-2.33125,0.910543,-0.696865,-0.696865;
7.75, -1.07633,-0.100126,0.12343,-2.33203,0.91085,-0.697774,-0.697774;
7.76, -1.07653,-0.100323,0.123465,-2.33284,0.911188,-0.698724,-0.698724;
7.77, -1.07745,-0.100528,0.123507,-2.33363,0.911501,-0.699645,-0.699645;
7.78, -1.07876,-0.1007,0.123542,-2.33445,0.911839,-0.7006,-0.7006;
7.79, -1.07952,-0.10087,0.123575,-2.33525,0.912163,-0.701531,-0.701531;
7.8, -1.08013,-0.101084,0.123608,-2.33601,0.912443,-0.70241,-0.70241;
7.81, -1.08092,-0.101316,0.123641,-2.33675,0.912715,-0.70328,-0.70328;
7.82, -1.08076,-0.101493,0.123676,-2.3375,0.912993,-0.704156,-0.704156;
7.83, -1.0813,-0.101708,0.12371,-2.33825,0.913267,-0.70502,-0.70502;
7.84, -1.08151,-0.101883,0.123751,-2.33905,0.91359,-0.705954,-0.705954;
7.85, -1.08203,-0.102063,0.123787,-2.33986,0.913923,-0.706899,-0.706899;
7.86, -1.08229,-0.102242,0.123826,-2.34071,0.91428,-0.70788,-0.70788;
7.87, -1.08346,-0.102439,0.123861,-2.34156,0.914642,-0.708871,-0.708871;
7.88, -1.08422,-0.102635,0.123898,-2.34244,0.915022,-0.709889,-0.709889;
7.89, -1.085,-0.102838,0.123934,-2.34328,0.915368,-0.710859,-0.710859;
7.9, -1.0856,-0.103042,0.123971,-2.3441,0.915702,-0.711813,-0.711813;
7.91, -1.08651,-0.103214,0.124006,-2.34491,0.916026,-0.71275,-0.71275;
7.92, -1.08693,-0.10336,0.124041,-2.34572,0.916351,-0.713687,-0.713687;
7.93, -1.08756,-0.103554,0.124078,-2.34651,0.916658,-0.714604,-0.714604;
7.94, -1.08783,-0.103734,0.124114,-2.34732,0.916974,-0.715541,-0.715541;
7.95, -1.089,-0.103865,0.124147,-2.34813,0.91729,-0.71648,-0.71648;
7.96, -1.08996,-0.104048,0.124184,-2.34897,0.917626,-0.717448,-0.717448;
7.97, -1.09045,-0.104242,0.124221,-2.34977,0.917927,-0.718378,-0.718378;
7.98, -1.09148,-0.104451,0.124257,-2.35055,0.918206,-0.719278,-0.719278;
7.99, -1.09206,-0.104617,0.124295,-2.35133,0.918495,-0.720191,-0.720191;
8, -1.09265,-0.104813,0.124332,-2.35209,0.918763,-0.721071,-0.721071;
8.01, -1.09301,-0.105009,0.12437,-2.35286,0.919033,-0.721959,-0.721959;
8.02, -1.09332,-0.105214,0.124408,-2.35363,0.919309,-0.722854,-0.722854;
8.03, -1.09449,-0.105406,0.124446,-2.35443,0.919603,-0.723775,-0.723775;
8.04, -1.09448,-0.10558,0.124484,-2.35525,0.919918,-0.724723,-0.724723;
8.05, -1.09496,-0.105778,0.124516,-2.35603,0.920203,-0.725627,-0.725627;
8.06, -1.09555,-0.105963,0.124554,-2.35686,0.920523,-0.726584,-0.726584;
8.07, -1.09639,-0.106129,0.124595,-2.3577,0.920853,-0.727555,-0.727555;
8.08, -1.09713,-0.1063,0.124635,-2.35854,0.921184,-0.728527,-0.728527;
8.09, -1.09816,-0.106475,0.124673,-2.35937,0.921499,-0.729482,-0.729482;
8.1, -1.09909,-0.106673,0.124705,-2.36019,0.921804,-0.730425,-0.730425;
8.11, -1.09994,-0.106872,0.124737,-2.36098,0.922084,-0.731335,-0.731335;
8.12, -1.10025,-0.107004,0.124776,-2.36174,0.922346,-0.732218,-0.732218;
8.13, -1.10073,-0.107193,0.124812,-2.36249,0.922597,-0.733083,-0.733083;
8.14, -1.10076,-0.107345,0.124848,-2.36327,0.922865,-0.733983,-0.733983;
8.15, -1.10078,-0.107546,0.124883,-2.36406,0.923145,-0.7349,-0.7349;
8.16, -1.10195,-0.107751,0.124924,-2.36491,0.923459,-0.735873,-0.735873;
8.17, -1.10181,-0.107924,0.124963,-2.3658,0.923809,-0.736896,-0.736896;
8.18, -1.10255,-0.108097,0.125004,-2.36665,0.924127,-0.737869,-0.737869;
8.19, -1.10291,-0.108266,0.125035,-2.36754,0.924484,-0.7389,-0.7389;
8.2, -1.10382,-0.108462,0.125072,-2.36843,0.924831,-0.739919,-0.739919;
8.21, -1.10407,-0.108629,0.125114,-2.36934,0.925189,-0.740955,-0.740955;
8.22, -1.10509,-0.108807,0.125149,-2.37021,0.925526,-0.74196,-0.74196;
8.23, -1.10601,-0.109045,0.125192,-2.37111,0.925879,-0.742989,-0.742989;
8.24, -1.10628,-0.109273,0.12523,-2.37197,0.926204,-0.74398,-0.74398;
8.25, -1.10651,-0.10947,0.125268,-2.3728,0.926511,-0.744934,-0.744934;
8.26, -1.10793,-0.109658,0.125307,-2.37366,0.926838,-0.74591,-0.74591;
8.27, -1.10831,-0.109797,0.125348,-2.37454,0.927187,-0.746916,-0.746916;
8.28, -1.10873,-0.109962,0.125388,-2.37535,0.927486,-0.747852,-0.747852;
8.29, -1.10988,-0.110166,0.125427,-2.37618,0.927793,-0.748806,-0.748806;
8.3, -1.11042,-0.110393,0.125463,-2.37703,0.928109,-0.749779,-0.749779;
8.31, -1.11161,-0.110577,0.125502,-2.37784,0.928393,-0.750703,-0.750703;
8.32, -1.11206,-0.110778,0.125539,-2.37865,0.928682,-0.751629,-0.751629;
8.33, -1.113,-0.110929,0.125577,-2.37941,0.928939,-0.752506,-0.752506;
8.34, -1.11404,-0.111108,0.125614,-2.38019,0.929205,-0.753397,-0.753397;
8.35, -1.11403,-0.11122,0.125652,-2.38095,0.929452,-0.754268,-0.754268;
8.36, -1.11392,-0.111368,0.125693,-2.38168,0.929676,-0.755107,-0.755107;
8.37, -1.11493,-0.111564,0.125732,-2.38247,0.929934,-0.75601,-0.75601;
8.38, -1.11547,-0.111739,0.125771,-2.38332,0.930234,-0.756985,-0.756985;
8.39, -1.11624,-0.11192,0.125809,-2.38414,0.930513,-0.757928,-0.757928;
8.4, -1.11731,-0.112131,0.125851,-2.38497,0.930795,-0.758875,-0.758875;
8.41, -1.11798,-0.112298,0.125889,-2.38579,0.931068,-0.759809,-0.759809;
8.42, -1.11814,-0.112449,0.125925,-2.38656,0.931316,-0.7607,-0.7607;
8.43, -1.11836,-0.112654,0.125963,-2.38734,0.931559,-0.761588,-0.761588;
8.44, -1.11857,-0.112835,0.126004,-2.38815,0.931828,-0.762521,-0.762521;
8.45, -1.11884,-0.112995,0.12604,-2.389,0.932123,-0.763489,-0.763489;
8.46, -1.12041,-0.113186,0.126079,-2.38988,0.93244,-0.764492,-0.764492;
8.47, -1.12101,-0.11338,0.126118,-2.39079,0.932773,-0.765525,-0.765525;
8.48, -1.12232,-0.113605,0.126156,-2.39162,0.93305,-0.766469,-0.766469;
8.49, -1.12293,-0.113813,0.1262,-2.39244,0.933324,-0.767406,-0.767406;
8.5, -1.12335,-0.114019,0.126244,-2.3932,0.93356,-0.768277,-0.768277;
8.51, -1.12378,-0.11418,0.126283,-2.39396,0.933798,-0.769147,-0.769147;
8.52, -1.12427,-0.114359,0.126323,-2.39474,0.93405,-0.770036,-0.770036;
8.53, -1.12484,-0.114525,0.126361,-2.39554,0.934313,-0.770947,-0.770947;
8.54, -1.12519,-0.114682,0.126407,-2.39635,0.934583,-0.771872,-0.771872;
8.55, -1.12656,-0.114851,0.126446,-2.39717,0.934855,-0.772804,-0.772804;
8.56, -1.12693,-0.115057,0.126487,-2.39801,0.935139,-0.773761,-0.773761;
8.57, -1.1269,-0.115227,0.126528,-2.39879,0.935379,-0.774653,-0.774653;
8.58, -1.12774,-0.115398,0.126563,-2.39959,0.935633,-0.775562,-0.775562;
8.59, -1.12775,-0.115566,0.1266,-2.40044,0.935923,-0.776531,-0.776531;
8.6, -1.12794,-0.115779,0.126639,-2.40128,0.9362,-0.777483,-0.777483;
8.61, -1.12828,-0.115944,0.126679,-2.40216,0.936507,-0.778485,-0.778485;
8.62, -1.12885,-0.116117,0.126717,-2.40307,0.936838,-0.779519,-0.779519;
8.63, -1.12957,-0.116328,0.126756,-2.404,0.937179,-0.780573,-0.780573;
8.64, -1.12993,-0.116521,0.126793,-2.40493,0.937517,-0.781623,-0.781623;
8.65, -1.13063,-0.116677,0.126833,-2.40583,0.937844,-0.78265,-0.78265;
8.66, -1.13227,-0.11682,0.126875,-2.40675,0.93818,-0.78369,-0.78369;
8.67, -1.13239,-0.116966,0.126919,-2.40766,0.938504,-0.784715,-0.784715;
8.68, -1.1338,-0.117118,0.12696,-2.40847,0.938764,-0.785398,-0.785398;
8.69, -1.1344,-0.117297,0.127,-2.40933,0.939043,-0.785398,-0.785398;
8.7, -1.13524,-0.117446,0.127042,-2.41012,0.939277,-0.785398,-0.785398;
8.71, -1.13589,-0.11761,0.127078,-2.4109,0.939513,-0.785398,-0.785398;
8.72, -1.13668,-0.117797,0.127118,-2.41166,0.939738,-0.785398,-0.785398;
8.73, -1.13735,-0.117956,0.12716,-2.41242,0.939964,-0.785398,-0.785398;
8.74, -1.13733,-0.1181,0.127201,-2.41317,0.940185,-0.785398,-0.785398;
8.75, -1.13772,-0.118275,0.127239,-2.41391,0.940406,-0.785398,-0.785398;
8.76, -1.13887,-0.11841,0.127279,-2.4147,0.940663,-0.785398,-0.785398;
8.77, -1.1387,-0.118556,0.12732,-2.41551,0.940936,-0.785398,-0.785398;
8.78, -1.13917,-0.118713,0.127357,-2.41628,0.941179,-0.785398,-0.785398;
8.79, -1.13923,-0.118871,0.127394,-2.41712,0.941464,-0.785398,-0.785398;
8.8, -1.13902,-0.119039,0.127428,-2.41796,0.941757,-0.785398,-0.785398;
8.81, -1.13964,-0.1192,0.127473,-2.41884,0.942079,-0.785398,-0.785398;
8.82, -1.14014,-0.119351,0.127513,-2.41979,0.942443,-0.785398,-0.785398;
8.83, -1.14016,-0.119482,0.127554,-2.42072,0.942804,-0.785398,-0.785398;
8.84, -1.14084,-0.1196,0.127596,-2.42165,0.943162,-0.785398,-0.785398;
8.85, -1.14159,-0.119716,0.127638,-2.42261,0.943544,-0.785398,-0.785398;
8.86, -1.14215,-0.119834,0.127677,-2.42356,0.943914,-0.785398,-0.785398;
8.87, -1.14343,-0.11998,0.127715,-2.42449,0.944266,-0.785398,-0.785398;
8.88, -1.14424,-0.120095,0.127755,-2.42541,0.94461,-0.785398,-0.785398;
8.89, -1.14509,-0.120241,0.127797,-2.42626,0.944912,-0.785398,-0.785398;
8.9, -1.14584,-0.120387,0.127835,-2.42708,0.945195,-0.785398,-0.785398;
8.91, -1.14657,-0.12056,0.127871,-2.42788,0.945461,-0.785398,-0.785398;
8.92, -1.14723,-0.120706,0.127912,-2.42867,0.945718,-0.785398,-0.785398;
8.93, -1.14812,-0.120854,0.127945,-2.42944,0.945968,-0.785398,-0.785398;
8.94, -1.1485,-0.121001,0.127988,-2.43021,0.946215,-0.785398,-0.785398;
8.95, -1.14853,-0.121132,0.128027,-2.43095,0.946446,-0.785398,-0.785398;
8.96, -1.14958,-0.12128,0.128066,-2.43172,0.94669,-0.785398,-0.785398;
8.97, -1.1502,-0.121427,0.128107,-2.43253,0.946963,-0.785398,-0.785398;
8.98, -1.15139,-0.121579,0.128146,-2.43331,0.947213,-0.785398,-0.785398;
8.99, -1.15208,-0.121711,0.128186,-2.43409,0.94746,-0.785398,-0.785398;
9, -1.15262,-0.121854,0.128226,-2.43482,0.947676,-0.785398,-0.785398;
9.01, -1.15358,-0.121984,0.128266,-2.43554,0.947887,-0.785398,-0.785398;
9.02, -1.15425,-0.122121,0.128309,-2.43627,0.948102,-0.785398,-0.785398;
9.03, -1.15474,-0.122238,0.128346,-2.43698,0.948299,-0.785398,-0.785398;
9.04, -1.15545,-0.122388,0.128388,-2.43769,0.948494,-0.785398,-0.785398;
9.05, -1.15622,-0.122526,0.128429,-2.43841,0.948696,-0.785398,-0.785398;
9.06, -1.15646,-0.122691,0.128466,-2.43913,0.948895,-0.785398,-0.785398;
9.07, -1.15658,-0.122832,0.128505,-2.43985,0.949088,-0.785398,-0.785398;
9.08, -1.1567,-0.122964,0.128548,-2.44059,0.949303,-0.785398,-0.785398;
9.09, -1.15756,-0.123147,0.128589,-2.44138,0.949545,-0.785398,-0.785398;
9.1, -1.15774,-0.123258,0.128631,-2.44222,0.949813,-0.785398,-0.785398;
9.11, -1.15833,-0.123414,0.128668,-2.44304,0.950069,-0.785398,-0.785398;
9.12, -1.15917,-0.123529,0.128713,-2.44388,0.950343,-0.785398,-0.785398;
9.13, -1.15935,-0.123681,0.128752,-2.44473,0.950616,-0.785398,-0.785398;
9.14, -1.15949,-0.123875,0.128796,-2.44555,0.950873,-0.785398,-0.785398;
9.15, -1.15997,-0.12405,0.128841,-2.4464,0.951148,-0.785398,-0.785398;
9.16, -1.16097,-0.12416,0.128881,-2.44728,0.951449,-0.785398,-0.785398;
9.17, -1.16156,-0.124252,0.128922,-2.44817,0.951755,-0.785398,-0.785398;
9.18, -1.16185,-0.124417,0.128963,-2.44901,0.952033,-0.785398,-0.785398;
9.19, -1.16304,-0.124583,0.129,-2.44985,0.952304,-0.785398,-0.785398;
9.2, -1.16299,-0.124744,0.129042,-2.45072,0.952588,-0.785398,-0.785398;
9.21, -1.16351,-0.124862,0.129077,-2.45152,0.95284,-0.785398,-0.785398;
9.22, -1.16437,-0.124984,0.129118,-2.45237,0.953123,-0.785398,-0.785398;
9.23, -1.1649,-0.125122,0.129159,-2.45323,0.953407,-0.785398,-0.785398;
9.24, -1.16542,-0.125247,0.129201,-2.45407,0.953671,-0.785398,-0.785398;
9.25, -1.16687,-0.125381,0.129243,-2.4549,0.953935,-0.785398,-0.785398;
9.26, -1.16723,-0.125525,0.129286,-2.45573,0.954199,-0.785398,-0.785398;
9.27, -1.16874,-0.125663,0.129324,-2.45649,0.954417,-0.785398,-0.785398;
9.28, -1.16998,-0.125832,0.129366,-2.45727,0.954644,-0.785398,-0.785398;
9.29, -1.17046,-0.12596,0.129405,-2.45796,0.954825,-0.785398,-0.785398;
9.3, -1.17176,-0.126108,0.129444,-2.4586,0.954975,-0.785398,-0.785398;
9.31, -1.1721,-0.126262,0.129484,-2.45926,0.955133,-0.785398,-0.785398;
9.32, -1.17323,-0.126409,0.129524,-2.45987,0.955261,-0.785398,-0.785398;
9.33, -1.17362,-0.126587,0.129559,-2.4605,0.955406,-0.785398,-0.785398;
9.34, -1.17384,-0.126731,0.129594,-2.46111,0.955531,-0.785398,-0.785398;
9.35, -1.17434,-0.126884,0.129632,-2.46174,0.955673,-0.785398,-0.785398;
9.36, -1.17411,-0.127024,0.129674,-2.46242,0.95584,-0.785398,-0.785398;
9.37, -1.17419,-0.127166,0.129716,-2.46312,0.956017,-0.785398,-0.785398;
9.38, -1.17456,-0.127308,0.129759,-2.4639,0.956238,-0.785398,-0.785398;
9.39, -1.17555,-0.127401,0.129805,-2.46473,0.956487,-0.785398,-0.785398;
9.4, -1.17514,-0.12751,0.129849,-2.46558,0.956747,-0.785398,-0.785398;
9.41, -1.17566,-0.127657,0.129886,-2.4664,0.956981,-0.785398,-0.785398;
9.42, -1.17621,-0.127806,0.129933,-2.4673,0.95726,-0.785398,-0.785398;
9.43, -1.17636,-0.127931,0.129976,-2.4682,0.957542,-0.785398,-0.785398;
9.44, -1.177,-0.128119,0.130024,-2.4691,0.957821,-0.785398,-0.785398;
9.45, -1.17742,-0.128257,0.130064,-2.47003,0.958116,-0.785398,-0.785398;
9.46, -1.17776,-0.128394,0.130104,-2.47094,0.958408,-0.785398,-0.785398;
9.47, -1.17855,-0.128516,0.13014,-2.47185,0.958702,-0.785398,-0.785398;
9.48, -1.17909,-0.128627,0.13018,-2.47278,0.959002,-0.785398,-0.785398;
9.49, -1.17937,-0.128768,0.130222,-2.47367,0.959286,-0.785398,-0.785398;
9.5, -1.17983,-0.128903,0.130269,-2.47457,0.959564,-0.785398,-0.785398;
9.51, -1.1801,-0.129037,0.130315,-2.47548,0.959852,-0.785398,-0.785398;
9.52, -1.18063,-0.129157,0.130356,-2.47639,0.960142,-0.785398,-0.785398;
9.53, -1.18142,-0.129286,0.130399,-2.47733,0.960441,-0.785398,-0.785398;
9.54, -1.18138,-0.129408,0.130446,-2.47825,0.960735,-0.785398,-0.785398;
9.55, -1.18171,-0.129564,0.130489,-2.47915,0.961013,-0.785398,-0.785398;
9.56, -1.18265,-0.12968,0.130534,-2.4801,0.961314,-0.785398,-0.785398;
9.57, -1.18332,-0.129793,0.130574,-2.48106,0.961623,-0.785398,-0.785398;
9.58, -1.1839,-0.129931,0.130613,-2.48197,0.961907,-0.785398,-0.785398;
9.59, -1.18445,-0.130059,0.130658,-2.48286,0.962178,-0.785398,-0.785398;
9.6, -1.18493,-0.130193,0.130701,-2.48375,0.962444,-0.785398,-0.785398;
9.61, -1.18621,-0.130357,0.130746,-2.48462,0.962706,-0.785398,-0.785398;
9.62, -1.18727,-0.130482,0.13079,-2.4855,0.962968,-0.785398,-0.785398;
9.63, -1.18793,-0.130625,0.130833,-2.48631,0.963194,-0.785398,-0.785398;
9.64, -1.18836,-0.130752,0.130878,-2.48707,0.963393,-0.785398,-0.785398;
9.65, -1.18876,-0.130871,0.130924,-2.48781,0.963588,-0.785398,-0.785398;
9.66, -1.18954,-0.131014,0.130964,-2.48858,0.963788,-0.785398,-0.785398;
9.67, -1.19049,-0.13113,0.131008,-2.48936,0.963996,-0.785398,-0.785398;
9.68, -1.19058,-0.131266,0.13105,-2.49013,0.964194,-0.785398,-0.785398;
9.69, -1.1916,-0.131405,0.131088,-2.49086,0.964373,-0.785398,-0.785398;
9.7, -1.19187,-0.131563,0.131131,-2.49164,0.964575,-0.785398,-0.785398;
9.71, -1.19238,-0.131681,0.131173,-2.49239,0.964758,-0.785398,-0.785398;
9.72, -1.19275,-0.131836,0.131214,-2.49316,0.964955,-0.785398,-0.785398;
9.73, -1.19343,-0.131981,0.131255,-2.49394,0.965156,-0.785398,-0.785398;
9.74, -1.19367,-0.132099,0.131301,-2.49474,0.965367,-0.785398,-0.785398;
9.75, -1.19375,-0.132249,0.13134,-2.49553,0.965573,-0.785398,-0.785398;
9.76, -1.19444,-0.132371,0.131384,-2.49636,0.965793,-0.785398,-0.785398;
9.77, -1.19483,-0.132483,0.131424,-2.49722,0.966035,-0.785398,-0.785398;
9.78, -1.19593,-0.132619,0.131469,-2.49808,0.966269,-0.785398,-0.785398;
9.79, -1.19642,-0.132751,0.131513,-2.49895,0.966507,-0.785398,-0.785398;
9.8, -1.19709,-0.132836,0.131553,-2.49976,0.966718,-0.785398,-0.785398;
9.81, -1.19709,-0.132967,0.131599,-2.50057,0.966929,-0.785398,-0.785398;
9.82, -1.19792,-0.133102,0.131644,-2.50138,0.967131,-0.785398,-0.785398;
9.83, -1.19799,-0.13325,0.13169,-2.50223,0.967358,-0.785398,-0.785398;
9.84, -1.19835,-0.133411,0.131738,-2.50307,0.967571,-0.785398,-0.785398;
9.85, -1.19838,-0.133545,0.131783,-2.50394,0.967807,-0.785398,-0.785398;
9.86, -1.1992,-0.133694,0.131824,-2.50483,0.968051,-0.785398,-0.785398;
9.87, -1.20037,-0.133824,0.131867,-2.50576,0.968316,-0.785398,-0.785398;
9.88, -1.20106,-0.134014,0.131909,-2.50666,0.968568,-0.785398,-0.785398;
9.89, -1.20126,-0.134166,0.131952,-2.50749,0.968787,-0.785398,-0.785398;
9.9, -1.20175,-0.134279,0.131994,-2.50829,0.968999,-0.785398,-0.785398;
9.91, -1.20193,-0.134389,0.132038,-2.50913,0.969227,-0.785398,-0.785398;
9.92, -1.2032,-0.134494,0.132088,-2.50998,0.969455,-0.785398,-0.785398;
9.93, -1.20337,-0.134584,0.132133,-2.51086,0.969696,-0.785398,-0.785398;
9.94, -1.2037,-0.134699,0.132177,-2.51167,0.9699,-0.785398,-0.785398;
9.95, -1.20405,-0.134825,0.132219,-2.51251,0.970115,-0.785398,-0.785398;
9.96, -1.20511,-0.134952,0.132262,-2.51337,0.970338,-0.785398,-0.785398;
9.97, -1.20556,-0.135082,0.132307,-2.51425,0.970568,-0.785398,-0.785398;
9.98, -1.20607,-0.135216,0.132348,-2.51508,0.970772,-0.785398,-0.785398;
9.99, -1.20679,-0.13533,0.132391,-2.51591,0.970978,-0.785398,-0.785398;
