0, -97.2154,7.75663,13.1429,0,0,0,0;
0.01, -70.3638,4.83375,12.5898,0,0,0,0;
0.02, 0.129053,-3.68882,10.0501,0,0,0,0;
0.03, 19.4609,-3.33435,8.60767,0,0,0,0;
0.04, 24.8682,-2.40587,6.10257,0,0,0,0;
0.05, 25.9411,-2.69589,3.47723,0,0,0,0;
0.06, 23.7455,-2.43401,1.36916,0,0,0,0;
0.07, 19.8638,-2.08039,-0.0418105,0,0,0,0;
0.08, 15.5448,-1.76635,-0.829754,0,0,0,0;
0.09, 11.8161,-1.45232,-1.19798,0,0,0,0;
0.1, 8.79053,-1.1814,-1.29944,0,0,0,0;
0.11, 6.30095,-0.958317,-1.24615,0,0,0,0;
0.12, 4.44124,-0.816571,-1.12237,0,0,0,0;
0.13, 2.65396,-0.727063,-0.971616,0,0,0,0;
0.14, 1.96391,-0.631812,-0.840007,0,0,0,0;
0.15, 1.46399,-0.536485,-0.713186,0,0,0,0;
0.16, 0.95371,-0.480738,-0.596034,0,0,0,0;
0.17, 0.750875,-0.431475,-0.511392,0,0,0,0;
0.18, 0.466474,-0.41081,-0.442229,0,0,0,0;
0.19, 0.367202,-0.38478,-0.390289,0,0,0,0;
0.2, 0.378569,-0.326337,-0.350392,0,0,0,0;
0.21, 0.230699,-0.312008,-0.312045,0,0,0,0;
0.22, 0.155254,-0.293375,-0.268852,0,0,0,0;
0.23, 0.105204,-0.266201,-0.216608,0,0,0,0;
0.24, 0.0757845,-0.249283,-0.192137,0,0,0,0;
0.25, 0.0267597,-0.255134,-0.187454,0,0,0,0;
0.26, 0.0958695,-0.263216,-0.179692,0,0,0,0;
0.27, 0.209939,-0.261844,-0.164537,0,0,0,0;
0.28, 0.16142,-0.253153,-0.163656,0,0,0,0;
0.29, 0.144647,-0.218982,-0.15586,0,0,0,0;
0.3, 0.264109,-0.224228,-0.144356,0,0,0,0;
0.31, 0.36142,-0.238962,-0.133793,0,0,0,0;
0.32, 0.367804,-0.217643,-0.126194,0,0,0,0;
0.33, 0.245564,-0.199876,-0.122577,0,0,0,0;
0.34, 0.23841,-0.194204,-0.118488,0,0,0,0;
0.35, 0.180683,-0.20096,-0.114465,0,0,0,0;
0.36, 0.178862,-0.201466,-0.115708,0,0,0,0;
0.37, 0.298833,-0.19539,-0.119448,0,0,0,0;
0.38, 0.288821,-0.188737,-0.123674,0,0,0,0;
0.39, 0.182004,-0.205506,-0.11984,0,0,0,0;
0.4, 0.0880544,-0.216927,-0.119828,0,0,0,0;
0.41, 0.193679,-0.206205,-0.102557,0,0,0,0;
0.42, 0.198002,-0.226046,-0.109028,0,0,0,0;
0.43, 0.253865,-0.22243,-0.118875,0,0,0,0;
0.44, 0.195732,-0.206106,-0.102581,0,0,0,0;
0.45, 0.137891,-0.177028,-0.0996706,0,0,0,0;
0.46, 0.230148,-0.192757,-0.117171,0,0,0,0;
0.47, 0.21764,-0.193543,-0.117766,0,0,0,0;
0.48, 0.204002,-0.185103,-0.108154,0,0,0,0;
0.49, 0.236671,-0.196853,-0.116209,0,0,0,0;
0.5, 0.189071,-0.190893,-0.120939,0,0,0,0;
0.51, 0.243331,-0.173364,-0.120575,0,0,0,0;
0.52, 0.187261,-0.157267,-0.113706,0,0,0,0;
0.53, 0.223623,-0.162346,-0.112641,0,0,0,0;
0.54, 0.254763,-0.213764,-0.107792,0,0,0,0;
0.55, 0.26937,-0.197469,-0.106086,0,0,0,0;
0.56, 0.265989,-0.167507,-0.106425,0,0,0,0;
0.57, 0.0943705,-0.158011,-0.101166,0,0,0,0;
0.58, 0.0838511,-0.198397,-0.102192,0,0,0,0;
0.59, 0.117191,-0.219784,-0.0991004,0,0,0,0;
0.6, 0.0751144,-0.219473,-0.101616,0,0,0,0;
0.61, 0.0529868,-0.225006,-0.108326,0,0,0,0;
0.62, 0.0324193,-0.230843,-0.11607,0,0,0,0;
0.63, 0.147942,-0.215232,-0.115491,0,0,0,0;
0.64, 0.128423,-0.194698,-0.106485,0,0,0,0;
0.65, 0.123296,-0.195327,-0.106913,0,0,0,0;
0.66, 0.215151,-0.198686,-0.108745,0,0,0,0;
0.67, 0.22425,-0.202158,-0.109294,0,0,0,0;
0.68, 0.156035,-0.197115,-0.10288,0,0,0,0;
0.69, 0.168549,-0.190618,-0.105058,0,0,0,0;
0.7, 0.0579367,-0.194949,-0.103518,0,0,0,0;
0.71, 0.15211,-0.199426,-0.107322,0,0,0,0;
0.72, 0.213233,-0.203508,-0.110848,0,0,0,0;
0.73, 0.239193,-0.193261,-0.110395,0,0,0,0;
0.74, 0.221691,-0.187623,-0.109597,0,0,0,0;
0.75, 0.218905,-0.20397,-0.11103,0,0,0,0;
0.76, 0.224063,-0.20682,-0.11065,0,0,0,0;
0.77, 0.13228,-0.20072,-0.11027,0,0,0,0;
0.78, 0.0638782,-0.197517,-0.11184,0,0,0,0;
0.79, 0.141941,-0.201747,-0.11056,0,0,0,0;
0.8, 0.201691,-0.213622,-0.110896,0,0,0,0;
0.81, 0.144258,-0.19636,-0.106568,0,0,0,0;
0.82, 0.223445,-0.182416,-0.103871,0,0,0,0;
0.83, 0.184816,-0.190729,-0.102014,0,0,0,0;
0.84, 0.165088,-0.196269,-0.108132,0,0,0,0;
0.85, 0.129061,-0.197505,-0.106755,0,0,0,0;
0.86, 0.131942,-0.197785,-0.104203,0,0,0,0;
0.87, 0.0760199,-0.200676,-0.105556,0,0,0,0;
0.88, 0.11314,-0.198239,-0.10558,0,0,0,0;
0.89, 0.172365,-0.199701,-0.102181,0,0,0,0;
0.9, 0.166878,-0.196629,-0.101022,0,0,0,0;
0.91, 0.352259,-0.197631,-0.105536,0,0,0,0;
0.92, 0.306052,-0.200495,-0.108512,0,0,0,0;
0.93, 0.249612,-0.18496,-0.109003,0,0,0,0;
0.94, 0.246484,-0.192576,-0.112631,0,0,0,0;
0.95, 0.173124,-0.180502,-0.105637,0,0,0,0;
0.96, 0.133608,-0.202934,-0.102243,0,0,0,0;
0.97, 0.172966,-0.221499,-0.100766,0,0,0,0;
0.98, 0.0722691,-0.198697,-0.0969758,0,0,0,0;
0.99, 0.0881987,-0.208367,-0.110183,0,0,0,0;
1, 0.0849136,-0.210119,-0.104489,0,0,0,0;
1.01, 0.0743626,-0.168613,-0.100187,0,0,0,0;
1.02, 0.185363,-0.174455,-0.104033,0,0,0,0;
1.03, 0.311525,-0.181257,-0.109263,0,0,0,0;
1.04, 0.300339,-0.20162,-0.111242,0,0,0,0;
1.05, 0.326967,-0.223076,-0.115365,0,0,0,0;
1.06, 0.253571,-0.207269,-0.109771,0,0,0,0;
1.07, 0.0283427,-0.172522,-0.108266,0,0,0,0;
1.08, 0.0575108,-0.183204,-0.106391,0,0,0,0;
1.09, 0.166788,-0.191609,-0.0989461,0,0,0,0;
1.1, 0.051994,-0.190679,-0.0987766,0,0,0,0;
1.11, 0.0382776,-0.193971,-0.102817,0,0,0,0;
1.12, 0.204179,-0.202105,-0.107676,0,0,0,0;
1.13, 0.163371,-0.194933,-0.107137,0,0,0,0;
1.14, 0.139193,-0.198094,-0.105626,0,0,0,0;
1.15, 0.202967,-0.20192,-0.106131,0,0,0,0;
1.16, 0.254425,-0.202377,-0.108124,0,0,0,0;
1.17, 0.280275,-0.19518,-0.106774,0,0,0,0;
1.18, 0.240353,-0.192847,-0.105755,0,0,0,0;
1.19, 0.20761,-0.192942,-0.103239,0,0,0,0;
1.2, 0.169517,-0.195596,-0.103541,0,0,0,0;
1.21, 0.122347,-0.203375,-0.100036,0,0,0,0;
1.22, 0.160615,-0.196999,-0.103909,0,0,0,0;
1.23, 0.126172,-0.195973,-0.105403,0,0,0,0;
1.24, 0.12433,-0.200506,-0.105107,0,0,0,0;
1.25, 0.0189279,-0.201554,-0.104544,0,0,0,0;
1.26, 0.0360945,-0.196832,-0.102921,0,0,0,0;
1.27, 0.0691048,-0.198811,-0.108445,0,0,0,0;
1.28, 0.105788,-0.198856,-0.110109,0,0,0,0;
1.29, 0.121359,-0.202695,-0.105646,0,0,0,0;
1.3, 0.174426,-0.19807,-0.100926,0,0,0,0;
1.31, 0.134699,-0.19814,-0.100621,0,0,0,0;
1.32, 0.182837,-0.194373,-0.105366,0,0,0,0;
1.33, 0.157281,-0.185628,-0.102966,0,0,0,0;
1.34, 0.222946,-0.184176,-0.101582,0,0,0,0;
1.35, 0.219758,-0.186866,-0.102324,0,0,0,0;
1.36, 0.211142,-0.193564,-0.104703,0,0,0,0;
1.37, 0.188331,-0.194333,-0.10629,0,0,0,0;
1.38, 0.294563,-0.195753,-0.108091,0,0,0,0;
1.39, 0.263306,-0.197871,-0.107383,0,0,0,0;
1.4, 0.162329,-0.193723,-0.106283,0,0,0,0;
1.41, 0.197343,-0.198965,-0.112528,0,0,0,0;
1.42, 0.202251,-0.203559,-0.111135,0,0,0,0;
1.43, 0.116397,-0.202186,-0.105496,0,0,0,0;
1.44, 0.132769,-0.186017,-0.103981,0,0,0,0;
1.45, 0.181102,-0.181478,-0.106365,0,0,0,0;
1.46, 0.175547,-0.182759,-0.108141,0,0,0,0;
1.47, 0.129426,-0.192715,-0.106492,0,0,0,0;
1.48, 0.297216,-0.195989,-0.100507,0,0,0,0;
1.49, 0.225193,-0.195253,-0.098892,0,0,0,0;
1.5, 0.14717,-0.20477,-0.104251,0,0,0,0;
1.51, 0.175084,-0.222648,-0.10235,0,0,0,0;
1.52, 0.300445,-0.198353,-0.101345,0,0,0,0;
1.53, 0.31295,-0.18624,-0.107365,0,0,0,0;
1.54, 0.30261,-0.173687,-0.106945,0,0,0,0;
1.55, 0.19626,-0.198457,-0.109265,0,0,0,0;
1.56, 0.113801,-0.183592,-0.103444,0,0,0,0;
1.57, 0.182871,-0.170538,-0.0939257,0,0,0,0;
1.58, 0.172805,-0.172213,-0.0866187,0,0,0,0;
1.59, 0.117672,-0.186457,-0.0900204,0,0,0,0;
1.6, -0.0331663,-0.194608,-0.0996761,0,0,0,0;
1.61, 0.0295163,-0.191936,-0.103523,0,0,0,0;
1.62, 0.126246,-0.204225,-0.116577,0,0,0,0;
1.63, 0.141828,-0.186953,-0.111961,0,0,0,0;
1.64, 0.296079,-0.199819,-0.103952,0,0,0,0;
1.65, 0.336898,-0.207891,-0.104964,0,0,0,0;
1.66, 0.190537,-0.206214,-0.101425,0,0,0,0;
1.67, 0.141148,-0.20152,-0.100768,0,0,0,0;
1.68, 0.0811208,-0.19131,-0.100792,0,0,0,0;
1.69, 0.0571259,-0.187369,-0.0997608,0,0,0,0;
1.7, 0.126523,-0.191656,-0.10036,0,0,0,0;
1.71, 0.124268,-0.197413,-0.0993254,0,0,0,0;
1.72, 0.0747648,-0.198533,-0.0974541,0,0,0,0;
1.73, 0.13304,-0.198957,-0.101761,0,0,0,0;
1.74, 0.149157,-0.198351,-0.103579,0,0,0,0;
1.75, 0.108842,-0.196895,-0.100718,0,0,0,0;
1.76, 0.164067,-0.199022,-0.101403,0,0,0,0;
1.77, 0.220288,-0.197683,-0.101408,0,0,0,0;
1.78, 0.178176,-0.191515,-0.101685,0,0,0,0;
1.79, 0.186349,-0.190863,-0.102166,0,0,0,0;
1.8, 0.218312,-0.181986,-0.101543,0,0,0,0;
1.81, 0.15156,-0.181218,-0.10403,0,0,0,0;
1.82, 0.0808549,-0.194803,-0.104872,0,0,0,0;
1.83, 0.141144,-0.200875,-0.102963,0,0,0,0;
1.84, 0.141524,-0.195139,-0.100322,0,0,0,0;
1.85, 0.0403352,-0.1863,-0.0984669,0,0,0,0;
1.86, 0.130974,-0.186224,-0.0983281,0,0,0,0;
1.87, 0.241251,-0.189147,-0.0985327,0,0,0,0;
1.88, 0.198451,-0.19699,-0.100617,0,0,0,0;
1.89, 0.180277,-0.198158,-0.101292,0,0,0,0;
1.9, 0.241937,-0.19642,-0.104174,0,0,0,0;
1.91, 0.231647,-0.190457,-0.101858,0,0,0,0;
1.92, 0.172107,-0.19409,-0.0978446,0,0,0,0;
1.93, 0.174609,-0.195017,-0.0996163,0,0,0,0;
1.94, 0.129574,-0.196491,-0.100506,0,0,0,0;
1.95, 0.144121,-0.199795,-0.10025,0,0,0,0;
1.96, 0.190239,-0.20055,-0.101094,0,0,0,0;
1.97, 0.0856267,-0.187783,-0.0976357,0,0,0,0;
1.98, 0.0276309,-0.190356,-0.0974891,0,0,0,0;
1.99, 0.120609,-0.211825,-0.101888,0,0,0,0;
2, 0.0784392,-0.218813,-0.100559,0,0,0,0;
2.01, 0.148745,-0.213347,-0.102486,0,0,0,0;
2.02, 0.207446,-0.205796,-0.0990324,0,0,0,0;
2.03, 0.15774,-0.194793,-0.096935,0,0,0,0;
2.04, 0.268712,-0.179246,-0.100828,0,0,0,0;
2.05, 0.229823,-0.162982,-0.10216,0,0,0,0;
2.06, 0.122636,-0.151221,-0.0994093,0,0,0,0;
2.07, 0.188533,-0.173545,-0.107588,0,0,0,0;
2.08, 0.154039,-0.196553,-0.105225,0,0,0,0;
2.09, 0.139659,-0.193348,-0.0992465,0,0,0,0;
2.1, 0.184957,-0.186091,-0.103326,0,0,0,0;
2.11, 0.0848198,-0.184383,-0.100683,0,0,0,0;
2.12, 0.0795997,-0.195961,-0.103389,0,0,0,0;
2.13, 0.156765,-0.212448,-0.0988073,0,0,0,0;
2.14, 0.0677169,-0.198991,-0.0891502,0,0,0,0;
2.15, 0.128919,-0.17002,-0.0862381,0,0,0,0;
2.16, 0.285523,-0.172594,-0.0906961,0,0,0,0;
2.17, 0.225239,-0.192224,-0.0976729,0,0,0,0;
2.18, 0.200561,-0.199779,-0.099936,0,0,0,0;
2.19, 0.291015,-0.198462,-0.102504,0,0,0,0;
2.2, 0.157453,-0.190271,-0.103213,0,0,0,0;
2.21, 0.0281057,-0.196621,-0.102725,0,0,0,0;
2.22, 0.0886017,-0.204833,-0.104667,0,0,0,0;
2.23, 0.152893,-0.19656,-0.101948,0,0,0,0;
2.24, 0.179862,-0.193597,-0.100831,0,0,0,0;
2.25, 0.231657,-0.192633,-0.0992489,0,0,0,0;
2.26, 0.204383,-0.18989,-0.0960524,0,0,0,0;
2.27, 0.169833,-0.191631,-0.0951042,0,0,0,0;
2.28, 0.119092,-0.193501,-0.0974963,0,0,0,0;
2.29, 0.162757,-0.193182,-0.0997503,0,0,0,0;
2.3, 0.135113,-0.189387,-0.100128,0,0,0,0;
2.31, 0.0930893,-0.187753,-0.0993104,0,0,0,0;
2.32, 0.167611,-0.189609,-0.0975251,0,0,0,0;
2.33, 0.163152,-0.189028,-0.095834,0,0,0,0;
2.34, 0.0974882,-0.190289,-0.0967133,0,0,0,0;
2.35, 0.109993,-0.195337,-0.0994158,0,0,0,0;
2.36, 0.0476744,-0.193249,-0.0969033,0,0,0,0;
2.37, 0.107048,-0.18868,-0.0948436,0,0,0,0;
2.38, 0.176984,-0.188295,-0.094564,0,0,0,0;
2.39, 0.100445,-0.187736,-0.0962877,0,0,0,0;
2.4, 0.113785,-0.188805,-0.0997608,0,0,0,0;
2.41, 0.0800126,-0.190707,-0.0989654,0,0,0,0;
2.42, 0.111743,-0.190192,-0.0986962,0,0,0,0;
2.43, 0.112196,-0.186977,-0.0973778,0,0,0,0;
2.44, 0.159885,-0.187672,-0.0992754,0,0,0,0;
2.45, 0.172529,-0.188337,-0.0986528,0,0,0,0;
2.46, 0.239275,-0.192603,-0.100457,0,0,0,0;
2.47, 0.252033,-0.196015,-0.0996335,0,0,0,0;
2.48, 0.272115,-0.196526,-0.0987589,0,0,0,0;
2.49, 0.247997,-0.192099,-0.0967813,0,0,0,0;
2.5, 0.211387,-0.187973,-0.092499,0,0,0,0;
2.51, 0.179633,-0.188538,-0.0918961,0,0,0,0;
2.52, 0.212096,-0.192923,-0.0974119,0,0,0,0;
2.53, 0.115979,-0.190206,-0.102116,0,0,0,0;
2.54, 0.102575,-0.180141,-0.097934,0,0,0,0;
2.55, 0.214436,-0.184336,-0.0966146,0,0,0,0;
2.56, 0.0644102,-0.189033,-0.0940378,0,0,0,0;
2.57, 0.0168784,-0.194312,-0.0988283,0,0,0,0;
2.58, 0.0180834,-0.194174,-0.0993435,0,0,0,0;
2.59, -0.0519806,-0.2033,-0.100395,0,0,0,0;
2.6, -0.00932734,-0.202704,-0.102905,0,0,0,0;
2.61, 0.049256,-0.184775,-0.100804,0,0,0,0;
2.62, 0.110615,-0.15965,-0.0987411,0,0,0,0;
2.63, 0.133433,-0.171027,-0.0914156,0,0,0,0;
2.64, 0.178177,-0.183825,-0.0899837,0,0,0,0;
2.65, 0.208886,-0.188392,-0.092206,0,0,0,0;
2.66, 0.210842,-0.200489,-0.100225,0,0,0,0;
2.67, 0.165957,-0.203642,-0.106605,0,0,0,0;
2.68, 0.201031,-0.190041,-0.0960252,0,0,0,0;
2.69, 0.23457,-0.191059,-0.0925286,0,0,0,0;
2.7, 0.150974,-0.192011,-0.0930996,0,0,0,0;
2.71, 0.0951681,-0.200386,-0.0939152,0,0,0,0;
2.72, 0.208624,-0.198837,-0.0938921,0,0,0,0;
2.73, 0.172024,-0.186799,-0.0927114,0,0,0,0;
2.74, 0.18856,-0.184241,-0.0912755,0,0,0,0;
2.75, 0.237604,-0.19331,-0.0970457,0,0,0,0;
2.76, 0.277375,-0.1951,-0.0991762,0,0,0,0;
2.77, 0.213383,-0.188324,-0.0983713,0,0,0,0;
2.78, 0.197853,-0.187709,-0.0992577,0,0,0,0;
2.79, 0.121037,-0.188875,-0.0971906,0,0,0,0;
2.8, 0.120398,-0.185289,-0.095737,0,0,0,0;
2.81, 0.058842,-0.185109,-0.093853,0,0,0,0;
2.82, 0.0666976,-0.184746,-0.0952678,0,0,0,0;
2.83, 0.0688277,-0.182178,-0.0940139,0,0,0,0;
2.84, 0.0636874,-0.185086,-0.093076,0,0,0,0;
2.85, 0.0521339,-0.189339,-0.0926082,0,0,0,0;
2.86, 0.0792521,-0.192289,-0.0920739,0,0,0,0;
2.87, 0.0859871,-0.194987,-0.0921345,0,0,0,0;
2.88, 0.132466,-0.191542,-0.0935373,0,0,0,0;
2.89, 0.0782974,-0.179992,-0.0918903,0,0,0,0;
2.9, 0.131922,-0.179641,-0.0907197,0,0,0,0;
2.91, 0.243185,-0.191051,-0.092061,0,0,0,0;
2.92, 0.176268,-0.184303,-0.0942001,0,0,0,0;
2.93, 0.179549,-0.190121,-0.0961692,0,0,0,0;
2.94, 0.148176,-0.192807,-0.0950115,0,0,0,0;
2.95, 0.153198,-0.19312,-0.094456,0,0,0,0;
2.96, 0.171862,-0.19226,-0.095578,0,0,0,0;
2.97, 0.192378,-0.185246,-0.0950291,0,0,0,0;
2.98, 0.191693,-0.190134,-0.0943296,0,0,0,0;
2.99, 0.250222,-0.196179,-0.0950563,0,0,0,0;
3, 0.257409,-0.192265,-0.0962338,0,0,0,0;
3.01, 0.189828,-0.18908,-0.09551,0,0,0,0;
3.02, 0.176631,-0.193181,-0.0948613,0,0,0,0;
3.03, 0.121129,-0.188503,-0.0919874,0,0,0,0;
3.04, 0.0921043,-0.181385,-0.0911846,0,0,0,0;
3.05, 0.137385,-0.186016,-0.0926113,0,0,0,0;
3.06, 0.121931,-0.182401,-0.0923836,0,0,0,0;
3.07, 0.166125,-0.186737,-0.0956221,0,0,0,0;
3.08, 0.160959,-0.195215,-0.0941038,0,0,0,0;
3.09, 0.107465,-0.180102,-0.0898106,0,0,0,0;
3.1, 0.178342,-0.190671,-0.0931969,0,0,0,0;
3.11, 0.11235,-0.17112,-0.0922697,0,0,0,0;
3.12, 0.0643035,-0.16139,-0.0935662,0,0,0,0;
3.13, 0.187707,-0.218078,-0.0970306,0,0,0,0;
3.14, 0.225473,-0.24505,-0.0998552,0,0,0,0;
3.15, 0.119986,-0.159387,-0.0963931,0,0,0,0;
3.16, 0.105223,-0.142478,-0.0932589,0,0,0,0;
3.17, 0.0575085,-0.129293,-0.0819402,0,0,0,0;
3.18, 0.0537997,-0.145181,-0.0782404,0,0,0,0;
3.19, 0.0372049,-0.192424,-0.08832,0,0,0,0;
3.2, 0.0570134,-0.206792,-0.0954175,0,0,0,0;
3.21, 0.0467826,-0.207774,-0.0953548,0,0,0,0;
3.22, 0.0751733,-0.209261,-0.0944259,0,0,0,0;
3.23, 0.151606,-0.174631,-0.0953324,0,0,0,0;
3.24, 0.193525,-0.164501,-0.0947161,0,0,0,0;
3.25, 0.195459,-0.204388,-0.0990295,0,0,0,0;
3.26, 0.147559,-0.223194,-0.0956533,0,0,0,0;
3.27, 0.137794,-0.193559,-0.0894666,0,0,0,0;
3.28, 0.161948,-0.170992,-0.0877874,0,0,0,0;
3.29, 0.0993743,-0.188129,-0.089102,0,0,0,0;
3.3, 0.105946,-0.190136,-0.0915082,0,0,0,0;
3.31, 0.203554,-0.176415,-0.0925534,0,0,0,0;
3.32, 0.0835497,-0.191311,-0.0898213,0,0,0,0;
3.33, 0.0844326,-0.192023,-0.0880473,0,0,0,0;
3.34, 0.125606,-0.177815,-0.0909069,0,0,0,0;
3.35, 0.163789,-0.180117,-0.0938528,0,0,0,0;
3.36, 0.163558,-0.19033,-0.0935884,0,0,0,0;
3.37, 0.227438,-0.182746,-0.096319,0,0,0,0;
3.38, 0.221483,-0.174261,-0.0903957,0,0,0,0;
3.39, 0.20782,-0.176169,-0.0908082,0,0,0,0;
3.4, 0.156131,-0.190519,-0.092767,0,0,0,0;
3.41, 0.186934,-0.188902,-0.0897443,0,0,0,0;
3.42, 0.175597,-0.183325,-0.0897591,0,0,0,0;
3.43, 0.160764,-0.184267,-0.0903203,0,0,0,0;
3.44, 0.144324,-0.182963,-0.0919044,0,0,0,0;
3.45, 0.0673751,-0.180276,-0.0903044,0,0,0,0;
3.46, 0.0347615,-0.17942,-0.0914164,0,0,0,0;
3.47, 0.0677553,-0.179658,-0.0881567,0,0,0,0;
3.48, 0.0751185,-0.181732,-0.0847933,0,0,0,0;
3.49, 0.20118,-0.181101,-0.0887873,0,0,0,0;
3.5, 0.211893,-0.187072,-0.0929265,0,0,0,0;
3.51, 0.0962237,-0.196755,-0.091723,0,0,0,0;
3.52, 0.139394,-0.186908,-0.0922673,0,0,0,0;
3.53, 0.181317,-0.177031,-0.0899491,0,0,0,0;
3.54, 0.196774,-0.177673,-0.0874059,0,0,0,0;
3.55, 0.15986,-0.182094,-0.0877037,0,0,0,0;
3.56, 0.182222,-0.179048,-0.088414,0,0,0,0;
3.57, 0.14729,-0.186849,-0.0893555,0,0,0,0;
3.58, 0.0371848,-0.189583,-0.092077,0,0,0,0;
3.59, 0.0914056,-0.182628,-0.0935187,0,0,0,0;
3.6, 0.175837,-0.178704,-0.0948327,0,0,0,0;
3.61, 0.178253,-0.181075,-0.0912762,0,0,0,0;
3.62, 0.189184,-0.1912,-0.0899162,0,0,0,0;
3.63, 0.171544,-0.189705,-0.0913048,0,0,0,0;
3.64, 0.0788016,-0.18711,-0.0878806,0,0,0,0;
3.65, 0.172669,-0.1862,-0.0847731,0,0,0,0;
3.66, 0.117508,-0.190976,-0.084311,0,0,0,0;
3.67, 0.0785721,-0.184036,-0.0866563,0,0,0,0;
3.68, 0.0656454,-0.185701,-0.0909307,0,0,0,0;
3.69, 0.0399625,-0.178825,-0.0935202,0,0,0,0;
3.7, 0.140899,-0.192384,-0.0934277,0,0,0,0;
3.71, 0.171043,-0.183434,-0.0903256,0,0,0,0;
3.72, 0.0394565,-0.173922,-0.0851104,0,0,0,0;
3.73, 0.0793555,-0.175481,-0.0867369,0,0,0,0;
3.74, 0.141312,-0.183136,-0.0905564,0,0,0,0;
3.75, 0.137382,-0.187448,-0.0899072,0,0,0,0;
3.76, 0.130251,-0.188775,-0.0896721,0,0,0,0;
3.77, 0.154292,-0.184688,-0.0909095,0,0,0,0;
3.78, 0.0877724,-0.182329,-0.0896373,0,0,0,0;
3.79, 0.0828511,-0.177799,-0.0888841,0,0,0,0;
3.8, 0.0960845,-0.174804,-0.0867667,0,0,0,0;
3.81, 0.0185271,-0.159251,-0.0815361,0,0,0,0;
3.82, 0.134038,-0.164521,-0.0826735,0,0,0,0;
3.83, 0.219665,-0.187029,-0.0859394,0,0,0,0;
3.84, 0.166058,-0.192181,-0.0875294,0,0,0,0;
3.85, 0.225284,-0.185088,-0.0892332,0,0,0,0;
3.86, 0.151399,-0.181011,-0.0898573,0,0,0,0;
3.87, 0.0844834,-0.174361,-0.0868347,0,0,0,0;
3.88, 0.102911,-0.170111,-0.0901933,0,0,0,0;
3.89, 0.182124,-0.172885,-0.0936801,0,0,0,0;
3.9, 0.165255,-0.176381,-0.0900271,0,0,0,0;
3.91, 0.152526,-0.178815,-0.0877643,0,0,0,0;
3.92, 0.0688966,-0.181831,-0.086046,0,0,0,0;
3.93, 0.0421075,-0.181777,-0.0854175,0,0,0,0;
3.94, 0.0995741,-0.180305,-0.0838585,0,0,0,0;
3.95, 0.0202597,-0.181223,-0.083616,0,0,0,0;
3.96, 0.0386647,-0.183887,-0.0858383,0,0,0,0;
3.97, 0.0896671,-0.181651,-0.087688,0,0,0,0;
3.98, 0.168921,-0.185041,-0.0897896,0,0,0,0;
3.99, 0.149523,-0.183848,-0.0878909,0,0,0,0;
4, 0.121357,-0.176696,-0.0874665,0,0,0,0;
4.01, 0.130243,-0.176038,-0.089407,0,0,0,0;
4.02, 0.164304,-0.17751,-0.0884483,0,0,0,0;
4.03, 0.124181,-0.177757,-0.0867307,0,0,0,0;
4.04, 0.106323,-0.178251,-0.0870516,0,0,0,0;
4.05, 0.174697,-0.178851,-0.0858214,0,0,0,0;
4.06, 0.164581,-0.178655,-0.0856764,0,0,0,0;
4.07, 0.131925,-0.176876,-0.084374,0,0,0,0;
4.08, 0.121557,-0.178314,-0.084291,0,0,0,0;
4.09, 0.0901776,-0.182717,-0.0848713,0,0,0,0;
4.1, 0.0658523,-0.179915,-0.0849266,0,0,0,0;
4.11, -0.0346198,-0.17785,-0.0827334,0,0,0,0;
4.12, 0.0223031,-0.179577,-0.0835788,0,0,0,0;
4.13, 0.2118,-0.177813,-0.0877438,0,0,0,0;
4.14, 0.160345,-0.174203,-0.0849371,0,0,0,0;
4.15, 0.125285,-0.184236,-0.0866823,0,0,0,0;
4.16, 0.152411,-0.185963,-0.085273,0,0,0,0;
4.17, 0.213899,-0.180666,-0.0832164,0,0,0,0;
4.18, 0.204483,-0.182446,-0.0851841,0,0,0,0;
4.19, 0.242375,-0.181899,-0.0900924,0,0,0,0;
4.2, 0.0965575,-0.173235,-0.0848954,0,0,0,0;
4.21, 0.0181535,-0.173422,-0.081177,0,0,0,0;
4.22, 0.136803,-0.179411,-0.0843937,0,0,0,0;
4.23, 0.0608777,-0.172892,-0.0848794,0,0,0,0;
4.24, 0.128375,-0.170193,-0.0886614,0,0,0,0;
4.25, -0.00828841,-0.178333,-0.0927713,0,0,0,0;
4.26, 0.0481394,-0.181412,-0.0857294,0,0,0,0;
4.27, 0.0881307,-0.171705,-0.083564,0,0,0,0;
4.28, 0.078892,-0.179749,-0.0866866,0,0,0,0;
4.29, 0.0623578,-0.19192,-0.0849388,0,0,0,0;
4.3, 0.116726,-0.178361,-0.0834072,0,0,0,0;
4.31, 0.0559656,-0.179284,-0.0810056,0,0,0,0;
4.32, 0.0207398,-0.187212,-0.0814505,0,0,0,0;
4.33, 0.0663573,-0.179168,-0.0823746,0,0,0,0;
4.34, 0.0838575,-0.169774,-0.0803001,0,0,0,0;
4.35, 0.0937966,-0.172204,-0.0812943,0,0,0,0;
4.36, 0.189716,-0.177603,-0.0849218,0,0,0,0;
4.37, 0.116159,-0.169248,-0.0823698,0,0,0,0;
4.38, 0.216226,-0.17504,-0.0863016,0,0,0,0;
4.39, 0.189736,-0.172102,-0.0875196,0,0,0,0;
4.4, 0.170345,-0.181689,-0.0862639,0,0,0,0;
4.41, 0.205679,-0.185401,-0.085892,0,0,0,0;
4.42, 0.219075,-0.175269,-0.0888124,0,0,0,0;
4.43, 0.199278,-0.162104,-0.0895112,0,0,0,0;
4.44, 0.246715,-0.171835,-0.0870042,0,0,0,0;
4.45, 0.350568,-0.174352,-0.0854208,0,0,0,0;
4.46, 0.295692,-0.171363,-0.0847659,0,0,0,0;
4.47, 0.215404,-0.174116,-0.0828388,0,0,0,0;
4.48, 0.0258396,-0.177556,-0.079643,0,0,0,0;
4.49, -0.0844384,-0.172856,-0.0768766,0,0,0,0;
4.5, -0.0720041,-0.174935,-0.0783548,0,0,0,0;
4.51, -0.0560135,-0.189132,-0.0794475,0,0,0,0;
4.52, 0.0817918,-0.183335,-0.0817919,0,0,0,0;
4.53, 0.0977701,-0.170735,-0.0803185,0,0,0,0;
4.54, 0.130722,-0.171122,-0.0838745,0,0,0,0;
4.55, 0.114725,-0.173665,-0.0862403,0,0,0,0;
4.56, 0.089863,-0.173156,-0.0861294,0,0,0,0;
4.57, 0.112398,-0.173619,-0.0844185,0,0,0,0;
4.58, 0.12417,-0.17375,-0.0824275,0,0,0,0;
4.59, 0.107497,-0.175756,-0.0796845,0,0,0,0;
4.6, 0.00910643,-0.176669,-0.0798495,0,0,0,0;
4.61, 0.0428366,-0.176032,-0.0815797,0,0,0,0;
4.62, 0.0992476,-0.174019,-0.079525,0,0,0,0;
4.63, 0.216922,-0.182472,-0.0833292,0,0,0,0;
4.64, 0.1871,-0.177733,-0.0851824,0,0,0,0;
4.65, 0.147199,-0.17173,-0.081846,0,0,0,0;
4.66, 0.262694,-0.169677,-0.0837371,0,0,0,0;
4.67, 0.152227,-0.170151,-0.082422,0,0,0,0;
4.68, 0.1038,-0.172537,-0.0810435,0,0,0,0;
4.69, 0.10105,-0.169057,-0.0811498,0,0,0,0;
4.7, 0.100414,-0.173138,-0.0851068,0,0,0,0;
4.71, 0.0986754,-0.170986,-0.0835695,0,0,0,0;
4.72, 0.127153,-0.174282,-0.0808043,0,0,0,0;
4.73, 0.140726,-0.173916,-0.0803807,0,0,0,0;
4.74, 0.0739235,-0.171142,-0.0779984,0,0,0,0;
4.75, 0.0496447,-0.171641,-0.0778019,0,0,0,0;
4.76, 0.0920579,-0.175339,-0.0803788,0,0,0,0;
4.77, 0.158564,-0.173657,-0.0823174,0,0,0,0;
4.78, 0.21599,-0.170453,-0.0833111,0,0,0,0;
4.79, 0.114503,-0.171415,-0.081254,0,0,0,0;
4.8, 0.126268,-0.17105,-0.0799077,0,0,0,0;
4.81, 0.239526,-0.165205,-0.082191,0,0,0,0;
4.82, 0.136639,-0.167516,-0.0835221,0,0,0,0;
4.83, 0.0596083,-0.176111,-0.0828702,0,0,0,0;
4.84, 0.0684463,-0.173516,-0.0807776,0,0,0,0;
4.85, 0.24744,-0.174157,-0.0853477,0,0,0,0;
4.86, 0.238399,-0.16784,-0.0804732,0,0,0,0;
4.87, 0.135784,-0.172035,-0.0795784,0,0,0,0;
4.88, 0.0344162,-0.172916,-0.0805993,0,0,0,0;
4.89, 0.123493,-0.163021,-0.0801396,0,0,0,0;
4.9, -0.0158192,-0.169179,-0.0800526,0,0,0,0;
4.91, -0.0513425,-0.168057,-0.0784972,0,0,0,0;
4.92, -0.00136742,-0.167687,-0.0764527,0,0,0,0;
4.93, -0.106553,-0.164733,-0.0739009,0,0,0,0;
4.94, -0.0613428,-0.176389,-0.0769122,0,0,0,0;
4.95, 0.012794,-0.188474,-0.0783498,0,0,0,0;
4.96, -0.0331737,-0.175053,-0.0774519,0,0,0,0;
4.97, 0.134329,-0.161429,-0.0814085,0,0,0,0;
4.98, 0.164637,-0.166847,-0.0823939,0,0,0,0;
4.99, 0.105296,-0.166668,-0.0804222,0,0,0,0;
5, 0.132564,-0.168044,-0.0795202,0,0,0,0;
5.01, 0.15214,-0.171136,-0.0806222,0,0,0,0;
5.02, 0.156102,-0.176422,-0.0791302,0,0,0,0;
5.03, 0.133031,-0.176086,-0.0762484,0,0,0,0;
5.04, 0.142673,-0.17145,-0.0800536,0,0,0,0;
5.05, 0.149351,-0.171825,-0.0809832,0,0,0,0;
5.06, 0.124634,-0.167089,-0.079531,0,0,0,0;
5.07, 0.0595361,-0.164692,-0.0763061,0,0,0,0;
5.08, 0.0735454,-0.165863,-0.080368,0,0,0,0;
5.09, 0.109648,-0.168865,-0.0803912,0,0,0,0;
5.1, 0.142332,-0.171411,-0.0796399,0,0,0,0;
5.11, 0.114086,-0.168238,-0.0783236,0,0,0,0;
5.12, 0.0373045,-0.168254,-0.0760467,0,0,0,0;
5.13, 0.0979756,-0.169501,-0.0776381,0,0,0,0;
5.14, 0.156504,-0.16937,-0.0796072,0,0,0,0;
5.15, 0.158723,-0.16822,-0.079057,0,0,0,0;
5.16, 0.151625,-0.169344,-0.0789237,0,0,0,0;
5.17, 0.168309,-0.17161,-0.0808444,0,0,0,0;
5.18, 0.139357,-0.178009,-0.0795159,0,0,0,0;
5.19, 0.119312,-0.176357,-0.074281,0,0,0,0;
5.2, 0.12652,-0.170936,-0.0726917,0,0,0,0;
5.21, 0.170148,-0.16681,-0.0754735,0,0,0,0;
5.22, 0.166913,-0.169456,-0.0782135,0,0,0,0;
5.23, 0.0750382,-0.171406,-0.0767295,0,0,0,0;
5.24, 0.102536,-0.168028,-0.0774262,0,0,0,0;
5.25, 0.0336772,-0.163172,-0.0765338,0,0,0,0;
5.26, -0.0233501,-0.163546,-0.0771408,0,0,0,0;
5.27, 0.135686,-0.16683,-0.083216,0,0,0,0;
5.28, 0.140481,-0.160724,-0.0792823,0,0,0,0;
5.29, 0.110718,-0.168221,-0.0772219,0,0,0,0;
5.3, 0.107788,-0.161765,-0.0737228,0,0,0,0;
5.31, 0.0458508,-0.16155,-0.0764661,0,0,0,0;
5.32, 0.149358,-0.164515,-0.0817626,0,0,0,0;
5.33, 0.155023,-0.169328,-0.0783324,0,0,0,0;
5.34, 0.177269,-0.172198,-0.0779028,0,0,0,0;
5.35, 0.292146,-0.168453,-0.0794318,0,0,0,0;
5.36, 0.201298,-0.169248,-0.077127,0,0,0,0;
5.37, 0.102263,-0.163576,-0.0754282,0,0,0,0;
5.38, 0.0820251,-0.168738,-0.0752125,0,0,0,0;
5.39, -0.0649077,-0.16413,-0.0700638,0,0,0,0;
5.4, 0.00563094,-0.158925,-0.0690982,0,0,0,0;
5.41, -0.00223503,-0.164825,-0.0736756,0,0,0,0;
5.42, 0.0085814,-0.162121,-0.0747824,0,0,0,0;
5.43, -0.0479712,-0.165613,-0.0729635,0,0,0,0;
5.44, -0.0193208,-0.168167,-0.0732112,0,0,0,0;
5.45, 0.00565675,-0.160699,-0.0760915,0,0,0,0;
5.46, 0.093077,-0.167618,-0.0773153,0,0,0,0;
5.47, 0.160753,-0.171917,-0.0776165,0,0,0,0;
5.48, 0.207607,-0.169029,-0.0785108,0,0,0,0;
5.49, 0.180767,-0.167615,-0.0743747,0,0,0,0;
5.5, 0.126458,-0.170349,-0.0763316,0,0,0,0;
5.51, 0.119669,-0.168531,-0.0757427,0,0,0,0;
5.52, 0.119181,-0.168803,-0.0753605,0,0,0,0;
5.53, 0.163155,-0.161913,-0.0789154,0,0,0,0;
5.54, 0.166072,-0.161771,-0.0782459,0,0,0,0;
5.55, 0.0782495,-0.156238,-0.0738318,0,0,0,0;
5.56, 0.0628993,-0.158548,-0.0762219,0,0,0,0;
5.57, 0.119859,-0.164277,-0.0777667,0,0,0,0;
5.58, 0.0923071,-0.160894,-0.0762613,0,0,0,0;
5.59, 0.111721,-0.167626,-0.0772786,0,0,0,0;
5.6, 0.0809961,-0.17069,-0.074923,0,0,0,0;
5.61, 0.0374962,-0.169754,-0.0765011,0,0,0,0;
5.62, 0.107754,-0.167444,-0.0747375,0,0,0,0;
5.63, 0.178194,-0.160464,-0.0759749,0,0,0,0;
5.64, 0.174072,-0.161481,-0.072408,0,0,0,0;
5.65, 0.197619,-0.158301,-0.0727539,0,0,0,0;
5.66, 0.134396,-0.15862,-0.0723898,0,0,0,0;
5.67, 0.189049,-0.163394,-0.0735166,0,0,0,0;
5.68, 0.152446,-0.161178,-0.0754011,0,0,0,0;
5.69, 0.125339,-0.16131,-0.0771337,0,0,0,0;
5.7, 0.106792,-0.15741,-0.0728443,0,0,0,0;
5.71, 0.118128,-0.155383,-0.0718577,0,0,0,0;
5.72, 0.121757,-0.159613,-0.0758841,0,0,0,0;
5.73, 0.0642567,-0.16533,-0.07514,0,0,0,0;
5.74, 0.19077,-0.173866,-0.0753267,0,0,0,0;
5.75, 0.149136,-0.161139,-0.0748928,0,0,0,0;
5.76, 0.117143,-0.151638,-0.0735326,0,0,0,0;
5.77, 0.0678267,-0.157863,-0.0725689,0,0,0,0;
5.78, 0.00868982,-0.162865,-0.0772672,0,0,0,0;
5.79, 0.163822,-0.158793,-0.0791354,0,0,0,0;
5.8, 0.145169,-0.160041,-0.0745492,0,0,0,0;
5.81, 0.12457,-0.161784,-0.0719812,0,0,0,0;
5.82, 0.113755,-0.156858,-0.0700693,0,0,0,0;
5.83, 0.0492759,-0.148041,-0.0714705,0,0,0,0;
5.84, 0.134571,-0.157494,-0.0737649,0,0,0,0;
5.85, 0.056426,-0.173975,-0.0759749,0,0,0,0;
5.86, -0.0265223,-0.164466,-0.0730888,0,0,0,0;
5.87, -0.0593506,-0.155595,-0.0688946,0,0,0,0;
5.88, -0.0689283,-0.153556,-0.0678824,0,0,0,0;
5.89, 0.0647137,-0.158776,-0.0703026,0,0,0,0;
5.9, 0.14547,-0.163844,-0.0737816,0,0,0,0;
5.91, 0.0459718,-0.166362,-0.0723954,0,0,0,0;
5.92, 0.0186511,-0.162685,-0.0731632,0,0,0,0;
5.93, 0.0322101,-0.156613,-0.0715586,0,0,0,0;
5.94, 0.0124943,-0.164422,-0.0679759,0,0,0,0;
5.95, 0.0694407,-0.169657,-0.0702255,0,0,0,0;
5.96, 0.152913,-0.169126,-0.0739312,0,0,0,0;
5.97, 0.124578,-0.167419,-0.0719395,0,0,0,0;
5.98, 0.141266,-0.161792,-0.0720568,0,0,0,0;
5.99, 0.109088,-0.16416,-0.0692205,0,0,0,0;
6, 0.0492637,-0.158075,-0.0691406,0,0,0,0;
6.01, 0.0773914,-0.159536,-0.0703198,0,0,0,0;
6.02, 0.101437,-0.15964,-0.0733663,0,0,0,0;
6.03, 0.0875968,-0.154908,-0.0724976,0,0,0,0;
6.04, 0.14671,-0.159457,-0.0710201,0,0,0,0;
6.05, 0.0836371,-0.150871,-0.0693959,0,0,0,0;
6.06, 0.103965,-0.154142,-0.0721188,0,0,0,0;
6.07, 0.156742,-0.165578,-0.0715613,0,0,0,0;
6.08, 0.10738,-0.163328,-0.0718386,0,0,0,0;
6.09, 0.120231,-0.151962,-0.0729986,0,0,0,0;
6.1, 0.103177,-0.153866,-0.0748838,0,0,0,0;
6.11, 0.156077,-0.161712,-0.0771354,0,0,0,0;
6.12, 0.171036,-0.163481,-0.0760875,0,0,0,0;
6.13, 0.127408,-0.161536,-0.0736871,0,0,0,0;
6.14, -0.0181007,-0.146489,-0.0692831,0,0,0,0;
6.15, 0.0528904,-0.147624,-0.0682687,0,0,0,0;
6.16, 0.105769,-0.14869,-0.0704139,0,0,0,0;
6.17, -0.0119139,-0.151333,-0.0698314,0,0,0,0;
6.18, -0.021205,-0.154655,-0.0699524,0,0,0,0;
6.19, 0.123304,-0.162427,-0.0736178,0,0,0,0;
6.2, 0.172104,-0.16373,-0.0706829,0,0,0,0;
6.21, 0.11322,-0.158384,-0.0681473,0,0,0,0;
6.22, 0.147471,-0.161044,-0.0698789,0,0,0,0;
6.23, 0.0643454,-0.15924,-0.0701386,0,0,0,0;
6.24, 0.0649898,-0.15786,-0.0714916,0,0,0,0;
6.25, 0.0521545,-0.157616,-0.0699445,0,0,0,0;
6.26, 0.204993,-0.1637,-0.0715108,0,0,0,0;
6.27, 0.151456,-0.157628,-0.0707461,0,0,0,0;
6.28, 0.13008,-0.152315,-0.0690014,0,0,0,0;
6.29, 0.188293,-0.160727,-0.0707377,0,0,0,0;
6.3, 0.0493814,-0.158965,-0.0726007,0,0,0,0;
6.31, 0.0670255,-0.166815,-0.0742512,0,0,0,0;
6.32, 0.0310144,-0.158234,-0.0709182,0,0,0,0;
6.33, 0.0269166,-0.156695,-0.0687749,0,0,0,0;
6.34, 0.17771,-0.159278,-0.0698253,0,0,0,0;
6.35, 0.0442322,-0.150041,-0.0657159,0,0,0,0;
6.36, -0.00481412,-0.147822,-0.0659634,0,0,0,0;
6.37, 0.109634,-0.154044,-0.0727888,0,0,0,0;
6.38, 0.162825,-0.151178,-0.0733906,0,0,0,0;
6.39, 0.143721,-0.151958,-0.0686388,0,0,0,0;
6.4, 0.108673,-0.160942,-0.066406,0,0,0,0;
6.41, 0.0217243,-0.161554,-0.06589,0,0,0,0;
6.42, 0.0446892,-0.156772,-0.067402,0,0,0,0;
6.43, 0.130614,-0.151752,-0.0695417,0,0,0,0;
6.44, 0.143541,-0.153883,-0.067801,0,0,0,0;
6.45, 0.170119,-0.15113,-0.0666082,0,0,0,0;
6.46, 0.241737,-0.152843,-0.0694338,0,0,0,0;
6.47, 0.20139,-0.149426,-0.0728457,0,0,0,0;
6.48, 0.136825,-0.147914,-0.0739386,0,0,0,0;
6.49, 0.0653785,-0.153091,-0.0708475,0,0,0,0;
6.5, 0.0793706,-0.148227,-0.0696068,0,0,0,0;
6.51, 0.0416147,-0.147977,-0.0666935,0,0,0,0;
6.52, -0.0240236,-0.149467,-0.0682565,0,0,0,0;
6.53, 0.0110219,-0.146334,-0.0680331,0,0,0,0;
6.54, 0.0306129,-0.144237,-0.0681703,0,0,0,0;
6.55, 0.0750589,-0.152375,-0.0709643,0,0,0,0;
6.56, -0.010957,-0.153444,-0.065413,0,0,0,0;
6.57, -0.0117981,-0.147132,-0.0629759,0,0,0,0;
6.58, 0.0657091,-0.152486,-0.0643044,0,0,0,0;
6.59, 0.0604997,-0.161385,-0.0704224,0,0,0,0;
6.6, 0.106176,-0.161127,-0.0719696,0,0,0,0;
6.61, 0.116642,-0.155906,-0.0704387,0,0,0,0;
6.62, 0.0445263,-0.156591,-0.0672494,0,0,0,0;
6.63, 0.0390805,-0.155091,-0.0638322,0,0,0,0;
6.64, 0.0559039,-0.144658,-0.0643698,0,0,0,0;
6.65, 0.100727,-0.141575,-0.0664719,0,0,0,0;
6.66, 0.253324,-0.147453,-0.0675217,0,0,0,0;
6.67, 0.207905,-0.149955,-0.068683,0,0,0,0;
6.68, 0.120331,-0.147768,-0.0699911,0,0,0,0;
6.69, 0.050525,-0.151337,-0.0663317,0,0,0,0;
6.7, 0.0812036,-0.156999,-0.065876,0,0,0,0;
6.71, 0.0357539,-0.158662,-0.0646523,0,0,0,0;
6.72, -0.0183474,-0.150392,-0.0614111,0,0,0,0;
6.73, -0.0364616,-0.142805,-0.0632697,0,0,0,0;
6.74, 0.0643212,-0.150226,-0.068777,0,0,0,0;
6.75, 0.151132,-0.150652,-0.0667658,0,0,0,0;
6.76, 0.112777,-0.150404,-0.0653645,0,0,0,0;
6.77, 0.0669042,-0.154628,-0.0678353,0,0,0,0;
6.78, 0.00266117,-0.14769,-0.0675575,0,0,0,0;
6.79, 0.0316019,-0.147951,-0.0657684,0,0,0,0;
6.8, 0.046909,-0.143661,-0.0653199,0,0,0,0;
6.81, 0.0409697,-0.142899,-0.0620905,0,0,0,0;
6.82, 0.0692391,-0.147878,-0.06189,0,0,0,0;
6.83, 0.113654,-0.148368,-0.0654216,0,0,0,0;
6.84, 0.103571,-0.146947,-0.0671632,0,0,0,0;
6.85, 0.076361,-0.145132,-0.0673553,0,0,0,0;
6.86, 0.063565,-0.142261,-0.0685445,0,0,0,0;
6.87, 0.0356929,-0.1441,-0.0670496,0,0,0,0;
6.88, 0.208724,-0.153131,-0.0679375,0,0,0,0;
6.89, 0.120195,-0.151978,-0.066117,0,0,0,0;
6.9, 0.0636588,-0.150547,-0.0665555,0,0,0,0;
6.91, 0.0993806,-0.150424,-0.0663941,0,0,0,0;
6.92, 0.0263821,-0.141436,-0.0638202,0,0,0,0;
6.93, -0.0435852,-0.135945,-0.0625889,0,0,0,0;
6.94, 4.05312e-05,-0.145544,-0.0634677,0,0,0,0;
6.95, 0.0785835,-0.155055,-0.0648924,0,0,0,0;
6.96, 0.120491,-0.156862,-0.0650959,0,0,0,0;
6.97, 0.147871,-0.151952,-0.0630727,0,0,0,0;
6.98, 0.0371099,-0.140641,-0.0595914,0,0,0,0;
6.99, 0.0251042,-0.139605,-0.0618042,0,0,0,0;
7, 0.0734293,-0.138459,-0.06665,0,0,0,0;
7.01, -0.00700024,-0.138108,-0.0640985,0,0,0,0;
7.02, 0.125032,-0.141438,-0.0669349,0,0,0,0;
7.03, 0.172135,-0.144901,-0.0681084,0,0,0,0;
7.04, 0.190716,-0.146035,-0.0678526,0,0,0,0;
7.05, 0.208588,-0.150326,-0.0676141,0,0,0,0;
7.06, 0.173215,-0.156815,-0.0652837,0,0,0,0;
7.07, 0.225313,-0.161938,-0.0656674,0,0,0,0;
7.08, 0.110144,-0.155802,-0.0653352,0,0,0,0;
7.09, 0.0627503,-0.14643,-0.0587202,0,0,0,0;
7.1, -0.0159863,-0.141021,-0.0574235,0,0,0,0;
7.11, -0.0547968,-0.144128,-0.0588573,0,0,0,0;
7.12, 0.00517538,-0.154079,-0.0640647,0,0,0,0;
7.13, 0.0194423,-0.150955,-0.0643706,0,0,0,0;
7.14, 0.106624,-0.147856,-0.0665866,0,0,0,0;
7.15, 0.052585,-0.153483,-0.0637476,0,0,0,0;
7.16, 0.0329899,-0.153608,-0.0669132,0,0,0,0;
7.17, 0.0887128,-0.147332,-0.0656617,0,0,0,0;
7.18, 0.0216504,-0.138449,-0.061775,0,0,0,0;
7.19, 0.0217687,-0.136447,-0.0631496,0,0,0,0;
7.2, 0.0687506,-0.139332,-0.062943,0,0,0,0;
7.21, 0.035455,-0.13227,-0.0637302,0,0,0,0;
7.22, 0.0225848,-0.138889,-0.0641367,0,0,0,0;
7.23, 0.0878653,-0.147706,-0.0628818,0,0,0,0;
7.24, 0.141594,-0.15423,-0.0608442,0,0,0,0;
7.25, 0.111992,-0.15224,-0.0633277,0,0,0,0;
7.26, 0.120426,-0.1441,-0.0637556,0,0,0,0;
7.27, 0.111931,-0.141238,-0.0632199,0,0,0,0;
7.28, 0.0852594,-0.148954,-0.0657779,0,0,0,0;
7.29, 0.057059,-0.141419,-0.0632648,0,0,0,0;
7.3, 0.0582754,-0.13956,-0.0603333,0,0,0,0;
7.31, 0.0406745,-0.144066,-0.0631933,0,0,0,0;
7.32, 0.1132,-0.149256,-0.0652993,0,0,0,0;
7.33, 0.109655,-0.148945,-0.0634302,0,0,0,0;
7.34, 0.0699428,-0.14338,-0.061639,0,0,0,0;
7.35, 0.12036,-0.144506,-0.0613768,0,0,0,0;
7.36, 0.0875058,-0.149047,-0.0612295,0,0,0,0;
7.37, 0.0522078,-0.140636,-0.0602412,0,0,0,0;
7.38, -0.0224773,-0.134988,-0.0581946,0,0,0,0;
7.39, 0.0267335,-0.136171,-0.0602829,0,0,0,0;
7.4, -0.0351304,-0.136384,-0.0601676,0,0,0,0;
7.41, 0.0321669,-0.141785,-0.0616858,0,0,0,0;
7.42, 0.0382825,-0.137766,-0.0609758,0,0,0,0;
7.43, -0.00864768,-0.13656,-0.0597494,0,0,0,0;
7.44, 0.0113673,-0.136247,-0.0587909,0,0,0,0;
7.45, 0.115084,-0.141123,-0.0609351,0,0,0,0;
7.46, 0.136667,-0.144237,-0.0627171,0,0,0,0;
7.47, 0.105245,-0.144565,-0.0588372,0,0,0,0;
7.48, 0.201255,-0.145145,-0.0598379,0,0,0,0;
7.49, 0.17978,-0.145092,-0.0623709,0,0,0,0;
7.5, 0.167141,-0.141865,-0.0636699,0,0,0,0;
7.51, 0.0517493,-0.140444,-0.0602459,0,0,0,0;
7.52, 0.049403,-0.142922,-0.0621537,0,0,0,0;
7.53, 0.111522,-0.1405,-0.0640403,0,0,0,0;
7.54, 0.0358523,-0.137518,-0.059791,0,0,0,0;
7.55, 0.109172,-0.137626,-0.0602337,0,0,0,0;
7.56, -0.0220107,-0.130775,-0.0556713,0,0,0,0;
7.57, 0.0175945,-0.133403,-0.0600764,0,0,0,0;
7.58, 0.192228,-0.140581,-0.0641859,0,0,0,0;
7.59, 0.107742,-0.14063,-0.061223,0,0,0,0;
7.6, 0.0594581,-0.136381,-0.0548836,0,0,0,0;
7.61, 0.094551,-0.144675,-0.0588632,0,0,0,0;
7.62, 0.0808438,-0.148674,-0.0610905,0,0,0,0;
7.63, -0.00973743,-0.141592,-0.058911,0,0,0,0;
7.64, 0.104578,-0.150651,-0.0618459,0,0,0,0;
7.65, 0.138437,-0.151516,-0.0601257,0,0,0,0;
7.66, 0.0361457,-0.140824,-0.0599635,0,0,0,0;
7.67, 0.0549933,-0.132916,-0.0622005,0,0,0,0;
7.68, 0.110721,-0.128811,-0.062086,0,0,0,0;
7.69, 0.178417,-0.120568,-0.0592159,0,0,0,0;
7.7, 0.0223862,-0.124287,-0.0575635,0,0,0,0;
7.71, 0.110049,-0.141148,-0.0623043,0,0,0,0;
7.72, 0.0050568,-0.144834,-0.0570185,0,0,0,0;
7.73, 0.0585607,-0.143944,-0.0581642,0,0,0,0;
7.74, 0.0241098,-0.138744,-0.0593626,0,0,0,0;
7.75, 0.0820673,-0.140719,-0.0612836,0,0,0,0;
7.76, 0.0373912,-0.136845,-0.0588969,0,0,0,0;
7.77, 0.0693902,-0.133459,-0.0623186,0,0,0,0;
7.78, 0.20422,-0.141272,-0.0639935,0,0,0,0;
7.79, 0.17127,-0.144071,-0.0599966,0,0,0,0;
7.8, 0.0915241,-0.135342,-0.0568889,0,0,0,0;
7.81, 0.0957275,-0.127397,-0.0563802,0,0,0,0;
7.82, -0.0420852,-0.129812,-0.054837,0,0,0,0;
7.83, -0.0384958,-0.129493,-0.0545994,0,0,0,0;
7.84, -0.0272525,-0.132446,-0.0585631,0,0,0,0;
7.85, -0.0048773,-0.136311,-0.0592742,0,0,0,0;
7.86, -0.0150398,-0.136028,-0.0585784,0,0,0,0;
7.87, 0.108191,-0.135885,-0.0591683,0,0,0,0;
7.88, 0.14233,-0.134459,-0.0586026,0,0,0,0;
7.89, 0.11517,-0.132174,-0.058508,0,0,0,0;
7.9, 0.0834082,-0.130179,-0.0581838,0,0,0,0;
7.91, 0.111298,-0.136335,-0.0581689,0,0,0,0;
7.92, 0.0656025,-0.142978,-0.0574598,0,0,0,0;
7.93, 0.0472185,-0.138237,-0.057256,0,0,0,0;
7.94, 0.00578171,-0.134232,-0.0561633,0,0,0,0;
7.95, 0.11181,-0.145807,-0.0572237,0,0,0,0;
7.96, 0.176521,-0.144719,-0.0595062,0,0,0,0;
7.97, 0.0909429,-0.135128,-0.058405,0,0,0,0;
7.98, 0.121921,-0.131001,-0.0585148,0,0,0,0;
7.99, 0.10496,-0.135589,-0.0591362,0,0,0,0;
8, 0.0616801,-0.134436,-0.0583684,0,0,0,0;
8.01, 0.0178337,-0.130179,-0.0572059,0,0,0,0;
8.02, -0.0167224,-0.126625,-0.0567137,0,0,0,0;
8.03, 0.111721,-0.131377,-0.0592798,0,0,0,0;
8.04, 0.0192016,-0.132677,-0.0572907,0,0,0,0;
8.05, -0.0232973,-0.129526,-0.0526496,0,0,0,0;
8.06, 0.0314548,-0.130839,-0.0549756,0,0,0,0;
8.07, 0.0916154,-0.136587,-0.059998,0,0,0,0;
8.08, 0.106646,-0.138307,-0.0610437,0,0,0,0;
8.09, 0.14779,-0.138337,-0.0600053,0,0,0,0;
8.1, 0.164018,-0.134353,-0.0557578,0,0,0,0;
8.11, 0.145506,-0.130595,-0.0529588,0,0,0,0;
8.12, 0.0482267,-0.138511,-0.0557643,0,0,0,0;
8.13, 0.0109252,-0.136277,-0.0559196,0,0,0,0;
8.14, -0.0533495,-0.134961,-0.0538356,0,0,0,0;
8.15, -0.105116,-0.128494,-0.050891,0,0,0,0;
8.16, 0.0715601,-0.126912,-0.056522,0,0,0,0;
8.17, -0.00824213,-0.128101,-0.0558332,0,0,0,0;
8.18, 0.00323987,-0.131992,-0.057108,0,0,0,0;
8.19, 0.021623,-0.133433,-0.0525301,0,0,0,0;
8.2, 0.0795105,-0.130876,-0.0527061,0,0,0,0;
8.21, 0.0341998,-0.131052,-0.0564104,0,0,0,0;
8.22, 0.0909724,-0.133537,-0.0560967,0,0,0,0;
8.23, 0.152349,-0.124292,-0.0578517,0,0,0,0;
8.24, 0.0478908,-0.115571,-0.0553229,0,0,0,0;
8.25, -0.0332483,-0.118653,-0.0524242,0,0,0,0;
8.26, 0.141509,-0.12898,-0.0571522,0,0,0,0;
8.27, 0.109557,-0.137216,-0.0583295,0,0,0,0;
8.28, 0.0175043,-0.136396,-0.0569859,0,0,0,0;
8.29, 0.123909,-0.131034,-0.0577765,0,0,0,0;
8.3, 0.108163,-0.121392,-0.0542898,0,0,0,0;
8.31, 0.155062,-0.126257,-0.0562294,0,0,0,0;
8.32, 0.102322,-0.126256,-0.0548555,0,0,0,0;
8.33, 0.106747,-0.133707,-0.0558676,0,0,0,0;
8.34, 0.167067,-0.13643,-0.056945,0,0,0,0;
8.35, 0.0171402,-0.140484,-0.0545521,0,0,0,0;
8.36, -0.116394,-0.138664,-0.053902,0,0,0,0;
8.37, 0.0321641,-0.131626,-0.0559527,0,0,0,0;
8.38, 0.0797972,-0.129703,-0.0556065,0,0,0,0;
8.39, 0.0826168,-0.129857,-0.0544931,0,0,0,0;
8.4, 0.153353,-0.126004,-0.0574309,0,0,0,0;
8.41, 0.127379,-0.128765,-0.0567225,0,0,0,0;
8.42, 0.00490251,-0.132831,-0.052707,0,0,0,0;
8.43, -0.0516255,-0.124728,-0.0507758,0,0,0,0;
8.44, -0.0555671,-0.122385,-0.0522459,0,0,0,0;
8.45, -0.0487212,-0.127795,-0.0512143,0,0,0,0;
8.46, 0.165772,-0.131117,-0.0547068,0,0,0,0;
8.47, 0.162242,-0.126644,-0.0551133,0,0,0,0;
8.48, 0.189048,-0.121364,-0.0546645,0,0,0,0;
8.49, 0.14377,-0.11911,-0.0569154,0,0,0,0;
8.5, 0.0439778,-0.118041,-0.0580766,0,0,0,0;
8.51, 0.0130016,-0.125024,-0.0552545,0,0,0,0;
8.52, 0.0182555,-0.127644,-0.0540726,0,0,0,0;
8.53, 0.0361023,-0.128761,-0.0534545,0,0,0,0;
8.54, 0.011059,-0.131016,-0.0561508,0,0,0,0;
8.55, 0.151759,-0.133726,-0.0581025,0,0,0,0;
8.56, 0.104726,-0.124593,-0.05533,0,0,0,0;
8.57, -0.055189,-0.121583,-0.052441,0,0,0,0;
8.58, 0.0219592,-0.127027,-0.0509435,0,0,0,0;
8.59, -0.0208128,-0.126205,-0.0483589,0,0,0,0;
8.6, -0.0721357,-0.117508,-0.0482249,0,0,0,0;
8.61, -0.0412997,-0.120738,-0.0499203,0,0,0,0;
8.62, 0.0141193,-0.125695,-0.0504982,0,0,0,0;
8.63, 0.0669573,-0.119971,-0.0505248,0,0,0,0;
8.64, 0.0328386,-0.117389,-0.0486979,0,0,0,0;
8.65, 0.0485277,-0.125617,-0.050526,0,0,0,0;
8.66, 0.230746,-0.137509,-0.0567317,0,0,0,0;
8.67, 0.103294,-0.135146,-0.0564101,0,0,0,0;
8.68, 0.152371,-0.134762,-0.0574925,0,0,0,0;
8.69, 0.145586,-0.124092,-0.0558172,0,0,0,0;
8.7, 0.111132,-0.121805,-0.0564959,0,0,0,0;
8.71, 0.0966965,-0.122369,-0.0532886,0,0,0,0;
8.72, 0.0998761,-0.11699,-0.0531038,0,0,0,0;
8.73, 0.0938047,-0.118687,-0.0552795,0,0,0,0;
8.74, -0.0263358,-0.120383,-0.0536476,0,0,0,0;
8.75, -0.0438982,-0.116985,-0.0509113,0,0,0,0;
8.76, 0.110688,-0.124288,-0.0540251,0,0,0,0;
8.77, -0.0062809,-0.122177,-0.0525485,0,0,0,0;
8.78, -0.0392418,-0.119097,-0.0503163,0,0,0,0;
8.79, -0.0545637,-0.116381,-0.0478994,0,0,0,0;
8.8, -0.135933,-0.111421,-0.0431391,0,0,0,0;
8.81, -0.0400905,-0.113538,-0.0494334,0,0,0,0;
8.82, 0.0296276,-0.116923,-0.0524073,0,0,0,0;
8.83, -0.0453909,-0.118973,-0.0499816,0,0,0,0;
8.84, 0.00383401,-0.124521,-0.0522883,0,0,0,0;
8.85, 0.0807567,-0.129209,-0.0544109,0,0,0,0;
8.86, 0.0707484,-0.128869,-0.0523655,0,0,0,0;
8.87, 0.166126,-0.126702,-0.0521104,0,0,0,0;
8.88, 0.170539,-0.128594,-0.0529644,0,0,0,0;
8.89, 0.135197,-0.126241,-0.0541505,0,0,0,0;
8.9, 0.118004,-0.123293,-0.0523118,0,0,0,0;
8.91, 0.102542,-0.118031,-0.0486946,0,0,0,0;
8.92, 0.0869279,-0.118865,-0.0509255,0,0,0,0;
8.93, 0.114377,-0.122255,-0.0490094,0,0,0,0;
8.94, 0.0587096,-0.121081,-0.0499787,0,0,0,0;
8.95, -0.0506032,-0.120895,-0.0494479,0,0,0,0;
8.96, 0.0617873,-0.123097,-0.0508291,0,0,0,0;
8.97, 0.102134,-0.121776,-0.0521579,0,0,0,0;
8.98, 0.161639,-0.122161,-0.0528705,0,0,0,0;
8.99, 0.142015,-0.124423,-0.0520673,0,0,0,0;
9, 0.0717275,-0.123408,-0.0515063,0,0,0,0;
9.01, 0.112281,-0.126252,-0.0528949,0,0,0,0;
9.02, 0.110436,-0.126141,-0.0537224,0,0,0,0;
9.03, 0.0556784,-0.127032,-0.0508586,0,0,0,0;
9.04, 0.0650303,-0.124025,-0.0518163,0,0,0,0;
9.05, 0.095566,-0.123191,-0.0529379,0,0,0,0;
9.06, 0.0239675,-0.116981,-0.048458,0,0,0,0;
9.07, -0.0532082,-0.115356,-0.0466616,0,0,0,0;
9.08, -0.0778087,-0.118453,-0.0486623,0,0,0,0;
9.09, 0.0344475,-0.113982,-0.0509216,0,0,0,0;
9.1, 0.0120338,-0.118392,-0.0505694,0,0,0,0;
9.11, 0.014114,-0.118026,-0.0475799,0,0,0,0;
9.12, 0.0880685,-0.122721,-0.0519726,0,0,0,0;
9.13, 0.0186749,-0.118346,-0.0496519,0,0,0,0;
9.14, -0.0568223,-0.105389,-0.0480539,0,0,0,0;
9.15, -0.0189528,-0.103633,-0.0504928,0,0,0,0;
9.16, 0.0998625,-0.118758,-0.0519339,0,0,0,0;
9.17, 0.0985661,-0.129499,-0.0512439,0,0,0,0;
9.18, 0.0164364,-0.118329,-0.04847,0,0,0,0;
9.19, 0.116873,-0.113385,-0.0480129,0,0,0,0;
9.2, 0.0180483,-0.109196,-0.0467553,0,0,0,0;
9.21, -0.0158902,-0.115824,-0.0445101,0,0,0,0;
9.22, 0.0813719,-0.123583,-0.0476142,0,0,0,0;
9.23, 0.0747121,-0.120328,-0.0490541,0,0,0,0;
9.24, 0.0430382,-0.119852,-0.0493393,0,0,0,0;
9.25, 0.181485,-0.123807,-0.0522258,0,0,0,0;
9.26, 0.11602,-0.118847,-0.0516989,0,0,0,0;
9.27, 0.190538,-0.121181,-0.0510515,0,0,0,0;
9.28, 0.258904,-0.119056,-0.0522172,0,0,0,0;
9.29, 0.127374,-0.118625,-0.0495784,0,0,0,0;
9.3, 0.168785,-0.122111,-0.0502716,0,0,0,0;
9.31, 0.0965748,-0.117374,-0.0487251,0,0,0,0;
9.32, 0.12422,-0.118263,-0.0492439,0,0,0,0;
9.33, 0.0827564,-0.112294,-0.0453455,0,0,0,0;
9.34, -0.0155697,-0.11127,-0.0416701,0,0,0,0;
9.35, -0.00402072,-0.113574,-0.0432018,0,0,0,0;
9.36, -0.0906696,-0.111855,-0.044557,0,0,0,0;
9.37, -0.119379,-0.111606,-0.0456429,0,0,0,0;
9.38, -0.0521368,-0.112307,-0.0470825,0,0,0,0;
9.39, 0.0808479,-0.123327,-0.0525854,0,0,0,0;
9.4, -0.0603354,-0.121537,-0.0495269,0,0,0,0;
9.41, -0.0613205,-0.113803,-0.0442396,0,0,0,0;
9.42, 0.0244714,-0.110816,-0.048636,0,0,0,0;
9.43, -0.0200096,-0.111953,-0.0487267,0,0,0,0;
9.44, 0.0127855,-0.104769,-0.0502404,0,0,0,0;
9.45, 0.0267358,-0.106044,-0.047415,0,0,0,0;
9.46, -0.00128874,-0.109708,-0.0441418,0,0,0,0;
9.47, 0.0562235,-0.114944,-0.0433062,0,0,0,0;
9.48, 0.0651423,-0.118909,-0.0439541,0,0,0,0;
9.49, 0.00598508,-0.113554,-0.0446656,0,0,0,0;
9.5, 0.00168335,-0.111257,-0.0484841,0,0,0,0;
9.51, -0.0146239,-0.111093,-0.0495452,0,0,0,0;
9.52, 0.00786024,-0.114088,-0.0472252,0,0,0,0;
9.53, 0.0747353,-0.115883,-0.047585,0,0,0,0;
9.54, -0.0215802,-0.113361,-0.0478302,0,0,0,0;
9.55, -0.05098,-0.107483,-0.0463175,0,0,0,0;
9.56, 0.0707816,-0.11322,-0.0485845,0,0,0,0;
9.57, 0.102141,-0.11842,-0.0472434,0,0,0,0;
9.58, 0.069559,-0.114136,-0.0437611,0,0,0,0;
9.59, 0.0524259,-0.113297,-0.0464463,0,0,0,0;
9.6, 0.0353048,-0.112629,-0.0471073,0,0,0,0;
9.61, 0.150855,-0.110419,-0.0493826,0,0,0,0;
9.62, 0.204159,-0.1146,-0.0511,0,0,0,0;
9.63, 0.131328,-0.11378,-0.0489762,0,0,0,0;
9.64, 0.0499737,-0.11342,-0.0479927,0,0,0,0;
9.65, 0.0122768,-0.11567,-0.0489762,0,0,0,0;
9.66, 0.0611603,-0.114445,-0.0471337,0,0,0,0;
9.67, 0.128488,-0.117783,-0.0482048,0,0,0,0;
9.68, 0.0210738,-0.113753,-0.0458999,0,0,0,0;
9.69, 0.0741261,-0.113055,-0.0436826,0,0,0,0;
9.7, 0.0468467,-0.108001,-0.0438824,0,0,0,0;
9.71, 0.0134258,-0.111099,-0.0449629,0,0,0,0;
9.72, 0.00826031,-0.108981,-0.0435071,0,0,0,0;
9.73, 0.0427626,-0.107721,-0.0439247,0,0,0,0;
9.74, 0.00775936,-0.111289,-0.046012,0,0,0,0;
9.75, -0.0606367,-0.106967,-0.0420818,0,0,0,0;
9.76, 0.00728449,-0.110225,-0.0439199,0,0,0,0;
9.77, 0.0264288,-0.114252,-0.0436633,0,0,0,0;
9.78, 0.112958,-0.114022,-0.046186,0,0,0,0;
9.79, 0.093751,-0.111293,-0.047269,0,0,0,0;
9.8, 0.0662749,-0.118846,-0.0451454,0,0,0,0;
9.81, -0.0271734,-0.114054,-0.0441253,0,0,0,0;
9.82, 0.0289471,-0.110732,-0.0468866,0,0,0,0;
9.83, -0.0080812,-0.105673,-0.046007,0,0,0,0;
9.84, -0.0344505,-0.100929,-0.0464491,0,0,0,0;
9.85, -0.0649775,-0.101761,-0.0450724,0,0,0,0;
9.86, 0.0239267,-0.104083,-0.0434288,0,0,0,0;
9.87, 0.160429,-0.109716,-0.0450782,0,0,0,0;
9.88, 0.139336,-0.100837,-0.0440276,0,0,0,0;
9.89, 0.0181998,-0.0972244,-0.0418243,0,0,0,0;
9.9, 0.000154823,-0.107414,-0.0423373,0,0,0,0;
9.91, -0.0243993,-0.112226,-0.0429901,0,0,0,0;
9.92, 0.113571,-0.117932,-0.0501907,0,0,0,0;
9.93, 0.0596538,-0.118981,-0.0485686,0,0,0,0;
9.94, -0.0202201,-0.114786,-0.0443662,0,0,0,0;
9.95, -0.0155927,-0.110387,-0.0422704,0,0,0,0;
9.96, 0.096736,-0.111451,-0.04381,0,0,0,0;
9.97, 0.0824372,-0.109379,-0.0450863,0,0,0,0;
9.98, 0.0353586,-0.107146,-0.0425925,0,0,0,0;
9.99, 0.0655331,-0.111027,-0.0428028,0,0,0,0;
