0, -0.0894716,0.342731,3.46439,0,0,0,0;
0.01, 0.15497,0.745397,3.40244,0,0,0,0;
0.02, 121.897,-22.9699,8.80868,0,0,0,0;
0.03, 31.9638,1.27256,0.631979,0,0,0,0;
0.04, -11.3465,8.8735,-4.73611,0,0,0,0;
0.05, -27.2906,3.14013,-4.00911,0,0,0,0;
0.06, -19.8202,4.47857,-1.6021,0,0,0,0;
0.07, -16.4387,3.80303,-0.0521968,0,0,0,0;
0.08, -22.5153,2.85986,1.27647,0,0,0,0;
0.09, -12.5877,2.82346,2.19679,0,0,0,0;
0.1, -9.55218,2.11835,2.92385,0,0,0,0;
0.11, -9.49663,2.08384,3.03576,0,0,0,0;
0.12, -9.0069,1.2013,3.27927,0,0,0,0;
0.13, -5.17277,0.90116,3.42963,0,0,0,0;
0.14, -3.9084,0.98838,3.24831,0,0,0,0;
0.15, -1.05036,0.840758,3.39506,0,0,0,0;
0.16, -0.947326,0.654191,3.43572,0,0,0,0;
0.17, -0.664922,0.626567,3.28813,0,0,0,0;
0.18, -0.399368,0.440783,3.21448,0,0,0,0;
0.19, -0.881799,0.397362,3.1751,0,0,0,0;
0.2, 0.350761,0.611616,3.17605,0,0,0,0;
0.21, 0.0279179,0.521041,3.17046,0,0,0,0;
0.22, -0.506349,0.212305,3.08673,0,0,0,0;
0.23, -0.0629479,0.651084,3.27442,0,0,0,0;
0.24, -0.0828129,0.0597458,3.06842,0,0,0,0;
0.25, -0.144196,0.347058,3.02552,0,0,0,0;
0.26, 0.458121,0.462426,3.10724,0,0,0,0;
0.27, 1.06587,0.139167,3.12575,0,0,0,0;
0.28, 0.0182665,0.369694,3.07891,0,0,0,0;
0.29, -0.334482,0.406987,3.08525,0,0,0,0;
0.3, 0.458725,0.231785,3.13432,0,0,0,0;
0.31, 1.09068,0.11684,3.13197,0,0,0,0;
0.32, 0.160664,0.604889,3.03645,0,0,0,0;
0.33, -0.80997,0.396228,3.07428,0,0,0,0;
0.34, 0.16827,0.198313,3.05018,0,0,0,0;
0.35, 0.400359,0.202653,3.13842,0,0,0,0;
0.36, -0.181817,0.396422,3.03674,0,0,0,0;
0.37, 0.664227,0.21915,3.07708,0,0,0,0;
0.38, 0.495698,0.373904,3.11898,0,0,0,0;
0.39, -0.763947,0.261582,3.05883,0,0,0,0;
0.4, -0.129426,0.0577761,3.17861,0,0,0,0;
0.41, 0.102585,0.28943,3.14372,0,0,0,0;
0.42, 1.26129,0.235131,3.18049,0,0,0,0;
0.43, 0.0818366,0.36244,3.01119,0,0,0,0;
0.44, -0.0459252,0.525084,3.16132,0,0,0,0;
0.45, 0.235675,0.373761,3.15708,0,0,0,0;
0.46, -0.0238217,-0.148435,2.99534,0,0,0,0;
0.47, 0.379581,0.627288,3.05917,0,0,0,0;
0.48, 0.328647,0.257351,3.23902,0,0,0,0;
0.49, -0.166851,-0.152379,3.0839,0,0,0,0;
0.5, 0.166087,0.363014,2.96993,0,0,0,0;
0.51, 0.181177,0.417664,3.20841,0,0,0,0;
0.52, 0.656998,0.516198,3.1799,0,0,0,0;
0.53, 0.0859716,0.0503019,3.07264,0,0,0,0;
0.54, 0.173304,0.215039,3.06091,0,0,0,0;
0.55, 0.0492749,0.219198,3.17907,0,0,0,0;
0.56, -0.120908,0.483513,2.95962,0,0,0,0;
0.57, -0.159249,0.350246,3.07137,0,0,0,0;
0.58, 0.384204,-0.166049,3.14856,0,0,0,0;
0.59, 0.430461,0.346596,3.05233,0,0,0,0;
0.6, -0.548289,0.315471,3.01318,0,0,0,0;
0.61, 0.0486741,0.089673,3.10805,0,0,0,0;
0.62, 0.406604,0.468372,2.9953,0,0,0,0;
0.63, 0.423195,0.268922,3.06054,0,0,0,0;
0.64, 0.686283,0.394315,3.08251,0,0,0,0;
0.65, -0.0188871,0.265584,3.03421,0,0,0,0;
0.66, 0.346236,0.251242,3.04245,0,0,0,0;
0.67, 0.468086,0.27768,3.0347,0,0,0,0;
0.68, -0.181076,0.398733,3.00649,0,0,0,0;
0.69, 0.102077,0.200373,2.99684,0,0,0,0;
0.7, -0.00645049,0.373664,2.98425,0,0,0,0;
0.71, -0.0712672,0.264322,2.99682,0,0,0,0;
0.72, 1.05478,0.138405,3.04091,0,0,0,0;
0.73, 0.25648,0.414204,3.03417,0,0,0,0;
0.74, 0.302704,0.344192,2.9328,0,0,0,0;
0.75, -0.195982,0.209588,2.97578,0,0,0,0;
0.76, 0.241852,0.211256,2.94782,0,0,0,0;
0.77, 0.203895,0.274458,3.1447,0,0,0,0;
0.78, -0.382957,0.409365,2.8833,0,0,0,0;
0.79, 0.365018,0.226706,3.0854,0,0,0,0;
0.8, 0.765845,0.198419,2.94642,0,0,0,0;
0.81, 0.110172,0.399076,3.00191,0,0,0,0;
0.82, 0.117306,0.478117,3.04324,0,0,0,0;
0.83, 0.555616,0.182464,2.97138,0,0,0,0;
0.84, -0.0951359,0.232774,2.97416,0,0,0,0;
0.85, -0.263617,0.310666,3.02428,0,0,0,0;
0.86, 0.119251,0.281755,3.03512,0,0,0,0;
0.87, 0.51902,0.307469,2.99124,0,0,0,0;
0.88, 0.0971074,0.281614,3.00749,0,0,0,0;
0.89, 0.536247,0.223702,3.05017,0,0,0,0;
0.9, 0.374543,0.414082,3.06212,0,0,0,0;
0.91, 0.472582,0.24175,2.97382,0,0,0,0;
0.92, 0.590419,0.150888,3.04147,0,0,0,0;
0.93, -0.643935,0.31242,3.01056,0,0,0,0;
0.94, 0.644176,0.374573,2.93126,0,0,0,0;
0.95, -0.50559,0.504767,3.06926,0,0,0,0;
0.96, -0.342491,-0.0203947,3.05511,0,0,0,0;
0.97, 0.777624,0.0739669,3.0349,0,0,0,0;
0.98, 0.825781,0.416954,3.20999,0,0,0,0;
0.99, -0.683498,0.229045,2.78866,0,0,0,0;
1, 0.110929,0.322999,3.05212,0,0,0,0;
1.01, 0.0182596,0.368204,3.00903,0,0,0,0;
1.02, 1.06827,0.239863,3.06163,0,0,0,0;
1.03, 0.603637,-0.000344872,3.08811,0,0,0,0;
1.04, 0.883349,0.524301,2.97132,0,0,0,0;
1.05, -0.158984,-0.0497787,3.04846,0,0,0,0;
1.06, -0.053005,0.644233,2.99088,0,0,0,0;
1.07, -0.255355,0.562675,2.955,0,0,0,0;
1.08, -1.04432,0.0796618,2.99252,0,0,0,0;
1.09, 0.596511,0.144213,3.06325,0,0,0,0;
1.1, 0.676383,0.268546,3.02418,0,0,0,0;
1.11, -0.0109287,0.284925,2.99826,0,0,0,0;
1.12, 1.04417,0.186739,2.99198,0,0,0,0;
1.13, -0.213345,0.412141,2.96405,0,0,0,0;
1.14, 0.447425,0.227826,2.9951,0,0,0,0;
1.15, 0.337468,0.246711,2.95573,0,0,0,0;
1.16, 0.574529,0.284444,2.9919,0,0,0,0;
1.17, 0.291832,0.3594,2.99276,0,0,0,0;
1.18, 0.025952,0.287274,2.9128,0,0,0,0;
1.19, -0.328323,0.332537,2.96046,0,0,0,0;
1.2, 0.0252101,0.222228,2.93009,0,0,0,0;
1.21, 0.239148,0.309683,2.96006,0,0,0,0;
1.22, 0.471404,0.345887,2.9438,0,0,0,0;
1.23, 0.0604694,0.178486,2.89762,0,0,0,0;
1.24, -0.55566,0.353088,2.9438,0,0,0,0;
1.25, 0.509199,0.285237,2.90422,0,0,0,0;
1.26, -0.392424,0.349111,2.96585,0,0,0,0;
1.27, 1.19321,0.256256,2.88978,0,0,0,0;
1.28, 0.0271641,0.260695,2.9447,0,0,0,0;
1.29, 0.414924,0.286336,2.96224,0,0,0,0;
1.3, 0.471855,0.304772,2.9618,0,0,0,0;
1.31, 0.226193,0.372745,2.91453,0,0,0,0;
1.32, 0.0143364,0.272536,2.89013,0,0,0,0;
1.33, 0.510184,0.389016,2.99198,0,0,0,0;
1.34, -0.0570279,0.262069,2.91282,0,0,0,0;
1.35, 0.600051,0.235311,2.95321,0,0,0,0;
1.36, 0.212846,0.274674,2.92661,0,0,0,0;
1.37, -0.122339,0.332124,2.88654,0,0,0,0;
1.38, 0.858272,0.268369,2.97661,0,0,0,0;
1.39, 0.31783,0.269169,2.90465,0,0,0,0;
1.4, -0.660642,0.312507,2.92221,0,0,0,0;
1.41, 0.582387,0.306207,2.91362,0,0,0,0;
1.42, -0.00134999,0.23309,2.92834,0,0,0,0;
1.43, 0.188175,0.313711,2.98052,0,0,0,0;
1.44, 0.163497,0.327454,2.91389,0,0,0,0;
1.45, -0.269701,0.354542,2.96854,0,0,0,0;
1.46, 1.47469,0.253,2.9203,0,0,0,0;
1.47, -0.258018,0.261884,2.96799,0,0,0,0;
1.48, 0.365664,0.231546,2.97502,0,0,0,0;
1.49, 0.447253,0.232397,2.9531,0,0,0,0;
1.5, -0.0555968,0.211429,2.82565,0,0,0,0;
1.51, -0.156324,0.262022,3.0434,0,0,0,0;
1.52, 0.808641,0.416618,2.865,0,0,0,0;
1.53, 0.738538,0.34438,3.0175,0,0,0,0;
1.54, -0.276279,0.516823,2.88661,0,0,0,0;
1.55, 0.490805,-0.251428,2.92422,0,0,0,0;
1.56, -0.896938,0.713339,2.87098,0,0,0,0;
1.57, 0.175477,0.367902,2.99642,0,0,0,0;
1.58, 0.241783,0.0643549,2.8846,0,0,0,0;
1.59, 0.892168,0.147551,2.98674,0,0,0,0;
1.6, -0.399596,0.422056,2.85408,0,0,0,0;
1.61, -0.0968143,0.253136,2.8731,0,0,0,0;
1.62, 0.692719,0.200181,2.87986,0,0,0,0;
1.63, 0.603561,0.381204,3.00166,0,0,0,0;
1.64, 0.792554,0.0672096,2.92855,0,0,0,0;
1.65, 0.649444,0.367895,2.92832,0,0,0,0;
1.66, -0.208188,0.243864,2.88244,0,0,0,0;
1.67, -0.63489,0.413936,2.85535,0,0,0,0;
1.68, -0.0861332,0.332189,2.84826,0,0,0,0;
1.69, 0.326001,0.271992,2.89565,0,0,0,0;
1.7, 0.175974,0.266705,2.89845,0,0,0,0;
1.71, 0.94345,0.26228,2.89923,0,0,0,0;
1.72, -0.122503,0.300749,2.85607,0,0,0,0;
1.73, 0.622624,0.289851,2.87952,0,0,0,0;
1.74, -0.103727,0.323485,2.85374,0,0,0,0;
1.75, 0.0297198,0.283222,2.85881,0,0,0,0;
1.76, 0.267139,0.322187,2.88116,0,0,0,0;
1.77, 0.883377,0.287055,2.85388,0,0,0,0;
1.78, 0.537286,0.324832,2.89092,0,0,0,0;
1.79, -0.261438,0.271259,2.82199,0,0,0,0;
1.8, 0.535402,0.395007,2.85451,0,0,0,0;
1.81, 0.223636,0.285313,2.83672,0,0,0,0;
1.82, -0.417516,0.222185,2.76876,0,0,0,0;
1.83, 0.120575,0.280477,2.90882,0,0,0,0;
1.84, 0.167324,0.276605,2.85472,0,0,0,0;
1.85, 0.243115,0.411796,2.8377,0,0,0,0;
1.86, 0.546271,0.262963,2.86618,0,0,0,0;
1.87, 0.348433,0.340886,2.86805,0,0,0,0;
1.88, 0.915925,0.161947,2.85066,0,0,0,0;
1.89, 0.239875,0.302566,2.84425,0,0,0,0;
1.9, -0.126524,0.333296,2.81827,0,0,0,0;
1.91, 0.0455702,0.363304,2.84866,0,0,0,0;
1.92, 0.332845,0.204271,2.85889,0,0,0,0;
1.93, 0.114597,0.317811,2.81649,0,0,0,0;
1.94, 0.30581,0.295676,2.84822,0,0,0,0;
1.95, 0.0913067,0.257034,2.84467,0,0,0,0;
1.96, -0.254745,0.291069,2.82996,0,0,0,0;
1.97, 0.450929,0.358368,2.84787,0,0,0,0;
1.98, 0.274351,0.286849,2.87369,0,0,0,0;
1.99, 0.2648,0.284738,2.85321,0,0,0,0;
2, 0.162125,0.101121,2.82563,0,0,0,0;
2.01, 0.187981,0.397906,2.84026,0,0,0,0;
2.02, 1.18696,0.286782,2.91292,0,0,0,0;
2.03, -0.0850034,0.3825,2.83229,0,0,0,0;
2.04, -0.151395,0.211095,2.80685,0,0,0,0;
2.05, 1.42537,0.485779,2.83006,0,0,0,0;
2.06, -0.418711,0.400829,2.87078,0,0,0,0;
2.07, 0.00262862,0.0529684,2.80795,0,0,0,0;
2.08, 0.0606664,0.16953,2.81784,0,0,0,0;
2.09, 0.390512,0.493033,2.93066,0,0,0,0;
2.1, 0.293733,0.0782119,2.78972,0,0,0,0;
2.11, -0.0633943,0.537196,2.79129,0,0,0,0;
2.12, -0.299102,0.0140884,2.79139,0,0,0,0;
2.13, 0.591535,0.187198,2.93152,0,0,0,0;
2.14, 1.04487,0.588354,2.83192,0,0,0,0;
2.15, -0.0692288,0.321719,2.86398,0,0,0,0;
2.16, 0.876281,0.293831,2.75178,0,0,0,0;
2.17, 0.660171,0.042803,2.79798,0,0,0,0;
2.18, -0.126033,0.313977,2.80921,0,0,0,0;
2.19, -0.353809,0.379696,2.85098,0,0,0,0;
2.2, 0.695927,0.288904,2.79301,0,0,0,0;
2.21, -0.584805,0.297335,2.72148,0,0,0,0;
2.22, 0.127232,0.214591,2.80528,0,0,0,0;
2.23, 0.338628,0.375731,2.80836,0,0,0,0;
2.24, 0.915514,0.314985,2.82644,0,0,0,0;
2.25, 0.370354,0.298393,2.80855,0,0,0,0;
2.26, 0.553461,0.27832,2.77992,0,0,0,0;
2.27, 0.044747,0.260985,2.76778,0,0,0,0;
2.28, -0.201144,0.31581,2.76734,0,0,0,0;
2.29, 0.142361,0.331554,2.76473,0,0,0,0;
2.3, 0.413985,0.323272,2.75033,0,0,0,0;
2.31, -0.321535,0.290757,2.77306,0,0,0,0;
2.32, 0.852224,0.296012,2.7745,0,0,0,0;
2.33, 0.349009,0.283458,2.79389,0,0,0,0;
2.34, 0.0357742,0.319649,2.75481,0,0,0,0;
2.35, 0.070231,0.271399,2.74001,0,0,0,0;
2.36, 0.358533,0.330833,2.75169,0,0,0,0;
2.37, 0.603223,0.267524,2.79161,0,0,0,0;
2.38, -0.174821,0.349513,2.74912,0,0,0,0;
2.39, 0.470078,0.24491,2.72552,0,0,0,0;
2.4, -0.225947,0.312112,2.75079,0,0,0,0;
2.41, 0.832056,0.279807,2.76836,0,0,0,0;
2.42, -0.167929,0.347956,2.74322,0,0,0,0;
2.43, 0.607548,0.296489,2.7816,0,0,0,0;
2.44, 0.454195,0.289903,2.74341,0,0,0,0;
2.45, 0.462821,0.272534,2.79332,0,0,0,0;
2.46, 0.633973,0.279141,2.74686,0,0,0,0;
2.47, 0.306973,0.284408,2.77136,0,0,0,0;
2.48, -0.0187279,0.299786,2.7338,0,0,0,0;
2.49, 0.802618,0.288557,2.78418,0,0,0,0;
2.5, -0.184164,0.354658,2.72853,0,0,0,0;
2.51, -0.381775,0.223158,2.7272,0,0,0,0;
2.52, 0.271975,0.296463,2.6905,0,0,0,0;
2.53, 0.611351,0.294097,2.76487,0,0,0,0;
2.54, -0.174728,0.31763,2.75956,0,0,0,0;
2.55, 0.410027,0.265037,2.71009,0,0,0,0;
2.56, 0.105262,0.392095,2.78955,0,0,0,0;
2.57, -0.220881,0.252161,2.74785,0,0,0,0;
2.58, 0.260053,0.202187,2.72061,0,0,0,0;
2.59, -0.167127,0.286789,2.6547,0,0,0,0;
2.6, 0.472201,0.280987,2.7845,0,0,0,0;
2.61, 1.23485,0.491555,2.74998,0,0,0,0;
2.62, 0.207368,0.459122,2.79242,0,0,0,0;
2.63, 0.510746,-0.0225483,2.76024,0,0,0,0;
2.64, 0.367535,0.309757,2.73263,0,0,0,0;
2.65, 0.462281,0.36806,2.79005,0,0,0,0;
2.66, 0.38134,0.0690287,2.66476,0,0,0,0;
2.67, -0.0698389,0.354277,2.71754,0,0,0,0;
2.68, -0.0673265,0.464212,2.72676,0,0,0,0;
2.69, 0.641835,0.213948,2.77754,0,0,0,0;
2.7, 0.243011,0.229885,2.71031,0,0,0,0;
2.71, 0.142867,0.220958,2.7223,0,0,0,0;
2.72, -0.24813,0.387215,2.69187,0,0,0,0;
2.73, 0.74021,0.393319,2.71923,0,0,0,0;
2.74, 0.629904,0.222567,2.75796,0,0,0,0;
2.75, 0.704794,0.27378,2.66181,0,0,0,0;
2.76, 0.089564,0.257791,2.69543,0,0,0,0;
2.77, -0.117676,0.382365,2.71764,0,0,0,0;
2.78, 0.163091,0.271835,2.64823,0,0,0,0;
2.79, 0.268571,0.273785,2.70988,0,0,0,0;
2.8, -0.336604,0.384066,2.67016,0,0,0,0;
2.81, 0.232879,0.258492,2.67174,0,0,0,0;
2.82, 0.463348,0.31273,2.69341,0,0,0,0;
2.83, 0.807785,0.282705,2.70037,0,0,0,0;
2.84, -0.308348,0.322509,2.66297,0,0,0,0;
2.85, -0.195217,0.280195,2.6544,0,0,0,0;
2.86, 0.520169,0.255083,2.68622,0,0,0,0;
2.87, 0.37253,0.294931,2.67602,0,0,0,0;
2.88, 0.802022,0.354758,2.71469,0,0,0,0;
2.89, 0.494337,0.297949,2.67473,0,0,0,0;
2.9, -0.361349,0.326566,2.62079,0,0,0,0;
2.91, 1.48712,0.275826,2.73147,0,0,0,0;
2.92, 0.209141,0.27049,2.6345,0,0,0,0;
2.93, -0.299364,0.246423,2.65102,0,0,0,0;
2.94, 0.260382,0.379003,2.65242,0,0,0,0;
2.95, 0.0961206,0.257946,2.64603,0,0,0,0;
2.96, 0.578707,0.284269,2.65769,0,0,0,0;
2.97, 0.545968,0.369468,2.67639,0,0,0,0;
2.98, -0.214685,0.201262,2.64191,0,0,0,0;
2.99, 0.846658,0.336201,2.6727,0,0,0,0;
3, 0.412169,0.288764,2.63678,0,0,0,0;
3.01, -0.156279,0.337789,2.65709,0,0,0,0;
3.02, 0.166882,0.2851,2.64854,0,0,0,0;
3.03, 0.127285,0.256751,2.65201,0,0,0,0;
3.04, 0.393126,0.383014,2.61344,0,0,0,0;
3.05, 0.0200712,0.317106,2.63146,0,0,0,0;
3.06, 0.630489,0.295343,2.67224,0,0,0,0;
3.07, 0.125762,0.264896,2.66337,0,0,0,0;
3.08, 0.132256,0.23254,2.62626,0,0,0,0;
3.09, 0.554664,0.293637,2.64001,0,0,0,0;
3.1, 0.0655991,0.370459,2.61742,0,0,0,0;
3.11, 0.448855,0.371193,2.68038,0,0,0,0;
3.12, 0.216108,0.120656,2.66675,0,0,0,0;
3.13, -0.0336323,0.467948,2.59128,0,0,0,0;
3.14, 1.02692,0.14591,2.62232,0,0,0,0;
3.15, 0.443319,0.312516,2.66146,0,0,0,0;
3.16, -0.155655,0.287191,2.65899,0,0,0,0;
3.17, -0.00752342,0.418741,2.60454,0,0,0,0;
3.18, -0.277266,0.415038,2.60719,0,0,0,0;
3.19, 0.750181,-0.0156932,2.62014,0,0,0,0;
3.2, 0.426479,0.187502,2.63974,0,0,0,0;
3.21, 0.049913,0.309498,2.64215,0,0,0,0;
3.22, 0.265309,0.366372,2.63055,0,0,0,0;
3.23, 0.251808,0.2845,2.5537,0,0,0,0;
3.24, 1.04501,0.442073,2.70475,0,0,0,0;
3.25, 0.926873,0.10054,2.58596,0,0,0,0;
3.26, -0.183049,0.393008,2.62729,0,0,0,0;
3.27, -0.273004,0.307142,2.57867,0,0,0,0;
3.28, 0.112121,0.352827,2.63266,0,0,0,0;
3.29, 1.08921,0.187049,2.65342,0,0,0,0;
3.3, -0.417984,0.385947,2.54298,0,0,0,0;
3.31, 0.863071,0.29223,2.5984,0,0,0,0;
3.32, 0.217935,0.275087,2.61608,0,0,0,0;
3.33, -0.15695,0.294885,2.55677,0,0,0,0;
3.34, -0.0656481,0.326326,2.56995,0,0,0,0;
3.35, 1.37329,0.278633,2.64006,0,0,0,0;
3.36, 0.310672,0.226004,2.59693,0,0,0,0;
3.37, -0.033875,0.315445,2.55542,0,0,0,0;
3.38, 0.000187784,0.365015,2.55833,0,0,0,0;
3.39, 0.796163,0.256855,2.60359,0,0,0,0;
3.4, 0.490025,0.35763,2.59065,0,0,0,0;
3.41, 0.162824,0.194608,2.58355,0,0,0,0;
3.42, 0.299925,0.352333,2.53346,0,0,0,0;
3.43, -0.228193,0.316664,2.57986,0,0,0,0;
3.44, 0.39291,0.295504,2.54491,0,0,0,0;
3.45, 0.117242,0.333773,2.53625,0,0,0,0;
3.46, -0.233865,0.269573,2.52215,0,0,0,0;
3.47, 0.277117,0.307296,2.56741,0,0,0,0;
3.48, 1.30651,0.282111,2.62465,0,0,0,0;
3.49, 0.393192,0.284223,2.54703,0,0,0,0;
3.5, 0.330561,0.259028,2.54783,0,0,0,0;
3.51, 0.0380037,0.288487,2.53807,0,0,0,0;
3.52, 0.232075,0.349784,2.54805,0,0,0,0;
3.53, 0.471204,0.345887,2.54325,0,0,0,0;
3.54, 0.528961,0.211751,2.58801,0,0,0,0;
3.55, -0.157455,0.340685,2.51471,0,0,0,0;
3.56, 0.629733,0.295455,2.544,0,0,0,0;
3.57, -0.136556,0.281505,2.50516,0,0,0,0;
3.58, 0.548054,0.275104,2.56602,0,0,0,0;
3.59, -0.179827,0.332021,2.5217,0,0,0,0;
3.6, 0.609762,0.234818,2.55163,0,0,0,0;
3.61, 0.780023,0.377736,2.58191,0,0,0,0;
3.62, 0.0968122,0.266859,2.48694,0,0,0,0;
3.63, 0.359109,0.239776,2.5566,0,0,0,0;
3.64, 0.178677,0.304797,2.53617,0,0,0,0;
3.65, 0.180852,0.255457,2.51673,0,0,0,0;
3.66, 0.15458,0.348731,2.54426,0,0,0,0;
3.67, 0.15395,0.32635,2.49776,0,0,0,0;
3.68, 0.538549,0.317994,2.52699,0,0,0,0;
3.69, -0.257495,0.220933,2.47028,0,0,0,0;
3.7, 0.700083,0.268661,2.57665,0,0,0,0;
3.71, 0.664365,0.352022,2.56838,0,0,0,0;
3.72, 0.838557,0.299283,2.55629,0,0,0,0;
3.73, -0.46785,0.35808,2.47362,0,0,0,0;
3.74, 0.665946,0.134757,2.52707,0,0,0,0;
3.75, 0.262332,0.331696,2.476,0,0,0,0;
3.76, 0.189321,0.36056,2.5303,0,0,0,0;
3.77, -0.0610186,0.199879,2.5016,0,0,0,0;
3.78, 0.571288,0.313687,2.52818,0,0,0,0;
3.79, 0.188154,0.374052,2.51724,0,0,0,0;
3.8, 0.331012,0.268147,2.47879,0,0,0,0;
3.81, 0.0359316,0.408295,2.50007,0,0,0,0;
3.82, 0.923531,0.277658,2.47002,0,0,0,0;
3.83, 0.647451,0.0101157,2.55169,0,0,0,0;
3.84, 0.482396,0.305492,2.47163,0,0,0,0;
3.85, -0.163747,0.413697,2.52329,0,0,0,0;
3.86, 0.948006,0.305209,2.47705,0,0,0,0;
3.87, -0.525131,0.380323,2.47951,0,0,0,0;
3.88, 0.0110782,0.314793,2.44628,0,0,0,0;
3.89, 0.751201,0.210935,2.48649,0,0,0,0;
3.9, 0.934484,0.259526,2.53301,0,0,0,0;
3.91, -0.333025,0.364051,2.45325,0,0,0,0;
3.92, -0.169234,0.230694,2.43735,0,0,0,0;
3.93, 0.237415,0.32198,2.47245,0,0,0,0;
3.94, 0.603379,0.293786,2.51084,0,0,0,0;
3.95, 0.101992,0.277935,2.415,0,0,0,0;
3.96, 0.688826,0.24434,2.50769,0,0,0,0;
3.97, 0.23162,0.351625,2.44379,0,0,0,0;
3.98, 0.270541,0.317825,2.42686,0,0,0,0;
3.99, 0.858303,0.238322,2.47753,0,0,0,0;
4, 0.121027,0.391388,2.46632,0,0,0,0;
4.01, 0.142228,0.238634,2.44994,0,0,0,0;
4.02, 0.476131,0.284332,2.44426,0,0,0,0;
4.03, 0.347574,0.296411,2.46966,0,0,0,0;
4.04, 0.272998,0.319945,2.45196,0,0,0,0;
4.05, 0.374247,0.303051,2.43714,0,0,0,0;
4.06, 0.631137,0.256043,2.43339,0,0,0,0;
4.07, -0.092345,0.32927,2.47015,0,0,0,0;
4.08, -0.118023,0.306954,2.40951,0,0,0,0;
4.09, 0.773095,0.225799,2.43592,0,0,0,0;
4.1, -0.0306357,0.365502,2.42834,0,0,0,0;
4.11, 0.0640586,0.273539,2.42922,0,0,0,0;
4.12, 0.516202,0.250069,2.44206,0,0,0,0;
4.13, 1.05342,0.38247,2.4273,0,0,0,0;
4.14, 0.540843,0.259801,2.50998,0,0,0,0;
4.15, -0.324987,0.264664,2.37413,0,0,0,0;
4.16, 0.608805,0.290961,2.42752,0,0,0,0;
4.17, 1.13771,0.32142,2.49955,0,0,0,0;
4.18, -0.525563,0.295398,2.34886,0,0,0,0;
4.19, 0.133336,0.28546,2.40449,0,0,0,0;
4.2, 0.548718,0.292669,2.43434,0,0,0,0;
4.21, -0.374082,0.303018,2.42239,0,0,0,0;
4.22, 0.700372,0.308238,2.40102,0,0,0,0;
4.23, 0.367267,0.265861,2.43326,0,0,0,0;
4.24, -0.0855438,0.314511,2.40864,0,0,0,0;
4.25, 0.603485,0.255086,2.34935,0,0,0,0;
4.26, -0.15242,0.269945,2.43036,0,0,0,0;
4.27, 0.720769,0.354334,2.4525,0,0,0,0;
4.28, 0.622911,0.200945,2.41264,0,0,0,0;
4.29, -0.0983138,0.219288,2.37703,0,0,0,0;
4.3, 0.610992,0.38123,2.47262,0,0,0,0;
4.31, 0.259975,0.326165,2.40219,0,0,0,0;
4.32, 0.555787,0.236197,2.38832,0,0,0,0;
4.33, 0.482047,0.367751,2.40347,0,0,0,0;
4.34, -0.147147,0.259836,2.37536,0,0,0,0;
4.35, 0.724385,0.335284,2.4075,0,0,0,0;
4.36, 0.371495,0.240308,2.42321,0,0,0,0;
4.37, 0.948837,0.322127,2.40621,0,0,0,0;
4.38, -0.147077,0.275396,2.34579,0,0,0,0;
4.39, 1.01352,0.309232,2.37961,0,0,0,0;
4.4, -0.271426,0.218148,2.4055,0,0,0,0;
4.41, 0.235514,0.246499,2.34488,0,0,0,0;
4.42, 0.676889,0.402002,2.43238,0,0,0,0;
4.43, 0.620134,0.360636,2.34664,0,0,0,0;
4.44, 0.661994,0.283074,2.40289,0,0,0,0;
4.45, 0.408074,0.244712,2.37104,0,0,0,0;
4.46, 0.15521,0.247439,2.35255,0,0,0,0;
4.47, -0.445898,0.284892,2.33075,0,0,0,0;
4.48, -0.133189,0.251393,2.32479,0,0,0,0;
4.49, -0.682625,0.351708,2.34196,0,0,0,0;
4.5, 0.303827,0.326218,2.33898,0,0,0,0;
4.51, 0.686001,0.162573,2.38281,0,0,0,0;
4.52, 1.52237,0.334218,2.37198,0,0,0,0;
4.53, 0.422902,0.401268,2.35228,0,0,0,0;
4.54, 0.13671,0.266366,2.35518,0,0,0,0;
4.55, 0.540228,0.232333,2.33384,0,0,0,0;
4.56, -0.0801449,0.310597,2.30005,0,0,0,0;
4.57, -0.0290882,0.291564,2.31209,0,0,0,0;
4.58, 0.844634,0.344269,2.39345,0,0,0,0;
4.59, 0.401087,0.204061,2.37048,0,0,0,0;
4.6, -0.317279,0.309365,2.29104,0,0,0,0;
4.61, 0.389609,0.328581,2.31465,0,0,0,0;
4.62, 0.817845,0.291032,2.34601,0,0,0,0;
4.63, 0.640637,0.211918,2.37063,0,0,0,0;
4.64, 0.54828,0.359062,2.32393,0,0,0,0;
4.65, 0.219746,0.291682,2.29661,0,0,0,0;
4.66, 0.411113,0.308035,2.3593,0,0,0,0;
4.67, 0.86003,0.278954,2.31408,0,0,0,0;
4.68, -0.570675,0.285931,2.30445,0,0,0,0;
4.69, 0.167362,0.329962,2.31122,0,0,0,0;
4.7, 0.729102,0.288087,2.28669,0,0,0,0;
4.71, 0.0641178,0.264394,2.29237,0,0,0,0;
4.72, 0.291776,0.311219,2.35727,0,0,0,0;
4.73, 0.145488,0.292053,2.3073,0,0,0,0;
4.74, 0.143186,0.286884,2.25943,0,0,0,0;
4.75, 1.17041,0.215975,2.37437,0,0,0,0;
4.76, 0.378174,0.327578,2.29699,0,0,0,0;
4.77, 0.0900047,0.289153,2.25505,0,0,0,0;
4.78, 1.10502,0.300416,2.34289,0,0,0,0;
4.79, -0.353699,0.314508,2.27743,0,0,0,0;
4.8, -0.0662999,0.32746,2.31657,0,0,0,0;
4.81, 0.410841,0.212319,2.25904,0,0,0,0;
4.82, 1.08797,0.37131,2.34458,0,0,0,0;
4.83, -0.287638,0.198367,2.25294,0,0,0,0;
4.84, 0.304527,0.27841,2.30965,0,0,0,0;
4.85, 0.511119,0.265871,2.24677,0,0,0,0;
4.86, 1.43051,0.266581,2.36333,0,0,0,0;
4.87, -0.760031,0.415902,2.21683,0,0,0,0;
4.88, 0.117872,0.109581,2.27497,0,0,0,0;
4.89, -0.395181,0.503085,2.29281,0,0,0,0;
4.9, 1.09467,0.127362,2.29581,0,0,0,0;
4.91, 0.0967782,0.448394,2.21393,0,0,0,0;
4.92, 0.299652,0.192935,2.31457,0,0,0,0;
4.93, -0.218423,0.220907,2.22825,0,0,0,0;
4.94, -0.116462,0.349737,2.24306,0,0,0,0;
4.95, 1.37975,0.158327,2.33552,0,0,0,0;
4.96, 0.988454,0.442364,2.29759,0,0,0,0;
4.97, 0.298119,0.340274,2.22081,0,0,0,0;
4.98, 0.847023,0.157438,2.30497,0,0,0,0;
4.99, 0.114738,0.27628,2.26907,0,0,0,0;
5, -0.00988141,0.331648,2.24631,0,0,0,0;
5.01, 0.703735,0.282496,2.27094,0,0,0,0;
5.02, 0.293221,0.210858,2.27687,0,0,0,0;
5.03, 0.612885,0.31573,2.24553,0,0,0,0;
5.04, 0.113546,0.321903,2.22828,0,0,0,0;
5.05, 0.179053,0.26758,2.20348,0,0,0,0;
5.06, 0.188842,0.376896,2.26278,0,0,0,0;
5.07, 0.474661,0.224245,2.24555,0,0,0,0;
5.08, 0.154134,0.320173,2.21882,0,0,0,0;
5.09, 0.200447,0.26586,2.22737,0,0,0,0;
5.1, 0.96617,0.272139,2.26345,0,0,0,0;
5.11, 0.359901,0.304374,2.20658,0,0,0,0;
5.12, -0.242932,0.291383,2.23756,0,0,0,0;
5.13, 0.740979,0.257232,2.24109,0,0,0,0;
5.14, 0.632938,0.281444,2.2438,0,0,0,0;
5.15, 0.582663,0.351476,2.20332,0,0,0,0;
5.16, 0.214272,0.229348,2.1853,0,0,0,0;
5.17, 0.194417,0.276764,2.26943,0,0,0,0;
5.18, -0.341993,0.256688,2.16359,0,0,0,0;
5.19, 0.847341,0.312157,2.25114,0,0,0,0;
5.2, 0.49778,0.358405,2.20832,0,0,0,0;
5.21, 0.845646,0.162345,2.24996,0,0,0,0;
5.22, 0.174603,0.324407,2.15459,0,0,0,0;
5.23, 0.340635,0.275333,2.21447,0,0,0,0;
5.24, -0.803233,0.31167,2.16309,0,0,0,0;
5.25, 0.510081,0.329298,2.18312,0,0,0,0;
5.26, 0.587886,0.287656,2.22084,0,0,0,0;
5.27, 0.272243,0.244825,2.19634,0,0,0,0;
5.28, 1.15629,0.33514,2.24354,0,0,0,0;
5.29, 0.934647,0.242195,2.18547,0,0,0,0;
5.3, -0.14211,0.371895,2.22844,0,0,0,0;
5.31, -0.239703,0.24146,2.10945,0,0,0,0;
5.32, 0.115759,0.238535,2.18757,0,0,0,0;
5.33, 1.21182,0.285097,2.22678,0,0,0,0;
5.34, 0.64499,0.247687,2.20752,0,0,0,0;
5.35, -0.0840466,0.31288,2.16697,0,0,0,0;
5.36, 0.93014,0.263885,2.20313,0,0,0,0;
5.37, -0.518878,0.357227,2.13298,0,0,0,0;
5.38, 0.0597011,0.180411,2.17854,0,0,0,0;
5.39, 0.171284,0.363645,2.14795,0,0,0,0;
5.4, 0.0758345,0.28549,2.17627,0,0,0,0;
5.41, 0.529165,0.174703,2.13749,0,0,0,0;
5.42, 0.48389,0.368325,2.20813,0,0,0,0;
5.43, 0.062358,0.182667,2.1666,0,0,0,0;
5.44, 0.426084,0.347681,2.17987,0,0,0,0;
5.45, 1.03267,0.326418,2.17881,0,0,0,0;
5.46, 0.944371,0.190597,2.19228,0,0,0,0;
5.47, 0.189464,0.319072,2.1477,0,0,0,0;
5.48, 0.845812,0.274235,2.15914,0,0,0,0;
5.49, -0.263922,0.259055,2.14726,0,0,0,0;
5.5, 0.135773,0.357697,2.16159,0,0,0,0;
5.51, 1.01033,0.182287,2.1433,0,0,0,0;
5.52, 0.10549,0.309364,2.16915,0,0,0,0;
5.53, 0.287665,0.363629,2.13179,0,0,0,0;
5.54, 0.171402,0.198817,2.12284,0,0,0,0;
5.55, 0.522613,0.369099,2.1628,0,0,0,0;
5.56, 0.0119786,0.30644,2.09756,0,0,0,0;
5.57, 0.648674,0.244732,2.15383,0,0,0,0;
5.58, 0.515669,0.242638,2.18387,0,0,0,0;
5.59, 0.566765,0.27964,2.11108,0,0,0,0;
5.6, -0.247118,0.313754,2.09354,0,0,0,0;
5.61, 0.603888,0.229991,2.14836,0,0,0,0;
5.62, 0.409276,0.270842,2.12582,0,0,0,0;
5.63, 0.90838,0.401751,2.13624,0,0,0,0;
5.64, 0.099888,0.211683,2.13878,0,0,0,0;
5.65, 0.608479,0.246616,2.09394,0,0,0,0;
5.66, 0.621962,0.321396,2.15459,0,0,0,0;
5.67, -0.37607,0.243671,2.072,0,0,0,0;
5.68, 1.02697,0.362216,2.11061,0,0,0,0;
5.69, -0.199361,0.245841,2.09372,0,0,0,0;
5.7, 0.580929,0.265181,2.13362,0,0,0,0;
5.71, 0.0157147,0.311399,2.0966,0,0,0,0;
5.72, 0.220593,0.244401,2.05106,0,0,0,0;
5.73, 0.331725,0.23995,2.09655,0,0,0,0;
5.74, 0.960002,0.170759,2.15076,0,0,0,0;
5.75, 0.808162,0.393878,2.11471,0,0,0,0;
5.76, -0.714891,0.392576,2.00947,0,0,0,0;
5.77, 0.477421,0.204554,2.08512,0,0,0,0;
5.78, 0.265999,0.231657,2.03828,0,0,0,0;
5.79, 0.978439,0.305862,2.16732,0,0,0,0;
5.8, 1.35931,0.282816,2.10912,0,0,0,0;
5.81, -0.42464,0.284584,2.05821,0,0,0,0;
5.82, 0.162482,0.242651,2.10157,0,0,0,0;
5.83, -0.350863,0.389189,2.00574,0,0,0,0;
5.84, 0.092915,0.181433,2.08276,0,0,0,0;
5.85, 0.653257,0.176003,2.05526,0,0,0,0;
5.86, 0.431009,0.345926,2.10735,0,0,0,0;
5.87, 0.647044,0.362309,2.03801,0,0,0,0;
5.88, -0.158147,0.25675,2.06284,0,0,0,0;
5.89, 0.576885,0.221105,2.13349,0,0,0,0;
5.9, 1.40299,0.218883,2.04402,0,0,0,0;
5.91, -0.141246,0.257069,2.01136,0,0,0,0;
5.92, 0.307908,0.384645,2.10755,0,0,0,0;
5.93, -0.102627,0.290592,2.02433,0,0,0,0;
5.94, 0.786187,0.184387,2.0955,0,0,0,0;
5.95, 0.405993,0.309738,2.03735,0,0,0,0;
5.96, 0.672403,0.241037,2.10675,0,0,0,0;
5.97, 0.69664,0.252849,2.06386,0,0,0,0;
5.98, 0.403118,0.366945,2.04205,0,0,0,0;
5.99, -0.0572936,0.209415,2.04288,0,0,0,0;
6, 0.627237,0.357493,2.02798,0,0,0,0;
6.01, -0.0255788,0.234295,2.03083,0,0,0,0;
6.02, 0.506428,0.276751,2.03846,0,0,0,0;
6.03, 0.468493,0.24982,2.04845,0,0,0,0;
6.04, 0.272222,0.367157,2.06721,0,0,0,0;
6.05, 1.05098,0.218135,2.05622,0,0,0,0;
6.06, -0.22718,0.315749,2.00741,0,0,0,0;
6.07, 0.738762,0.203937,2.06278,0,0,0,0;
6.08, 0.156114,0.298074,2.00344,0,0,0,0;
6.09, 0.0678289,0.398042,1.98978,0,0,0,0;
6.1, 0.978849,0.166308,2.0588,0,0,0,0;
6.11, 0.309871,0.315392,2.02785,0,0,0,0;
6.12, 0.546679,0.136455,2.01554,0,0,0,0;
6.13, -0.014865,0.360847,2.01573,0,0,0,0;
6.14, 0.320087,0.353434,2.00616,0,0,0,0;
6.15, -0.0405676,0.190206,2.03838,0,0,0,0;
6.16, 0.9561,0.375744,1.99209,0,0,0,0;
6.17, -0.00991273,0.216331,1.99669,0,0,0,0;
6.18, 0.483445,0.218655,1.99412,0,0,0,0;
6.19, 0.421569,0.22671,2.0358,0,0,0,0;
6.2, 1.69816,0.291721,2.01896,0,0,0,0;
6.21, -0.373307,0.338629,1.97754,0,0,0,0;
6.22, 0.00236425,0.192529,1.98248,0,0,0,0;
6.23, 0.401611,0.292829,2.06482,0,0,0,0;
6.24, 0.406687,0.327258,1.91684,0,0,0,0;
6.25, 0.402783,0.20153,2.04775,0,0,0,0;
6.26, -0.0664396,0.289146,1.93686,0,0,0,0;
6.27, 1.47395,0.266967,2.0072,0,0,0,0;
6.28, 0.71856,0.278827,2.07212,0,0,0,0;
6.29, -0.0160917,0.24277,1.91591,0,0,0,0;
6.3, -0.680654,0.311005,1.91726,0,0,0,0;
6.31, 0.794584,0.198449,1.99691,0,0,0,0;
6.32, 0.0514483,0.393988,1.97385,0,0,0,0;
6.33, 0.505948,0.266648,1.99309,0,0,0,0;
6.34, 1.25027,0.176768,1.98088,0,0,0,0;
6.35, 0.217692,0.326107,1.97892,0,0,0,0;
6.36, -0.625113,0.316958,1.88424,0,0,0,0;
6.37, 1.17517,0.184166,2.00936,0,0,0,0;
6.38, 0.255578,0.381148,1.98115,0,0,0,0;
6.39, 0.752689,0.159007,1.95038,0,0,0,0;
6.4, 0.483614,0.293346,1.99381,0,0,0,0;
6.41, -0.476617,0.265213,1.89728,0,0,0,0;
6.42, 0.968031,0.314917,1.99403,0,0,0,0;
6.43, 0.452503,0.207509,1.96455,0,0,0,0;
6.44, 0.809599,0.297218,1.95688,0,0,0,0;
6.45, 0.0439337,0.364314,1.9281,0,0,0,0;
6.46, 0.745285,0.167113,1.99748,0,0,0,0;
6.47, 1.05113,0.262204,1.90614,0,0,0,0;
6.48, -0.352757,0.223246,1.92565,0,0,0,0;
6.49, 0.128251,0.36608,1.94808,0,0,0,0;
6.5, 0.229653,0.253952,1.91383,0,0,0,0;
6.51, -0.31186,0.295767,1.8992,0,0,0,0;
6.52, 0.828143,0.222253,1.94975,0,0,0,0;
6.53, 0.18366,0.348574,1.91126,0,0,0,0;
6.54, 0.48494,0.239841,1.93012,0,0,0,0;
6.55, 0.204485,0.195374,1.97777,0,0,0,0;
6.56, 1.30516,0.208782,1.92467,0,0,0,0;
6.57, -0.17441,0.408131,1.93554,0,0,0,0;
6.58, 0.745297,0.181341,1.95352,0,0,0,0;
6.59, -0.00106424,0.206571,1.85382,0,0,0,0;
6.6, 0.774248,0.271677,1.94619,0,0,0,0;
6.61, 0.783437,0.285998,1.95051,0,0,0,0;
6.62, -0.088895,0.275528,1.87954,0,0,0,0;
6.63, 0.318809,0.281707,1.91447,0,0,0,0;
6.64, 0.674732,0.325384,1.94109,0,0,0,0;
6.65, 0.309479,0.282015,1.86666,0,0,0,0;
6.66, 1.09034,0.259271,1.955,0,0,0,0;
6.67, 0.730276,0.211795,1.93108,0,0,0,0;
6.68, -0.0934549,0.299708,1.88622,0,0,0,0;
6.69, 0.26294,0.106849,1.89313,0,0,0,0;
6.7, -0.491295,0.367962,1.84075,0,0,0,0;
6.71, 0.814045,0.192678,1.91474,0,0,0,0;
6.72, 0.102378,0.352096,1.87153,0,0,0,0;
6.73, 0.589443,0.326165,1.89439,0,0,0,0;
6.74, 0.568651,0.127055,1.87575,0,0,0,0;
6.75, 1.20771,0.347891,1.97505,0,0,0,0;
6.76, 0.248087,0.212563,1.86494,0,0,0,0;
6.77, -0.300271,0.205391,1.7994,0,0,0,0;
6.78, 0.311143,0.380735,1.91314,0,0,0,0;
6.79, 0.0812259,0.230548,1.86763,0,0,0,0;
6.8, 0.719612,0.327997,1.87868,0,0,0,0;
6.81, 0.526505,0.233238,1.91119,0,0,0,0;
6.82, 0.82795,0.253129,1.85641,0,0,0,0;
6.83, 0.534856,0.235426,1.88132,0,0,0,0;
6.84, -0.0439028,0.282455,1.83623,0,0,0,0;
6.85, 0.478605,0.281644,1.87037,0,0,0,0;
6.86, 0.697651,0.220741,1.90826,0,0,0,0;
6.87, 0.142969,0.355136,1.83869,0,0,0,0;
6.88, 0.412127,0.163427,1.86488,0,0,0,0;
6.89, 0.698144,0.282651,1.85818,0,0,0,0;
6.9, 0.272608,0.278216,1.87299,0,0,0,0;
6.91, 0.296859,0.195018,1.83784,0,0,0,0;
6.92, 0.324492,0.424134,1.85071,0,0,0,0;
6.93, -0.0122731,0.257112,1.80818,0,0,0,0;
6.94, 0.30967,0.154758,1.85183,0,0,0,0;
6.95, 1.44192,0.16795,1.90504,0,0,0,0;
6.96, 0.485961,0.338051,1.86214,0,0,0,0;
6.97, -0.0596234,0.266182,1.8184,0,0,0,0;
6.98, 0.516982,0.348555,1.84116,0,0,0,0;
6.99, -0.0688307,0.234563,1.83227,0,0,0,0;
7, 0.539911,0.257819,1.78142,0,0,0,0;
7.01, 0.02451,0.297925,1.87506,0,0,0,0;
7.02, 0.486203,0.223878,1.81002,0,0,0,0;
7.03, 2.19048,0.208,1.90004,0,0,0,0;
7.04, 0.248532,0.280204,1.83218,0,0,0,0;
7.05, 0.259585,0.195956,1.80113,0,0,0,0;
7.06, 0.179914,0.230551,1.88553,0,0,0,0;
7.07, 0.410183,0.27882,1.77725,0,0,0,0;
7.08, -0.312194,0.27003,1.8,0,0,0,0;
7.09, 0.104083,0.368433,1.79724,0,0,0,0;
7.1, 0.389336,0.282711,1.81704,0,0,0,0;
7.11, 0.322179,0.143309,1.82526,0,0,0,0;
7.12, 0.268906,0.269591,1.75608,0,0,0,0;
7.13, 0.526272,0.228694,1.83219,0,0,0,0;
7.14, 0.810784,0.262037,1.78066,0,0,0,0;
7.15, 0.942212,0.308196,1.88593,0,0,0,0;
7.16, -0.0155369,0.149823,1.78158,0,0,0,0;
7.17, 0.448786,0.386958,1.8164,0,0,0,0;
7.18, 0.543705,0.254239,1.77466,0,0,0,0;
7.19, -0.00818208,0.248281,1.77066,0,0,0,0;
7.2, 0.258288,0.29144,1.79394,0,0,0,0;
7.21, 0.534043,0.24149,1.78677,0,0,0,0;
7.22, 0.757538,0.21145,1.82619,0,0,0,0;
7.23, 0.8498,0.23751,1.81109,0,0,0,0;
7.24, 0.254512,0.188858,1.76715,0,0,0,0;
7.25, 0.142852,0.311386,1.82174,0,0,0,0;
7.26, 0.576504,0.312954,1.76968,0,0,0,0;
7.27, 0.561098,0.238738,1.78754,0,0,0,0;
7.28, 0.770143,0.183434,1.81488,0,0,0,0;
7.29, 0.072804,0.331748,1.71479,0,0,0,0;
7.3, -0.177617,0.199088,1.74701,0,0,0,0;
7.31, 0.422378,0.297923,1.8265,0,0,0,0;
7.32, 0.519887,0.232487,1.78648,0,0,0,0;
7.33, 1.02516,0.318065,1.75626,0,0,0,0;
7.34, 0.736782,0.198144,1.78221,0,0,0,0;
7.35, 0.197123,0.27549,1.76537,0,0,0,0;
7.36, 0.232363,0.20097,1.75547,0,0,0,0;
7.37, 0.211031,0.337265,1.76855,0,0,0,0;
7.38, 0.0167125,0.240413,1.69782,0,0,0,0;
7.39, 0.101323,0.293435,1.76953,0,0,0,0;
7.4, 0.622607,0.237195,1.69747,0,0,0,0;
7.41, 0.460441,0.221112,1.80264,0,0,0,0;
7.42, 0.793628,0.283008,1.75608,0,0,0,0;
7.43, 0.730823,0.245099,1.76271,0,0,0,0;
7.44, -0.186032,0.222934,1.77828,0,0,0,0;
7.45, 0.660902,0.311197,1.67423,0,0,0,0;
7.46, 1.00069,0.191691,1.78148,0,0,0,0;
7.47, 0.775529,0.260497,1.79795,0,0,0,0;
7.48, 0.829035,0.188853,1.75351,0,0,0,0;
7.49, -0.132415,0.256141,1.7085,0,0,0,0;
7.5, -0.194929,0.412471,1.675,0,0,0,0;
7.51, 0.403684,0.0937526,1.7354,0,0,0,0;
7.52, 0.380973,0.331498,1.74458,0,0,0,0;
7.53, 0.598567,0.188398,1.74298,0,0,0,0;
7.54, 0.412926,0.291723,1.72454,0,0,0,0;
7.55, 0.189971,0.255402,1.69344,0,0,0,0;
7.56, 0.453454,0.3164,1.73674,0,0,0,0;
7.57, 0.454816,0.22379,1.71976,0,0,0,0;
7.58, 0.486546,0.199279,1.72666,0,0,0,0;
7.59, 1.59204,0.279045,1.76302,0,0,0,0;
7.6, -0.175914,0.258777,1.68439,0,0,0,0;
7.61, -0.401287,0.209686,1.68148,0,0,0,0;
7.62, 0.806106,0.216652,1.68806,0,0,0,0;
7.63, 0.44666,0.223865,1.72415,0,0,0,0;
7.64, 0.380057,0.265752,1.71683,0,0,0,0;
7.65, 0.916571,0.242808,1.72973,0,0,0,0;
7.66, 0.0812843,0.319988,1.68713,0,0,0,0;
7.67, 0.17517,0.298346,1.66858,0,0,0,0;
7.68, 0.810943,0.211885,1.6908,0,0,0,0;
7.69, 0.483193,0.371733,1.73768,0,0,0,0;
7.7, 0.393356,0.177805,1.67214,0,0,0,0;
7.71, -0.218884,0.0638241,1.66809,0,0,0,0;
7.72, 1.29753,0.282396,1.74887,0,0,0,0;
7.73, -0.722067,0.327301,1.58734,0,0,0,0;
7.74, 0.983841,0.286831,1.73914,0,0,0,0;
7.75, 0.37873,0.183011,1.6637,0,0,0,0;
7.76, 0.808487,0.231672,1.72412,0,0,0,0;
7.77, 0.681035,0.289943,1.69348,0,0,0,0;
7.78, 0.753925,0.125461,1.67535,0,0,0,0;
7.79, 1.17661,0.266762,1.72876,0,0,0,0;
7.8, -1.02332,0.397622,1.60123,0,0,0,0;
7.81, -0.284027,0.236457,1.6443,0,0,0,0;
7.82, 1.09327,0.217267,1.67422,0,0,0,0;
7.83, -0.117266,0.275285,1.64705,0,0,0,0;
7.84, 0.501406,0.172875,1.68387,0,0,0,0;
7.85, 0.521746,0.253247,1.60551,0,0,0,0;
7.86, 0.820985,0.17806,1.72477,0,0,0,0;
7.87, 0.443696,0.363184,1.68305,0,0,0,0;
7.88, 1.00808,0.153212,1.67213,0,0,0,0;
7.89, 0.666707,0.266167,1.64045,0,0,0,0;
7.9, 0.139658,0.267884,1.64699,0,0,0,0;
7.91, 0.321229,0.225875,1.65392,0,0,0,0;
7.92, 0.281965,0.192868,1.64849,0,0,0,0;
7.93, -0.248019,0.323516,1.62769,0,0,0,0;
7.94, 0.816109,0.212043,1.63584,0,0,0,0;
7.95, 1.15001,0.211156,1.6521,0,0,0,0;
7.96, 0.511049,0.236856,1.65135,0,0,0,0;
7.97, 0.504649,0.317471,1.66731,0,0,0,0;
7.98, 0.00994754,0.209901,1.57247,0,0,0,0;
7.99, 0.509332,0.271459,1.66829,0,0,0,0;
8, 0.123396,0.193084,1.59322,0,0,0,0;
8.01, 0.429819,0.282793,1.62332,0,0,0,0;
8.02, 0.292937,0.279405,1.66324,0,0,0,0;
8.03, 0.484638,0.234102,1.56318,0,0,0,0;
8.04, 0.465095,0.198929,1.66597,0,0,0,0;
8.05, 0.119927,0.232523,1.60535,0,0,0,0;
8.06, 0.782505,0.251549,1.6388,0,0,0,0;
8.07, 1.12728,0.179278,1.62178,0,0,0,0;
8.08, 0.4609,0.225856,1.58842,0,0,0,0;
8.09, -0.00318566,0.288742,1.66113,0,0,0,0;
8.1, 1.08479,0.225788,1.62631,0,0,0,0;
8.11, -0.0416995,0.301017,1.58592,0,0,0,0;
8.12, 0.153774,0.197134,1.58827,0,0,0,0;
8.13, -0.0195812,0.218938,1.58081,0,0,0,0;
8.14, 0.346573,0.210838,1.60151,0,0,0,0;
8.15, 0.503824,0.34958,1.60117,0,0,0,0;
8.16, 0.656238,0.187723,1.61322,0,0,0,0;
8.17, 1.07171,0.229616,1.63228,0,0,0,0;
8.18, -0.0522964,0.213546,1.56383,0,0,0,0;
8.19, 0.697876,0.193298,1.65707,0,0,0,0;
8.2, 0.239125,0.264201,1.51691,0,0,0,0;
8.21, 0.516712,0.327241,1.6019,0,0,0,0;
8.22, 0.763819,0.150114,1.61899,0,0,0,0;
8.23, 0.655917,0.374819,1.56973,0,0,0,0;
8.24, 0.137307,0.220666,1.60512,0,0,0,0;
8.25, 0.317112,0.212164,1.57649,0,0,0,0;
8.26, 0.420559,0.225516,1.553,0,0,0,0;
8.27, 0.873852,0.126125,1.61309,0,0,0,0;
8.28, 0.24462,0.335056,1.57587,0,0,0,0;
8.29, 0.279236,0.258204,1.56284,0,0,0,0;
8.3, 0.965781,0.243098,1.5993,0,0,0,0;
8.31, 0.739809,0.177216,1.58613,0,0,0,0;
8.32, 0.0839133,0.237605,1.5542,0,0,0,0;
8.33, -0.303237,0.248293,1.55541,0,0,0,0;
8.34, 0.386875,0.209689,1.53241,0,0,0,0;
8.35, 0.664392,0.108508,1.60864,0,0,0,0;
8.36, 0.238821,0.307658,1.51597,0,0,0,0;
8.37, 0.486568,0.305581,1.56771,0,0,0,0;
8.38, 1.21157,0.157535,1.59588,0,0,0,0;
8.39, 0.25924,0.333931,1.54023,0,0,0,0;
8.4, 0.7901,0.215294,1.55647,0,0,0,0;
8.41, 0.836107,0.22045,1.56481,0,0,0,0;
8.42, -0.605854,0.196788,1.51195,0,0,0,0;
8.43, -0.74203,0.383464,1.50049,0,0,0,0;
8.44, 0.842784,0.184704,1.5397,0,0,0,0;
8.45, 1.08114,0.199701,1.56747,0,0,0,0;
8.46, 0.779096,0.210509,1.59102,0,0,0,0;
8.47, 1.67036,0.234113,1.56744,0,0,0,0;
8.48, -0.431804,0.28369,1.51767,0,0,0,0;
8.49, 1.03686,0.243356,1.56869,0,0,0,0;
8.5, -0.525444,0.22292,1.41441,0,0,0,0;
8.51, 0.052091,0.189109,1.59248,0,0,0,0;
8.52, 0.659134,0.232111,1.51495,0,0,0,0;
8.53, 0.450968,0.232363,1.52604,0,0,0,0;
8.54, 0.9462,0.2198,1.50027,0,0,0,0;
8.55, 0.702451,0.198714,1.58698,0,0,0,0;
8.56, 0.356264,0.232636,1.47595,0,0,0,0;
8.57, -0.329182,0.357015,1.54465,0,0,0,0;
8.58, 0.232522,0.135732,1.48898,0,0,0,0;
8.59, 0.398539,0.269206,1.52716,0,0,0,0;
8.6, 0.521331,0.234887,1.50824,0,0,0,0;
8.61, 0.75674,0.223379,1.50583,0,0,0,0;
8.62, 0.411396,0.206682,1.49932,0,0,0,0;
8.63, 0.757625,0.271785,1.52907,0,0,0,0;
8.64, 0.505818,0.229739,1.55191,0,0,0,0;
8.65, 0.685225,0.160073,1.46997,0,0,0,0;
8.66, 0.715621,0.229722,1.53522,0,0,0,0;
8.67, 0.868742,0.185671,1.51107,0,0,0,0;
8.68, 0.334643,0.250537,1.48553,0,0,0,0;
8.69, 0.141227,0.218761,1.48463,0,0,0,0;
8.7, 0.159026,0.236845,1.48642,0,0,0,0;
8.71, 0.873788,0.254048,1.53823,0,0,0,0;
8.72, 0.0334376,0.258284,1.45625,0,0,0,0;
8.73, 0.40899,0.189747,1.44354,0,0,0,0;
8.74, 0.446856,0.215096,1.53835,0,0,0,0;
8.75, -0.00993317,0.263396,1.47007,0,0,0,0;
8.76, 0.530731,0.202059,1.44387,0,0,0,0;
8.77, 0.64114,0.20727,1.49632,0,0,0,0;
8.78, -0.146238,0.277159,1.42169,0,0,0,0;
8.79, 0.907292,0.232113,1.51196,0,0,0,0;
8.8, 0.296081,0.209516,1.48848,0,0,0,0;
8.81, 0.103093,0.256134,1.44231,0,0,0,0;
8.82, 1.56228,0.174224,1.53027,0,0,0,0;
8.83, 0.414162,0.185519,1.47206,0,0,0,0;
8.84, -0.166493,0.240789,1.43933,0,0,0,0;
8.85, 1.14089,0.219929,1.51375,0,0,0,0;
8.86, 0.704126,0.20446,1.48908,0,0,0,0;
8.87, 0.640339,0.250484,1.45138,0,0,0,0;
8.88, 0.578505,0.169387,1.50852,0,0,0,0;
8.89, -0.165787,0.329612,1.39371,0,0,0,0;
8.9, 0.450757,0.238345,1.49108,0,0,0,0;
8.91, 0.991002,0.223417,1.45252,0,0,0,0;
8.92, -0.0316011,0.225576,1.44683,0,0,0,0;
8.93, 0.325192,0.220182,1.44726,0,0,0,0;
8.94, 0.353588,0.23016,1.41696,0,0,0,0;
8.95, 0.336695,0.199048,1.45812,0,0,0,0;
8.96, 0.740562,0.237335,1.45873,0,0,0,0;
8.97, 0.769098,0.212688,1.46032,0,0,0,0;
8.98, 0.901901,0.211127,1.47493,0,0,0,0;
8.99, 0.836347,0.121141,1.44905,0,0,0,0;
9, -0.484085,0.303003,1.37971,0,0,0,0;
9.01, 0.106467,0.248126,1.41732,0,0,0,0;
9.02, 1.08239,0.213436,1.47825,0,0,0,0;
9.03, 0.128531,0.135552,1.40256,0,0,0,0;
9.04, 0.682262,0.305047,1.42741,0,0,0,0;
9.05, 0.00904602,0.198628,1.41963,0,0,0,0;
9.06, 0.844668,0.244171,1.45454,0,0,0,0;
9.07, -0.19262,0.239268,1.3716,0,0,0,0;
9.08, 0.205549,0.241198,1.41575,0,0,0,0;
9.09, 1.04019,0.200753,1.46797,0,0,0,0;
9.1, 0.783963,0.176802,1.42,0,0,0,0;
9.11, -0.668536,0.274399,1.35593,0,0,0,0;
9.12, 1.26376,0.113205,1.48227,0,0,0,0;
9.13, 1.4038,0.263293,1.42198,0,0,0,0;
9.14, -0.556101,0.329334,1.35871,0,0,0,0;
9.15, 0.0741317,0.267491,1.35878,0,0,0,0;
9.16, 0.900188,0.0300119,1.48289,0,0,0,0;
9.17, 1.32651,0.22245,1.4418,0,0,0,0;
9.18, -0.0441329,0.219323,1.353,0,0,0,0;
9.19, 0.511462,0.355668,1.40408,0,0,0,0;
9.2, 0.497943,0.154875,1.43335,0,0,0,0;
9.21, 0.0527461,0.232856,1.37414,0,0,0,0;
9.22, 0.498848,0.151808,1.38776,0,0,0,0;
9.23, 0.927024,0.24654,1.42858,0,0,0,0;
9.24, 0.656046,0.173338,1.3934,0,0,0,0;
9.25, 0.801218,0.204966,1.39426,0,0,0,0;
9.26, 0.701301,0.247552,1.38832,0,0,0,0;
9.27, 0.154384,0.228039,1.39661,0,0,0,0;
9.28, 0.570261,0.20772,1.36434,0,0,0,0;
9.29, 0.878959,0.274981,1.4347,0,0,0,0;
9.3, -0.687665,0.172328,1.29367,0,0,0,0;
9.31, 1.42345,0.207912,1.44891,0,0,0,0;
9.32, 0.155571,0.272624,1.314,0,0,0,0;
9.33, 0.00546072,0.235292,1.36684,0,0,0,0;
9.34, 0.145434,0.110154,1.34661,0,0,0,0;
9.35, 0.141577,0.257078,1.39274,0,0,0,0;
9.36, 0.270125,0.265279,1.31363,0,0,0,0;
9.37, 0.0551054,0.234357,1.30664,0,0,0,0;
9.38, 1.26704,0.164855,1.38896,0,0,0,0;
9.39, 1.02084,0.142825,1.43074,0,0,0,0;
9.4, 0.588112,0.126737,1.32313,0,0,0,0;
9.41, -0.255333,0.385668,1.36347,0,0,0,0;
9.42, 1.10718,0.200478,1.35023,0,0,0,0;
9.43, -0.0584421,0.182196,1.34404,0,0,0,0;
9.44, 0.727688,0.197322,1.35054,0,0,0,0;
9.45, 0.503963,0.262442,1.37734,0,0,0,0;
9.46, 0.759727,0.179755,1.36944,0,0,0,0;
9.47, -0.0325504,0.252575,1.34868,0,0,0,0;
9.48, 1.17498,0.111702,1.37182,0,0,0,0;
9.49, -0.123262,0.32268,1.32248,0,0,0,0;
9.5, 0.89874,0.114476,1.37009,0,0,0,0;
9.51, 0.233333,0.343133,1.3392,0,0,0,0;
9.52, 0.272968,0.114671,1.31333,0,0,0,0;
9.53, 0.81148,0.145063,1.3726,0,0,0,0;
9.54, 0.540884,0.304796,1.33764,0,0,0,0;
9.55, -0.266172,0.281213,1.27706,0,0,0,0;
9.56, 0.682216,0.078524,1.35436,0,0,0,0;
9.57, 1.56618,0.241566,1.42071,0,0,0,0;
9.58, 0.377813,0.225397,1.30906,0,0,0,0;
9.59, 0.667112,0.136751,1.32742,0,0,0,0;
9.6, -0.0247763,0.304502,1.32336,0,0,0,0;
9.61, 0.563683,0.217618,1.31932,0,0,0,0;
9.62, 0.639825,0.159369,1.34614,0,0,0,0;
9.63, 0.946051,0.207464,1.33568,0,0,0,0;
9.64, -0.503051,0.267259,1.25247,0,0,0,0;
9.65, 0.452146,0.156784,1.31479,0,0,0,0;
9.66, 0.788386,0.20361,1.32451,0,0,0,0;
9.67, 0.539681,0.212358,1.34353,0,0,0,0;
9.68, 1.16622,0.195042,1.34095,0,0,0,0;
9.69, -0.760652,0.282009,1.26961,0,0,0,0;
9.7, 0.529585,0.149905,1.28668,0,0,0,0;
9.71, 0.686769,0.188917,1.30707,0,0,0,0;
9.72, 1.01015,0.226684,1.37238,0,0,0,0;
9.73, 0.243419,0.233293,1.23265,0,0,0,0;
9.74, 0.544062,0.160843,1.32095,0,0,0,0;
9.75, -0.606514,0.263339,1.23113,0,0,0,0;
9.76, 1.06136,0.208974,1.3303,0,0,0,0;
9.77, 0.885315,0.11511,1.31254,0,0,0,0;
9.78, 1.13323,0.228445,1.31791,0,0,0,0;
9.79, 0.57918,0.22051,1.30016,0,0,0,0;
9.8, 0.377672,0.161867,1.31174,0,0,0,0;
9.81, -0.842626,0.23482,1.20727,0,0,0,0;
9.82, 0.136492,0.291364,1.24581,0,0,0,0;
9.83, 1.16717,0.155029,1.33056,0,0,0,0;
9.84, 0.59119,0.212377,1.28264,0,0,0,0;
9.85, 0.670369,0.209419,1.27638,0,0,0,0;
9.86, 0.205337,0.23555,1.27623,0,0,0,0;
9.87, 1.4599,0.141596,1.3427,0,0,0,0;
9.88, 0.11942,0.19305,1.28315,0,0,0,0;
9.89, 0.540155,0.278022,1.23907,0,0,0,0;
9.9, -0.127837,0.091378,1.25951,0,0,0,0;
9.91, 0.695342,0.249822,1.24641,0,0,0,0;
9.92, 0.719395,0.124489,1.29726,0,0,0,0;
9.93, 0.856224,0.274726,1.31135,0,0,0,0;
9.94, -0.254468,0.233292,1.1992,0,0,0,0;
9.95, 0.587739,0.189778,1.27574,0,0,0,0;
9.96, 0.642693,0.214792,1.26339,0,0,0,0;
9.97, 0.435832,0.185205,1.29748,0,0,0,0;
9.98, 0.935105,0.1548,1.27712,0,0,0,0;
9.99, 0.303479,0.227044,1.20135,0,0,0,0;
