0, 0.274203,-0.252364,-0.128386,0,0,0,0;
0.01, 0.274139,-0.252495,-0.128386,0,0,0,0;
0.02, 0.274289,-0.229131,-0.128153,0,0,0,0;
0.03, 0.274602,-0.206098,-0.127488,0,0,0,0;
0.04, 0.275201,-0.186265,-0.126597,0,0,0,0;
0.05, 0.276313,-0.17007,-0.12566,0,0,0,0;
0.06, 0.277652,-0.157542,-0.124805,0,0,0,0;
0.07, 0.279408,-0.148466,-0.124095,0,0,0,0;
0.08, 0.281493,-0.142422,-0.123549,0,0,0,0;
0.09, 0.283481,-0.139043,-0.123178,0,0,0,0;
0.1, 0.285597,-0.137898,-0.122947,0,0,0,0;
0.11, 0.2876,-0.138656,-0.122841,0,0,0,0;
0.12, 0.289396,-0.141007,-0.122838,0,0,0,0;
0.13, 0.291,-0.144709,-0.122912,0,0,0,0;
0.14, 0.292327,-0.149561,-0.123049,0,0,0,0;
0.15, 0.293401,-0.155343,-0.123223,0,0,0,0;
0.16, 0.294197,-0.161947,-0.123422,0,0,0,0;
0.17, 0.294732,-0.169174,-0.123623,0,0,0,0;
0.18, 0.294908,-0.176974,-0.123846,0,0,0,0;
0.19, 0.294883,-0.185147,-0.124032,0,0,0,0;
0.2, 0.294554,-0.193692,-0.124212,0,0,0,0;
0.21, 0.293994,-0.202464,-0.124358,0,0,0,0;
0.22, 0.293192,-0.211445,-0.124476,0,0,0,0;
0.23, 0.292198,-0.220548,-0.124542,0,0,0,0;
0.24, 0.290963,-0.229804,-0.124605,0,0,0,0;
0.25, 0.28959,-0.239064,-0.124608,0,0,0,0;
0.26, 0.28808,-0.248299,-0.124574,0,0,0,0;
0.27, 0.28646,-0.257519,-0.124526,0,0,0,0;
0.28, 0.284794,-0.266558,-0.124384,0,0,0,0;
0.29, 0.283077,-0.275552,-0.124236,0,0,0,0;
0.3, 0.281361,-0.284395,-0.124044,0,0,0,0;
0.31, 0.279672,-0.293053,-0.123802,0,0,0,0;
0.32, 0.278047,-0.301492,-0.123521,0,0,0,0;
0.33, 0.276535,-0.309786,-0.123235,0,0,0,0;
0.34, 0.275133,-0.317806,-0.122892,0,0,0,0;
0.35, 0.273899,-0.325558,-0.122526,0,0,0,0;
0.36, 0.272817,-0.333007,-0.12211,0,0,0,0;
0.37, 0.271949,-0.340162,-0.121675,0,0,0,0;
0.38, 0.271308,-0.346941,-0.12122,0,0,0,0;
0.39, 0.270877,-0.353417,-0.120727,0,0,0,0;
0.4, 0.27067,-0.359494,-0.120205,0,0,0,0;
0.41, 0.270712,-0.365217,-0.11966,0,0,0,0;
0.42, 0.270981,-0.37048,-0.119091,0,0,0,0;
0.43, 0.271463,-0.375217,-0.118509,0,0,0,0;
0.44, 0.272149,-0.379496,-0.117905,0,0,0,0;
0.45, 0.272989,-0.383254,-0.117283,0,0,0,0;
0.46, 0.274011,-0.386471,-0.116651,0,0,0,0;
0.47, 0.275144,-0.389189,-0.11599,0,0,0,0;
0.48, 0.276315,-0.391316,-0.115323,0,0,0,0;
0.49, 0.277522,-0.392867,-0.11464,0,0,0,0;
0.5, 0.278688,-0.393852,-0.113951,0,0,0,0;
0.51, 0.279804,-0.394277,-0.11324,0,0,0,0;
0.52, 0.280805,-0.39401,-0.112524,0,0,0,0;
0.53, 0.281636,-0.39326,-0.111788,0,0,0,0;
0.54, 0.282258,-0.391931,-0.11104,0,0,0,0;
0.55, 0.282574,-0.389935,-0.110317,0,0,0,0;
0.56, 0.282579,-0.387429,-0.109601,0,0,0,0;
0.57, 0.28226,-0.384414,-0.108864,0,0,0,0;
0.58, 0.281577,-0.380919,-0.108125,0,0,0,0;
0.59, 0.280489,-0.376928,-0.107384,0,0,0,0;
0.6, 0.278997,-0.372592,-0.106689,0,0,0,0;
0.61, 0.277073,-0.367783,-0.105963,0,0,0,0;
0.62, 0.274738,-0.362685,-0.105276,0,0,0,0;
0.63, 0.272022,-0.357341,-0.10461,0,0,0,0;
0.64, 0.26884,-0.351574,-0.103916,0,0,0,0;
0.65, 0.265251,-0.345543,-0.103228,0,0,0,0;
0.66, 0.261393,-0.339493,-0.102589,0,0,0,0;
0.67, 0.257169,-0.333231,-0.101955,0,0,0,0;
0.68, 0.252605,-0.326782,-0.101318,0,0,0,0;
0.69, 0.247801,-0.320289,-0.100701,0,0,0,0;
0.7, 0.242761,-0.313755,-0.100122,0,0,0,0;
0.71, 0.237464,-0.307117,-0.0995574,0,0,0,0;
0.72, 0.231964,-0.300418,-0.0989892,0,0,0,0;
0.73, 0.226319,-0.293717,-0.098432,0,0,0,0;
0.74, 0.220506,-0.286968,-0.0978819,0,0,0,0;
0.75, 0.214697,-0.280365,-0.0973958,0,0,0,0;
0.76, 0.208827,-0.273789,-0.0969191,0,0,0,0;
0.77, 0.202866,-0.267186,-0.0964416,0,0,0,0;
0.78, 0.196888,-0.260621,-0.0959817,0,0,0,0;
0.79, 0.190925,-0.25411,-0.0955336,0,0,0,0;
0.8, 0.185059,-0.247719,-0.0951226,0,0,0,0;
0.81, 0.179252,-0.241383,-0.0947284,0,0,0,0;
0.82, 0.173573,-0.235155,-0.0943655,0,0,0,0;
0.83, 0.167947,-0.228942,-0.0939999,0,0,0,0;
0.84, 0.162446,-0.222803,-0.0936493,0,0,0,0;
0.85, 0.157243,-0.21687,-0.0933711,0,0,0,0;
0.86, 0.152065,-0.210886,-0.0930633,0,0,0,0;
0.87, 0.147223,-0.205102,-0.0928312,0,0,0,0;
0.88, 0.142337,-0.199209,-0.092526,0,0,0,0;
0.89, 0.138055,-0.193688,-0.0923823,0,0,0,0;
0.9, 0.133688,-0.188019,-0.092143,0,0,0,0;
0.91, 0.129847,-0.182639,-0.0920217,0,0,0,0;
0.92, 0.126265,-0.177313,-0.0919307,0,0,0,0;
0.93, 0.122893,-0.172024,-0.0918411,0,0,0,0;
0.94, 0.120145,-0.167031,-0.0918857,0,0,0,0;
0.95, 0.117497,-0.161981,-0.0918916,0,0,0,0;
0.96, 0.115204,-0.157022,-0.0919415,0,0,0,0;
0.97, 0.113013,-0.15202,-0.0919515,0,0,0,0;
0.98, 0.111324,-0.147177,-0.0920491,0,0,0,0;
0.99, 0.109764,-0.142293,-0.0921154,0,0,0,0;
1, 0.1087,-0.137541,-0.0922636,0,0,0,0;
1.01, 0.107644,-0.132708,-0.092342,0,0,0,0;
1.02, 0.107148,-0.128037,-0.0925178,0,0,0,0;
1.03, 0.106851,-0.123379,-0.0926817,0,0,0,0;
1.04, 0.107124,-0.118869,-0.0929425,0,0,0,0;
1.05, 0.107802,-0.114425,-0.0932505,0,0,0,0;
1.06, 0.108604,-0.109976,-0.0935258,0,0,0,0;
1.07, 0.110022,-0.10566,-0.0939069,0,0,0,0;
1.08, 0.111851,-0.101422,-0.0943338,0,0,0,0;
1.09, 0.113826,-0.0971817,-0.0947368,0,0,0,0;
1.1, 0.116354,-0.0930432,-0.0952235,0,0,0,0;
1.11, 0.119046,-0.0889184,-0.0956925,0,0,0,0;
1.12, 0.122127,-0.0848937,-0.0962046,0,0,0,0;
1.13, 0.125622,-0.080999,-0.0967676,0,0,0,0;
1.14, 0.12948,-0.0772445,-0.0973696,0,0,0,0;
1.15, 0.133692,-0.0735955,-0.0980078,0,0,0,0;
1.16, 0.138381,-0.070075,-0.0987093,0,0,0,0;
1.17, 0.14297,-0.0666329,-0.0993482,0,0,0,0;
1.18, 0.147953,-0.0633753,-0.100039,0,0,0,0;
1.19, 0.153379,-0.0603131,-0.100792,0,0,0,0;
1.2, 0.158897,-0.0574726,-0.10154,0,0,0,0;
1.21, 0.164416,-0.0548432,-0.102268,0,0,0,0;
1.22, 0.170328,-0.0524857,-0.103055,0,0,0,0;
1.23, 0.176399,-0.0504367,-0.103861,0,0,0,0;
1.24, 0.182656,-0.0487231,-0.104695,0,0,0,0;
1.25, 0.188959,-0.047346,-0.105531,0,0,0,0;
1.26, 0.195288,-0.0463499,-0.106374,0,0,0,0;
1.27, 0.201684,-0.045768,-0.107231,0,0,0,0;
1.28, 0.208028,-0.0456122,-0.108088,0,0,0,0;
1.29, 0.214405,-0.0459525,-0.108963,0,0,0,0;
1.3, 0.220547,-0.0467674,-0.109819,0,0,0,0;
1.31, 0.226659,-0.0480755,-0.110683,0,0,0,0;
1.32, 0.232673,-0.0499167,-0.11155,0,0,0,0;
1.33, 0.238432,-0.0522876,-0.112403,0,0,0,0;
1.34, 0.244084,-0.0552021,-0.113256,0,0,0,0;
1.35, 0.249409,-0.0586364,-0.114089,0,0,0,0;
1.36, 0.254515,-0.0626344,-0.114914,0,0,0,0;
1.37, 0.259292,-0.0671583,-0.115721,0,0,0,0;
1.38, 0.26388,-0.0721891,-0.116513,0,0,0,0;
1.39, 0.268182,-0.0777206,-0.117285,0,0,0,0;
1.4, 0.272109,-0.0837182,-0.118031,0,0,0,0;
1.41, 0.275734,-0.0901607,-0.118751,0,0,0,0;
1.42, 0.279018,-0.0970271,-0.119442,0,0,0,0;
1.43, 0.28195,-0.104288,-0.120105,0,0,0,0;
1.44, 0.284553,-0.111879,-0.120732,0,0,0,0;
1.45, 0.286806,-0.11979,-0.121325,0,0,0,0;
1.46, 0.288752,-0.12799,-0.12188,0,0,0,0;
1.47, 0.290409,-0.136438,-0.122391,0,0,0,0;
1.48, 0.291691,-0.1451,-0.122866,0,0,0,0;
1.49, 0.292637,-0.153944,-0.123304,0,0,0,0;
1.5, 0.293257,-0.162914,-0.123703,0,0,0,0;
1.51, 0.293684,-0.171986,-0.124039,0,0,0,0;
1.52, 0.293802,-0.181154,-0.124336,0,0,0,0;
1.53, 0.293675,-0.190365,-0.124582,0,0,0,0;
1.54, 0.293274,-0.199603,-0.124792,0,0,0,0;
1.55, 0.292671,-0.208815,-0.124948,0,0,0,0;
1.56, 0.291845,-0.218031,-0.12507,0,0,0,0;
1.57, 0.29082,-0.22723,-0.125161,0,0,0,0;
1.58, 0.289674,-0.236311,-0.125194,0,0,0,0;
1.59, 0.288403,-0.245262,-0.12519,0,0,0,0;
1.6, 0.287039,-0.25413,-0.125134,0,0,0,0;
1.61, 0.285595,-0.262861,-0.125058,0,0,0,0;
1.62, 0.28411,-0.271457,-0.124954,0,0,0,0;
1.63, 0.282614,-0.279923,-0.12481,0,0,0,0;
1.64, 0.281144,-0.288175,-0.124637,0,0,0,0;
1.65, 0.27972,-0.29623,-0.124427,0,0,0,0;
1.66, 0.278358,-0.304021,-0.124155,0,0,0,0;
1.67, 0.277084,-0.311611,-0.123863,0,0,0,0;
1.68, 0.275941,-0.318938,-0.123561,0,0,0,0;
1.69, 0.274921,-0.325963,-0.123216,0,0,0,0;
1.7, 0.274054,-0.332705,-0.122849,0,0,0,0;
1.71, 0.273346,-0.339151,-0.122458,0,0,0,0;
1.72, 0.272806,-0.345295,-0.122041,0,0,0,0;
1.73, 0.272434,-0.351085,-0.121596,0,0,0,0;
1.74, 0.272268,-0.356538,-0.121144,0,0,0,0;
1.75, 0.272279,-0.361624,-0.120668,0,0,0,0;
1.76, 0.272461,-0.366268,-0.120175,0,0,0,0;
1.77, 0.27279,-0.370471,-0.119664,0,0,0,0;
1.78, 0.273269,-0.374222,-0.119141,0,0,0,0;
1.79, 0.273855,-0.377524,-0.118599,0,0,0,0;
1.8, 0.274546,-0.380336,-0.118046,0,0,0,0;
1.81, 0.275288,-0.382674,-0.117476,0,0,0,0;
1.82, 0.27607,-0.384507,-0.11689,0,0,0,0;
1.83, 0.276838,-0.385819,-0.116293,0,0,0,0;
1.84, 0.277556,-0.386602,-0.115688,0,0,0,0;
1.85, 0.278188,-0.386849,-0.115073,0,0,0,0;
1.86, 0.278687,-0.386561,-0.114456,0,0,0,0;
1.87, 0.279024,-0.385765,-0.113828,0,0,0,0;
1.88, 0.279157,-0.384472,-0.113204,0,0,0,0;
1.89, 0.279056,-0.382694,-0.112583,0,0,0,0;
1.9, 0.278692,-0.380429,-0.111956,0,0,0,0;
1.91, 0.278047,-0.377748,-0.111341,0,0,0,0;
1.92, 0.277088,-0.374601,-0.110713,0,0,0,0;
1.93, 0.275812,-0.371085,-0.110107,0,0,0,0;
1.94, 0.274206,-0.36719,-0.109498,0,0,0,0;
1.95, 0.272257,-0.362936,-0.108886,0,0,0,0;
1.96, 0.269977,-0.358389,-0.10829,0,0,0,0;
1.97, 0.267383,-0.353595,-0.10771,0,0,0,0;
1.98, 0.26443,-0.348476,-0.107118,0,0,0,0;
1.99, 0.261192,-0.343183,-0.106542,0,0,0,0;
2, 0.257621,-0.33764,-0.105979,0,0,0,0;
2.01, 0.253789,-0.331956,-0.105429,0,0,0,0;
2.02, 0.249663,-0.326071,-0.104872,0,0,0,0;
2.03, 0.245336,-0.320124,-0.104349,0,0,0,0;
2.04, 0.240793,-0.314068,-0.103829,0,0,0,0;
2.05, 0.236108,-0.307996,-0.103342,0,0,0,0;
2.06, 0.231287,-0.301891,-0.102866,0,0,0,0;
2.07, 0.226289,-0.295687,-0.102391,0,0,0,0;
2.08, 0.221284,-0.289576,-0.101968,0,0,0,0;
2.09, 0.216162,-0.283403,-0.101548,0,0,0,0;
2.1, 0.211007,-0.277248,-0.101152,0,0,0,0;
2.11, 0.205776,-0.271049,-0.100746,0,0,0,0;
2.12, 0.200495,-0.264826,-0.100334,0,0,0,0;
2.13, 0.195305,-0.258707,-0.0999616,0,0,0,0;
2.14, 0.190124,-0.25259,-0.0995984,0,0,0,0;
2.15, 0.185176,-0.24668,-0.0993081,0,0,0,0;
2.16, 0.180202,-0.240706,-0.0989959,0,0,0,0;
2.17, 0.175437,-0.234879,-0.0987341,0,0,0,0;
2.18, 0.170778,-0.229089,-0.0984835,0,0,0,0;
2.19, 0.166354,-0.223422,-0.0982868,0,0,0,0;
2.2, 0.162145,-0.217859,-0.0981225,0,0,0,0;
2.21, 0.157937,-0.212221,-0.0979135,0,0,0,0;
2.22, 0.154028,-0.206723,-0.0977632,0,0,0,0;
2.23, 0.150188,-0.201191,-0.0975882,0,0,0,0;
2.24, 0.146736,-0.195851,-0.0974874,0,0,0,0;
2.25, 0.14346,-0.190528,-0.0973927,0,0,0,0;
2.26, 0.140318,-0.185203,-0.0972852,0,0,0,0;
2.27, 0.137478,-0.179981,-0.097216,0,0,0,0;
2.28, 0.135168,-0.17499,-0.0972533,0,0,0,0;
2.29, 0.13304,-0.169996,-0.0972876,0,0,0,0;
2.3, 0.131117,-0.165031,-0.0973208,0,0,0,0;
2.31, 0.129703,-0.16025,-0.0974452,0,0,0,0;
2.32, 0.12838,-0.155435,-0.0975319,0,0,0,0;
2.33, 0.127303,-0.150653,-0.0976297,0,0,0,0;
2.34, 0.126684,-0.145999,-0.0977994,0,0,0,0;
2.35, 0.126408,-0.141423,-0.0980046,0,0,0,0;
2.36, 0.126476,-0.136936,-0.0982439,0,0,0,0;
2.37, 0.126832,-0.132494,-0.0985021,0,0,0,0;
2.38, 0.127305,-0.12805,-0.0987323,0,0,0,0;
2.39, 0.128322,-0.12376,-0.0990513,0,0,0,0;
2.4, 0.129725,-0.119564,-0.0994147,0,0,0,0;
2.41, 0.131462,-0.115446,-0.0998086,0,0,0,0;
2.42, 0.133236,-0.111325,-0.100158,0,0,0,0;
2.43, 0.135612,-0.107377,-0.100607,0,0,0,0;
2.44, 0.13833,-0.103526,-0.101089,0,0,0,0;
2.45, 0.141337,-0.0997718,-0.101593,0,0,0,0;
2.46, 0.144458,-0.0960925,-0.102078,0,0,0,0;
2.47, 0.147944,-0.0925589,-0.102607,0,0,0,0;
2.48, 0.151703,-0.0891607,-0.103158,0,0,0,0;
2.49, 0.155726,-0.0859176,-0.103733,0,0,0,0;
2.5, 0.159944,-0.0828432,-0.104319,0,0,0,0;
2.51, 0.164321,-0.0799307,-0.10491,0,0,0,0;
2.52, 0.16905,-0.0772453,-0.105548,0,0,0,0;
2.53, 0.173951,-0.0747826,-0.1062,0,0,0,0;
2.54, 0.17892,-0.0725584,-0.10685,0,0,0,0;
2.55, 0.184172,-0.0706098,-0.107538,0,0,0,0;
2.56, 0.189303,-0.0689386,-0.108198,0,0,0,0;
2.57, 0.194694,-0.0675975,-0.108898,0,0,0,0;
2.58, 0.20014,-0.0665878,-0.109606,0,0,0,0;
2.59, 0.20546,-0.0659173,-0.110296,0,0,0,0;
2.6, 0.211049,-0.0656492,-0.111031,0,0,0,0;
2.61, 0.21652,-0.0657614,-0.111754,0,0,0,0;
2.62, 0.221797,-0.0662834,-0.11246,0,0,0,0;
2.63, 0.227118,-0.0672358,-0.113182,0,0,0,0;
2.64, 0.232367,-0.068641,-0.113906,0,0,0,0;
2.65, 0.237455,-0.0704842,-0.114622,0,0,0,0;
2.66, 0.242387,-0.0727774,-0.115331,0,0,0,0;
2.67, 0.247215,-0.0755326,-0.116038,0,0,0,0;
2.68, 0.251784,-0.0787386,-0.116729,0,0,0,0;
2.69, 0.256221,-0.0823884,-0.117413,0,0,0,0;
2.7, 0.260423,-0.0864774,-0.118082,0,0,0,0;
2.71, 0.264466,-0.0910191,-0.118739,0,0,0,0;
2.72, 0.268137,-0.0959558,-0.119371,0,0,0,0;
2.73, 0.271579,-0.101286,-0.119983,0,0,0,0;
2.74, 0.274786,-0.106982,-0.120572,0,0,0,0;
2.75, 0.277606,-0.11304,-0.121139,0,0,0,0;
2.76, 0.280257,-0.119402,-0.121677,0,0,0,0;
2.77, 0.282551,-0.126068,-0.12219,0,0,0,0;
2.78, 0.284636,-0.132993,-0.122671,0,0,0,0;
2.79, 0.286354,-0.14018,-0.123129,0,0,0,0;
2.8, 0.287925,-0.147583,-0.123545,0,0,0,0;
2.81, 0.289143,-0.155164,-0.123935,0,0,0,0;
2.82, 0.290091,-0.162916,-0.124295,0,0,0,0;
2.83, 0.290806,-0.170797,-0.124617,0,0,0,0;
2.84, 0.291296,-0.17879,-0.124903,0,0,0,0;
2.85, 0.291507,-0.186879,-0.125163,0,0,0,0;
2.86, 0.291515,-0.195023,-0.125387,0,0,0,0;
2.87, 0.29135,-0.203202,-0.125568,0,0,0,0;
2.88, 0.29099,-0.211384,-0.125715,0,0,0,0;
2.89, 0.29046,-0.219553,-0.125827,0,0,0,0;
2.9, 0.289777,-0.227694,-0.125906,0,0,0,0;
2.91, 0.288965,-0.235771,-0.12595,0,0,0,0;
2.92, 0.288018,-0.243823,-0.125973,0,0,0,0;
2.93, 0.286991,-0.251788,-0.125958,0,0,0,0;
2.94, 0.28592,-0.259589,-0.125897,0,0,0,0;
2.95, 0.284778,-0.267325,-0.125817,0,0,0,0;
2.96, 0.283621,-0.274899,-0.125695,0,0,0,0;
2.97, 0.282448,-0.282339,-0.125552,0,0,0,0;
2.98, 0.28128,-0.289638,-0.125394,0,0,0,0;
2.99, 0.280144,-0.296773,-0.125217,0,0,0,0;
3, 0.279067,-0.303694,-0.125004,0,0,0,0;
3.01, 0.278058,-0.310427,-0.124775,0,0,0,0;
3.02, 0.277132,-0.316916,-0.124507,0,0,0,0;
3.03, 0.276304,-0.323162,-0.124222,0,0,0,0;
3.04, 0.275583,-0.329153,-0.123913,0,0,0,0;
3.05, 0.274979,-0.334863,-0.123585,0,0,0,0;
3.06, 0.274499,-0.340274,-0.12324,0,0,0,0;
3.07, 0.274136,-0.345344,-0.122871,0,0,0,0;
3.08, 0.273896,-0.350125,-0.122486,0,0,0,0;
3.09, 0.273776,-0.354542,-0.122087,0,0,0,0;
3.1, 0.273762,-0.358635,-0.121666,0,0,0,0;
3.11, 0.273858,-0.362321,-0.121239,0,0,0,0;
3.12, 0.274027,-0.365598,-0.120797,0,0,0,0;
3.13, 0.27427,-0.368491,-0.120343,0,0,0,0;
3.14, 0.274561,-0.370949,-0.119879,0,0,0,0;
3.15, 0.274877,-0.373011,-0.1194,0,0,0,0;
3.16, 0.275194,-0.374634,-0.118912,0,0,0,0;
3.17, 0.275483,-0.375805,-0.118419,0,0,0,0;
3.18, 0.275724,-0.376546,-0.11791,0,0,0,0;
3.19, 0.275883,-0.376845,-0.117398,0,0,0,0;
3.2, 0.275932,-0.376684,-0.116876,0,0,0,0;
3.21, 0.275849,-0.376099,-0.116351,0,0,0,0;
3.22, 0.275605,-0.375083,-0.115819,0,0,0,0;
3.23, 0.27517,-0.373621,-0.115293,0,0,0,0;
3.24, 0.274519,-0.371721,-0.114754,0,0,0,0;
3.25, 0.273651,-0.369455,-0.114224,0,0,0,0;
3.26, 0.272555,-0.366841,-0.113695,0,0,0,0;
3.27, 0.271189,-0.363827,-0.113165,0,0,0,0;
3.28, 0.26958,-0.360513,-0.112649,0,0,0,0;
3.29, 0.267692,-0.356854,-0.112142,0,0,0,0;
3.3, 0.265567,-0.352957,-0.111634,0,0,0,0;
3.31, 0.263174,-0.348778,-0.111138,0,0,0,0;
3.32, 0.260562,-0.344414,-0.11066,0,0,0,0;
3.33, 0.25769,-0.339802,-0.110185,0,0,0,0;
3.34, 0.25453,-0.334913,-0.109697,0,0,0,0;
3.35, 0.251197,-0.329919,-0.109236,0,0,0,0;
3.36, 0.247652,-0.324758,-0.108789,0,0,0,0;
3.37, 0.243854,-0.319382,-0.108311,0,0,0,0;
3.38, 0.239952,-0.313981,-0.107869,0,0,0,0;
3.39, 0.235917,-0.308505,-0.107443,0,0,0,0;
3.4, 0.231776,-0.302975,-0.107036,0,0,0,0;
3.41, 0.22756,-0.297414,-0.106656,0,0,0,0;
3.42, 0.223273,-0.291815,-0.106293,0,0,0,0;
3.43, 0.218919,-0.286169,-0.105945,0,0,0,0;
3.44, 0.214479,-0.28045,-0.10559,0,0,0,0;
3.45, 0.210003,-0.274702,-0.105242,0,0,0,0;
3.46, 0.205563,-0.268984,-0.104924,0,0,0,0;
3.47, 0.201101,-0.263228,-0.104603,0,0,0,0;
3.48, 0.196695,-0.257504,-0.1043,0,0,0,0;
3.49, 0.192384,-0.251828,-0.104027,0,0,0,0;
3.5, 0.188229,-0.246245,-0.103794,0,0,0,0;
3.51, 0.184174,-0.240687,-0.10358,0,0,0,0;
3.52, 0.180118,-0.235074,-0.103341,0,0,0,0;
3.53, 0.176296,-0.229582,-0.103154,0,0,0,0;
3.54, 0.172589,-0.224113,-0.102972,0,0,0,0;
3.55, 0.169051,-0.218699,-0.102809,0,0,0,0;
3.56, 0.165643,-0.213307,-0.10265,0,0,0,0;
3.57, 0.162551,-0.20805,-0.102552,0,0,0,0;
3.58, 0.159685,-0.202868,-0.10248,0,0,0,0;
3.59, 0.156961,-0.197695,-0.102406,0,0,0,0;
3.6, 0.154565,-0.19264,-0.102385,0,0,0,0;
3.61, 0.152316,-0.187594,-0.102357,0,0,0,0;
3.62, 0.150388,-0.182662,-0.102374,0,0,0,0;
3.63, 0.14873,-0.177788,-0.10242,0,0,0,0;
3.64, 0.147187,-0.172906,-0.102446,0,0,0,0;
3.65, 0.146096,-0.168182,-0.102548,0,0,0,0;
3.66, 0.145079,-0.163422,-0.102619,0,0,0,0;
3.67, 0.144465,-0.158796,-0.102748,0,0,0,0;
3.68, 0.144064,-0.154215,-0.102882,0,0,0,0;
3.69, 0.144014,-0.149736,-0.103059,0,0,0,0;
3.7, 0.144244,-0.145323,-0.103259,0,0,0,0;
3.71, 0.144991,-0.141077,-0.103543,0,0,0,0;
3.72, 0.145788,-0.136821,-0.103788,0,0,0,0;
3.73, 0.146932,-0.132664,-0.104073,0,0,0,0;
3.74, 0.1483,-0.128575,-0.104365,0,0,0,0;
3.75, 0.150062,-0.12462,-0.104709,0,0,0,0;
3.76, 0.152036,-0.120757,-0.105059,0,0,0,0;
3.77, 0.1542,-0.116967,-0.105412,0,0,0,0;
3.78, 0.15658,-0.113293,-0.105776,0,0,0,0;
3.79, 0.159273,-0.109762,-0.106176,0,0,0,0;
3.8, 0.162293,-0.106381,-0.106613,0,0,0,0;
3.81, 0.165522,-0.103148,-0.107064,0,0,0,0;
3.82, 0.169038,-0.100082,-0.107546,0,0,0,0;
3.83, 0.172806,-0.0971978,-0.108054,0,0,0,0;
3.84, 0.176613,-0.0944783,-0.108547,0,0,0,0;
3.85, 0.180811,-0.0920098,-0.109098,0,0,0,0;
3.86, 0.185028,-0.089741,-0.109635,0,0,0,0;
3.87, 0.189515,-0.0877328,-0.110208,0,0,0,0;
3.88, 0.194125,-0.0859816,-0.110791,0,0,0,0;
3.89, 0.198789,-0.0844951,-0.111376,0,0,0,0;
3.9, 0.203568,-0.0833193,-0.111976,0,0,0,0;
3.91, 0.20828,-0.0824484,-0.112564,0,0,0,0;
3.92, 0.213016,-0.0818943,-0.113157,0,0,0,0;
3.93, 0.217826,-0.0816927,-0.113763,0,0,0,0;
3.94, 0.222548,-0.081841,-0.114363,0,0,0,0;
3.95, 0.227208,-0.0823462,-0.11496,0,0,0,0;
3.96, 0.231903,-0.0832473,-0.115569,0,0,0,0;
3.97, 0.23645,-0.0845235,-0.116168,0,0,0,0;
3.98, 0.240974,-0.0861842,-0.116771,0,0,0,0;
3.99, 0.245274,-0.0882496,-0.117359,0,0,0,0;
4, 0.249484,-0.0907222,-0.117947,0,0,0,0;
4.01, 0.253549,-0.093582,-0.118526,0,0,0,0;
4.02, 0.257457,-0.0968311,-0.119096,0,0,0,0;
4.03, 0.261159,-0.100463,-0.119652,0,0,0,0;
4.04, 0.264638,-0.104471,-0.120195,0,0,0,0;
4.05, 0.267967,-0.108839,-0.120725,0,0,0,0;
4.06, 0.271065,-0.113554,-0.121237,0,0,0,0;
4.07, 0.27389,-0.118603,-0.121732,0,0,0,0;
4.08, 0.276477,-0.123964,-0.122207,0,0,0,0;
4.09, 0.278965,-0.129622,-0.12266,0,0,0,0;
4.1, 0.28109,-0.135554,-0.123093,0,0,0,0;
4.11, 0.282959,-0.14174,-0.123505,0,0,0,0;
4.12, 0.284687,-0.148143,-0.123886,0,0,0,0;
4.13, 0.286058,-0.154765,-0.124251,0,0,0,0;
4.14, 0.287336,-0.161552,-0.124577,0,0,0,0;
4.15, 0.288339,-0.1685,-0.124879,0,0,0,0;
4.16, 0.289137,-0.175585,-0.125151,0,0,0,0;
4.17, 0.289666,-0.182795,-0.125403,0,0,0,0;
4.18, 0.290003,-0.190105,-0.125625,0,0,0,0;
4.19, 0.290062,-0.197518,-0.125837,0,0,0,0;
4.2, 0.290049,-0.204942,-0.125998,0,0,0,0;
4.21, 0.289832,-0.212424,-0.126139,0,0,0,0;
4.22, 0.289486,-0.219899,-0.126244,0,0,0,0;
4.23, 0.288995,-0.227368,-0.126323,0,0,0,0;
4.24, 0.288367,-0.234828,-0.126378,0,0,0,0;
4.25, 0.28766,-0.242225,-0.126393,0,0,0,0;
4.26, 0.286861,-0.249571,-0.12638,0,0,0,0;
4.27, 0.285964,-0.256858,-0.126351,0,0,0,0;
4.28, 0.285042,-0.264014,-0.126279,0,0,0,0;
4.29, 0.284045,-0.271102,-0.126204,0,0,0,0;
4.3, 0.28302,-0.278112,-0.126109,0,0,0,0;
4.31, 0.282022,-0.284924,-0.125969,0,0,0,0;
4.32, 0.281026,-0.291609,-0.125812,0,0,0,0;
4.33, 0.280059,-0.298133,-0.125629,0,0,0,0;
4.34, 0.279136,-0.304461,-0.125422,0,0,0,0;
4.35, 0.278268,-0.310589,-0.125201,0,0,0,0;
4.36, 0.277467,-0.316507,-0.124954,0,0,0,0;
4.37, 0.276739,-0.322228,-0.124694,0,0,0,0;
4.38, 0.276098,-0.327704,-0.124418,0,0,0,0;
4.39, 0.275546,-0.33294,-0.124119,0,0,0,0;
4.4, 0.275091,-0.337891,-0.123802,0,0,0,0;
4.41, 0.274729,-0.342558,-0.123466,0,0,0,0;
4.42, 0.274465,-0.34692,-0.123119,0,0,0,0;
4.43, 0.274286,-0.350967,-0.122752,0,0,0,0;
4.44, 0.274191,-0.354671,-0.122372,0,0,0,0;
4.45, 0.274168,-0.357989,-0.121984,0,0,0,0;
4.46, 0.274205,-0.360994,-0.121578,0,0,0,0;
4.47, 0.274285,-0.363638,-0.121156,0,0,0,0;
4.48, 0.274391,-0.365863,-0.120728,0,0,0,0;
4.49, 0.274505,-0.367713,-0.120291,0,0,0,0;
4.5, 0.274607,-0.369156,-0.119845,0,0,0,0;
4.51, 0.274675,-0.37021,-0.119391,0,0,0,0;
4.52, 0.274688,-0.370859,-0.11893,0,0,0,0;
4.53, 0.27462,-0.371083,-0.118471,0,0,0,0;
4.54, 0.274443,-0.370892,-0.117993,0,0,0,0;
4.55, 0.274151,-0.370332,-0.117517,0,0,0,0;
4.56, 0.273699,-0.36933,-0.117035,0,0,0,0;
4.57, 0.273072,-0.367925,-0.116536,0,0,0,0;
4.58, 0.272266,-0.366153,-0.116051,0,0,0,0;
4.59, 0.271263,-0.364028,-0.115556,0,0,0,0;
4.6, 0.270067,-0.361585,-0.115079,0,0,0,0;
4.61, 0.268664,-0.358843,-0.114595,0,0,0,0;
4.62, 0.266997,-0.355709,-0.114104,0,0,0,0;
4.63, 0.26513,-0.352337,-0.113623,0,0,0,0;
4.64, 0.263032,-0.348687,-0.113146,0,0,0,0;
4.65, 0.260702,-0.34477,-0.112686,0,0,0,0;
4.66, 0.258153,-0.340621,-0.112238,0,0,0,0;
4.67, 0.255365,-0.336227,-0.111777,0,0,0,0;
4.68, 0.252361,-0.331631,-0.111316,0,0,0,0;
4.69, 0.249226,-0.326942,-0.110896,0,0,0,0;
4.7, 0.245883,-0.322066,-0.110462,0,0,0,0;
4.71, 0.242372,-0.317051,-0.110033,0,0,0,0;
4.72, 0.238716,-0.311913,-0.109627,0,0,0,0;
4.73, 0.234942,-0.306696,-0.109227,0,0,0,0;
4.74, 0.231048,-0.301371,-0.108844,0,0,0,0;
4.75, 0.227009,-0.295918,-0.108454,0,0,0,0;
4.76, 0.222893,-0.290403,-0.108076,0,0,0,0;
4.77, 0.218797,-0.284929,-0.107729,0,0,0,0;
4.78, 0.214624,-0.279376,-0.107381,0,0,0,0;
4.79, 0.210491,-0.27385,-0.107067,0,0,0,0;
4.8, 0.206364,-0.268314,-0.106763,0,0,0,0;
4.81, 0.202192,-0.262713,-0.106446,0,0,0,0;
4.82, 0.198188,-0.25723,-0.106186,0,0,0,0;
4.83, 0.194115,-0.251647,-0.105895,0,0,0,0;
4.84, 0.190139,-0.246096,-0.105628,0,0,0,0;
4.85, 0.186382,-0.240673,-0.105416,0,0,0,0;
4.86, 0.182681,-0.235231,-0.105202,0,0,0,0;
4.87, 0.179123,-0.229834,-0.10501,0,0,0,0;
4.88, 0.175793,-0.224534,-0.104863,0,0,0,0;
4.89, 0.172536,-0.219212,-0.104706,0,0,0,0;
4.9, 0.169526,-0.21398,-0.104593,0,0,0,0;
4.91, 0.166683,-0.208789,-0.104491,0,0,0,0;
4.92, 0.163978,-0.203614,-0.10439,0,0,0,0;
4.93, 0.161554,-0.19853,-0.104333,0,0,0,0;
4.94, 0.159418,-0.193547,-0.104316,0,0,0,0;
4.95, 0.157343,-0.188521,-0.10427,0,0,0,0;
4.96, 0.155668,-0.18365,-0.104293,0,0,0,0;
4.97, 0.154096,-0.178767,-0.104297,0,0,0,0;
4.98, 0.152889,-0.173999,-0.104356,0,0,0,0;
4.99, 0.151875,-0.16927,-0.104419,0,0,0,0;
5, 0.151146,-0.164606,-0.104512,0,0,0,0;
5.01, 0.150789,-0.160069,-0.104655,0,0,0,0;
5.02, 0.15049,-0.155507,-0.104764,0,0,0,0;
5.03, 0.150694,-0.151117,-0.104957,0,0,0,0;
5.04, 0.151006,-0.146743,-0.10513,0,0,0,0;
5.05, 0.151653,-0.142466,-0.105341,0,0,0,0;
5.06, 0.152567,-0.138268,-0.105573,0,0,0,0;
5.07, 0.153766,-0.134159,-0.105831,0,0,0,0;
5.08, 0.155323,-0.130172,-0.106131,0,0,0,0;
5.09, 0.156999,-0.126251,-0.106418,0,0,0,0;
5.1, 0.15909,-0.122491,-0.106763,0,0,0,0;
5.11, 0.161313,-0.118798,-0.107099,0,0,0,0;
5.12, 0.163692,-0.115217,-0.107435,0,0,0,0;
5.13, 0.166373,-0.111785,-0.107806,0,0,0,0;
5.14, 0.169331,-0.108509,-0.108206,0,0,0,0;
5.15, 0.172599,-0.105414,-0.108644,0,0,0,0;
5.16, 0.1761,-0.102484,-0.109103,0,0,0,0;
5.17, 0.179695,-0.0997298,-0.109558,0,0,0,0;
5.18, 0.183565,-0.0971954,-0.110048,0,0,0,0;
5.19, 0.187528,-0.0948685,-0.110539,0,0,0,0;
5.2, 0.191541,-0.092746,-0.111025,0,0,0,0;
5.21, 0.195863,-0.0908992,-0.111556,0,0,0,0;
5.22, 0.200153,-0.0892966,-0.112074,0,0,0,0;
5.23, 0.204601,-0.0879902,-0.112614,0,0,0,0;
5.24, 0.209044,-0.0869635,-0.113151,0,0,0,0;
5.25, 0.213605,-0.0862605,-0.113706,0,0,0,0;
5.26, 0.21801,-0.085862,-0.114241,0,0,0,0;
5.27, 0.222564,-0.0858277,-0.114803,0,0,0,0;
5.28, 0.226934,-0.0861291,-0.115347,0,0,0,0;
5.29, 0.231423,-0.0868206,-0.115915,0,0,0,0;
5.3, 0.235855,-0.0878776,-0.116483,0,0,0,0;
5.31, 0.240295,-0.0893073,-0.117056,0,0,0,0;
5.32, 0.244601,-0.0911309,-0.117623,0,0,0,0;
5.33, 0.248732,-0.093331,-0.118179,0,0,0,0;
5.34, 0.252716,-0.0959215,-0.118728,0,0,0,0;
5.35, 0.256536,-0.0989111,-0.11927,0,0,0,0;
5.36, 0.26023,-0.10227,-0.119804,0,0,0,0;
5.37, 0.26364,-0.105993,-0.120321,0,0,0,0;
5.38, 0.266924,-0.110087,-0.120829,0,0,0,0;
5.39, 0.270011,-0.11452,-0.121322,0,0,0,0;
5.4, 0.272871,-0.119292,-0.121799,0,0,0,0;
5.41, 0.275585,-0.124375,-0.122259,0,0,0,0;
5.42, 0.278042,-0.129766,-0.122699,0,0,0,0;
5.43, 0.280214,-0.135434,-0.12312,0,0,0,0;
5.44, 0.282216,-0.14135,-0.123516,0,0,0,0;
5.45, 0.283932,-0.147513,-0.123893,0,0,0,0;
5.46, 0.285473,-0.153886,-0.124242,0,0,0,0;
5.47, 0.286756,-0.160458,-0.124569,0,0,0,0;
5.48, 0.287811,-0.167207,-0.124871,0,0,0,0;
5.49, 0.288595,-0.17412,-0.125155,0,0,0,0;
5.5, 0.28926,-0.181148,-0.1254,0,0,0,0;
5.51, 0.289678,-0.188298,-0.125624,0,0,0,0;
5.52, 0.28985,-0.195552,-0.125832,0,0,0,0;
5.53, 0.289919,-0.202853,-0.125996,0,0,0,0;
5.54, 0.289816,-0.210199,-0.126131,0,0,0,0;
5.55, 0.289566,-0.217565,-0.126234,0,0,0,0;
5.56, 0.289148,-0.224961,-0.126313,0,0,0,0;
5.57, 0.288604,-0.232347,-0.126363,0,0,0,0;
5.58, 0.287899,-0.239726,-0.126403,0,0,0,0;
5.59, 0.287102,-0.247035,-0.126418,0,0,0,0;
5.6, 0.286243,-0.254365,-0.126393,0,0,0,0;
5.61, 0.285332,-0.261559,-0.126338,0,0,0,0;
5.62, 0.284377,-0.26865,-0.126255,0,0,0,0;
5.63, 0.283385,-0.275637,-0.126152,0,0,0,0;
5.64, 0.282382,-0.282517,-0.126021,0,0,0,0;
5.65, 0.281374,-0.289275,-0.125874,0,0,0,0;
5.66, 0.280394,-0.295874,-0.125695,0,0,0,0;
5.67, 0.27945,-0.302288,-0.125495,0,0,0,0;
5.68, 0.278557,-0.308516,-0.12527,0,0,0,0;
5.69, 0.277726,-0.314534,-0.125023,0,0,0,0;
5.7, 0.276963,-0.320364,-0.124762,0,0,0,0;
5.71, 0.276282,-0.325982,-0.124481,0,0,0,0;
5.72, 0.275689,-0.331365,-0.124178,0,0,0,0;
5.73, 0.275193,-0.336461,-0.123857,0,0,0,0;
5.74, 0.274794,-0.341276,-0.123519,0,0,0,0;
5.75, 0.274496,-0.345822,-0.123173,0,0,0,0;
5.76, 0.274292,-0.350031,-0.122807,0,0,0,0;
5.77, 0.274178,-0.353969,-0.122423,0,0,0,0;
5.78, 0.274145,-0.357537,-0.122022,0,0,0,0;
5.79, 0.274177,-0.360735,-0.121606,0,0,0,0;
5.8, 0.274265,-0.363555,-0.121177,0,0,0,0;
5.81, 0.274389,-0.365992,-0.120736,0,0,0,0;
5.82, 0.274535,-0.368045,-0.12028,0,0,0,0;
5.83, 0.274674,-0.369655,-0.119821,0,0,0,0;
5.84, 0.274792,-0.370887,-0.119352,0,0,0,0;
5.85, 0.274858,-0.371669,-0.118873,0,0,0,0;
5.86, 0.274856,-0.372065,-0.11839,0,0,0,0;
5.87, 0.274756,-0.372025,-0.117901,0,0,0,0;
5.88, 0.274539,-0.37159,-0.1174,0,0,0,0;
5.89, 0.274169,-0.370713,-0.116884,0,0,0,0;
5.9, 0.273656,-0.369488,-0.116387,0,0,0,0;
5.91, 0.272961,-0.367876,-0.115872,0,0,0,0;
5.92, 0.272059,-0.365861,-0.115359,0,0,0,0;
5.93, 0.270945,-0.363484,-0.114841,0,0,0,0;
5.94, 0.269581,-0.360708,-0.114322,0,0,0,0;
5.95, 0.267985,-0.357609,-0.113804,0,0,0,0;
5.96, 0.266123,-0.354159,-0.113278,0,0,0,0;
5.97, 0.264067,-0.350507,-0.112771,0,0,0,0;
5.98, 0.261781,-0.346595,-0.112287,0,0,0,0;
5.99, 0.259207,-0.342361,-0.111778,0,0,0,0;
6, 0.256406,-0.337905,-0.111285,0,0,0,0;
6.01, 0.253439,-0.333331,-0.110811,0,0,0,0;
6.02, 0.250237,-0.328537,-0.110328,0,0,0,0;
6.03, 0.246782,-0.3235,-0.109839,0,0,0,0;
6.04, 0.243189,-0.318378,-0.109381,0,0,0,0;
6.05, 0.239406,-0.3131,-0.108919,0,0,0,0;
6.06, 0.235456,-0.307688,-0.108465,0,0,0,0;
6.07, 0.231427,-0.302247,-0.108038,0,0,0,0;
6.08, 0.227205,-0.296637,-0.107587,0,0,0,0;
6.09, 0.222977,-0.291061,-0.107181,0,0,0,0;
6.1, 0.218717,-0.285475,-0.106798,0,0,0,0;
6.11, 0.214382,-0.279821,-0.106419,0,0,0,0;
6.12, 0.210024,-0.27414,-0.106059,0,0,0,0;
6.13, 0.205702,-0.268489,-0.105722,0,0,0,0;
6.14, 0.201396,-0.262835,-0.105399,0,0,0,0;
6.15, 0.197118,-0.257184,-0.105085,0,0,0,0;
6.16, 0.192861,-0.251515,-0.104774,0,0,0,0;
6.17, 0.188682,-0.245865,-0.104485,0,0,0,0;
6.18, 0.184648,-0.240284,-0.104231,0,0,0,0;
6.19, 0.180719,-0.234728,-0.103993,0,0,0,0;
6.2, 0.176793,-0.229119,-0.103729,0,0,0,0;
6.21, 0.173164,-0.223665,-0.103537,0,0,0,0;
6.22, 0.169687,-0.218248,-0.103361,0,0,0,0;
6.23, 0.166398,-0.212885,-0.10321,0,0,0,0;
6.24, 0.163123,-0.207463,-0.103023,0,0,0,0;
6.25, 0.160176,-0.202194,-0.102895,0,0,0,0;
6.26, 0.157284,-0.196844,-0.102749,0,0,0,0;
6.27, 0.15478,-0.191683,-0.102671,0,0,0,0;
6.28, 0.152514,-0.186586,-0.102616,0,0,0,0;
6.29, 0.150449,-0.181526,-0.102571,0,0,0,0;
6.3, 0.148631,-0.176527,-0.102549,0,0,0,0;
6.31, 0.147058,-0.171587,-0.102547,0,0,0,0;
6.32, 0.145835,-0.166753,-0.102594,0,0,0,0;
6.33, 0.144695,-0.161893,-0.102611,0,0,0,0;
6.34, 0.144032,-0.157202,-0.10271,0,0,0,0;
6.35, 0.143454,-0.152487,-0.10278,0,0,0,0;
6.36, 0.143414,-0.147952,-0.102944,0,0,0,0;
6.37, 0.14364,-0.143474,-0.103127,0,0,0,0;
6.38, 0.144109,-0.139049,-0.103323,0,0,0,0;
6.39, 0.144827,-0.13468,-0.103533,0,0,0,0;
6.4, 0.145948,-0.130441,-0.103796,0,0,0,0;
6.41, 0.147197,-0.126229,-0.104043,0,0,0,0;
6.42, 0.148853,-0.122161,-0.104344,0,0,0,0;
6.43, 0.150697,-0.118156,-0.104647,0,0,0,0;
6.44, 0.152851,-0.114268,-0.104981,0,0,0,0;
6.45, 0.155297,-0.110497,-0.105343,0,0,0,0;
6.46, 0.158037,-0.106853,-0.105734,0,0,0,0;
6.47, 0.160991,-0.103338,-0.106138,0,0,0,0;
6.48, 0.164129,-0.0999522,-0.10655,0,0,0,0;
6.49, 0.167607,-0.096744,-0.107004,0,0,0,0;
6.5, 0.17123,-0.0936958,-0.107463,0,0,0,0;
6.51, 0.174902,-0.0908081,-0.107909,0,0,0,0;
6.52, 0.178893,-0.0881427,-0.108399,0,0,0,0;
6.53, 0.183128,-0.0857061,-0.10892,0,0,0,0;
6.54, 0.187433,-0.0834978,-0.10944,0,0,0,0;
6.55, 0.192141,-0.0815894,-0.110024,0,0,0,0;
6.56, 0.196725,-0.0799262,-0.110578,0,0,0,0;
6.57, 0.201576,-0.0785712,-0.111172,0,0,0,0;
6.58, 0.206417,-0.0775199,-0.111762,0,0,0,0;
6.59, 0.211319,-0.0768173,-0.112365,0,0,0,0;
6.6, 0.21623,-0.0764626,-0.112972,0,0,0,0;
6.61, 0.221045,-0.0764652,-0.113573,0,0,0,0;
6.62, 0.226023,-0.0768553,-0.1142,0,0,0,0;
6.63, 0.230885,-0.0776384,-0.114821,0,0,0,0;
6.64, 0.235619,-0.0788176,-0.115436,0,0,0,0;
6.65, 0.240278,-0.0804095,-0.116051,0,0,0,0;
6.66, 0.244863,-0.0824175,-0.116666,0,0,0,0;
6.67, 0.249245,-0.0848333,-0.117268,0,0,0,0;
6.68, 0.253512,-0.0876818,-0.117868,0,0,0,0;
6.69, 0.257652,-0.0909587,-0.118462,0,0,0,0;
6.7, 0.261531,-0.0946412,-0.11904,0,0,0,0;
6.71, 0.265207,-0.0987324,-0.119606,0,0,0,0;
6.72, 0.26869,-0.103219,-0.120158,0,0,0,0;
6.73, 0.271871,-0.108074,-0.120691,0,0,0,0;
6.74, 0.274824,-0.113282,-0.121207,0,0,0,0;
6.75, 0.277464,-0.118837,-0.121706,0,0,0,0;
6.76, 0.2799,-0.124717,-0.122185,0,0,0,0;
6.77, 0.282096,-0.130902,-0.122643,0,0,0,0;
6.78, 0.284092,-0.137361,-0.123075,0,0,0,0;
6.79, 0.285759,-0.144084,-0.123487,0,0,0,0;
6.8, 0.28729,-0.15102,-0.123863,0,0,0,0;
6.81, 0.288541,-0.15816,-0.124212,0,0,0,0;
6.82, 0.289557,-0.165483,-0.124529,0,0,0,0;
6.83, 0.290271,-0.172981,-0.124826,0,0,0,0;
6.84, 0.290777,-0.180603,-0.12509,0,0,0,0;
6.85, 0.291085,-0.188342,-0.125317,0,0,0,0;
6.86, 0.291162,-0.19616,-0.125515,0,0,0,0;
6.87, 0.291043,-0.204051,-0.125681,0,0,0,0;
6.88, 0.290746,-0.211981,-0.125812,0,0,0,0;
6.89, 0.290287,-0.219901,-0.125907,0,0,0,0;
6.9, 0.289615,-0.227871,-0.125993,0,0,0,0;
6.91, 0.288871,-0.235794,-0.12602,0,0,0,0;
6.92, 0.287977,-0.243696,-0.126032,0,0,0,0;
6.93, 0.286989,-0.251554,-0.126009,0,0,0,0;
6.94, 0.285938,-0.259308,-0.125948,0,0,0,0;
6.95, 0.284827,-0.26697,-0.125857,0,0,0,0;
6.96, 0.283669,-0.274565,-0.125741,0,0,0,0;
6.97, 0.282496,-0.282029,-0.125597,0,0,0,0;
6.98, 0.281335,-0.289335,-0.125417,0,0,0,0;
6.99, 0.280195,-0.296483,-0.12522,0,0,0,0;
7, 0.279104,-0.303443,-0.124995,0,0,0,0;
7.01, 0.278073,-0.310243,-0.124751,0,0,0,0;
7.02, 0.27712,-0.316811,-0.124467,0,0,0,0;
7.03, 0.276264,-0.323186,-0.124173,0,0,0,0;
7.04, 0.275507,-0.329292,-0.123838,0,0,0,0;
7.05, 0.274877,-0.335142,-0.123497,0,0,0,0;
7.06, 0.274373,-0.34072,-0.123134,0,0,0,0;
7.07, 0.273996,-0.346021,-0.122745,0,0,0,0;
7.08, 0.273749,-0.350995,-0.122335,0,0,0,0;
7.09, 0.273625,-0.355619,-0.121902,0,0,0,0;
7.1, 0.27363,-0.359899,-0.121453,0,0,0,0;
7.11, 0.273745,-0.36379,-0.120986,0,0,0,0;
7.12, 0.273962,-0.36727,-0.120507,0,0,0,0;
7.13, 0.274259,-0.370342,-0.120012,0,0,0,0;
7.14, 0.274631,-0.372988,-0.119501,0,0,0,0;
7.15, 0.275031,-0.37521,-0.118976,0,0,0,0;
7.16, 0.275452,-0.376983,-0.118435,0,0,0,0;
7.17, 0.275855,-0.378293,-0.117884,0,0,0,0;
7.18, 0.276215,-0.379121,-0.11732,0,0,0,0;
7.19, 0.276498,-0.379486,-0.116749,0,0,0,0;
7.2, 0.276677,-0.379394,-0.116169,0,0,0,0;
7.21, 0.276714,-0.378806,-0.11558,0,0,0,0;
7.22, 0.276581,-0.377741,-0.114979,0,0,0,0;
7.23, 0.276253,-0.376238,-0.114382,0,0,0,0;
7.24, 0.275704,-0.374292,-0.113782,0,0,0,0;
7.25, 0.274915,-0.371933,-0.11318,0,0,0,0;
7.26, 0.273855,-0.369144,-0.112579,0,0,0,0;
7.27, 0.272531,-0.366,-0.111982,0,0,0,0;
7.28, 0.2709,-0.36245,-0.111378,0,0,0,0;
7.29, 0.268963,-0.358538,-0.110762,0,0,0,0;
7.3, 0.266726,-0.354318,-0.110171,0,0,0,0;
7.31, 0.264189,-0.349806,-0.109577,0,0,0,0;
7.32, 0.261352,-0.345022,-0.108982,0,0,0,0;
7.33, 0.258247,-0.340031,-0.1084,0,0,0,0;
7.34, 0.254856,-0.334805,-0.107807,0,0,0,0;
7.35, 0.251199,-0.329388,-0.107236,0,0,0,0;
7.36, 0.247342,-0.32387,-0.106687,0,0,0,0;
7.37, 0.243222,-0.318152,-0.10613,0,0,0,0;
7.38, 0.238877,-0.312288,-0.105577,0,0,0,0;
7.39, 0.234411,-0.306407,-0.105061,0,0,0,0;
7.4, 0.229789,-0.300445,-0.104554,0,0,0,0;
7.41, 0.225041,-0.29443,-0.10406,0,0,0,0;
7.42, 0.220142,-0.288321,-0.103558,0,0,0,0;
7.43, 0.215194,-0.282221,-0.103086,0,0,0,0;
7.44, 0.210167,-0.276078,-0.102629,0,0,0,0;
7.45, 0.205127,-0.269957,-0.102192,0,0,0,0;
7.46, 0.200101,-0.263867,-0.101778,0,0,0,0;
7.47, 0.195121,-0.257824,-0.101391,0,0,0,0;
7.48, 0.190129,-0.251764,-0.100996,0,0,0,0;
7.49, 0.185243,-0.245782,-0.100633,0,0,0,0;
7.5, 0.180386,-0.239787,-0.100277,0,0,0,0;
7.51, 0.17557,-0.233793,-0.0999142,0,0,0,0;
7.52, 0.170962,-0.227925,-0.0996028,0,0,0,0;
7.53, 0.166487,-0.22211,-0.0993078,0,0,0,0;
7.54, 0.162205,-0.216377,-0.0990479,0,0,0,0;
7.55, 0.158181,-0.210768,-0.0988374,0,0,0,0;
7.56, 0.154276,-0.205171,-0.0986235,0,0,0,0;
7.57, 0.150489,-0.199572,-0.0984052,0,0,0,0;
7.58, 0.147034,-0.194122,-0.098246,0,0,0,0;
7.59, 0.143725,-0.188679,-0.098084,0,0,0,0;
7.6, 0.140716,-0.183344,-0.0979642,0,0,0,0;
7.61, 0.13792,-0.178049,-0.0978567,0,0,0,0;
7.62, 0.13543,-0.172849,-0.0977877,0,0,0,0;
7.63, 0.13315,-0.167675,-0.0977256,0,0,0,0;
7.64, 0.131153,-0.162566,-0.0976917,0,0,0,0;
7.65, 0.12949,-0.157547,-0.097698,0,0,0,0;
7.66, 0.128047,-0.152553,-0.0977091,0,0,0,0;
7.67, 0.127022,-0.147692,-0.0977814,0,0,0,0;
7.68, 0.126263,-0.142877,-0.0978693,0,0,0,0;
7.69, 0.125886,-0.138146,-0.0980056,0,0,0,0;
7.7, 0.125601,-0.133397,-0.098107,0,0,0,0;
7.71, 0.125855,-0.128803,-0.0982993,0,0,0,0;
7.72, 0.126351,-0.124249,-0.0984982,0,0,0,0;
7.73, 0.127228,-0.119792,-0.0987422,0,0,0,0;
7.74, 0.128561,-0.11543,-0.0990495,0,0,0,0;
7.75, 0.129928,-0.111053,-0.0993101,0,0,0,0;
7.76, 0.13196,-0.106857,-0.099687,0,0,0,0;
7.77, 0.13408,-0.102686,-0.100034,0,0,0,0;
7.78, 0.136537,-0.0986102,-0.100414,0,0,0,0;
7.79, 0.139339,-0.0946298,-0.10083,0,0,0,0;
7.8, 0.142514,-0.0907804,-0.10129,0,0,0,0;
7.81, 0.145829,-0.0870233,-0.101741,0,0,0,0;
7.82, 0.149637,-0.0834412,-0.102265,0,0,0,0;
7.83, 0.153525,-0.079972,-0.102771,0,0,0,0;
7.84, 0.157712,-0.0766715,-0.103311,0,0,0,0;
7.85, 0.162219,-0.0735677,-0.10389,0,0,0,0;
7.86, 0.166921,-0.0706477,-0.104483,0,0,0,0;
7.87, 0.17169,-0.0679391,-0.105071,0,0,0,0;
7.88, 0.176748,-0.0654845,-0.105699,0,0,0,0;
7.89, 0.182117,-0.0633162,-0.106372,0,0,0,0;
7.9, 0.187544,-0.0614289,-0.107047,0,0,0,0;
7.91, 0.19298,-0.0598541,-0.10772,0,0,0,0;
7.92, 0.198664,-0.0586174,-0.108431,0,0,0,0;
7.93, 0.204207,-0.0577334,-0.109124,0,0,0,0;
7.94, 0.209985,-0.0572768,-0.109859,0,0,0,0;
7.95, 0.21558,-0.057201,-0.110575,0,0,0,0;
7.96, 0.221281,-0.0575956,-0.111318,0,0,0,0;
7.97, 0.226861,-0.0584279,-0.112056,0,0,0,0;
7.98, 0.23235,-0.0597272,-0.112795,0,0,0,0;
7.99, 0.237652,-0.0614926,-0.113524,0,0,0,0;
8, 0.242769,-0.0637566,-0.11425,0,0,0,0;
8.01, 0.247783,-0.0665204,-0.114978,0,0,0,0;
8.02, 0.252629,-0.0697749,-0.115699,0,0,0,0;
8.03, 0.257198,-0.0735373,-0.11641,0,0,0,0;
8.04, 0.261553,-0.077772,-0.117108,0,0,0,0;
8.05, 0.265665,-0.0824883,-0.117794,0,0,0,0;
8.06, 0.269566,-0.0876591,-0.118464,0,0,0,0;
8.07, 0.273192,-0.0932705,-0.119114,0,0,0,0;
8.08, 0.27645,-0.099306,-0.119743,0,0,0,0;
8.09, 0.279527,-0.10575,-0.120348,0,0,0,0;
8.1, 0.282323,-0.112565,-0.120924,0,0,0,0;
8.11, 0.284719,-0.119728,-0.121475,0,0,0,0;
8.12, 0.286736,-0.127206,-0.122002,0,0,0,0;
8.13, 0.288542,-0.134965,-0.12249,0,0,0,0;
8.14, 0.28999,-0.14299,-0.122951,0,0,0,0;
8.15, 0.291261,-0.15122,-0.12336,0,0,0,0;
8.16, 0.292136,-0.159652,-0.123746,0,0,0,0;
8.17, 0.292732,-0.168245,-0.124094,0,0,0,0;
8.18, 0.293104,-0.176955,-0.124391,0,0,0,0;
8.19, 0.293197,-0.185772,-0.12465,0,0,0,0;
8.2, 0.293073,-0.194638,-0.124858,0,0,0,0;
8.21, 0.292686,-0.20357,-0.125031,0,0,0,0;
8.22, 0.292082,-0.212529,-0.125163,0,0,0,0;
8.23, 0.291293,-0.22146,-0.125249,0,0,0,0;
8.24, 0.290307,-0.230392,-0.125305,0,0,0,0;
8.25, 0.289191,-0.239255,-0.125308,0,0,0,0;
8.26, 0.287946,-0.24805,-0.125274,0,0,0,0;
8.27, 0.286601,-0.256752,-0.125199,0,0,0,0;
8.28, 0.285182,-0.265343,-0.125088,0,0,0,0;
8.29, 0.283711,-0.27384,-0.124959,0,0,0,0;
8.3, 0.282227,-0.282205,-0.124788,0,0,0,0;
8.31, 0.280759,-0.290396,-0.124577,0,0,0,0;
8.32, 0.279334,-0.298402,-0.124335,0,0,0,0;
8.33, 0.277974,-0.306212,-0.124058,0,0,0,0;
8.34, 0.276704,-0.3138,-0.123745,0,0,0,0;
8.35, 0.275556,-0.321183,-0.123413,0,0,0,0;
8.36, 0.274537,-0.32828,-0.123042,0,0,0,0;
8.37, 0.273683,-0.335134,-0.12265,0,0,0,0;
8.38, 0.272985,-0.341648,-0.122222,0,0,0,0;
8.39, 0.272474,-0.347861,-0.121771,0,0,0,0;
8.4, 0.272155,-0.353723,-0.121298,0,0,0,0;
8.41, 0.27204,-0.359239,-0.120806,0,0,0,0;
8.42, 0.272108,-0.364363,-0.120286,0,0,0,0;
8.43, 0.272366,-0.369072,-0.119747,0,0,0,0;
8.44, 0.272782,-0.373351,-0.119182,0,0,0,0;
8.45, 0.27335,-0.377156,-0.1186,0,0,0,0;
8.46, 0.274046,-0.380491,-0.117999,0,0,0,0;
8.47, 0.274847,-0.383344,-0.117379,0,0,0,0;
8.48, 0.275723,-0.385647,-0.116751,0,0,0,0;
8.49, 0.276623,-0.38745,-0.116105,0,0,0,0;
8.5, 0.277537,-0.388677,-0.115444,0,0,0,0;
8.51, 0.278391,-0.389363,-0.114773,0,0,0,0;
8.52, 0.279145,-0.389492,-0.114099,0,0,0,0;
8.53, 0.279776,-0.389057,-0.113403,0,0,0,0;
8.54, 0.280217,-0.388102,-0.112714,0,0,0,0;
8.55, 0.280447,-0.386597,-0.112008,0,0,0,0;
8.56, 0.280414,-0.384562,-0.111303,0,0,0,0;
8.57, 0.280091,-0.382008,-0.110586,0,0,0,0;
8.58, 0.279453,-0.378999,-0.109873,0,0,0,0;
8.59, 0.278461,-0.375511,-0.109162,0,0,0,0;
8.6, 0.277081,-0.371544,-0.108455,0,0,0,0;
8.61, 0.27533,-0.367176,-0.10773,0,0,0,0;
8.62, 0.273219,-0.362513,-0.107029,0,0,0,0;
8.63, 0.270686,-0.357416,-0.106299,0,0,0,0;
8.64, 0.267774,-0.352046,-0.105591,0,0,0,0;
8.65, 0.26449,-0.346418,-0.104895,0,0,0,0;
8.66, 0.260869,-0.340602,-0.104226,0,0,0,0;
8.67, 0.256854,-0.334494,-0.103547,0,0,0,0;
8.68, 0.252591,-0.328339,-0.102908,0,0,0,0;
8.69, 0.24804,-0.322049,-0.102286,0,0,0,0;
8.7, 0.243234,-0.315651,-0.10167,0,0,0,0;
8.71, 0.238187,-0.309154,-0.101059,0,0,0,0;
8.72, 0.23299,-0.302665,-0.100477,0,0,0,0;
8.73, 0.227552,-0.296047,-0.0998935,0,0,0,0;
8.74, 0.222004,-0.289449,-0.099328,0,0,0,0;
8.75, 0.216309,-0.282804,-0.0987672,0,0,0,0;
8.76, 0.210532,-0.276174,-0.0982242,0,0,0,0;
8.77, 0.204757,-0.269633,-0.0977249,0,0,0,0;
8.78, 0.198947,-0.263115,-0.0972318,0,0,0,0;
8.79, 0.193021,-0.256513,-0.0967216,0,0,0,0;
8.8, 0.187222,-0.250075,-0.0962647,0,0,0,0;
8.81, 0.18152,-0.243738,-0.0958436,0,0,0,0;
8.82, 0.175864,-0.237432,-0.0954323,0,0,0,0;
8.83, 0.170396,-0.231272,-0.0950791,0,0,0,0;
8.84, 0.164996,-0.225136,-0.0947192,0,0,0,0;
8.85, 0.159695,-0.219036,-0.0943661,0,0,0,0;
8.86, 0.154585,-0.213038,-0.0940453,0,0,0,0;
8.87, 0.149675,-0.207136,-0.0937528,0,0,0,0;
8.88, 0.144843,-0.201222,-0.0934406,0,0,0,0;
8.89, 0.140357,-0.195494,-0.0931983,0,0,0,0;
8.9, 0.136052,-0.189812,-0.0929642,0,0,0,0;
8.91, 0.132002,-0.184225,-0.0927572,0,0,0,0;
8.92, 0.128179,-0.178695,-0.0925683,0,0,0,0;
8.93, 0.124606,-0.173237,-0.0923995,0,0,0,0;
8.94, 0.121403,-0.167912,-0.0922892,0,0,0,0;
8.95, 0.118273,-0.16254,-0.0921347,0,0,0,0;
8.96, 0.115628,-0.157358,-0.0920693,0,0,0,0;
8.97, 0.113296,-0.152252,-0.0920355,0,0,0,0;
8.98, 0.1113,-0.14722,-0.0920385,0,0,0,0;
8.99, 0.109437,-0.142161,-0.0920133,0,0,0,0;
9, 0.10803,-0.137253,-0.0920564,0,0,0,0;
9.01, 0.106952,-0.1324,-0.0921312,0,0,0,0;
9.02, 0.106321,-0.127658,-0.0922696,0,0,0,0;
9.03, 0.106107,-0.122998,-0.0924616,0,0,0,0;
9.04, 0.106224,-0.118382,-0.0926801,0,0,0,0;
9.05, 0.106624,-0.113797,-0.0929112,0,0,0,0;
9.06, 0.107357,-0.109259,-0.0931688,0,0,0,0;
9.07, 0.108391,-0.104762,-0.0934446,0,0,0,0;
9.08, 0.109846,-0.100334,-0.0937712,0,0,0,0;
9.09, 0.111634,-0.0959651,-0.0941247,0,0,0,0;
9.1, 0.113918,-0.0916885,-0.0945474,0,0,0,0;
9.11, 0.116626,-0.0874889,-0.0950193,0,0,0,0;
9.12, 0.119596,-0.0833445,-0.0955001,0,0,0,0;
9.13, 0.122881,-0.0792717,-0.0960043,0,0,0,0;
9.14, 0.12669,-0.0753297,-0.0965841,0,0,0,0;
9.15, 0.130618,-0.071448,-0.0971432,0,0,0,0;
9.16, 0.13474,-0.0676632,-0.0977037,0,0,0,0;
9.17, 0.139296,-0.0640298,-0.0983226,0,0,0,0;
9.18, 0.144228,-0.0605523,-0.0989868,0,0,0,0;
9.19, 0.149435,-0.0572444,-0.0996771,0,0,0,0;
9.2, 0.154742,-0.0541163,-0.100361,0,0,0,0;
9.21, 0.160529,-0.0512221,-0.101117,0,0,0,0;
9.22, 0.166338,-0.0485708,-0.10186,0,0,0,0;
9.23, 0.172494,-0.0461964,-0.102654,0,0,0,0;
9.24, 0.178709,-0.0441407,-0.103451,0,0,0,0;
9.25, 0.185107,-0.0424356,-0.104277,0,0,0,0;
9.26, 0.191435,-0.041072,-0.105089,0,0,0,0;
9.27, 0.197935,-0.0401394,-0.105936,0,0,0,0;
9.28, 0.20433,-0.0396539,-0.106779,0,0,0,0;
9.29, 0.210795,-0.0396164,-0.107641,0,0,0,0;
9.3, 0.217198,-0.0401018,-0.108512,0,0,0,0;
9.31, 0.223517,-0.0410767,-0.109385,0,0,0,0;
9.32, 0.229659,-0.0425886,-0.110253,0,0,0,0;
9.33, 0.235808,-0.0446661,-0.111139,0,0,0,0;
9.34, 0.241727,-0.0473271,-0.112017,0,0,0,0;
9.35, 0.247405,-0.0505365,-0.112883,0,0,0,0;
9.36, 0.252797,-0.0543271,-0.113736,0,0,0,0;
9.37, 0.257977,-0.0586981,-0.114582,0,0,0,0;
9.38, 0.262779,-0.0636245,-0.115406,0,0,0,0;
9.39, 0.26733,-0.0690944,-0.116216,0,0,0,0;
9.4, 0.2716,-0.0750851,-0.117003,0,0,0,0;
9.41, 0.275472,-0.081591,-0.117767,0,0,0,0;
9.42, 0.278923,-0.0885649,-0.118505,0,0,0,0;
9.43, 0.28218,-0.0959878,-0.119212,0,0,0,0;
9.44, 0.285023,-0.103801,-0.119884,0,0,0,0;
9.45, 0.287467,-0.111972,-0.120522,0,0,0,0;
9.46, 0.289573,-0.120469,-0.121121,0,0,0,0;
9.47, 0.291366,-0.12925,-0.121674,0,0,0,0;
9.48, 0.292783,-0.138303,-0.122187,0,0,0,0;
9.49, 0.293879,-0.147543,-0.122648,0,0,0,0;
9.5, 0.294559,-0.156977,-0.123079,0,0,0,0;
9.51, 0.295001,-0.166523,-0.123441,0,0,0,0;
9.52, 0.295069,-0.176196,-0.123772,0,0,0,0;
9.53, 0.294856,-0.185936,-0.124052,0,0,0,0;
9.54, 0.294379,-0.19572,-0.124278,0,0,0,0;
9.55, 0.293644,-0.205526,-0.124458,0,0,0,0;
9.56, 0.292694,-0.215291,-0.124581,0,0,0,0;
9.57, 0.291534,-0.22503,-0.124657,0,0,0,0;
9.58, 0.290199,-0.234692,-0.124686,0,0,0,0;
9.59, 0.288725,-0.244229,-0.12467,0,0,0,0;
9.6, 0.287122,-0.253747,-0.124605,0,0,0,0;
9.61, 0.285447,-0.263074,-0.124497,0,0,0,0;
9.62, 0.283724,-0.272253,-0.124345,0,0,0,0;
9.63, 0.281992,-0.281268,-0.124167,0,0,0,0;
9.64, 0.280272,-0.290039,-0.123912,0,0,0,0;
9.65, 0.278605,-0.298643,-0.123638,0,0,0,0;
9.66, 0.277024,-0.307014,-0.12333,0,0,0,0;
9.67, 0.275571,-0.315174,-0.123002,0,0,0,0;
9.68, 0.274233,-0.323016,-0.122611,0,0,0,0;
9.69, 0.273079,-0.33063,-0.122205,0,0,0,0;
9.7, 0.272107,-0.337886,-0.121762,0,0,0,0;
9.71, 0.271351,-0.344867,-0.121295,0,0,0,0;
9.72, 0.270831,-0.351523,-0.120806,0,0,0,0;
9.73, 0.27054,-0.357775,-0.120287,0,0,0,0;
9.74, 0.270482,-0.363625,-0.119743,0,0,0,0;
9.75, 0.270685,-0.369095,-0.119179,0,0,0,0;
9.76, 0.271139,-0.37412,-0.118596,0,0,0,0;
9.77, 0.271775,-0.37862,-0.117987,0,0,0,0;
9.78, 0.27262,-0.382648,-0.117356,0,0,0,0;
9.79, 0.273626,-0.386123,-0.116708,0,0,0,0;
9.8, 0.27477,-0.389054,-0.116039,0,0,0,0;
9.81, 0.275991,-0.391402,-0.115356,0,0,0,0;
9.82, 0.277244,-0.393176,-0.114657,0,0,0,0;
9.83, 0.278511,-0.394338,-0.11394,0,0,0,0;
9.84, 0.27971,-0.394913,-0.113212,0,0,0,0;
9.85, 0.280801,-0.394898,-0.112474,0,0,0,0;
9.86, 0.28172,-0.394261,-0.11174,0,0,0,0;
9.87, 0.282425,-0.393014,-0.111007,0,0,0,0;
9.88, 0.282878,-0.391211,-0.110267,0,0,0,0;
9.89, 0.283055,-0.388849,-0.1095,0,0,0,0;
9.9, 0.282883,-0.385967,-0.108748,0,0,0,0;
9.91, 0.282329,-0.382538,-0.107998,0,0,0,0;
9.92, 0.281386,-0.378668,-0.107258,0,0,0,0;
9.93, 0.28002,-0.37433,-0.106519,0,0,0,0;
9.94, 0.278258,-0.369649,-0.105787,0,0,0,0;
9.95, 0.276042,-0.36455,-0.105063,0,0,0,0;
9.96, 0.273398,-0.359106,-0.104334,0,0,0,0;
9.97, 0.270358,-0.353404,-0.103609,0,0,0,0;
9.98, 0.266889,-0.34742,-0.102903,0,0,0,0;
9.99, 0.263029,-0.341216,-0.102207,0,0,0,0;
