0, 0.115946,6.02511,-0.179393,-2.56334,-0.116259,6.02155,0;
0.01, 0.434087,5.80719,-0.179358,-2.56315,-0.429895,5.80021,0;
0.02, 0.698469,4.86125,-0.121517,-2.42533,-0.415041,4.87647,0;
0.03, 0.964851,3.8858,-0.0716487,-2.31892,-0.438044,3.93127,0;
0.04, 1.20547,2.96175,-0.0399062,-2.22703,-0.51834,3.04585,0;
0.05, 1.38475,2.12294,-0.0235703,-2.13896,-0.619856,2.25292,0;
0.06, 1.53178,1.38957,-0.0167332,-2.05146,-0.741117,1.56975,0;
0.07, 1.61565,0.761661,-0.0157745,-1.95523,-0.852992,0.993177,0;
0.08, 1.64052,0.22811,-0.0170992,-1.84693,-0.947922,0.50982,0;
0.09, 1.65143,-0.223392,-0.01969,-1.73153,-1.04317,0.105968,0;
0.1, 1.61469,-0.607146,-0.0220831,-1.604,-1.11668,-0.235929,0;
0.11, 1.55574,-0.934162,-0.0240362,-1.46875,-1.17726,-0.527449,0;
0.12, 1.48414,-1.21414,-0.025458,-1.32879,-1.22759,-0.778524,0;
0.13, 1.39566,-1.45415,-0.0259997,-1.18486,-1.26334,-0.997764,0;
0.14, 1.30084,-1.65967,-0.0258943,-1.03998,-1.28796,-1.1904,0;
0.15, 1.19602,-1.83669,-0.025021,-0.895073,-1.29853,-1.36261,0;
0.16, 1.08396,-1.98671,-0.0236697,-0.75186,-1.29503,-1.51678,0;
0.17, 0.962608,-2.11496,-0.0218039,-0.611468,-1.27611,-1.65731,0;
0.18, 0.852776,-2.22216,-0.0200311,-0.47798,-1.25195,-1.7824,0;
0.19, 0.72471,-2.31344,-0.0171447,-0.348569,-1.20796,-1.90013,0;
0.2, 0.602864,-2.38831,-0.0138465,-0.227195,-1.15599,-2.00685,0;
0.21, 0.474208,-2.44919,-0.0103045,-0.113642,-1.08989,-2.10544,0;
0.22, 0.345783,-2.49584,-0.00664566,-0.0096316,-1.01326,-2.19454,0;
0.23, 0.206636,-2.52823,-0.00309915,0.0844797,-0.920683,-2.27521,0;
0.24, 0.0862342,-2.54866,0.00053601,0.16584,-0.828783,-2.3438,0;
0.25, -0.0464686,-2.55764,0.00434922,0.235684,-0.722171,-2.405,0;
0.26, -0.176384,-2.55728,0.008104,0.292842,-0.609195,-2.45706,0;
0.27, -0.292733,-2.54761,0.0115576,0.336336,-0.496744,-2.49727,0;
0.28, -0.436946,-2.5283,0.0150089,0.366648,-0.363704,-2.53206,0;
0.29, -0.562464,-2.50085,0.0184147,0.382943,-0.235394,-2.55436,0;
0.3, -0.690535,-2.46505,0.0216701,0.384932,-0.102481,-2.5667,0;
0.31, -0.823798,-2.42112,0.0247755,0.372708,0.0360205,-2.56962,0;
0.32, -0.957939,-2.37095,0.0277998,0.346788,0.176507,-2.5634,0;
0.33, -1.07347,-2.31398,0.0308034,0.308504,0.307806,-2.54462,0;
0.34, -1.20023,-2.24915,0.0335312,0.256753,0.444698,-2.51742,0;
0.35, -1.32025,-2.17933,0.0361826,0.194171,0.57731,-2.48117,0;
0.36, -1.44931,-2.10235,0.0388411,0.119786,0.712959,-2.43765,0;
0.37, -1.56873,-2.01959,0.0411599,0.0367158,0.841369,-2.38482,0;
0.38, -1.6844,-1.93422,0.0436634,-0.0536057,0.964418,-2.3263,0;
0.39, -1.79843,-1.83993,0.0460954,-0.151454,1.08389,-2.25958,0;
0.4, -1.91263,-1.74057,0.0483603,-0.254863,1.19998,-2.18754,0;
0.41, -2.01465,-1.63379,0.050463,-0.360963,1.30661,-2.10781,0;
0.42, -2.11356,-1.52302,0.0521236,-0.468667,1.4076,-2.02417,0;
0.43, -2.2105,-1.41179,0.0536768,-0.57598,1.50359,-1.93988,0;
0.44, -2.29874,-1.29558,0.0556568,-0.6815,1.59236,-1.8523,0;
0.45, -2.38721,-1.17658,0.057376,-0.784985,1.67785,-1.764,0;
0.46, -2.45532,-1.05544,0.0594436,-0.880929,1.75077,-1.67269,0;
0.47, -2.51246,-0.927354,0.060871,-0.970583,1.81594,-1.5771,0;
0.48, -2.57153,-0.79968,0.0620978,-1.05452,1.87974,-1.48409,0;
0.49, -2.61608,-0.669876,0.0634048,-1.12875,1.93537,-1.38996,0;
0.5, -2.6591,-0.539061,0.0644496,-1.19526,1.98873,-1.29739,0;
0.51, -2.68588,-0.404692,0.0654079,-1.2504,2.03397,-1.2025,0;
0.52, -2.68904,-0.274336,0.0666096,-1.29027,2.06696,-1.10774,0;
0.53, -2.69191,-0.139317,0.0673595,-1.322,2.10002,-1.0128,0;
0.54, -2.68192,-0.00485926,0.0680056,-1.34155,2.12757,-0.917849,0;
0.55, -2.6601,0.119547,0.068404,-1.34755,2.14813,-0.827806,0;
0.56, -2.63484,0.240947,0.0686232,-1.34386,2.167,-0.740507,0;
0.57, -2.59547,0.362518,0.0689825,-1.32835,2.18043,-0.651386,0;
0.58, -2.54729,0.481348,0.0690798,-1.30223,2.18987,-0.562523,0;
0.59, -2.48792,0.595304,0.0692232,-1.26513,2.19411,-0.474232,0;
0.6, -2.43633,0.701644,0.069277,-1.22307,2.20093,-0.392022,0;
0.61, -2.36368,0.80507,0.0688567,-1.1683,2.19801,-0.306181,0;
0.62, -2.2961,0.901107,0.0683741,-1.10888,2.19582,-0.224642,0;
0.63, -2.22871,0.99293,0.0675782,-1.04438,2.19295,-0.144567,0;
0.64, -2.1429,1.07889,0.0668934,-0.969375,2.18048,-0.0613478,0;
0.65, -2.05281,1.15908,0.0661787,-0.888669,2.1643,0.021868,0;
0.66, -1.9751,1.23646,0.0652351,-0.808255,2.1527,0.102107,0;
0.67, -1.89172,1.30746,0.0639194,-0.722993,2.13641,0.182672,0;
0.68, -1.80265,1.37414,0.0628208,-0.633022,2.11567,0.265052,0;
0.69, -1.71653,1.43782,0.0615965,-0.541368,2.09437,0.347628,0;
0.7, -1.63479,1.49503,0.0600723,-0.449104,2.07199,0.428251,0;
0.71, -1.55128,1.54578,0.0586037,-0.354646,2.04564,0.508884,0;
0.72, -1.46429,1.59369,0.0569895,-0.257377,2.01521,0.59208,0;
0.73, -1.37749,1.63875,0.0552813,-0.158689,1.98227,0.676854,0;
0.74, -1.28878,1.67863,0.0535227,-0.0585239,1.94516,0.762658,0;
0.75, -1.21167,1.71441,0.0516292,0.0387616,1.91002,0.845601,0;
0.76, -1.13393,1.74748,0.0496008,0.136877,1.87176,0.930171,0;
0.77, -1.05273,1.77625,0.0475149,0.236475,1.82825,1.01669,0;
0.78, -0.972303,1.80113,0.0453785,0.336033,1.78139,1.10386,0;
0.79, -0.891777,1.8233,0.0431006,0.435619,1.73116,1.19228,0;
0.8, -0.816133,1.84287,0.0407959,0.533534,1.67983,1.28018,0;
0.81, -0.740674,1.859,0.0383782,0.630655,1.62493,1.3684,0;
0.82, -0.668332,1.87256,0.0359169,0.726132,1.56788,1.45623,0;
0.83, -0.592142,1.88289,0.033301,0.821325,1.50524,1.54522,0;
0.84, -0.515576,1.89084,0.0306186,0.915119,1.43875,1.63442,0;
0.85, -0.449235,1.8968,0.0279735,1.00426,1.37359,1.71993,0;
0.86, -0.373433,1.89932,0.0254044,1.09305,1.30029,1.80709,0;
0.87, -0.30765,1.89935,0.022627,1.17629,1.22774,1.88944,0;
0.88, -0.224465,1.89756,0.0197166,1.26017,1.14376,1.97564,0;
0.89, -0.166192,1.89395,0.017058,1.33425,1.06798,2.05161,0;
0.9, -0.0860453,1.88857,0.0140271,1.40813,0.978937,2.13109,0;
0.91, -0.0221381,1.88241,0.0109907,1.47364,0.894228,2.20254,0;
0.92, 0.04173,1.87239,0.00788511,1.53198,0.806248,2.26802,0;
0.93, 0.110724,1.86076,0.00463229,1.58455,0.712788,2.32997,0;
0.94, 0.161825,1.84905,0.00146851,1.62731,0.625392,2.38201,0;
0.95, 0.225673,1.83536,-0.00152852,1.66419,0.529484,2.43133,0;
0.96, 0.287901,1.81983,-0.00440449,1.69238,0.431568,2.47346,0;
0.97, 0.363458,1.80252,-0.00753989,1.71277,0.325157,2.51122,0;
0.98, 0.430182,1.78344,-0.0105425,1.72184,0.221167,2.5382,0;
0.99, 0.509136,1.76211,-0.0136672,1.7209,0.110221,2.55853,0;
1, 0.580401,1.73844,-0.0167535,1.70763,0.00197694,2.56705,0;
1.01, 0.671199,1.71329,-0.0199877,1.68411,-0.115641,2.5701,0;
1.02, 0.751963,1.68662,-0.0230244,1.6482,-0.228337,2.56104,0;
1.03, 0.842488,1.65888,-0.0260292,1.60098,-0.34449,2.54403,0;
1.04, 0.923059,1.62924,-0.028817,1.54182,-0.454762,2.51501,0;
1.05, 1.00235,1.59709,-0.0315585,1.47115,-0.562715,2.47554,0;
1.06, 1.09534,1.56375,-0.0343436,1.3904,-0.675259,2.42997,0;
1.07, 1.17577,1.52708,-0.0370543,1.29939,-0.779897,2.37286,0;
1.08, 1.25505,1.48833,-0.0393338,1.19965,-0.881299,2.30788,0;
1.09, 1.34584,1.44677,-0.0418104,1.09124,-0.985494,2.2373,0;
1.1, 1.42692,1.40113,-0.0440214,0.97565,-1.08255,2.15813,0;
1.11, 1.51822,1.35224,-0.0460447,0.853084,-1.18119,2.07454,0;
1.12, 1.6073,1.30011,-0.048192,0.725603,-1.27564,1.9857,0;
1.13, 1.69227,1.24511,-0.0503618,0.594854,-1.36465,1.89246,0;
1.14, 1.77597,1.18794,-0.0518817,0.462258,-1.4499,1.79694,0;
1.15, 1.85654,1.12589,-0.0534133,0.32778,-1.53058,1.69769,0;
1.16, 1.92662,1.05802,-0.0546688,0.193106,-1.60361,1.59411,0;
1.17, 2.01531,0.986701,-0.0561048,0.0566923,-1.68228,1.49175,0;
1.18, 2.09545,0.910424,-0.0572383,-0.0775251,-1.75483,1.38736,0;
1.19, 2.16234,0.828271,-0.0581899,-0.207961,-1.81861,1.28022,0;
1.2, 2.23279,0.742915,-0.0593416,-0.334844,-1.88148,1.17427,0;
1.21, 2.31077,0.653538,-0.0603432,-0.458566,-1.94613,1.07011,0;
1.22, 2.37244,0.558144,-0.0609266,-0.575154,-2.00196,0.964066,0;
1.23, 2.42862,0.458803,-0.0612129,-0.68454,-2.05372,0.858658,0;
1.24, 2.47481,0.355099,-0.0612898,-0.785334,-2.10002,0.753369,0;
1.25, 2.51661,0.246924,-0.0612303,-0.877985,-2.14368,0.648761,0;
1.26, 2.55273,0.135023,-0.0610261,-0.961431,-2.18452,0.54513,0;
1.27, 2.57802,0.0193927,-0.0605921,-1.03416,-2.22045,0.441775,0;
1.28, 2.59718,-0.0995359,-0.0600156,-1.09654,-2.25369,0.339328,0;
1.29, 2.60143,-0.220464,-0.0594494,-1.14596,-2.28028,0.237174,0;
1.3, 2.60666,-0.342928,-0.0587937,-1.18549,-2.30769,0.137383,0;
1.31, 2.59685,-0.467955,-0.0577873,-1.21237,-2.32904,0.0369609,0;
1.32, 2.5738,-0.593748,-0.0566097,-1.2262,-2.3446,-0.0633581,0;
1.33, 2.54679,-0.719393,-0.0553608,-1.22897,-2.35862,-0.162098,0;
1.34, 2.50275,-0.845066,-0.0538369,-1.21845,-2.36517,-0.26168,0;
1.35, 2.45701,-0.969717,-0.0522619,-1.19794,-2.37082,-0.35972,0;
1.36, 2.39969,-1.09187,-0.0505051,-1.16566,-2.37083,-0.457365,0;
1.37, 2.33874,-1.21125,-0.0487815,-1.12377,-2.36821,-0.553662,0;
1.38, 2.26154,-1.32842,-0.0466498,-1.07074,-2.35707,-0.65146,0;
1.39, 2.17471,-1.44155,-0.0445433,-1.00818,-2.33944,-0.749172,0;
1.4, 2.08712,-1.55054,-0.042221,-0.938982,-2.31957,-0.845589,0;
1.41, 1.99127,-1.655,-0.0397385,-0.862509,-2.29338,-0.942143,0;
1.42, 1.89119,-1.75402,-0.037053,-0.780261,-2.26206,-1.03796,0;
1.43, 1.78803,-1.84691,-0.0344388,-0.693305,-2.22543,-1.13263,0;
1.44, 1.68014,-1.9344,-0.0318684,-0.602451,-2.18236,-1.22698,0;
1.45, 1.57096,-2.01588,-0.0289827,-0.509191,-2.13429,-1.32034,0;
1.46, 1.45572,-2.09067,-0.0259314,-0.413586,-2.07824,-1.41322,0;
1.47, 1.3319,-2.15819,-0.0229051,-0.316195,-2.01226,-1.50572,0;
1.48, 1.21364,-2.21909,-0.0197523,-0.220399,-1.94349,-1.59533,0;
1.49, 1.09749,-2.27294,-0.0165777,-0.126592,-1.87007,-1.68217,0;
1.5, 0.98535,-2.32066,-0.0134537,-0.0357817,-1.79274,-1.76604,0;
1.51, 0.854624,-2.36035,-0.0102248,0.0542266,-1.69952,-1.85028,0;
1.52, 0.72843,-2.39258,-0.00697981,0.139408,-1.60204,-1.93014,0;
1.53, 0.597884,-2.41727,-0.0038039,0.219556,-1.49635,-2.0066,0;
1.54, 0.473857,-2.43518,-0.000711192,0.292699,-1.38822,-2.07738,0;
1.55, 0.344336,-2.44663,0.00253596,0.359226,-1.27202,-2.14461,0;
1.56, 0.220595,-2.45016,0.00557889,0.417307,-1.15317,-2.20449,0;
1.57, 0.104849,-2.44687,0.0087226,0.466244,-1.03375,-2.25671,0;
1.58, -0.0202536,-2.43735,0.0117743,0.506665,-0.905127,-2.30441,0;
1.59, -0.141759,-2.42367,0.0148986,0.537515,-0.774713,-2.34577,0;
1.6, -0.27,-2.40111,0.0179119,0.558016,-0.637022,-2.37959,0;
1.61, -0.387363,-2.37456,0.0209789,0.567832,-0.502663,-2.40455,0;
1.62, -0.499102,-2.34245,0.0239886,0.566831,-0.369483,-2.4205,0;
1.63, -0.611034,-2.30235,0.0267886,0.554775,-0.234275,-2.42693,0;
1.64, -0.719716,-2.25867,0.0296056,0.532489,-0.100141,-2.42561,0;
1.65, -0.82959,-2.20886,0.0323399,0.499667,0.0349746,-2.41597,0;
1.66, -0.956386,-2.1524,0.0348245,0.455688,0.178662,-2.40046,0;
1.67, -1.07552,-2.09044,0.0373623,0.401947,0.317401,-2.37552,0;
1.68, -1.18263,-2.02575,0.0397374,0.33998,0.447276,-2.34177,0;
1.69, -1.29881,-1.95578,0.0419617,0.268775,0.579203,-2.30209,0;
1.7, -1.41034,-1.88119,0.0440356,0.190366,0.706103,-2.25496,0;
1.71, -1.51938,-1.80141,0.0460445,0.105437,0.828465,-2.2009,0;
1.72, -1.62619,-1.71598,0.0481087,0.0149344,0.946389,-2.1404,0;
1.73, -1.73491,-1.62598,0.0500754,-0.0802922,1.06156,-2.0753,0;
1.74, -1.82691,-1.53185,0.0520319,-0.176441,1.16458,-2.00332,0;
1.75, -1.91371,-1.43259,0.0541135,-0.273877,1.26129,-1.92657,0;
1.76, -1.99723,-1.33115,0.0559697,-0.370965,1.35267,-1.84748,0;
1.77, -2.07994,-1.22677,0.0576168,-0.467169,1.44024,-1.76672,0;
1.78, -2.15092,-1.11982,0.0591445,-0.55945,1.51886,-1.68303,0;
1.79, -2.22002,-1.00907,0.0604354,-0.648731,1.59361,-1.59777,0;
1.8, -2.2741,-0.896445,0.0618036,-0.731215,1.65857,-1.51017,0;
1.81, -2.32573,-0.780639,0.0628229,-0.808603,1.72,-1.42192,0;
1.82, -2.36152,-0.662317,0.0639503,-0.877352,1.77231,-1.33132,0;
1.83, -2.39197,-0.54343,0.0652341,-0.938639,1.82051,-1.24148,0;
1.84, -2.41391,-0.424365,0.0661171,-0.991082,1.86331,-1.15196,0;
1.85, -2.42463,-0.305558,0.066783,-1.03363,1.89972,-1.06248,0;
1.86, -2.42811,-0.188392,0.0674422,-1.0668,1.93185,-0.974421,0;
1.87, -2.42102,-0.0711133,0.0679627,-1.08996,1.9587,-0.886105,0;
1.88, -2.41094,0.0434649,0.0683659,-1.10457,1.98352,-0.800244,0;
1.89, -2.39415,0.155623,0.0686243,-1.1099,2.00481,-0.715781,0;
1.9, -2.36623,0.265427,0.0688524,-1.10494,2.02055,-0.631412,0;
1.91, -2.33685,0.372019,0.0687789,-1.09231,2.03489,-0.54928,0;
1.92, -2.29287,0.476083,0.0687111,-1.069,2.04224,-0.465917,0;
1.93, -2.24968,0.575216,0.0685106,-1.03921,2.04891,-0.385566,0;
1.94, -2.19802,0.671414,0.068211,-1.00115,2.05127,-0.304929,0;
1.95, -2.13812,0.764188,0.0678291,-0.955121,2.04906,-0.223791,0;
1.96, -2.07676,0.8524,0.0673427,-0.903433,2.04505,-0.144109,0;
1.97, -2.01502,0.93652,0.0667018,-0.846955,2.03977,-0.0657299,0;
1.98, -1.94166,1.01622,0.065971,-0.782883,2.02781,0.0143583,0;
1.99, -1.86906,1.09252,0.0649173,-0.715074,2.01464,0.0938382,0;
2, -1.79221,1.16179,0.0639018,-0.64277,1.99737,0.172327,0;
2.01, -1.71534,1.2274,0.0628049,-0.567524,1.97839,0.250576,0;
2.02, -1.63131,1.28866,0.06165,-0.487706,1.95422,0.330461,0;
2.03, -1.55245,1.34497,0.0603124,-0.407221,1.92998,0.408428,0;
2.04, -1.47075,1.39775,0.0588997,-0.324175,1.90245,0.487398,0;
2.05, -1.39383,1.44655,0.0574314,-0.240955,1.87468,0.565172,0;
2.06, -1.31691,1.49263,0.0558205,-0.156411,1.84468,0.643701,0;
2.07, -1.23558,1.53384,0.0540138,-0.0696647,1.8095,0.723324,0;
2.08, -1.16405,1.57207,0.0523298,0.0152099,1.77618,0.800787,0;
2.09, -1.0891,1.60551,0.0503933,0.101296,1.738,0.878898,0;
2.1, -1.01614,1.63531,0.0484534,0.187175,1.69749,0.956769,0;
2.11, -0.937692,1.66239,0.0464102,0.274675,1.65147,1.037,0;
2.12, -0.855013,1.68668,0.0443546,0.363143,1.60039,1.1191,0;
2.13, -0.778284,1.70837,0.0422151,0.449444,1.54908,1.19969,0;
2.14, -0.699869,1.72607,0.0400124,0.534878,1.49368,1.28003,0;
2.15, -0.633846,1.74232,0.0376838,0.61618,1.44122,1.35693,0;
2.16, -0.559329,1.75474,0.0352601,0.697761,1.38137,1.43529,0;
2.17, -0.491831,1.76549,0.0327904,0.776147,1.32158,1.51135,0;
2.18, -0.422677,1.77342,0.0301343,0.852578,1.25772,1.58661,0;
2.19, -0.360255,1.77823,0.0275121,0.924767,1.19353,1.65814,0;
2.2, -0.300234,1.78168,0.0249238,0.993769,1.12757,1.72775,0;
2.21, -0.227211,1.78284,0.0222376,1.06229,1.05214,1.79927,0;
2.22, -0.161237,1.78154,0.0195443,1.12543,0.976661,1.86607,0;
2.23, -0.0859537,1.77741,0.0166766,1.18542,0.893767,1.93183,0;
2.24, -0.0202535,1.77235,0.0138424,1.23886,0.812888,1.9918,0;
2.25, 0.0492529,1.76425,0.0110593,1.28682,0.727579,2.04788,0;
2.26, 0.126235,1.75395,0.00821419,1.32966,0.636108,2.10113,0;
2.27, 0.20117,1.74187,0.00530876,1.36525,0.543446,2.14846,0;
2.28, 0.261564,1.72877,0.00243712,1.39156,0.456226,2.18635,0;
2.29, 0.328096,1.71272,-0.000438628,1.41053,0.364293,2.21882,0;
2.3, 0.400592,1.69528,-0.00329464,1.42249,0.267822,2.24665,0;
2.31, 0.461808,1.67655,-0.00607184,1.42509,0.175603,2.26508,0;
2.32, 0.536252,1.65623,-0.00890302,1.4203,0.0762354,2.2794,0;
2.33, 0.614633,1.6334,-0.0117958,1.40658,-0.0260103,2.28668,0;
2.34, 0.685552,1.60835,-0.0145295,1.38288,-0.124863,2.28411,0;
2.35, 0.755985,1.58141,-0.0171374,1.34994,-0.223146,2.27346,0;
2.36, 0.82623,1.55313,-0.0197481,1.30832,-0.320833,2.25535,0;
2.37, 0.898919,1.52227,-0.0223412,1.25778,-0.419093,2.2297,0;
2.38, 0.983532,1.48934,-0.0250323,1.19884,-0.522105,2.19877,0;
2.39, 1.05686,1.45417,-0.0274488,1.13168,-0.618413,2.15854,0;
2.4, 1.1274,1.41653,-0.0297241,1.05681,-0.711446,2.11067,0;
2.41, 1.19748,1.37613,-0.0319937,0.97491,-0.802468,2.0561,0;
2.42, 1.28274,1.33318,-0.0343731,0.88618,-0.898792,1.99809,0;
2.43, 1.3526,1.28714,-0.0363506,0.792431,-0.985817,1.93216,0;
2.44, 1.42034,1.23784,-0.038255,0.69386,-1.06918,1.86066,0;
2.45, 1.48824,1.18532,-0.0400151,0.591391,-1.15036,1.7849,0;
2.46, 1.56496,1.12996,-0.0418039,0.485314,-1.23339,1.70694,0;
2.47, 1.63605,1.07111,-0.0434415,0.377396,-1.31145,1.62499,0;
2.48, 1.70545,1.00852,-0.0449993,0.268084,-1.3861,1.53987,0;
2.49, 1.77268,0.942405,-0.0463794,0.158485,-1.45733,1.45235,0;
2.5, 1.84033,0.873069,-0.0476175,0.0493462,-1.52642,1.36349,0;
2.51, 1.90899,0.799601,-0.0487161,-0.0590186,-1.59384,1.27328,0;
2.52, 1.96646,0.721994,-0.0495447,-0.16415,-1.65402,1.18059,0;
2.53, 2.02105,0.640736,-0.0502871,-0.266014,-1.71079,1.08711,0;
2.54, 2.07689,0.556242,-0.0510218,-0.364329,-1.76646,0.993939,0;
2.55, 2.11993,0.46744,-0.0513988,-0.456763,-1.81493,0.899065,0;
2.56, 2.17188,0.37651,-0.0518864,-0.545099,-1.866,0.806474,0;
2.57, 2.20806,0.281696,-0.052064,-0.625648,-1.90896,0.712327,0;
2.58, 2.23882,0.18389,-0.0520661,-0.699086,-1.94828,0.618357,0;
2.59, 2.27335,0.0838166,-0.052046,-0.766379,-1.98865,0.526234,0;
2.6, 2.28417,-0.0194633,-0.0517769,-0.822749,-2.01761,0.431819,0;
2.61, 2.29423,-0.12464,-0.0513103,-0.871371,-2.04557,0.338679,0;
2.62, 2.3066,-0.230607,-0.0509233,-0.91243,-2.07441,0.247839,0;
2.63, 2.30352,-0.338389,-0.050249,-0.942998,-2.09599,0.156122,0;
2.64, 2.29065,-0.446588,-0.0494187,-0.963514,-2.1125,0.0646878,0;
2.65, 2.2725,-0.555129,-0.0484986,-0.974999,-2.12626,-0.0259388,0;
2.66, 2.24729,-0.663482,-0.0474314,-0.977233,-2.13645,-0.116006,0;
2.67, 2.20945,-0.771245,-0.0460383,-0.969364,-2.14034,-0.206463,0;
2.68, 2.16949,-0.877439,-0.0446284,-0.953399,-2.14247,-0.295493,0;
2.69, 2.11584,-0.982269,-0.0431052,-0.927801,-2.13737,-0.385257,0;
2.7, 2.0563,-1.08485,-0.0413574,-0.894288,-2.12836,-0.474479,0;
2.71, 1.98273,-1.18408,-0.0393773,-0.851825,-2.11134,-0.564185,0;
2.72, 1.91372,-1.27997,-0.0375806,-0.804395,-2.09468,-0.651462,0;
2.73, 1.83612,-1.37236,-0.0355909,-0.750466,-2.07221,-0.73873,0;
2.74, 1.74996,-1.46093,-0.0335163,-0.690554,-2.04321,-0.826106,0;
2.75, 1.67121,-1.54462,-0.0313735,-0.627963,-2.01506,-0.910419,0;
2.76, 1.57671,-1.6245,-0.0289817,-0.559787,-1.97654,-0.996414,0;
2.77, 1.48754,-1.69921,-0.0266473,-0.48984,-1.93693,-1.0798,0;
2.78, 1.387,-1.76908,-0.0241869,-0.416455,-1.88823,-1.16372,0;
2.79, 1.29526,-1.8332,-0.0216854,-0.343261,-1.83974,-1.24404,0;
2.8, 1.18415,-1.89129,-0.0190393,-0.266986,-1.77746,-1.32581,0;
2.81, 1.08286,-1.94454,-0.0164052,-0.19253,-1.71558,-1.40409,0;
2.82, 0.981652,-1.99167,-0.0137587,-0.119382,-1.64943,-1.47974,0;
2.83, 0.876278,-2.03308,-0.0110336,-0.0475711,-1.57652,-1.55366,0;
2.84, 0.766981,-2.06836,-0.00824462,0.0221466,-1.49679,-1.62543,0;
2.85, 0.665757,-2.09781,-0.00550374,0.0876679,-1.41641,-1.69243,0;
2.86, 0.562035,-2.12156,-0.00269056,0.149492,-1.33029,-1.75649,0;
2.87, 0.451856,-2.13893,0.000108149,0.207376,-1.23607,-1.81775,0;
2.88, 0.343147,-2.15099,0.00289478,0.259904,-1.13822,-1.87476,0;
2.89, 0.234294,-2.15747,0.00565068,0.306523,-1.03631,-1.92723,0;
2.9, 0.126118,-2.15835,0.00835003,0.346651,-0.93096,-1.97455,0;
2.91, 0.0171508,-2.15424,0.0110269,0.379934,-0.821867,-2.01696,0;
2.92, -0.0835231,-2.14419,0.0137419,0.405499,-0.713843,-2.05188,0;
2.93, -0.187831,-2.12834,0.0164307,0.423536,-0.601206,-2.08124,0;
2.94, -0.301617,-2.10868,0.0191176,0.434069,-0.48151,-2.10699,0;
2.95, -0.406675,-2.0827,0.0216906,0.436109,-0.364163,-2.12405,0;
2.96, -0.519908,-2.05147,0.0240751,0.429706,-0.241522,-2.13564,0;
2.97, -0.627954,-2.01548,0.0265181,0.414945,-0.120754,-2.1397,0;
2.98, -0.726478,-1.97497,0.0288706,0.392126,-0.00485785,-2.13532,0;
2.99, -0.818351,-1.92996,0.0312925,0.36171,0.107358,-2.12323,0;
3, -0.916146,-1.87992,0.0335485,0.323604,0.222271,-2.1055,0;
3.01, -1.00557,-1.82532,0.035764,0.278944,0.332353,-2.08012,0;
3.02, -1.10398,-1.76553,0.0379349,0.227081,0.445866,-2.04997,0;
3.03, -1.19708,-1.70186,0.0399613,0.169663,0.555233,-2.0135,0;
3.04, -1.28864,-1.63357,0.0418819,0.106943,0.661816,-1.97117,0;
3.05, -1.37684,-1.56169,0.0438204,0.0400214,0.764447,-1.92369,0;
3.06, -1.45915,-1.48642,0.0456444,-0.0299303,0.861625,-1.87108,0;
3.07, -1.54846,-1.40806,0.0473463,-0.103487,0.959671,-1.81613,0;
3.08, -1.62737,-1.32478,0.0489196,-0.178128,1.05026,-1.75529,0;
3.09, -1.7031,-1.2393,0.0504209,-0.253305,1.13625,-1.69154,0;
3.1, -1.77582,-1.14865,0.05187,-0.328722,1.21847,-1.62393,0;
3.11, -1.83524,-1.05722,0.0532693,-0.401107,1.29133,-1.55325,0;
3.12, -1.90244,-0.964085,0.0544599,-0.47307,1.36532,-1.4831,0;
3.13, -1.95701,-0.867784,0.0557696,-0.54096,1.43136,-1.40954,0;
3.14, -2.00323,-0.770598,0.0569077,-0.604167,1.49085,-1.33448,0;
3.15, -2.04563,-0.670067,0.0580847,-0.663335,1.54694,-1.25783,0;
3.16, -2.08046,-0.568513,0.0589945,-0.716764,1.59768,-1.18018,0;
3.17, -2.11029,-0.467105,0.0598515,-0.764287,1.64436,-1.10283,0;
3.18, -2.12781,-0.363498,0.060594,-0.804354,1.68414,-1.02321,0;
3.19, -2.14214,-0.260225,0.0611988,-0.83812,1.72113,-0.944344,0;
3.2, -2.14462,-0.157268,0.0618276,-0.86357,1.75168,-0.864615,0;
3.21, -2.14331,-0.054704,0.0622506,-0.882214,1.77956,-0.785472,0;
3.22, -2.13371,0.0471682,0.0624991,-0.893017,1.80293,-0.706121,0;
3.23, -2.11871,0.145524,0.062712,-0.89632,1.82269,-0.628422,0;
3.24, -2.09075,0.242501,0.0629342,-0.890714,1.83586,-0.549564,0;
3.25, -2.06299,0.336927,0.0630206,-0.879307,1.84835,-0.472573,0;
3.26, -2.03093,0.429941,0.0627947,-0.861428,1.85841,-0.395852,0;
3.27, -1.98962,0.519004,0.062728,-0.835889,1.86324,-0.319293,0;
3.28, -1.9484,0.604908,0.0622977,-0.805244,1.86699,-0.244358,0;
3.29, -1.90193,0.685412,0.0616362,-0.768492,1.8668,-0.170774,0;
3.3, -1.85239,0.765655,0.0609926,-0.726706,1.86472,-0.0962211,0;
3.31, -1.79938,0.840998,0.0601936,-0.679911,1.85942,-0.022613,0;
3.32, -1.74825,0.913616,0.0592584,-0.629866,1.85369,0.0498966,0;
3.33, -1.69164,0.982077,0.058386,-0.575038,1.84379,0.122607,0;
3.34, -1.62409,1.04637,0.0574032,-0.514269,1.8268,0.19715,0;
3.35, -1.56149,1.10757,0.0563966,-0.452009,1.81035,0.270184,0;
3.36, -1.49735,1.16383,0.0552553,-0.387137,1.79107,0.342443,0;
3.37, -1.42048,1.21824,0.0541356,-0.316893,1.7643,0.418573,0;
3.38, -1.35055,1.26943,0.0526723,-0.246617,1.73849,0.492845,0;
3.39, -1.28126,1.31737,0.0512139,-0.175227,1.71111,0.566719,0;
3.4, -1.21322,1.362,0.0496415,-0.10303,1.68198,0.640058,0;
3.41, -1.14805,1.40276,0.0479261,-0.0306939,1.65153,0.712206,0;
3.42, -1.08333,1.44022,0.0461521,0.0421802,1.61865,0.784057,0;
3.43, -1.0181,1.47378,0.0443845,0.115543,1.58258,0.855624,0;
3.44, -0.947549,1.50439,0.0425167,0.190389,1.54118,0.928659,0;
3.45, -0.875121,1.53209,0.0406684,0.265589,1.49606,1.00219,0;
3.46, -0.806288,1.55619,0.0386213,0.339251,1.44962,1.07394,0;
3.47, -0.733227,1.57743,0.0365455,0.413001,1.39847,1.14636,0;
3.48, -0.661056,1.59622,0.0343654,0.485453,1.34494,1.21807,0;
3.49, -0.59195,1.61191,0.0321577,0.555587,1.29004,1.28778,0;
3.5, -0.52815,1.62547,0.0298961,0.622839,1.23502,1.35508,0;
3.51, -0.464522,1.63582,0.0275148,0.687818,1.17708,1.42065,0;
3.52, -0.391582,1.64384,0.0251305,0.752363,1.11183,1.48742,0;
3.53, -0.326076,1.64947,0.0226995,0.812661,1.04722,1.55031,0;
3.54, -0.257513,1.65311,0.0202465,0.870285,0.97872,1.6119,0;
3.55, -0.189013,1.65448,0.0176797,0.924241,0.90757,1.67084,0;
3.56, -0.116864,1.65377,0.0150641,0.974752,0.832223,1.72785,0;
3.57, -0.0530077,1.65074,0.0124801,1.0193,0.758466,1.77913,0;
3.58, 0.0101339,1.64601,0.00991192,1.05892,0.683043,1.8266,0;
3.59, 0.0785322,1.63898,0.00727534,1.09406,0.602828,1.87124,0;
3.6, 0.140803,1.62988,0.00466413,1.12276,0.523469,1.90986,0;
3.61, 0.209358,1.61869,0.00199428,1.1462,0.439347,1.94509,0;
3.62, 0.274044,1.60617,-0.000614061,1.16314,0.355528,1.97465,0;
3.63, 0.337936,1.59086,-0.00325334,1.17302,0.270638,1.99793,0;
3.64, 0.411288,1.57359,-0.00595502,1.17687,0.180002,2.01762,0;
3.65, 0.474191,1.55446,-0.00857459,1.17275,0.0934795,2.02897,0;
3.66, 0.549182,1.5327,-0.0112099,1.16188,0.00062258,2.03624,0;
3.67, 0.617642,1.50938,-0.0137284,1.14338,-0.0894722,2.03605,0;
3.68, 0.690656,1.48415,-0.016234,1.11764,-0.181562,2.03028,0;
3.69, 0.760282,1.45681,-0.0187092,1.08439,-0.271799,2.01729,0;
3.7, 0.830561,1.4269,-0.0212189,1.04374,-0.3618,1.99765,0;
3.71, 0.888493,1.39503,-0.0234259,0.996214,-0.445107,1.96966,0;
3.72, 0.960015,1.36076,-0.025795,0.942224,-0.533977,1.93804,0;
3.73, 1.0282,1.32379,-0.0279718,0.88206,-0.62053,1.90009,0;
3.74, 1.09973,1.2842,-0.03015,0.815963,-0.707268,1.85701,0;
3.75, 1.16485,1.24213,-0.0322077,0.744837,-0.789414,1.80775,0;
3.76, 1.23343,1.19788,-0.0342036,0.669101,-0.871374,1.75447,0;
3.77, 1.30582,1.15028,-0.0362002,0.588806,-0.953505,1.69701,0;
3.78, 1.38026,1.10031,-0.0380889,0.505028,-1.03465,1.6361,0;
3.79, 1.45058,1.04723,-0.039832,0.418544,-1.11172,1.57077,0;
3.8, 1.51524,0.990803,-0.0413128,0.330204,-1.18392,1.50119,0;
3.81, 1.57997,0.931496,-0.0426516,0.240557,-1.25401,1.42897,0;
3.82, 1.63915,0.86861,-0.0438151,0.150608,-1.31958,1.35343,0;
3.83, 1.69356,0.802417,-0.0449347,0.0612151,-1.38095,1.27525,0;
3.84, 1.75415,0.733391,-0.0461919,-0.0279099,-1.44336,1.19657,0;
3.85, 1.79946,0.661135,-0.0471753,-0.113802,-1.49705,1.11477,0;
3.86, 1.8498,0.58611,-0.0479725,-0.198002,-1.55137,1.033,0;
3.87, 1.88878,0.507831,-0.0484051,-0.278086,-1.59925,0.949213,0;
3.88, 1.9232,0.426679,-0.0488246,-0.354101,-1.64359,0.864599,0;
3.89, 1.95558,0.342697,-0.0492494,-0.425898,-1.68593,0.779707,0;
3.9, 1.98041,0.256577,-0.0495999,-0.491983,-1.72382,0.694363,0;
3.91, 2.00781,0.168762,-0.0497156,-0.553332,-1.7621,0.610245,0;
3.92, 2.02992,0.0785114,-0.0498821,-0.608713,-1.79724,0.525878,0;
3.93, 2.04211,-0.0136376,-0.0496868,-0.656921,-1.82704,0.440867,0;
3.94, 2.05287,-0.107059,-0.0496563,-0.69877,-1.85529,0.356646,0;
3.95, 2.05933,-0.20199,-0.0493581,-0.733854,-1.8811,0.272708,0;
3.96, 2.05291,-0.297785,-0.0487358,-0.760446,-1.90031,0.188005,0;
3.97, 2.04462,-0.394096,-0.048166,-0.780145,-1.91785,0.104155,0;
3.98, 2.024,-0.49126,-0.0473178,-0.791498,-1.92919,0.0193496,0;
3.99, 2.0047,-0.587369,-0.0463847,-0.796314,-1.94037,-0.0636033,0;
4, 1.97511,-0.68274,-0.0453008,-0.79302,-1.94603,-0.146744,0;
4.01, 1.93842,-0.777359,-0.0440501,-0.782351,-1.94736,-0.229856,0;
4.02, 1.89404,-0.870551,-0.0428081,-0.764395,-1.94391,-0.312899,0;
4.03, 1.84547,-0.961809,-0.0414198,-0.740064,-1.93727,-0.395222,0;
4.04, 1.79356,-1.05071,-0.0399004,-0.709856,-1.92767,-0.476687,0;
4.05, 1.73104,-1.1372,-0.0382174,-0.67306,-1.91138,-0.558663,0;
4.06, 1.66454,-1.22068,-0.0364445,-0.631132,-1.89121,-0.639938,0;
4.07, 1.59825,-1.3007,-0.0346315,-0.585268,-1.86903,-0.719659,0;
4.08, 1.52883,-1.37714,-0.0327434,-0.53549,-1.84303,-0.798459,0;
4.09, 1.44065,-1.44966,-0.0306468,-0.479957,-1.80517,-0.879133,0;
4.1, 1.36286,-1.51801,-0.0285506,-0.423599,-1.76934,-0.956421,0;
4.11, 1.28435,-1.58195,-0.0264343,-0.36553,-1.73039,-1.03204,0;
4.12, 1.19118,-1.64163,-0.024183,-0.304296,-1.68088,-1.10877,0;
4.13, 1.11173,-1.69652,-0.0219628,-0.244261,-1.63444,-1.18108,0;
4.14, 1.01129,-1.74667,-0.0196214,-0.18171,-1.57418,-1.25526,0;
4.15, 0.915457,-1.79207,-0.0172716,-0.120356,-1.51216,-1.32657,0;
4.16, 0.81518,-1.83229,-0.0148306,-0.0599697,-1.44435,-1.39615,0;
4.17, 0.722793,-1.86764,-0.0124077,-0.00243016,-1.37672,-1.46163,0;
4.18, 0.627505,-1.89751,-0.00998012,0.0528685,-1.30385,-1.52449,0;
4.19, 0.548011,-1.92259,-0.0075171,0.103783,-1.23505,-1.58138,0;
4.2, 0.448108,-1.94257,-0.00500748,0.15306,-1.15216,-1.63878,0;
4.21, 0.35511,-1.95718,-0.00249367,0.197943,-1.06843,-1.69125,0;
4.22, 0.256558,-1.96694,-1.19917e-05,0.238622,-0.978482,-1.74082,0;
4.23, 0.159402,-1.97198,0.002534,0.274204,-0.885884,-1.78608,0;
4.24, 0.0656127,-1.97185,0.00498598,0.304099,-0.7919,-1.82596,0;
4.25, -0.0364804,-1.96664,0.00738947,0.328477,-0.690862,-1.86243,0;
4.26, -0.139142,-1.95624,0.00981022,0.34659,-0.586868,-1.89377,0;
4.27, -0.233058,-1.94159,0.0122685,0.357933,-0.485439,-1.91833,0;
4.28, -0.339034,-1.92234,0.0145908,0.362711,-0.376311,-1.93954,0;
4.29, -0.428012,-1.89912,0.0169109,0.360616,-0.274403,-1.95229,0;
4.3, -0.51234,-1.87003,0.0191968,0.35161,-0.173873,-1.95762,0;
4.31, -0.612239,-1.83706,0.0213738,0.335846,-0.064644,-1.96033,0;
4.32, -0.704923,-1.79949,0.0234839,0.313593,0.0416492,-1.95597,0;
4.33, -0.799259,-1.757,0.0254757,0.28466,0.148602,-1.94574,0;
4.34, -0.894681,-1.71084,0.0274613,0.2495,0.255561,-1.93037,0;
4.35, -0.983541,-1.66152,0.0293888,0.208946,0.358192,-1.90887,0;
4.36, -1.07619,-1.60752,0.0312749,0.162622,0.461591,-1.88246,0;
4.37, -1.15896,-1.54945,0.0333021,0.112079,0.55879,-1.84938,0;
4.38, -1.2376,-1.48777,0.0351618,0.0576779,0.652166,-1.81093,0;
4.39, -1.31609,-1.42127,0.0369225,-0.00045805,0.744008,-1.76767,0;
4.4, -1.39341,-1.35169,0.0387929,-0.0613381,0.833531,-1.7207,0;
4.41, -1.46922,-1.27826,0.0403711,-0.124373,0.920404,-1.66974,0;
4.42, -1.53502,-1.20201,0.0417832,-0.187653,1.0002,-1.61421,0;
4.43, -1.60377,-1.12221,0.0433264,-0.252182,1.07943,-1.55642,0;
4.44, -1.66515,-1.04014,0.0446546,-0.315686,1.15304,-1.49548,0;
4.45, -1.72688,-0.957609,0.0458364,-0.378227,1.22436,-1.43393,0;
4.46, -1.77363,-0.869981,0.0469939,-0.437627,1.28694,-1.36701,0;
4.47, -1.82062,-0.779598,0.0480717,-0.495129,1.34781,-1.2987,0;
4.48, -1.86005,-0.689271,0.0491682,-0.548476,1.40326,-1.22951,0;
4.49, -1.90246,-0.597198,0.0500487,-0.59922,1.45857,-1.16053,0;
4.5, -1.93461,-0.504198,0.0507935,-0.64448,1.5075,-1.08984,0;
4.51, -1.96319,-0.409842,0.0513434,-0.685031,1.55322,-1.01846,0;
4.52, -1.98585,-0.31515,0.0520058,-0.720036,1.5949,-0.946647,0;
4.53, -2.00412,-0.22198,0.0524125,-0.749179,1.63288,-0.875591,0;
4.54, -2.0057,-0.127438,0.0529155,-0.770142,1.66216,-0.801424,0;
4.55, -2.00866,-0.0330936,0.0531556,-0.786197,1.69099,-0.728288,0;
4.56, -2.00017,0.0589424,0.053604,-0.794526,1.7136,-0.654861,0;
4.57, -1.97917,0.150966,0.0540292,-0.794943,1.72968,-0.579493,0;
4.58, -1.95989,0.239842,0.0541743,-0.790344,1.74548,-0.506525,0;
4.59, -1.93303,0.328387,0.054214,-0.779165,1.75747,-0.43262,0;
4.6, -1.90866,0.41375,0.0540404,-0.763528,1.76958,-0.36107,0;
4.61, -1.87833,0.499074,0.0536911,-0.741933,1.7785,-0.288409,0;
4.62, -1.83607,0.57993,0.0533662,-0.712843,1.78037,-0.215218,0;
4.63, -1.79476,0.659502,0.0528404,-0.679636,1.78174,-0.142657,0;
4.64, -1.74924,0.736028,0.0522378,-0.641449,1.78008,-0.0703411,0;
4.65, -1.70275,0.807376,0.0515436,-0.599219,1.77617,0.000130102,0;
4.66, -1.6543,0.874898,0.0506548,-0.553071,1.76968,0.0698056,0;
4.67, -1.59713,0.940437,0.0498438,-0.501687,1.75789,0.14147,0;
4.68, -1.53547,1.00326,0.0488224,-0.446296,1.74234,0.213974,0;
4.69, -1.48244,1.06173,0.0476219,-0.390513,1.72883,0.283209,0;
4.7, -1.42111,1.11846,0.0464368,-0.330533,1.71015,0.354717,0;
4.71, -1.35703,1.17235,0.0451062,-0.267793,1.68812,0.426853,0;
4.72, -1.29449,1.22095,0.0437874,-0.203889,1.66424,0.497224,0;
4.73, -1.23051,1.26766,0.042244,-0.138205,1.63781,0.568256,0;
4.74, -1.16637,1.30952,0.040816,-0.0715191,1.60866,0.638289,0;
4.75, -1.09619,1.3478,0.0392498,-0.00267086,1.57415,0.709438,0;
4.76, -1.02558,1.38261,0.0376363,0.0667391,1.53687,0.7803,0;
4.77, -0.960491,1.41586,0.0358579,0.135214,1.50017,0.85007,0;
4.78, -0.891266,1.44545,0.0339994,0.204405,1.45893,0.920192,0;
4.79, -0.826737,1.47207,0.0320968,0.272262,1.41722,0.988581,0;
4.8, -0.76143,1.49631,0.0301514,0.339738,1.37268,1.05682,0;
4.81, -0.689486,1.51794,0.0281402,0.407834,1.3223,1.12631,0;
4.82, -0.627476,1.53743,0.0260437,0.472803,1.27398,1.19254,0;
4.83, -0.554664,1.55397,0.023879,0.538338,1.2179,1.26039,0;
4.84, -0.483565,1.56765,0.021701,0.601694,1.1597,1.32643,0;
4.85, -0.421346,1.57942,0.0194386,0.66116,1.10335,1.38868,0;
4.86, -0.354698,1.58834,0.0171237,0.7188,1.0423,1.45003,0;
4.87, -0.288819,1.59492,0.014713,0.773527,0.978865,1.50918,0;
4.88, -0.228643,1.59929,0.0123437,0.824115,0.915663,1.5645,0;
4.89, -0.16217,1.60102,0.00989005,0.872111,0.846906,1.6186,0;
4.9, -0.100804,1.60028,0.00747196,0.915409,0.778006,1.66835,0;
4.91, -0.0374583,1.59776,0.00495056,0.954807,0.706029,1.71544,0;
4.92, 0.0302367,1.59311,0.00234145,0.990192,0.629727,1.76,0;
4.93, 0.0933024,1.58603,-0.000168769,1.01985,0.553576,1.79924,0;
4.94, 0.152668,1.57739,-0.00266492,1.04382,0.477619,1.83346,0;
4.95, 0.222917,1.56617,-0.00526627,1.06318,0.394623,1.86533,0;
4.96, 0.283554,1.55342,-0.00784163,1.07578,0.314758,1.89032,0;
4.97, 0.353449,1.53859,-0.0104028,1.08291,0.229376,1.91208,0;
4.98, 0.416771,1.52153,-0.012894,1.08299,0.146004,1.92683,0;
4.99, 0.484634,1.50263,-0.0154473,1.07674,0.0598531,1.93684,0;
5, 0.55125,1.48099,-0.0179503,1.06344,-0.0264022,1.9404,0;
5.01, 0.612575,1.45808,-0.0202851,1.04342,-0.110186,1.93741,0;
5.02, 0.686475,1.43248,-0.0227755,1.01691,-0.200124,1.93059,0;
5.03, 0.747473,1.40503,-0.0250778,0.983519,-0.283775,1.91555,0;
5.04, 0.818397,1.37544,-0.0274772,0.943783,-0.37149,1.89639,0;
5.05, 0.885905,1.34313,-0.0298495,0.897575,-0.457141,1.8706,0;
5.06, 0.95397,1.3084,-0.0320905,0.845332,-0.54206,1.83922,0;
5.07, 1.02126,1.27095,-0.0342821,0.787357,-0.625544,1.80214,0;
5.08, 1.08355,1.23099,-0.0362992,0.724365,-0.70535,1.75915,0;
5.09, 1.15399,1.18889,-0.0383131,0.656603,-0.787558,1.71296,0;
5.1, 1.21534,1.1443,-0.0401583,0.585168,-0.864035,1.66105,0;
5.11, 1.28295,1.09648,-0.0419746,0.5096,-0.941755,1.60566,0;
5.12, 1.35487,1.04623,-0.0437585,0.430833,-1.01988,1.54743,0;
5.13, 1.42219,0.992819,-0.0454514,0.349776,-1.09397,1.48491,0;
5.14, 1.48545,0.936288,-0.0470176,0.267144,-1.16408,1.41861,0;
5.15, 1.5419,0.876814,-0.0483492,0.184058,-1.22904,1.34879,0;
5.16, 1.59481,0.813813,-0.049494,0.100764,-1.2906,1.27601,0;
5.17, 1.65117,0.748391,-0.0505968,0.0176494,-1.35212,1.20229,0;
5.18, 1.69902,0.67983,-0.0515706,-0.0636542,-1.40817,1.12593,0;
5.19, 1.74785,0.60859,-0.0524348,-0.143391,-1.46307,1.04871,0;
5.2, 1.79888,0.534187,-0.0532805,-0.221379,-1.51769,0.970859,0;
5.21, 1.83509,0.456566,-0.0538547,-0.294918,-1.56412,0.890208,0;
5.22, 1.8756,0.376573,-0.0544205,-0.365556,-1.61108,0.809962,0;
5.23, 1.90709,0.294056,-0.0547919,-0.431161,-1.65292,0.728513,0;
5.24, 1.93807,0.209048,-0.0552266,-0.492394,-1.69337,0.647043,0;
5.25, 1.9593,0.121765,-0.0553391,-0.547542,-1.72851,0.564535,0;
5.26, 1.98678,0.0329147,-0.0554974,-0.598364,-1.76564,0.483594,0;
5.27, 1.99882,-0.0577734,-0.0554033,-0.641483,-1.79494,0.401067,0;
5.28, 2.01649,-0.149476,-0.0552224,-0.679577,-1.82592,0.320253,0;
5.29, 2.01707,-0.242367,-0.0547145,-0.709121,-1.84838,0.237806,0;
5.3, 2.01099,-0.336303,-0.0540696,-0.731488,-1.86682,0.15507,0;
5.31, 1.99152,-0.43132,-0.0532855,-0.745697,-1.87845,0.0709888,0;
5.32, 1.96783,-0.525844,-0.0523293,-0.752878,-1.88744,-0.0124109,0;
5.33, 1.94162,-0.619994,-0.051403,-0.753559,-1.89472,-0.0949818,0;
5.34, 1.90978,-0.713238,-0.0503252,-0.747335,-1.89871,-0.177159,0;
5.35, 1.87253,-0.804675,-0.0492265,-0.734244,-1.89909,-0.258632,0;
5.36, 1.82555,-0.895054,-0.0480052,-0.714117,-1.89381,-0.340701,0;
5.37, 1.78216,-0.983372,-0.0467127,-0.689254,-1.88892,-0.420906,0;
5.38, 1.72745,-1.06933,-0.045196,-0.657688,-1.87727,-0.501665,0;
5.39, 1.66711,-1.15305,-0.0435707,-0.620688,-1.86107,-0.58237,0;
5.4, 1.60348,-1.2336,-0.0418818,-0.57903,-1.84128,-0.662259,0;
5.41, 1.52801,-1.31119,-0.0400081,-0.532016,-1.81367,-0.743022,0;
5.42, 1.45163,-1.38492,-0.0380914,-0.481714,-1.78308,-0.822451,0;
5.43, 1.37786,-1.45493,-0.036152,-0.42931,-1.7513,-0.899953,0;
5.44, 1.29386,-1.52135,-0.0341032,-0.373523,-1.71181,-0.977972,0;
5.45, 1.21374,-1.58345,-0.0319992,-0.316737,-1.67101,-1.05368,0;
5.46, 1.12418,-1.64128,-0.029794,-0.257858,-1.62241,-1.12941,0;
5.47, 1.03635,-1.69471,-0.0274865,-0.198858,-1.57114,-1.20309,0;
5.48, 0.94709,-1.74333,-0.0252117,-0.13998,-1.51561,-1.27487,0;
5.49, 0.864574,-1.7872,-0.0229323,-0.0826901,-1.4597,-1.34311,0;
5.5, 0.766544,-1.82614,-0.0205654,-0.0250715,-1.39224,-1.41186,0;
5.51, 0.674376,-1.86017,-0.0181849,0.0300365,-1.32356,-1.47693,0;
5.52, 0.591186,-1.88951,-0.0157802,0.0817056,-1.25578,-1.53743,0;
5.53, 0.492515,-1.9136,-0.0133259,0.131716,-1.17634,-1.59759,0;
5.54, 0.393008,-1.93277,-0.0108991,0.178231,-1.09238,-1.65457,0;
5.55, 0.289829,-1.94704,-0.00845439,0.220706,-1.0031,-1.70849,0;
5.56, 0.190492,-1.95593,-0.00599795,0.258071,-0.912382,-1.75733,0;
5.57, 0.0890388,-1.95983,-0.00353673,0.29024,-0.817604,-1.80206,0;
5.58, 0.0013249,-1.95973,-0.00109633,0.316222,-0.727057,-1.83994,0;
5.59, -0.0852868,-1.95627,0.00134183,0.336498,-0.634813,-1.87339,0;
5.6, -0.181524,-1.94345,0.00377147,0.35069,-0.534084,-1.9013,0;
5.61, -0.279713,-1.92813,0.00608397,0.358751,-0.43032,-1.92536,0;
5.62, -0.37914,-1.90857,0.008352,0.360172,-0.324315,-1.94438,0;
5.63, -0.474702,-1.88481,0.0106423,0.354792,-0.219082,-1.95717,0;
5.64, -0.572102,-1.85553,0.0128753,0.342402,-0.111904,-1.96393,0;
5.65, -0.662761,-1.82207,0.0151911,0.323404,-0.00758816,-1.96381,0;
5.66, -0.758628,-1.78371,0.017431,0.297562,0.099566,-1.95853,0;
5.67, -0.853025,-1.74177,0.0194886,0.265461,0.205814,-1.94759,0;
5.68, -0.949042,-1.69542,0.0214782,0.227086,0.312306,-1.93124,0;
5.69, -1.04632,-1.6452,0.0233625,0.182841,0.41846,-1.90977,0;
5.7, -1.1347,-1.59079,0.0254333,0.133817,0.518934,-1.88155,0;
5.71, -1.22095,-1.53134,0.0272709,0.0800348,0.616867,-1.84732,0;
5.72, -1.30717,-1.46732,0.0290672,0.0220116,0.713304,-1.80819,0;
5.73, -1.39284,-1.40052,0.0306785,-0.0392813,0.807517,-1.76527,0;
5.74, -1.47654,-1.33027,0.0322589,-0.103166,0.898739,-1.71836,0;
5.75, -1.54205,-1.25627,0.0337856,-0.167002,0.978933,-1.66476,0;
5.76, -1.61304,-1.17976,0.0353693,-0.232579,1.05954,-1.60959,0;
5.77, -1.66798,-1.0974,0.0370989,-0.296961,1.13116,-1.54792,0;
5.78, -1.72277,-1.01311,0.0386349,-0.360766,1.2006,-1.48459,0;
5.79, -1.78208,-0.926453,0.0398734,-0.424189,1.27061,-1.42066,0;
5.8, -1.8338,-0.837827,0.0410498,-0.484762,1.33531,-1.3545,0;
5.81, -1.88185,-0.747113,0.0421949,-0.542466,1.39643,-1.28686,0;
5.82, -1.92041,-0.653698,0.0432695,-0.595799,1.45152,-1.21654,0;
5.83, -1.95609,-0.561347,0.0440599,-0.644728,1.50319,-1.14674,0;
5.84, -1.9918,-0.466844,0.0448386,-0.689982,1.55377,-1.07668,0;
5.85, -2.01229,-0.372441,0.0457338,-0.727914,1.59581,-1.00459,0;
5.86, -2.03388,-0.277037,0.0461762,-0.761346,1.63696,-0.93289,0;
5.87, -2.04665,-0.182512,0.0466906,-0.787993,1.67291,-0.860836,0;
5.88, -2.05152,-0.0865807,0.0472925,-0.808028,1.70443,-0.787337,0;
5.89, -2.042,0.00885539,0.0477322,-0.819599,1.72828,-0.711882,0;
5.9, -2.04168,0.102247,0.0478429,-0.827609,1.75532,-0.639996,0;
5.91, -2.02852,0.196491,0.0479,-0.827709,1.77623,-0.565799,0;
5.92, -2.0091,0.287608,0.0477673,-0.820795,1.79286,-0.492239,0;
5.93, -1.983,0.377713,0.0477881,-0.807187,1.80581,-0.418152,0;
5.94, -1.94846,0.463683,0.0477056,-0.786381,1.81357,-0.344459,0;
5.95, -1.90988,0.54765,0.0475415,-0.759776,1.81865,-0.270868,0;
5.96, -1.86196,0.628598,0.0472412,-0.726363,1.81843,-0.196498,0;
5.97, -1.81963,0.708107,0.0467773,-0.690025,1.82008,-0.12378,0;
5.98, -1.77822,0.782708,0.0462024,-0.649929,1.82076,-0.0533061,0;
5.99, -1.72244,0.854959,0.045521,-0.602563,1.81353,0.0200735,0;
6, -1.66665,0.922897,0.0446931,-0.551617,1.80433,0.0922981,0;
6.01, -1.61455,0.989471,0.043612,-0.498477,1.79575,0.163844,0;
6.02, -1.55504,1.05362,0.0427113,-0.440676,1.78245,0.23715,0;
6.03, -1.48788,1.11262,0.0416536,-0.378396,1.76314,0.31113,0;
6.04, -1.42581,1.16808,0.0404448,-0.315142,1.74411,0.383309,0;
6.05, -1.3589,1.22042,0.0392349,-0.248859,1.72105,0.456526,0;
6.06, -1.28985,1.26845,0.037921,-0.180478,1.69453,0.529646,0;
6.07, -1.22504,1.31388,0.0365284,-0.11176,1.66792,0.6018,0;
6.08, -1.15002,1.35601,0.0349346,-0.0395911,1.63422,0.676494,0;
6.09, -1.08352,1.39508,0.0332317,0.0313879,1.60197,0.748881,0;
6.1, -1.01933,1.43138,0.0313672,0.102246,1.56853,0.820507,0;
6.11, -0.952587,1.46408,0.0295259,0.173947,1.53114,0.892429,0;
6.12, -0.886478,1.49309,0.0276902,0.245475,1.49106,0.963652,0;
6.13, -0.82293,1.52003,0.0258305,0.316325,1.44961,1.03431,0;
6.14, -0.759052,1.54423,0.0238891,0.386771,1.40519,1.10472,0;
6.15, -0.693569,1.56628,0.0217659,0.456927,1.35718,1.17537,0;
6.16, -0.625439,1.58546,0.0196324,0.526553,1.30493,1.24601,0;
6.17, -0.558395,1.60117,0.0173903,0.594299,1.25004,1.31494,0;
6.18, -0.495207,1.61447,0.0150462,0.659417,1.19417,1.38161,0;
6.19, -0.431721,1.62503,0.0127049,0.722364,1.13533,1.44678,0;
6.2, -0.358947,1.63332,0.010267,0.78459,1.06923,1.5129,0;
6.21, -0.297381,1.63935,0.00785893,0.841871,1.00568,1.57402,0;
6.22, -0.235066,1.64299,0.00541034,0.89581,0.93931,1.63275,0;
6.23, -0.173704,1.64416,0.00294153,0.945891,0.870646,1.68844,0;
6.24, -0.100462,1.64315,0.000361159,0.993745,0.793708,1.74419,0;
6.25, -0.0350558,1.64117,-0.00221233,1.0362,0.718305,1.79513,0;
6.26, 0.038845,1.63392,-0.00478617,1.07362,0.636167,1.84233,0;
6.27, 0.103714,1.62681,-0.00740432,1.10496,0.556778,1.88408,0;
6.28, 0.168809,1.61787,-0.00995288,1.13048,0.475754,1.92124,0;
6.29, 0.236838,1.60672,-0.012588,1.15009,0.39156,1.95395,0;
6.3, 0.305568,1.59359,-0.0152539,1.16325,0.305499,1.98144,0;
6.31, 0.375617,1.5785,-0.0179134,1.16964,0.217606,2.00348,0;
6.32, 0.441089,1.56132,-0.0205761,1.16852,0.130948,2.01842,0;
6.33, 0.518127,1.54184,-0.023268,1.16075,0.038014,2.02944,0;
6.34, 0.584219,1.52088,-0.0258485,1.14516,-0.0501313,2.03217,0;
6.35, 0.661939,1.49723,-0.0285155,1.12227,-0.143905,2.03024,0;
6.36, 0.725946,1.47175,-0.0309723,1.09163,-0.231104,2.01933,0;
6.37, 0.791687,1.4439,-0.0333858,1.05368,-0.318604,2.00209,0;
6.38, 0.86043,1.41356,-0.035727,1.00874,-0.407233,1.97908,0;
6.39, 0.931719,1.38056,-0.0380734,0.956908,-0.496484,1.95021,0;
6.4, 0.997243,1.34557,-0.0402585,0.898886,-0.581989,1.91467,0;
6.41, 1.07171,1.30781,-0.042525,0.834493,-0.670498,1.87473,0;
6.42, 1.13958,1.26789,-0.0446584,0.76489,-0.754585,1.8286,0;
6.43, 1.21253,1.22502,-0.0467351,0.689853,-0.839394,1.77799,0;
6.44, 1.28345,1.17944,-0.0486518,0.610421,-0.921626,1.72246,0;
6.45, 1.35265,1.13072,-0.0505042,0.527069,-1.00116,1.66215,0;
6.46, 1.41936,1.07878,-0.0523368,0.44058,-1.07758,1.59743,0;
6.47, 1.4875,1.02403,-0.0539869,0.351574,-1.15274,1.52967,0;
6.48, 1.55761,0.966005,-0.0556151,0.260494,-1.22692,1.45908,0;
6.49, 1.62032,0.904492,-0.0569503,0.168899,-1.29574,1.38478,0;
6.5, 1.68524,0.839827,-0.0583553,0.0767388,-1.36349,1.30855,0;
6.51, 1.75696,0.772155,-0.0596789,-0.015805,-1.4326,1.23163,0;
6.52, 1.81868,0.700644,-0.0608581,-0.106407,-1.49528,1.15162,0;
6.53, 1.87354,0.625565,-0.061687,-0.194501,-1.55288,1.06941,0;
6.54, 1.92992,0.547447,-0.0624714,-0.28026,-1.60952,0.986722,0;
6.55, 1.96646,0.465671,-0.0628998,-0.360318,-1.65574,0.900764,0;
6.56, 2.01268,0.381447,-0.0635265,-0.437685,-1.70493,0.816156,0;
6.57, 2.04342,0.293506,-0.0637723,-0.508802,-1.74644,0.729257,0;
6.58, 2.07388,0.20303,-0.063872,-0.5749,-1.78686,0.642667,0;
6.59, 2.09756,0.110502,-0.0638779,-0.634447,-1.82354,0.555924,0;
6.6, 2.1158,0.0157144,-0.0638497,-0.687337,-1.8571,0.469054,0;
6.61, 2.13396,-0.080769,-0.0637836,-0.734024,-1.89012,0.383071,0;
6.62, 2.13307,-0.179892,-0.0631875,-0.771513,-1.9142,0.29477,0;
6.63, 2.12939,-0.279906,-0.0626607,-0.801626,-1.93632,0.207147,0;
6.64, 2.12235,-0.380762,-0.062157,-0.824351,-1.95665,0.120182,0;
6.65, 2.10664,-0.482265,-0.0615358,-0.838741,-1.97267,0.0329851,0;
6.66, 2.08051,-0.584195,-0.0606568,-0.844505,-1.98347,-0.0548143,0;
6.67, 2.0525,-0.685979,-0.0596054,-0.843144,-1.99295,-0.141836,0;
6.68, 2.0142,-0.786898,-0.0583198,-0.833301,-1.99712,-0.2292,0;
6.69, 1.96488,-0.886413,-0.0569189,-0.814955,-1.99516,-0.317002,0;
6.7, 1.91493,-0.98422,-0.0554517,-0.79028,-1.9919,-0.403663,0;
6.71, 1.85828,-1.07977,-0.0539567,-0.758615,-1.9843,-0.49007,0;
6.72, 1.7934,-1.1728,-0.0522953,-0.720106,-1.97127,-0.576623,0;
6.73, 1.73025,-1.26312,-0.050594,-0.676912,-1.95727,-0.661756,0;
6.74, 1.66139,-1.35054,-0.0487788,-0.628358,-1.9386,-0.74677,0;
6.75, 1.59555,-1.43432,-0.0469262,-0.576185,-1.91883,-0.829981,0;
6.76, 1.52148,-1.51435,-0.0449387,-0.5192,-1.89232,-0.913412,0;
6.77, 1.44274,-1.59023,-0.0428143,-0.458459,-1.86023,-0.996448,0;
6.78, 1.35441,-1.6619,-0.0405651,-0.393978,-1.82001,-1.07998,0;
6.79, 1.27268,-1.72882,-0.0382633,-0.328769,-1.77929,-1.16076,0;
6.8, 1.17321,-1.79124,-0.0357937,-0.260221,-1.72617,-1.24336,0;
6.81, 1.07498,-1.8488,-0.0332983,-0.191542,-1.66937,-1.32409,0;
6.82, 0.972647,-1.90099,-0.0307523,-0.122937,-1.60649,-1.40338,0;
6.83, 0.878266,-1.94778,-0.0281835,-0.0565019,-1.5433,-1.4788,0;
6.84, 0.779024,-1.98939,-0.0255835,0.00860963,-1.47345,-1.55263,0;
6.85, 0.673995,-2.02496,-0.0229171,0.0718995,-1.39595,-1.62453,0;
6.86, 0.571465,-2.05561,-0.0202184,0.131751,-1.31528,-1.69311,0;
6.87, 0.467411,-2.08034,-0.0175346,0.187826,-1.22941,-1.75823,0;
6.88, 0.360856,-2.09951,-0.014825,0.23959,-1.13794,-1.81999,0;
6.89, 0.251813,-2.11404,-0.0121696,0.286385,-1.04121,-1.87835,0;
6.9, 0.158382,-2.12311,-0.00951132,0.326489,-0.9485,-1.92913,0;
6.91, 0.0460195,-2.12564,-0.00686768,0.361336,-0.84242,-1.97789,0;
6.92, -0.0556294,-2.12351,-0.004214,0.389117,-0.738119,-2.01979,0;
6.93, -0.15947,-2.11531,-0.00160236,0.40969,-0.62974,-2.05596,0;
6.94, -0.268098,-2.10251,0.000990219,0.422924,-0.516291,-2.08742,0;
6.95, -0.376458,-2.08452,0.00352029,0.428256,-0.40068,-2.11259,0;
6.96, -0.48134,-2.06008,0.00599719,0.425251,-0.284906,-2.12991,0;
6.97, -0.585113,-2.0311,0.00850671,0.41409,-0.168577,-2.14062,0;
6.98, -0.694267,-1.99689,0.0108982,0.39457,-0.048641,-2.14544,0;
6.99, -0.796479,-1.9588,0.0132629,0.367249,0.0680215,-2.14283,0;
7, -0.899336,-1.9164,0.0156,0.332072,0.184668,-2.1339,0;
7.01, -0.995233,-1.86854,0.017915,0.289602,0.297492,-2.11681,0;
7.02, -1.10148,-1.81527,0.019974,0.239245,0.414698,-2.09467,0;
7.03, -1.1947,-1.75763,0.0222293,0.183211,0.524298,-2.06449,0;
7.04, -1.3016,-1.69455,0.0243333,0.119809,0.639,-2.03036,0;
7.05, -1.39271,-1.62869,0.0265491,0.0527486,0.743893,-1.98912,0;
7.06, -1.4811,-1.5577,0.0284918,-0.0186786,0.845013,-1.94182,0;
7.07, -1.56717,-1.48112,0.0303664,-0.0937529,0.943018,-1.88896,0;
7.08, -1.6514,-1.40063,0.0322096,-0.17136,1.03782,-1.83198,0;
7.09, -1.73836,-1.31629,0.033832,-0.251239,1.13148,-1.77208,0;
7.1, -1.81506,-1.22807,0.0356356,-0.330773,1.21779,-1.7076,0;
7.11, -1.89096,-1.13687,0.0372774,-0.41016,1.30094,-1.64081,0;
7.12, -1.96019,-1.04358,0.0387049,-0.487428,1.37826,-1.57158,0;
7.13, -2.02698,-0.947389,0.0401704,-0.562619,1.45209,-1.50064,0;
7.14, -2.07569,-0.848064,0.0415119,-0.632098,1.51519,-1.42527,0;
7.15, -2.12976,-0.746145,0.0426075,-0.699228,1.5788,-1.35017,0;
7.16, -2.17089,-0.641649,0.0437049,-0.76001,1.63495,-1.27247,0;
7.17, -2.20871,-0.536225,0.0447779,-0.815346,1.68785,-1.19481,0;
7.18, -2.23349,-0.429713,0.0457319,-0.862741,1.73334,-1.11543,0;
7.19, -2.25564,-0.322866,0.0465209,-0.903816,1.77633,-1.03666,0;
7.2, -2.27072,-0.215028,0.0471418,-0.937471,1.81527,-0.957385,0;
7.21, -2.27508,-0.108443,0.0477744,-0.962302,1.84823,-0.877934,0;
7.22, -2.26796,-0.00201583,0.048304,-0.978031,1.87518,-0.797415,0;
7.23, -2.25953,0.10246,0.048626,-0.986841,1.90073,-0.718694,0;
7.24, -2.2438,0.205328,0.0489201,-0.987508,1.92252,-0.640281,0;
7.25, -2.22243,0.306558,0.0490448,-0.980435,1.94111,-0.562222,0;
7.26, -2.19351,0.404386,0.0491298,-0.96517,1.95538,-0.484745,0;
7.27, -2.1614,0.500384,0.0490201,-0.943165,1.96755,-0.407817,0;
7.28, -2.11883,0.592938,0.0488682,-0.912737,1.97405,-0.330302,0;
7.29, -2.06678,0.683531,0.0487078,-0.874446,1.97555,-0.251345,0;
7.3, -2.01611,0.768079,0.0484805,-0.831364,1.97616,-0.175322,0;
7.31, -1.95921,0.850082,0.0480394,-0.782071,1.97311,-0.0985259,0;
7.32, -1.897,0.928589,0.0472643,-0.727026,1.96626,-0.0212373,0;
7.33, -1.83478,1.00379,0.0465898,-0.668099,1.95824,0.0554752,0;
7.34, -1.76511,1.07668,0.045737,-0.603607,1.94568,0.134184,0;
7.35, -1.69569,1.14331,0.0445443,-0.535963,1.93073,0.211186,0;
7.36, -1.62921,1.20719,0.0433722,-0.466329,1.91566,0.287483,0;
7.37, -1.55597,1.26674,0.0421807,-0.392388,1.89545,0.365203,0;
7.38, -1.47956,1.32207,0.0409201,-0.315351,1.87137,0.443605,0;
7.39, -1.40955,1.37365,0.0394794,-0.238193,1.84789,0.520257,0;
7.4, -1.33837,1.42161,0.0379163,-0.159177,1.82153,0.597381,0;
7.41, -1.26697,1.46641,0.0363834,-0.0786558,1.79259,0.675098,0;
7.42, -1.19029,1.50781,0.0346884,0.00440416,1.75844,0.754734,0;
7.43, -1.11741,1.54559,0.0329429,0.0873165,1.72312,0.833564,0;
7.44, -1.04436,1.57848,0.0312029,0.17053,1.68452,0.911936,0;
7.45, -0.972715,1.60858,0.0292432,0.253707,1.64364,0.990375,0;
7.46, -0.903296,1.63564,0.0272294,0.336354,1.60079,1.06846,0;
7.47, -0.836467,1.6597,0.0250236,0.418128,1.55599,1.14593,0;
7.48, -0.764819,1.68193,0.0228368,0.500856,1.50608,1.22551,0;
7.49, -0.696986,1.70171,0.0206801,0.582051,1.45476,1.30413,0;
7.5, -0.626534,1.71746,0.0183755,0.662392,1.39864,1.38244,0;
7.51, -0.55157,1.73096,0.0159646,0.742333,1.33718,1.46168,0;
7.52, -0.483488,1.742,0.0135264,0.818783,1.27578,1.53798,0;
7.53, -0.414915,1.75088,0.0110578,0.892978,1.2112,1.61323,0;
7.54, -0.349315,1.75692,0.00853609,0.963667,1.14471,1.68572,0;
7.55, -0.289243,1.76092,0.00592948,1.03014,1.07775,1.7547,0;
7.56, -0.224164,1.76278,0.0032637,1.09406,1.00533,1.82282,0;
7.57, -0.153772,1.76182,0.000563933,1.15473,0.927038,1.88935,0;
7.58, -0.0901105,1.75936,-0.00218187,1.20967,0.849142,1.95092,0;
7.59, -0.0210102,1.75439,-0.00496919,1.26002,0.765956,2.00975,0;
7.6, 0.0450772,1.74773,-0.00778802,1.30416,0.681607,2.06349,0;
7.61, 0.11413,1.7389,-0.0106046,1.34222,0.593501,2.11288,0;
7.62, 0.181347,1.72836,-0.0134067,1.37315,0.50412,2.1564,0;
7.63, 0.252878,1.71546,-0.0162771,1.39689,0.410697,2.19463,0;
7.64, 0.324883,1.70036,-0.0191606,1.41253,0.315289,2.22623,0;
7.65, 0.395311,1.6835,-0.0219747,1.4196,0.219385,2.25054,0;
7.66, 0.470963,1.66445,-0.0248688,1.41812,0.11995,2.26844,0;
7.67, 0.541408,1.6442,-0.0277173,1.40748,0.0223957,2.27797,0;
7.68, 0.615364,1.62206,-0.0305264,1.38784,-0.0771099,2.28041,0;
7.69, 0.686518,1.5975,-0.0331985,1.35864,-0.175512,2.27413,0;
7.7, 0.771049,1.57119,-0.0360078,1.32065,-0.279967,2.2626,0;
7.71, 0.844731,1.54282,-0.0386773,1.27325,-0.378773,2.24108,0;
7.72, 0.923936,1.51239,-0.0413037,1.21693,-0.478981,2.2127,0;
7.73, 1.00105,1.4799,-0.0439053,1.15216,-0.577046,2.17652,0;
7.74, 1.07181,1.44407,-0.0463549,1.07904,-0.670682,2.13148,0;
7.75, 1.15868,1.40584,-0.0488236,0.997954,-0.770187,2.08234,0;
7.76, 1.22809,1.36471,-0.0510011,0.910703,-0.859825,2.02418,0;
7.77, 1.3102,1.32118,-0.0532531,0.816748,-0.952945,1.9622,0;
7.78, 1.3913,1.27444,-0.0553383,0.717327,-1.04365,1.89478,0;
7.79, 1.47046,1.22385,-0.057312,0.613022,-1.13102,1.82184,0;
7.8, 1.5456,1.17008,-0.0591241,0.505328,-1.21398,1.74422,0;
7.81, 1.62831,1.11319,-0.0609928,0.394124,-1.29787,1.66415,0;
7.82, 1.69883,1.05222,-0.0625726,0.281976,-1.37383,1.57924,0;
7.83, 1.77849,0.987934,-0.064049,0.16781,-1.4514,1.49315,0;
7.84, 1.85408,0.919466,-0.0654273,0.0536773,-1.52497,1.40438,0;
7.85, 1.9233,0.846906,-0.0665414,-0.0590838,-1.59334,1.31315,0;
7.86, 1.9913,0.769825,-0.0676367,-0.170387,-1.659,1.22027,0;
7.87, 2.06389,0.689306,-0.0686376,-0.279819,-1.72492,1.12758,0;
7.88, 2.12691,0.604216,-0.0694035,-0.384905,-1.78489,1.0331,0;
7.89, 2.17682,0.5146,-0.0700331,-0.484076,-1.8372,0.936585,0;
7.9, 2.22639,0.421244,-0.070442,-0.57834,-1.88817,0.840368,0;
7.91, 2.27633,0.324523,-0.0707899,-0.667106,-1.93853,0.744932,0;
7.92, 2.31011,0.222935,-0.0708985,-0.747448,-1.98099,0.647515,0;
7.93, 2.34924,0.118715,-0.0709921,-0.821714,-2.02519,0.551958,0;
7.94, 2.36827,0.0113117,-0.0705972,-0.885167,-2.06029,0.454891,0;
7.95, 2.39108,-0.0989289,-0.0702569,-0.941535,-2.09672,0.359291,0;
7.96, 2.39623,-0.211108,-0.069816,-0.986323,-2.1252,0.262838,0;
7.97, 2.39677,-0.325424,-0.0692513,-1.02181,-2.15152,0.166886,0;
7.98, 2.38878,-0.441266,-0.0684797,-1.04713,-2.17427,0.0710564,0;
7.99, 2.37689,-0.558223,-0.0676203,-1.06304,-2.19539,-0.0240445,0;
8, 2.35958,-0.675193,-0.0665856,-1.06904,-2.21413,-0.118326,0;
8.01, 2.32879,-0.792303,-0.0653328,-1.06376,-2.22651,-0.213368,0;
8.02, 2.28755,-0.909105,-0.063909,-1.04795,-2.23362,-0.308907,0;
8.03, 2.24332,-1.02396,-0.0623615,-1.02314,-2.23873,-0.403259,0;
8.04, 2.18988,-1.13758,-0.0607122,-0.988847,-2.2388,-0.498047,0;
8.05, 2.12857,-1.24882,-0.0588686,-0.945586,-2.23396,-0.59293,0;
8.06, 2.05517,-1.3575,-0.0569366,-0.893185,-2.22178,-0.688801,0;
8.07, 1.97511,-1.46295,-0.0548155,-0.833301,-2.20449,-0.784799,0;
8.08, 1.89742,-1.56436,-0.0525766,-0.768278,-2.18608,-0.879152,0;
8.09, 1.80217,-1.66131,-0.050137,-0.695234,-2.15651,-0.975413,0;
8.1, 1.69907,-1.75343,-0.0475917,-0.616651,-2.11963,-1.07198,0;
8.11, 1.60244,-1.84028,-0.0450256,-0.53599,-2.08231,-1.16606,0;
8.12, 1.51141,-1.92176,-0.0424784,-0.453895,-2.04386,-1.25771,0;
8.13, 1.40555,-1.99752,-0.03979,-0.367672,-1.99358,-1.35077,0;
8.14, 1.30487,-2.06725,-0.0370004,-0.281192,-1.94065,-1.44137,0;
8.15, 1.18369,-2.13069,-0.0340444,-0.191748,-1.87236,-1.53413,0;
8.16, 1.07624,-2.18812,-0.031093,-0.105117,-1.80526,-1.62244,0;
8.17, 0.966868,-2.23919,-0.0280804,-0.0201742,-1.73191,-1.7087,0;
8.18, 0.847001,-2.28352,-0.0250173,0.0634703,-1.64731,-1.79428,0;
8.19, 0.728676,-2.32126,-0.0219201,0.143373,-1.55748,-1.87651,0;
8.2, 0.602227,-2.3524,-0.0188192,0.219496,-1.45783,-1.9567,0;
8.21, 0.480917,-2.37667,-0.0157294,0.28958,-1.35503,-2.03163,0;
8.22, 0.359255,-2.39404,-0.0126189,0.353237,-1.24671,-2.10174,0;
8.23, 0.234131,-2.40545,-0.00953071,0.410008,-1.13152,-2.16761,0;
8.24, 0.115804,-2.41017,-0.00643739,0.458381,-1.01487,-2.22633,0;
8.25, -0.00979484,-2.40836,-0.00338251,0.498488,-0.890053,-2.28007,0;
8.26, -0.134531,-2.40013,-0.000423306,0.529231,-0.761466,-2.32676,0;
8.27, -0.260291,-2.38571,0.00249626,0.550041,-0.628945,-2.36634,0;
8.28, -0.384625,-2.36564,0.00541546,0.560451,-0.494401,-2.39818,0;
8.29, -0.499065,-2.3399,0.00832282,0.560143,-0.362763,-2.42028,0;
8.3, -0.615836,-2.30716,0.0111348,0.548919,-0.228099,-2.43391,0;
8.31, -0.735492,-2.26854,0.0138884,0.526869,-0.0906454,-2.43966,0;
8.32, -0.853425,-2.22474,0.0166456,0.494203,0.0463659,-2.43704,0;
8.33, -0.972608,-2.17491,0.0193659,0.450827,0.183846,-2.42602,0;
8.34, -1.09315,-2.11934,0.0219758,0.397082,0.321212,-2.40686,0;
8.35, -1.20488,-2.05801,0.0245099,0.334157,0.452681,-2.37791,0;
8.36, -1.32288,-1.99146,0.0269388,0.2618,0.585154,-2.34248,0;
8.37, -1.43187,-1.91902,0.0293281,0.18201,0.710888,-2.29811,0;
8.38, -1.54849,-1.84221,0.0316906,0.0943967,0.837349,-2.2489,0;
8.39, -1.65859,-1.7598,0.0338753,0.00123129,0.957552,-2.19231,0;
8.4, -1.76519,-1.67312,0.0360184,-0.0963848,1.07233,-2.13015,0;
8.41, -1.86184,-1.58121,0.0381625,-0.196458,1.1787,-2.06151,0;
8.42, -1.95794,-1.48424,0.0401335,-0.298957,1.28124,-1.9886,0;
8.43, -2.046,-1.38324,0.0420344,-0.401252,1.37649,-1.91146,0;
8.44, -2.13419,-1.27728,0.0438178,-0.503658,1.46856,-1.83157,0;
8.45, -2.21711,-1.16856,0.0454512,-0.603636,1.55485,-1.74968,0;
8.46, -2.29394,-1.05589,0.0469507,-0.700117,1.63521,-1.6655,0;
8.47, -2.36244,-0.939218,0.0483813,-0.791604,1.70898,-1.57899,0;
8.48, -2.42027,-0.82206,0.0496376,-0.875777,1.77486,-1.49187,0;
8.49, -2.47628,-0.701484,0.0508435,-0.954331,1.83799,-1.40457,0;
8.5, -2.51103,-0.579884,0.0522202,-1.02175,1.88957,-1.31495,0;
8.51, -2.54194,-0.457273,0.0532414,-1.08109,1.93767,-1.22608,0;
8.52, -2.56751,-0.335458,0.0541173,-1.13148,1.98221,-1.13886,0;
8.53, -2.57471,-0.211997,0.0550278,-1.16978,2.01788,-1.04936,0;
8.54, -2.58298,-0.0904917,0.0556899,-1.19994,2.05308,-0.963018,0;
8.55, -2.57559,0.0310351,0.0562774,-1.21807,2.08108,-0.875449,0;
8.56, -2.56062,0.149727,0.0567665,-1.22574,2.10498,-0.789345,0;
8.57, -2.53232,0.267117,0.0569733,-1.22173,2.12265,-0.702442,0;
8.58, -2.50054,0.381927,0.0572769,-1.20896,2.13869,-0.617235,0;
8.59, -2.45986,0.492444,0.0574534,-1.18607,2.1503,-0.53309,0;
8.6, -2.40908,0.597055,0.057439,-1.1529,2.15636,-0.450082,0;
8.61, -2.34755,0.700516,0.0573386,-1.11014,2.15766,-0.365207,0;
8.62, -2.28902,0.799758,0.05706,-1.06206,2.15973,-0.282909,0;
8.63, -2.21322,0.895231,0.0567181,-1.00329,2.15359,-0.197742,0;
8.64, -2.13782,0.984806,0.0561278,-0.939266,2.1461,-0.114694,0;
8.65, -2.06014,1.06926,0.0553771,-0.870006,2.13645,-0.0325636,0;
8.66, -1.98548,1.1484,0.0548896,-0.797605,2.12693,0.0475118,0;
8.67, -1.90055,1.22133,0.0540866,-0.718439,2.11068,0.128995,0;
8.68, -1.82388,1.29022,0.0529102,-0.638403,2.09611,0.208193,0;
8.69, -1.74635,1.3539,0.0515876,-0.555373,2.07904,0.287151,0;
8.7, -1.66714,1.41407,0.0502521,-0.469188,2.05917,0.367271,0;
8.71, -1.58546,1.4705,0.0487928,-0.379877,2.03581,0.448888,0;
8.72, -1.50833,1.52382,0.0472704,-0.289836,2.01216,0.530267,0;
8.73, -1.42612,1.57107,0.0457272,-0.196723,1.98295,0.612927,0;
8.74, -1.34591,1.61595,0.0440297,-0.102502,1.95202,0.696632,0;
8.75, -1.26346,1.65644,0.0422701,-0.00647222,1.91697,0.781715,0;
8.76, -1.18212,1.69308,0.0403267,0.0901673,1.87916,0.867337,0;
8.77, -1.1075,1.72595,0.0383926,0.185511,1.84122,0.951724,0;
8.78, -1.03157,1.75637,0.0363128,0.281892,1.7997,1.03797,0;
8.79, -0.948497,1.7814,0.0340789,0.380322,1.75079,1.12651,0;
8.8, -0.874122,1.80437,0.0318037,0.476533,1.70263,1.2137,0;
8.81, -0.804013,1.82441,0.0295014,0.571207,1.65318,1.3002,0;
8.82, -0.732579,1.841,0.0270526,0.665663,1.59937,1.38745,0;
8.83, -0.66917,1.85427,0.024725,0.757173,1.54543,1.4723,0;
8.84, -0.601195,1.86569,0.0221801,0.84903,1.48591,1.55921,0;
8.85, -0.53102,1.8742,0.019638,0.940101,1.42146,1.64673,0;
8.86, -0.463298,1.88015,0.0169769,1.02859,1.35433,1.73286,0;
8.87, -0.397017,1.88398,0.0142839,1.11435,1.28434,1.81766,0;
8.88, -0.323125,1.88524,0.0115004,1.19883,1.20711,1.90327,0;
8.89, -0.257783,1.88472,0.00866604,1.27788,1.13036,1.98435,0;
8.9, -0.189396,1.88187,0.00578387,1.35315,1.04884,2.06346,0;
8.91, -0.121149,1.87747,0.00284024,1.42368,0.964071,2.13953,0;
8.92, -0.0511294,1.87055,-0.000154029,1.48867,0.875116,2.21178,0;
8.93, 0.0205372,1.86195,-0.00315121,1.54759,0.782389,2.27989,0;
8.94, 0.0873971,1.85123,-0.00621256,1.59827,0.689057,2.34083,0;
8.95, 0.167815,1.83891,-0.0093226,1.64317,0.5868,2.39944,0;
8.96, 0.238634,1.82527,-0.0123757,1.67803,0.486749,2.44869,0;
8.97, 0.310267,1.80989,-0.0154675,1.7033,0.38456,2.49016,0;
8.98, 0.381933,1.79237,-0.0185882,1.71829,0.280514,2.52303,0;
8.99, 0.465287,1.77305,-0.0217398,1.72383,0.1695,2.5499,0;
9, 0.543809,1.75343,-0.0248063,1.71835,0.0599939,2.56714,0;
9.01, 0.623929,1.73158,-0.0278891,1.701,-0.0506628,2.5744,0;
9.02, 0.700192,1.70819,-0.0309012,1.67176,-0.159563,2.57089,0;
9.03, 0.77432,1.68281,-0.0338029,1.63069,-0.26714,2.55683,0;
9.04, 0.851131,1.65544,-0.0367033,1.57823,-0.375424,2.5334,0;
9.05, 0.933266,1.6262,-0.0395508,1.51477,-0.485335,2.50149,0;
9.06, 1.01821,1.59485,-0.0423638,1.44042,-0.595235,2.46073,0;
9.07, 1.10755,1.56136,-0.0451651,1.35556,-0.70533,2.41168,0;
9.08, 1.19503,1.52496,-0.0478224,1.26063,-0.812357,2.35341,0;
9.09, 1.28517,1.48627,-0.0504364,1.15667,-0.917939,2.28775,0;
9.1, 1.36941,1.44424,-0.0528607,1.04472,-1.01803,2.21374,0;
9.11, 1.45117,1.39891,-0.0550363,0.925862,-1.114,2.1329,0;
9.12, 1.53817,1.35067,-0.0572168,0.80086,-1.20938,2.04749,0;
9.13, 1.62722,1.29884,-0.0592568,0.670706,-1.30279,1.95758,0;
9.14, 1.7069,1.24298,-0.0611159,0.537594,-1.38878,1.86233,0;
9.15, 1.7971,1.18361,-0.062968,0.400745,-1.47634,1.7653,0;
9.16, 1.89311,1.12028,-0.0647615,0.261434,-1.56367,1.6665,0;
9.17, 1.98157,1.05202,-0.0662615,0.122075,-1.64458,1.56447,0;
9.18, 2.06405,0.978557,-0.0675852,-0.016355,-1.71966,1.45985,0;
9.19, 2.14425,0.900204,-0.0687866,-0.153036,-1.79101,1.35398,0;
9.2, 2.22997,0.817557,-0.0698744,-0.287913,-1.86253,1.24869,0;
9.21, 2.29897,0.728504,-0.0705923,-0.41724,-1.92465,1.14082,0;
9.22, 2.37406,0.635613,-0.0712337,-0.542657,-1.98749,1.03459,0;
9.23, 2.43469,0.536415,-0.0716836,-0.660746,-2.04265,0.926725,0;
9.24, 2.49488,0.433317,-0.0720126,-0.772056,-2.09637,0.820262,0;
9.25, 2.54468,0.325313,-0.0721755,-0.874411,-2.14485,0.713718,0;
9.26, 2.59637,0.212682,-0.072344,-0.969396,-2.19369,0.608637,0;
9.27, 2.63299,0.0959212,-0.0722565,-1.05286,-2.23582,0.503347,0;
9.28, 2.66838,-0.0235965,-0.072173,-1.12638,-2.27727,0.400073,0;
9.29, 2.68954,-0.147816,-0.0717036,-1.18789,-2.31301,0.296046,0;
9.3, 2.70208,-0.274114,-0.0707626,-1.2372,-2.34554,0.193024,0;
9.31, 2.70387,-0.403863,-0.0698105,-1.27408,-2.37385,0.0897737,0;
9.32, 2.69879,-0.535186,-0.0688277,-1.29868,-2.39967,-0.012549,0;
9.33, 2.6715,-0.668293,-0.0675157,-1.30789,-2.41625,-0.116525,0;
9.34, 2.63618,-0.801078,-0.066098,-1.30426,-2.42955,-0.219606,0;
9.35, 2.59216,-0.934368,-0.0644448,-1.2886,-2.43968,-0.322675,0;
9.36, 2.54114,-1.06617,-0.0627171,-1.26111,-2.4468,-0.424943,0;
9.37, 2.47534,-1.19608,-0.0608884,-1.2206,-2.44684,-0.52787,0;
9.38, 2.40833,-1.32338,-0.0588503,-1.1706,-2.44577,-0.629495,0;
9.39, 2.32764,-1.44779,-0.0566703,-1.10925,-2.43728,-0.732152,0;
9.4, 2.23488,-1.5685,-0.0543503,-1.03753,-2.42129,-0.835657,0;
9.41, 2.14088,-1.684,-0.0519357,-0.958427,-2.40234,-0.937842,0;
9.42, 2.04895,-1.79436,-0.0494876,-0.873694,-2.38164,-1.03839,0;
9.43, 1.93427,-1.89918,-0.0467183,-0.779324,-2.34657,-1.14202,0;
9.44, 1.82116,-1.9984,-0.0438281,-0.681024,-2.30796,-1.24467,0;
9.45, 1.70871,-2.09158,-0.0408742,-0.579847,-2.26527,-1.3462,0;
9.46, 1.5904,-2.178,-0.0378466,-0.475439,-2.21449,-1.44758,0;
9.47, 1.463,-2.2574,-0.0346994,-0.368258,-2.15338,-1.54943,0;
9.48, 1.33626,-2.32884,-0.0314667,-0.261048,-2.08623,-1.64928,0;
9.49, 1.20342,-2.3935,-0.0281421,-0.154042,-2.00976,-1.74879,0;
9.5, 1.08299,-2.45063,-0.0248321,-0.0509749,-1.93271,-1.84358,0;
9.51, 0.945468,-2.49983,-0.0214768,0.0513414,-1.84011,-1.93898,0;
9.52, 0.819996,-2.54152,-0.0181086,0.148021,-1.74627,-2.02899,0;
9.53, 0.692109,-2.57563,-0.0146736,0.239739,-1.64435,-2.11584,0;
9.54, 0.561453,-2.60152,-0.0112121,0.325617,-1.53372,-2.19874,0;
9.55, 0.432114,-2.61953,-0.00775508,0.404138,-1.41675,-2.27636,0;
9.56, 0.298974,-2.63032,-0.00436702,0.474713,-1.2913,-2.34926,0;
9.57, 0.166793,-2.63307,-0.000944471,0.535885,-1.16006,-2.41541,0;
9.58, 0.0353286,-2.62916,0.00250878,0.586824,-1.02378,-2.47477,0;
9.59, -0.0954387,-2.61956,0.00582836,0.626837,-0.88313,-2.52699,0;
9.6, -0.227427,-2.59853,0.00911004,0.654586,-0.736598,-2.56883,0;
9.61, -0.358523,-2.57337,0.0123141,0.670239,-0.587439,-2.60294,0;
9.62, -0.48993,-2.54132,0.0154351,0.673012,-0.435371,-2.62776,0;
9.63, -0.613261,-2.50398,0.0185051,0.662902,-0.285768,-2.64204,0;
9.64, -0.756597,-2.45883,0.0213922,0.639042,-0.124531,-2.64937,0;
9.65, -0.889188,-2.40756,0.024188,0.602147,0.0316032,-2.6448,0;
9.66, -1.02054,-2.35103,0.0270125,0.552357,0.185844,-2.63045,0;
9.67, -1.142,-2.28877,0.029763,0.490777,0.333436,-2.60475,0;
9.68, -1.28079,-2.21977,0.0323338,0.416164,0.48774,-2.57229,0;
9.69, -1.40654,-2.14478,0.0349618,0.331659,0.632871,-2.52878,0;
9.7, -1.53828,-2.06571,0.0374788,0.237071,0.77695,-2.47887,0;
9.71, -1.66216,-1.97908,0.0397219,0.134282,0.913393,-2.41891,0;
9.72, -1.7784,-1.88696,0.0421539,0.0252047,1.04162,-2.3511,0;
9.73, -1.8957,-1.79056,0.044435,-0.0894024,1.16568,-2.27829,0;
9.74, -2.0104,-1.68915,0.0465312,-0.207747,1.28392,-2.20033,0;
9.75, -2.1114,-1.58143,0.0487622,-0.326869,1.39113,-2.11555,0;
9.76, -2.20009,-1.46883,0.0508602,-0.444758,1.48784,-2.0255,0;
9.77, -2.29384,-1.3537,0.0526934,-0.562422,1.58272,-1.93526,0;
9.78, -2.37396,-1.23288,0.0545359,-0.675848,1.66787,-1.84079,0;
9.79, -2.44762,-1.10993,0.0562553,-0.784158,1.74626,-1.74552,0;
9.8, -2.50909,-0.983095,0.0578793,-0.885306,1.81612,-1.64805,0;
9.81, -2.56432,-0.854539,0.059161,-0.978919,1.88031,-1.55079,0;
9.82, -2.61479,-0.723777,0.0603015,-1.0647,1.94038,-1.45416,0;
9.83, -2.64718,-0.591406,0.0616399,-1.13865,1.99067,-1.35626,0;
9.84, -2.67474,-0.457877,0.0626296,-1.20301,2.03731,-1.25953,0;
9.85, -2.69437,-0.323737,0.0636915,-1.25674,2.07978,-1.16392,0;
9.86, -2.70583,-0.192912,0.0644366,-1.2986,2.11729,-1.07116,0;
9.87, -2.70592,-0.0647677,0.0651586,-1.32786,2.1489,-0.980146,0;
9.88, -2.6966,0.0624986,0.0656561,-1.34531,2.17592,-0.889881,0;
9.89, -2.66922,0.191402,0.0663131,-1.34907,2.19551,-0.796862,0;
9.9, -2.63873,0.315078,0.0665132,-1.34241,2.21289,-0.707397,0;
9.91, -2.59618,0.433899,0.0667799,-1.3235,2.22471,-0.619227,0;
9.92, -2.54939,0.548769,0.0667235,-1.29506,2.23426,-0.533036,0;
9.93, -2.49254,0.658765,0.0665994,-1.25595,2.23895,-0.447501,0;
9.94, -2.43345,0.766149,0.066406,-1.20923,2.2426,-0.362874,0;
9.95, -2.36481,0.866621,0.0659878,-1.1529,2.2408,-0.279075,0;
9.96, -2.28778,0.963131,0.0654006,-1.08804,2.23445,-0.194477,0;
9.97, -2.20785,1.05655,0.0647851,-1.01704,2.22632,-0.109615,0;
9.98, -2.12489,1.14244,0.0643357,-0.940355,2.21525,-0.0263301,0;
9.99, -2.03855,1.22265,0.06345,-0.858415,2.20077,0.056615,0;
