0, 6.21816,323.127,-9.62083,-137.472,-6.23498,322.936,0;
0.01, 21.5496,221.515,-6.94151,-99.2038,-21.3201,221.194,0;
0.02, 27.2343,-20.6171,1.95563,-9.0016,-12.0865,-19.5819,0;
0.03, 26.677,-83.948,4.72365,8.33155,-2.78832,-81.4922,0;
0.04, 25.2629,-92.541,3.97123,9.48088,-5.45358,-89.1606,0;
0.05, 20.9707,-87.8563,2.47973,9.0321,-8.74182,-83.6838,0;
0.06, 16.7013,-78.8831,1.26403,8.81365,-10.9775,-74.1323,0;
0.07, 11.6461,-68.5978,0.464381,9.22867,-11.4329,-63.5615,0;
0.08, 5.76176,-58.6904,0.0343275,10.2053,-10.3193,-53.6341,0;
0.09, 2.27947,-49.8367,-0.172802,11.1072,-9.6469,-44.9476,0;
0.1, -1.26807,-42.2916,-0.234214,12.119,-8.37926,-37.8167,0;
0.11, -4.46716,-35.9798,-0.21487,13.0622,-6.82731,-32.0875,0;
0.12, -6.33761,-30.721,-0.170051,13.7009,-5.63557,-27.4682,0;
0.13, -7.92933,-26.3044,-0.0995853,14.1603,-4.35048,-23.7904,0;
0.14, -9.03594,-22.532,-0.0269753,14.4054,-3.10595,-20.8055,0;
0.15, -9.94442,-19.3507,0.0455199,14.4759,-1.81528,-18.4233,0;
0.16, -10.7816,-16.5265,0.106057,14.3975,-0.428077,-16.4522,0;
0.17, -11.6343,-14.0863,0.157919,14.1826,1.04833,-14.8564,0;
0.18, -11.4346,-11.9044,0.176853,13.6926,2.03405,-13.3577,0;
0.19, -12.0357,-10.0622,0.236928,13.187,3.41656,-12.2546,0;
0.2, -12.3456,-8.40233,0.302177,12.5508,4.66449,-11.2624,0;
0.21, -12.5764,-6.88796,0.338327,11.7863,5.86644,-10.3335,0;
0.22, -12.8054,-5.45708,0.357843,10.9148,7.05199,-9.42821,0;
0.23, -13.4114,-4.03117,0.35853,9.95508,8.41725,-8.54355,0;
0.24, -12.8262,-2.72874,0.360046,8.81721,9.08237,-7.49815,0;
0.25, -12.8298,-1.54207,0.372491,7.63103,9.96122,-6.56851,0;
0.26, -13.048,-0.503426,0.376728,6.41092,10.8868,-5.70368,0;
0.27, -12.2733,0.445717,0.359533,5.09788,11.2015,-4.65279,0;
0.28, -13.2348,1.39768,0.347578,3.76617,12.342,-3.83503,0;
0.29, -13.2225,2.27951,0.343093,2.40094,12.8913,-2.86812,0;
0.3, -12.7996,3.1157,0.332929,0.989822,13.0878,-1.80106,0;
0.31, -13.0843,3.9392,0.318717,-0.43261,13.5574,-0.822228,0;
0.32, -13.3334,4.65287,0.307545,-1.82635,13.9082,0.110305,0;
0.33, -12.4025,5.32157,0.302165,-3.12853,13.5327,1.21069,0;
0.34, -12.2959,6.05637,0.285867,-4.43497,13.4964,2.2195,0;
0.35, -12.2516,6.68009,0.270845,-5.63358,13.4278,3.12284,0;
0.36, -12.5279,7.31595,0.266463,-6.78793,13.4516,3.93205,0;
0.37, -12.3269,7.94468,0.247733,-7.79676,13.1579,4.78172,0;
0.38, -11.8045,8.36138,0.244405,-8.61157,12.6059,5.50517,0;
0.39, -11.5182,8.98663,0.245533,-9.36628,12.1628,6.2346,0;
0.4, -11.4312,9.62784,0.234624,-10.0139,11.8016,6.88492,0;
0.41, -10.7686,10.2831,0.219138,-10.4312,11.1333,7.56357,0;
0.42, -10.1287,10.8267,0.188026,-10.6664,10.4382,8.1149,0;
0.43, -9.82492,11.06,0.163927,-10.7322,9.88714,8.35763,0;
0.44, -9.24882,11.3795,0.179631,-10.6353,9.25968,8.59364,0;
0.45, -8.90656,11.7309,0.18098,-10.4566,8.76414,8.76941,0;
0.46, -7.76512,11.9867,0.192101,-9.96192,7.9102,8.98164,0;
0.47, -6.38015,12.4655,0.170003,-9.31782,6.97869,9.33566,0;
0.48, -5.92756,12.7299,0.136491,-8.71707,6.51978,9.38346,0;
0.49, -5.13178,12.8754,0.129264,-7.92679,5.96516,9.375,0;
0.5, -4.48496,13.0173,0.116399,-7.09223,5.50755,9.32294,0;
0.51, -3.46123,13.2615,0.101812,-6.1142,4.92907,9.39259,0;
0.52, -1.54095,13.1927,0.109874,-4.79422,3.93404,9.46627,0;
0.53, -0.502947,13.3116,0.094234,-3.68371,3.40765,9.4838,0;
0.54, 0.367234,13.4404,0.0726026,-2.60408,3.027,9.49282,0;
0.55, 1.5292,12.9058,0.0526485,-1.33575,2.42508,9.23151,0;
0.56, 2.25876,12.3563,0.0323467,-0.202211,2.02658,8.89469,0;
0.57, 3.23835,12.1849,0.0311554,0.908448,1.61833,8.85488,0;
0.58, 4.29375,12.0147,0.02109,2.01406,1.17426,8.88879,0;
0.59, 5.33177,11.6433,0.0140836,3.10236,0.703276,8.85603,0;
0.6, 5.41977,11.0281,0.00949159,3.87528,0.608713,8.50743,0;
0.61, 6.33126,10.5429,-0.0193662,4.83271,0.14762,8.46308,0;
0.62, 6.83887,9.97943,-0.0416246,5.6199,-0.180399,8.33337,0;
0.63, 6.76093,9.43984,-0.0639646,6.16149,-0.249307,8.10504,0;
0.64, 7.73068,8.91058,-0.0710476,6.96569,-0.795381,8.19226,0;
0.65, 8.67007,8.33857,-0.0705111,7.71776,-1.37099,8.3003,0;
0.66, 8.28895,7.92111,-0.0835897,7.9966,-1.33154,8.15842,0;
0.67, 8.16087,7.42596,-0.112533,8.29402,-1.43989,8.06363,0;
0.68, 8.61349,6.92218,-0.116779,8.74037,-1.83636,8.15498,0;
0.69, 8.70037,6.54913,-0.117745,9.04493,-2.065,8.23481,0;
0.7, 8.39165,6.05112,-0.137739,9.17819,-2.17749,8.14909,0;
0.71, 8.30468,5.42921,-0.147013,9.33607,-2.4406,8.07716,0;
0.72, 8.53028,4.98126,-0.154691,9.57842,-2.82177,8.20308,0;
0.73, 8.66077,4.66927,-0.165346,9.77847,-3.14118,8.38494,0;
0.74, 8.77944,4.25531,-0.172618,9.93307,-3.49243,8.51735,0;
0.75, 8.23391,3.81237,-0.182561,9.84828,-3.56923,8.41656,0;
0.76, 7.83126,3.47105,-0.195465,9.79287,-3.69047,8.40174,0;
0.77, 7.96872,3.10342,-0.204705,9.88797,-4.08523,8.55259,0;
0.78, 8.05354,2.70623,-0.210655,9.94578,-4.48665,8.67016,0;
0.79, 8.04991,2.37875,-0.220732,9.95563,-4.83381,8.77601,0;
0.8, 7.79032,2.10435,-0.228064,9.86849,-5.05042,8.80365,0;
0.81, 7.59178,1.79675,-0.236132,9.76161,-5.31086,8.80957,0;
0.82, 7.3863,1.50564,-0.243173,9.63212,-5.57563,8.79862,0;
0.83, 7.46575,1.20728,-0.253932,9.54641,-5.98351,8.84795,0;
0.84, 7.61383,0.934335,-0.263892,9.44877,-6.42406,8.9016,0;
0.85, 7.10112,0.711192,-0.26552,9.14148,-6.54043,8.71917,0;
0.86, 7.21869,0.430735,-0.260602,8.93253,-6.9564,8.66764,0;
0.87, 6.98315,0.147823,-0.268691,8.59012,-7.22791,8.45005,0;
0.88, 7.57847,-0.0706711,-0.283376,8.40245,-7.86352,8.47705,0;
0.89, 6.86013,-0.258642,-0.276269,7.8651,-7.87003,8.04778,0;
0.9, 7.17113,-0.439033,-0.287549,7.47256,-8.33768,7.85967,0;
0.91, 7.00432,-0.56326,-0.300818,6.9531,-8.5782,7.5028,0;
0.92, 6.49005,-0.814344,-0.306883,6.23327,-8.66406,6.88358,0;
0.93, 6.67875,-1.05733,-0.317846,5.59064,-9.06977,6.4139,0;
0.94, 5.90334,-1.15008,-0.319277,4.78606,-8.97512,5.70001,0;
0.95, 5.92488,-1.27349,-0.307914,4.04469,-9.235,5.14001,0;
0.96, 6.22191,-1.45197,-0.294568,3.28094,-9.63967,4.58076,0;
0.97, 6.93745,-1.63172,-0.302662,2.47726,-10.222,4.03932,0;
0.98, 6.97975,-1.80929,-0.304623,1.50405,-10.442,3.24124,0;
0.99, 7.37911,-2.01255,-0.307527,0.468716,-10.7792,2.43137,0;
1, 7.39772,-2.2385,-0.309593,-0.66218,-10.8976,1.46588,0;
1.01, 8.21891,-2.42501,-0.316723,-1.76684,-11.3392,0.660025,0;
1.02, 8.39934,-2.58191,-0.311721,-2.91986,-11.428,-0.286016,0;
1.03, 8.65327,-2.71043,-0.30329,-4.08631,-11.4811,-1.2297,0;
1.04, 8.45265,-2.86536,-0.289304,-5.25725,-11.2777,-2.26696,0;
1.05, 8.05374,-3.08246,-0.278037,-6.42474,-10.9443,-3.35774,0;
1.06, 8.68453,-3.25682,-0.277133,-7.50146,-11.0661,-4.17679,0;
1.07, 8.52367,-3.49976,-0.274292,-8.53044,-10.7993,-5.11302,0;
1.08, 8.06089,-3.751,-0.248477,-9.47452,-10.3457,-6.03428,0;
1.09, 8.56707,-4.0051,-0.241911,-10.3562,-10.324,-6.72159,0;
1.1, 8.47344,-4.34992,-0.232464,-11.1461,-10.0206,-7.46308,0;
1.11, 8.71663,-4.70269,-0.212914,-11.865,-9.84255,-8.07922,0;
1.12, 8.94255,-5.03202,-0.210729,-12.4555,-9.63612,-8.59439,0;
1.13, 8.69344,-5.33716,-0.215277,-12.875,-9.18508,-9.07206,0;
1.14, 8.46147,-5.5893,-0.181845,-13.1409,-8.74602,-9.40465,0;
1.15, 8.21703,-5.95752,-0.157549,-13.3409,-8.31648,-9.72754,0;
1.16, 7.52122,-6.4766,-0.139076,-13.4406,-7.69888,-10.1246,0;
1.17, 8.09082,-6.92062,-0.137471,-13.5563,-7.67086,-10.2541,0;
1.18, 8.28173,-7.3627,-0.126365,-13.5095,-7.50613,-10.3476,0;
1.19, 7.34773,-7.89904,-0.105746,-13.2335,-6.82638,-10.571,0;
1.2, 6.9886,-8.33479,-0.107639,-12.8844,-6.40347,-10.6268,0;
1.21, 7.43935,-8.71805,-0.105877,-12.5512,-6.40168,-10.5041,0;
1.22, 6.86426,-9.22408,-0.0786777,-12.0191,-5.98128,-10.5317,0;
1.23, 5.98796,-9.69895,-0.0457665,-11.3321,-5.4308,-10.5584,0;
1.24, 5.14364,-10.1292,-0.0202294,-10.5429,-4.92508,-10.5373,0;
1.25, 4.47002,-10.5703,-0.00244731,-9.71931,-4.53687,-10.4938,0;
1.26, 3.92326,-10.9765,0.0123219,-8.84651,-4.24325,-10.4138,0;
1.27, 3.08282,-11.3548,0.0314019,-7.853,-3.84696,-10.3567,0;
1.28, 2.29178,-11.7055,0.0490597,-6.81378,-3.49051,-10.2903,0;
1.29, 1.17817,-11.9691,0.0556777,-5.63801,-2.99513,-10.2365,0;
1.3, 0.601916,-12.1547,0.0612649,-4.52677,-2.75851,-10.0921,0;
1.31, -0.270089,-12.3687,0.0836688,-3.36917,-2.41904,-10.0316,0;
1.32, -1.57336,-12.5216,0.107016,-2.10094,-1.87124,-10.0349,0;
1.33, -2.39687,-12.5618,0.119808,-0.90828,-1.52543,-9.94773,0;
1.34, -3.56381,-12.5656,0.138796,0.331582,-1.02223,-9.9313,0;
1.35, -4.3564,-12.5122,0.152884,1.4684,-0.667475,-9.87107,0;
1.36, -5.15926,-12.3388,0.166485,2.58561,-0.279036,-9.79392,0;
1.37, -5.83172,-12.087,0.17238,3.63715,0.0942456,-9.69706,0;
1.38, -6.92305,-11.8441,0.194252,4.69548,0.690792,-9.72129,0;
1.39, -8.10483,-11.5215,0.20869,5.7136,1.39204,-9.76554,0;
1.4, -8.62806,-11.1256,0.221896,6.52241,1.82183,-9.70082,0;
1.41, -9.18009,-10.6931,0.239115,7.24438,2.29857,-9.65879,0;
1.42, -9.74494,-10.1948,0.257625,7.89039,2.8415,-9.61626,0;
1.43, -10.1297,-9.62163,0.262919,8.42198,3.36871,-9.52612,0;
1.44, -10.5389,-9.05481,0.259323,8.85941,3.95948,-9.45957,0;
1.45, -10.8168,-8.47722,0.274326,9.17709,4.51783,-9.38565,0;
1.46, -11.2262,-7.84362,0.295093,9.42714,5.18703,-9.31877,0;
1.47, -11.9353,-7.14952,0.302134,9.63425,6.06842,-9.27298,0;
1.48, -12.0101,-6.46266,0.309331,9.63622,6.65995,-9.0986,0;
1.49, -11.743,-5.77328,0.315466,9.48231,7.09064,-8.83526,0;
1.5, -11.4211,-5.12034,0.314417,9.23677,7.51044,-8.54969,0;
1.51, -12.2451,-4.39905,0.318357,9.06375,8.54805,-8.43339,0;
1.52, -12.6928,-3.63989,0.323004,8.75234,9.42261,-8.1908,0;
1.53, -12.8649,-2.88741,0.320548,8.2869,10.1344,-7.83776,0;
1.54, -12.6736,-2.17489,0.313618,7.68412,10.6282,-7.37312,0;
1.55, -12.7421,-1.50822,0.318272,7.02063,11.2154,-6.93608,0;
1.56, -12.6074,-0.77993,0.312697,6.26055,11.695,-6.36411,0;
1.57, -11.9839,-0.0576125,0.311087,5.39252,11.8842,-5.6393,0;
1.58, -12.1441,0.59926,0.308891,4.51944,12.426,-5.04838,0;
1.59, -12.2568,1.11653,0.309681,3.60769,12.8862,-4.47619,0;
1.6, -12.5293,1.8025,0.306026,2.61639,13.406,-3.78784,0;
1.61, -12.192,2.39515,0.304985,1.57065,13.5304,-2.97403,0;
1.62, -11.51,2.91002,0.303342,0.498855,13.3883,-2.09165,0;
1.63, -11.2398,3.58959,0.290115,-0.593974,13.4384,-1.16656,0;
1.64, -11.0266,4.13257,0.282582,-1.65311,13.4496,-0.31381,0;
1.65, -10.9583,4.65814,0.277412,-2.69853,13.472,0.504606,0;
1.66, -11.8901,5.28408,0.260695,-3.78404,13.9647,1.20265,0;
1.67, -12.1381,5.88141,0.253338,-4.81995,14.0365,1.99902,0;
1.68, -11.3059,6.29063,0.244982,-5.72367,13.4254,2.88464,0;
1.69, -11.2959,6.72251,0.230656,-6.61395,13.1699,3.612,0;
1.7, -11.3154,7.19944,0.215721,-7.42311,12.9194,4.30861,0;
1.71, -11.0459,7.69417,0.205283,-8.12152,12.4846,5.0177,0;
1.72, -10.8078,8.2342,0.204582,-8.73042,12.0392,5.68728,0;
1.73, -10.8045,8.73697,0.200889,-9.25073,11.6858,6.23689,0;
1.74, -9.96425,9.17785,0.196818,-9.52717,10.8935,6.83358,0;
1.75, -9.04734,9.6492,0.202551,-9.6694,10.0612,7.39364,0;
1.76, -8.56465,9.99737,0.195147,-9.71268,9.4493,7.75411,0;
1.77, -8.34393,10.2773,0.175983,-9.662,8.98526,7.97278,0;
1.78, -7.65416,10.5492,0.16017,-9.4169,8.31507,8.21601,0;
1.79, -7.08891,10.875,0.141292,-9.09839,7.7294,8.42798,0;
1.8, -6.13398,11.1425,0.13525,-8.59173,6.99191,8.6352,0;
1.81, -5.39659,11.4132,0.117852,-8.03186,6.38847,8.77453,0;
1.82, -4.3519,11.6879,0.110361,-7.32396,5.69432,8.9428,0;
1.83, -3.42045,11.8386,0.120733,-6.54891,5.08711,8.99975,0;
1.84, -2.65074,11.8899,0.105619,-5.72388,4.57487,8.96946,0;
1.85, -1.66777,11.89,0.0795175,-4.79275,3.98616,8.95291,0;
1.86, -0.782243,11.7942,0.068367,-3.84085,3.46808,8.87245,0;
1.87, 0.146856,11.7355,0.0588888,-2.86689,2.97188,8.83055,0;
1.88, 0.776727,11.5843,0.0468885,-1.94869,2.62378,8.69979,0;
1.89, 1.32966,11.3489,0.0336415,-1.04379,2.31628,8.52991,0;
1.9, 2.21794,11.1116,0.0255074,-0.0652916,1.86205,8.45507,0;
1.91, 2.77514,10.8298,0.00708091,0.814478,1.54658,8.31992,0;
1.92, 3.69408,10.5518,-0.00465814,1.76155,1.07775,8.29686,0;
1.93, 4.23956,10.166,-0.0135474,2.5842,0.755424,8.16826,0;
1.94, 4.7599,9.79764,-0.0242908,3.35706,0.450563,8.07246,0;
1.95, 5.54074,9.46556,-0.0334374,4.15937,0.0259986,8.09202,0;
1.96, 5.99398,9.06385,-0.0430082,4.8332,-0.276649,8.03213,0;
1.97, 6.13317,8.64186,-0.0559959,5.37023,-0.448547,7.90888,0;
1.98, 6.79068,8.21301,-0.0675721,6.0092,-0.873341,7.94129,0;
1.99, 7.20516,7.82754,-0.0894842,6.5418,-1.20767,7.96503,0;
2, 7.47878,7.28596,-0.100699,6.98246,-1.51879,7.89768,0;
2.01, 7.65188,6.78992,-0.105777,7.34718,-1.78413,7.84405,0;
2.02, 8.06513,6.36554,-0.112154,7.74048,-2.15753,7.91579,0;
2.03, 8.06963,5.90018,-0.124733,7.9777,-2.37795,7.87363,0;
2.04, 8.06896,5.48638,-0.136294,8.17415,-2.59272,7.8632,0;
2.05, 7.89681,5.09865,-0.143432,8.29235,-2.73937,7.82727,0;
2.06, 7.72556,4.77036,-0.153914,8.38811,-2.89032,7.82614,0;
2.07, 7.93427,4.37367,-0.170405,8.56153,-3.25952,7.90717,0;
2.08, 7.57491,4.00273,-0.172392,8.55554,-3.37569,7.83731,0;
2.09, 7.4063,3.59568,-0.182602,8.56367,-3.6,7.79606,0;
2.1, 7.37355,3.19067,-0.19201,8.59005,-3.90666,7.79575,0;
2.11, 7.60294,2.86915,-0.199204,8.67522,-4.32264,7.91528,0;
2.12, 8.03162,2.58508,-0.204139,8.78953,-4.82693,8.10532,0;
2.13, 7.90972,2.31533,-0.209824,8.72113,-5.07405,8.1115,0;
2.14, 7.80247,1.97888,-0.216655,8.59866,-5.34095,8.05451,0;
2.15, 7.17047,1.72667,-0.226425,8.33092,-5.34946,7.85317,0;
2.16, 7.15175,1.43655,-0.236896,8.17831,-5.65952,7.79514,0;
2.17, 7.0257,1.18477,-0.243931,7.99008,-5.92782,7.70577,0;
2.18, 6.88423,0.941842,-0.256463,7.75882,-6.1889,7.57984,0;
2.19, 6.5492,0.649979,-0.262283,7.43475,-6.37129,7.33468,0;
2.2, 6.16417,0.436134,-0.260414,7.08367,-6.50614,7.07967,0;
2.21, 6.7262,0.23756,-0.26434,6.90478,-7.08905,7.08324,0;
2.22, 6.82903,0.00408227,-0.268293,6.57209,-7.47036,6.88777,0;
2.23, 7.13494,-0.259877,-0.27851,6.18783,-7.93264,6.65836,0;
2.24, 6.94935,-0.437301,-0.283609,5.67905,-8.12233,6.27886,0;
2.25, 6.83685,-0.657461,-0.280712,5.10521,-8.33119,5.83528,0;
2.26, 7.33274,-0.903115,-0.282032,4.57244,-8.82834,5.49401,0;
2.27, 7.52803,-1.10444,-0.287336,3.94298,-9.15826,5.03519,0;
2.28, 6.71938,-1.24572,-0.288201,3.12501,-8.95652,4.2764,0;
2.29, 6.48096,-1.4577,-0.287555,2.31913,-9.01351,3.57916,0;
2.3, 6.94455,-1.65504,-0.286513,1.59084,-9.40696,3.05313,0;
2.31, 6.59423,-1.79813,-0.281525,0.759243,-9.37938,2.32337,0;
2.32, 6.90915,-1.94622,-0.281244,-0.0538052,-9.6313,1.70178,0;
2.33, 7.56707,-2.15263,-0.286111,-0.887774,-10.0406,1.09921,0;
2.34, 7.39312,-2.38036,-0.280223,-1.82715,-10.0122,0.261448,0;
2.35, 7.11563,-2.58564,-0.267758,-2.7758,-9.87567,-0.604696,0;
2.36, 7.04516,-2.74809,-0.262094,-3.67416,-9.80414,-1.38926,0;
2.37, 7.15899,-2.95307,-0.260293,-4.55985,-9.80532,-2.14535,0;
2.38, 7.8902,-3.17501,-0.264728,-5.42255,-10.0774,-2.77863,0;
2.39, 7.76183,-3.39383,-0.253656,-6.25696,-9.90468,-3.5399,0;
2.4, 7.25404,-3.62901,-0.236063,-7.05363,-9.50041,-4.35279,0;
2.41, 7.06211,-3.88966,-0.228638,-7.79226,-9.22802,-5.07453,0;
2.42, 7.83115,-4.15198,-0.233123,-8.49052,-9.40732,-5.57848,0;
2.43, 7.58546,-4.43685,-0.21559,-9.07894,-9.09652,-6.18886,0;
2.44, 6.97142,-4.7514,-0.19678,-9.5846,-8.5712,-6.82505,0;
2.45, 6.81515,-5.07298,-0.183747,-10.0211,-8.25817,-7.32464,0;
2.46, 7.2673,-5.3747,-0.178829,-10.4031,-8.24022,-7.65265,0;
2.47, 7.30324,-5.69675,-0.170761,-10.6726,-8.02604,-7.98622,0;
2.48, 7.05026,-6.05426,-0.160637,-10.8469,-7.65934,-8.33068,0;
2.49, 6.84178,-6.41416,-0.147056,-10.9326,-7.31357,-8.61097,0;
2.5, 6.76546,-6.7517,-0.131888,-10.9307,-7.03984,-8.8004,0;
2.51, 6.81926,-7.12512,-0.117663,-10.8752,-6.8413,-8.9441,0;
2.52, 6.25802,-7.53209,-0.0966692,-10.6695,-6.37028,-9.14106,0;
2.53, 5.67678,-7.91872,-0.0805205,-10.3637,-5.89322,-9.29046,0;
2.54, 5.56181,-8.26514,-0.0748643,-10.0254,-5.65357,-9.32192,0;
2.55, 4.8938,-8.64995,-0.054517,-9.54815,-5.19544,-9.40909,0;
2.56, 4.8795,-8.95628,-0.0464134,-9.07402,-5.04403,-9.352,0;
2.57, 4.29733,-9.27872,-0.031746,-8.45573,-4.66147,-9.35789,0;
2.58, 3.43971,-9.60833,-0.0106616,-7.73977,-4.16134,-9.39583,0;
2.59, 3.33809,-9.87371,-0.000747247,-7.07971,-4.02642,-9.29775,0;
2.6, 2.16267,-10.1572,0.0149078,-6.20142,-3.42309,-9.34935,0;
2.61, 1.21999,-10.4015,0.0355208,-5.31478,-2.92966,-9.3579,0;
2.62, 1.16523,-10.5409,0.0405491,-4.53138,-2.8652,-9.1979,0;
2.63, 0.396683,-10.6848,0.0544139,-3.61359,-2.49162,-9.14984,0;
2.64, -0.716631,-10.7851,0.0736453,-2.60976,-1.94135,-9.15292,0;
2.65, -1.47628,-10.8325,0.0862937,-1.6595,-1.55115,-9.10169,0;
2.66, -2.13786,-10.8405,0.098955,-0.736869,-1.21341,-9.03909,0;
2.67, -3.13504,-10.8045,0.122916,0.233571,-0.713614,-9.03299,0;
2.68, -3.7902,-10.6968,0.137501,1.12964,-0.348199,-8.96709,0;
2.69, -4.69602,-10.5591,0.146485,2.0359,0.152627,-8.95296,0;
2.7, -5.5702,-10.3748,0.163402,2.89766,0.660297,-8.94345,0;
2.71, -6.64284,-10.0978,0.185355,3.75634,1.29091,-8.95165,0;
2.72, -6.99473,-9.77264,0.18608,4.43166,1.61506,-8.8372,0;
2.73, -7.37725,-9.43152,0.191082,5.04006,1.9688,-8.74533,0;
2.74, -8.15553,-9.06632,0.202223,5.65544,2.55121,-8.73564,0;
2.75, -8.14262,-8.62993,0.210251,6.07938,2.79685,-8.57301,0;
2.76, -8.76403,-8.20774,0.226968,6.52895,3.3681,-8.54494,0;
2.77, -9.05059,-7.74692,0.234082,6.86487,3.8306,-8.45061,0;
2.78, -9.54904,-7.25677,0.240305,7.15758,4.42706,-8.38545,0;
2.79, -9.49828,-6.72332,0.247298,7.29837,4.78556,-8.19809,0;
2.8, -10.2663,-6.14049,0.257434,7.48116,5.57776,-8.13733,0;
2.81, -10.4451,-5.60395,0.262779,7.50572,6.09915,-7.98341,0;
2.82, -10.1768,-5.0428,0.263966,7.38539,6.40261,-7.71227,0;
2.83, -10.3533,-4.46094,0.268752,7.25477,6.94199,-7.49665,0;
2.84, -10.7174,-3.86517,0.275315,7.08102,7.59911,-7.29387,0;
2.85, -10.4616,-3.27089,0.275726,6.76477,7.94641,-6.94034,0;
2.86, -10.3125,-2.69343,0.278236,6.389,8.33046,-6.58249,0;
2.87, -10.7086,-2.08543,0.280032,6.00527,8.99953,-6.28486,0;
2.88, -10.8879,-1.5096,0.27925,5.53698,9.54678,-5.92431,0;
2.89, -10.8814,-0.957139,0.277112,4.98286,9.96335,-5.49443,0;
2.9, -10.8484,-0.398761,0.272808,4.36683,10.3381,-5.01187,0;
2.91, -10.8651,0.128527,0.269206,3.70424,10.7033,-4.51476,0;
2.92, -10.4467,0.682688,0.269985,2.97653,10.8179,-3.88459,0;
2.93, -10.325,1.26272,0.269841,2.22222,11.0524,-3.2587,0;
2.94, -10.9216,1.73636,0.268934,1.47041,11.6073,-2.79574,0;
2.95, -10.835,2.2671,0.262625,0.666787,11.7837,-2.14536,0;
2.96, -10.9986,2.82477,0.248071,-0.172293,12.0267,-1.48533,0;
2.97, -10.9914,3.32867,0.243177,-1.01119,12.1244,-0.809193,0;
2.98, -10.3248,3.7968,0.239261,-1.8314,11.8234,-0.0202109,0;
2.99, -9.57382,4.25026,0.239636,-2.61486,11.4309,0.776032,0;
3, -9.56875,4.7291,0.232869,-3.38348,11.4008,1.43971,0;
3.01, -9.29575,5.20347,0.224629,-4.09148,11.2173,2.12826,0;
3.02, -9.48257,5.69593,0.219666,-4.7904,11.2268,2.72601,0;
3.03, -9.49717,6.14003,0.209769,-5.41874,11.1083,3.30641,0;
3.04, -9.25854,6.57719,0.198148,-5.97273,10.8158,3.90524,0;
3.05, -8.99252,6.98028,0.194023,-6.44788,10.4724,4.45456,0;
3.06, -8.5323,7.33562,0.187735,-6.81429,10.0052,4.97484,0;
3.07, -8.65658,7.66069,0.176735,-7.15862,9.81186,5.33945,0;
3.08, -8.32807,8.07067,0.164374,-7.38124,9.40595,5.78508,0;
3.09, -7.79277,8.4037,0.154632,-7.47914,8.86972,6.19047,0;
3.1, -7.44779,8.80146,0.148076,-7.52419,8.44139,6.55141,0;
3.11, -6.58738,9.06335,0.142764,-7.37618,7.75623,6.89075,0;
3.12, -6.46577,9.2212,0.129207,-7.23864,7.42454,7.01035,0;
3.13, -6.00073,9.46797,0.127123,-6.98485,6.97665,7.19723,0;
3.14, -5.09928,9.65075,0.121133,-6.5702,6.31432,7.40996,0;
3.15, -4.49594,9.88677,0.117104,-6.14536,5.82691,7.57567,0;
3.16, -3.87616,10.0805,0.103274,-5.64679,5.35819,7.70401,0;
3.17, -3.27985,10.1352,0.0901787,-5.07637,4.90356,7.73868,0;
3.18, -2.37232,10.2578,0.0802977,-4.406,4.33693,7.85722,0;
3.19, -1.68319,10.3258,0.0678685,-3.73479,3.88737,7.90429,0;
3.2, -0.838979,10.3101,0.0629879,-2.98986,3.38492,7.93585,0;
3.21, -0.142398,10.277,0.0518598,-2.25354,2.9665,7.93535,0;
3.22, 0.530196,10.2227,0.0345227,-1.5082,2.57525,7.9289,0;
3.23, 1.17884,10.0045,0.0245383,-0.748798,2.18286,7.84545,0;
3.24, 2.14207,9.78957,0.0223254,0.0783202,1.65709,7.84455,0;
3.25, 2.67719,9.57608,0.0149535,0.791965,1.33683,7.77887,0;
3.26, 2.99013,9.38891,-0.00706388,1.43018,1.1331,7.69782,0;
3.27, 3.6665,9.10393,-0.011482,2.1396,0.746612,7.66767,0;
3.28, 4.04933,8.76957,-0.0269659,2.75921,0.468465,7.57075,0;
3.29, 4.39156,8.33044,-0.0527766,3.34156,0.178865,7.43383,0;
3.3, 4.76959,8.08265,-0.062978,3.89004,-0.0876182,7.42281,0;
3.31, 5.10944,7.77118,-0.072468,4.39951,-0.360615,7.39923,0;
3.32, 5.16838,7.42731,-0.0859745,4.80752,-0.525071,7.30824,0;
3.33, 5.41581,7.06618,-0.0889016,5.22843,-0.788817,7.27121,0;
3.34, 6.20714,6.6592,-0.093439,5.75937,-1.3371,7.36935,0;
3.35, 6.39896,6.30158,-0.0987567,6.10435,-1.61034,7.35933,0;
3.36, 6.36589,5.88492,-0.107566,6.34598,-1.79062,7.27107,0;
3.37, 7.08874,5.56915,-0.111886,6.75199,-2.30712,7.44096,0;
3.38, 7.21592,5.28944,-0.130387,6.98108,-2.56425,7.48494,0;
3.39, 6.99528,4.9733,-0.143431,7.07964,-2.66239,7.41538,0;
3.4, 6.87322,4.64588,-0.151555,7.17247,-2.81944,7.36333,0;
3.41, 6.66173,4.28572,-0.163968,7.21935,-2.96827,7.27488,0;
3.42, 6.51664,3.93361,-0.173431,7.26009,-3.16257,7.20879,0;
3.43, 6.50677,3.56793,-0.1764,7.30907,-3.43831,7.17378,0;
3.44, 6.80559,3.2331,-0.182075,7.41134,-3.86507,7.23828,0;
3.45, 7.11444,2.93345,-0.184957,7.49146,-4.29407,7.31925,0;
3.46, 7.02874,2.60368,-0.195514,7.43283,-4.54697,7.25187,0;
3.47, 7.13406,2.28878,-0.20473,7.38193,-4.88074,7.22396,0;
3.48, 7.22995,2.0197,-0.212699,7.30649,-5.20353,7.20091,0;
3.49, 7.05484,1.73569,-0.218612,7.131,-5.40182,7.06833,0;
3.5, 6.64987,1.48266,-0.223305,6.87832,-5.48181,6.85815,0;
3.51, 6.41538,1.20465,-0.23211,6.6286,-5.65511,6.65837,0;
3.52, 6.87089,0.937893,-0.237297,6.49624,-6.16316,6.63817,0;
3.53, 6.82537,0.696661,-0.240744,6.23364,-6.43076,6.46269,0;
3.54, 6.75998,0.478295,-0.243889,5.92009,-6.66474,6.24757,0;
3.55, 6.83701,0.260887,-0.251171,5.59174,-6.96162,6.03169,0;
3.56, 7.04355,0.0460126,-0.258385,5.24322,-7.31472,5.81353,0;
3.57, 6.74183,-0.175822,-0.259343,4.76291,-7.41307,5.41206,0;
3.58, 6.40617,-0.373312,-0.257708,4.24161,-7.47123,4.97029,0;
3.59, 6.61128,-0.579933,-0.260632,3.76787,-7.78751,4.63215,0;
3.6, 6.47344,-0.793604,-0.261797,3.21069,-7.9369,4.16935,0;
3.61, 6.60482,-1.0028,-0.264378,2.64407,-8.19154,3.73077,0;
3.62, 6.60658,-1.17094,-0.263255,2.04492,-8.35948,3.25309,0;
3.63, 6.44881,-1.38813,-0.262893,1.37332,-8.43562,2.66872,0;
3.64, 6.9064,-1.61242,-0.267103,0.728657,-8.78834,2.19176,0;
3.65, 6.70391,-1.80812,-0.265258,0.0146221,-8.79749,1.55854,0;
3.66, 7.00696,-2.037,-0.263348,-0.703917,-9.01596,0.986158,0;
3.67, 7.06747,-2.23659,-0.257233,-1.43302,-9.09297,0.369556,0;
3.68, 7.12683,-2.41827,-0.252047,-2.16901,-9.13028,-0.254155,0;
3.69, 7.09087,-2.61881,-0.249175,-2.90981,-9.09662,-0.91046,0;
3.7, 7.01882,-2.85291,-0.249644,-3.65314,-9.02307,-1.59143,0;
3.71, 6.36422,-3.07353,-0.234517,-4.36578,-8.64489,-2.35035,0;
3.72, 6.61642,-3.29701,-0.231678,-5.03541,-8.68097,-2.91931,0;
3.73, 6.88476,-3.55033,-0.225736,-5.67001,-8.72865,-3.46142,0;
3.74, 7.00887,-3.81334,-0.219088,-6.27732,-8.67735,-4.01496,0;
3.75, 6.78556,-4.06753,-0.211567,-6.82444,-8.42815,-4.59132,0;
3.76, 6.74271,-4.30068,-0.203413,-7.31222,-8.23993,-5.08614,0;
3.77, 7.04284,-4.58418,-0.200259,-7.77487,-8.21243,-5.51206,0;
3.78, 7.31684,-4.85848,-0.193973,-8.17422,-8.16018,-5.89239,0;
3.79, 7.2021,-5.14097,-0.181906,-8.48928,-7.90342,-6.29515,0;
3.8, 6.75651,-5.4597,-0.161494,-8.72159,-7.47828,-6.72151,0;
3.81, 6.51772,-5.76682,-0.142679,-8.88554,-7.14936,-7.06066,0;
3.82, 6.18241,-6.09555,-0.125936,-8.96779,-6.79012,-7.37321,0;
3.83, 5.70606,-6.43403,-0.115583,-8.96059,-6.37022,-7.66603,0;
3.84, 5.81643,-6.74062,-0.119939,-8.92845,-6.23105,-7.81985,0;
3.85, 5.19951,-7.04905,-0.110079,-8.74176,-5.77193,-8.02735,0;
3.86, 4.91111,-7.34494,-0.0902944,-8.52365,-5.46948,-8.15294,0;
3.87, 4.40426,-7.65096,-0.0619123,-8.21641,-5.09278,-8.28111,0;
3.88, 3.73745,-7.95273,-0.0456428,-7.82458,-4.64871,-8.40697,0;
3.89, 3.3815,-8.24011,-0.0428474,-7.41217,-4.36202,-8.46733,0;
3.9, 2.85665,-8.4867,-0.0385557,-6.91178,-4.01627,-8.50984,0;
3.91, 2.6823,-8.68219,-0.023036,-6.40463,-3.84778,-8.46455,0;
3.92, 2.44711,-8.89572,-0.016189,-5.8594,-3.66274,-8.43389,0;
3.93, 1.71788,-9.1055,0.00283063,-5.2065,-3.2522,-8.47078,0;
3.94, 1.22495,-9.26505,0.00793021,-4.54354,-2.94211,-8.45369,0;
3.95, 0.87004,-9.41035,0.0182164,-3.88137,-2.71324,-8.41215,0;
3.96, -0.0080536,-9.52576,0.0452807,-3.11462,-2.24858,-8.43789,0;
3.97, -0.637343,-9.5983,0.0566131,-2.36484,-1.88566,-8.4192,0;
3.98, -1.45872,-9.67143,0.0718492,-1.58756,-1.44365,-8.44187,0;
3.99, -1.89138,-9.65234,0.0872319,-0.859453,-1.17645,-8.37478,0;
4, -2.47524,-9.57816,0.100395,-0.109144,-0.831396,-8.31849,0;
4.01, -3.25975,-9.50354,0.116012,0.652447,-0.377818,-8.31328,0;
4.02, -4.01412,-9.39223,0.123106,1.38918,0.083059,-8.30784,0;
4.03, -4.59245,-9.22756,0.131866,2.07032,0.472827,-8.26626,0;
4.04, -4.99242,-9.01607,0.14471,2.68829,0.790854,-8.19187,0;
4.05, -5.72742,-8.7818,0.159517,3.31916,1.29057,-8.18139,0;
4.06, -6.37841,-8.50972,0.171667,3.89525,1.78148,-8.15733,0;
4.07, -6.59388,-8.18886,0.17851,4.3547,2.08563,-8.04911,0;
4.08, -6.79137,-7.84104,0.184866,4.758,2.40091,-7.93544,0;
4.09, -7.92284,-7.46646,0.199345,5.25009,3.20322,-7.98967,0;
4.1, -8.11268,-7.06367,0.207936,5.54745,3.58071,-7.87295,0;
4.11, -7.87285,-6.63618,0.210414,5.71292,3.75025,-7.66285,0;
4.12, -8.64081,-6.20557,0.218666,5.96109,4.4376,-7.63827,0;
4.13, -8.46959,-5.75055,0.222394,6.0323,4.70137,-7.43014,0;
4.14, -9.15748,-5.27804,0.228581,6.14318,5.39454,-7.36421,0;
4.15, -9.65035,-4.80346,0.233675,6.17239,6.01618,-7.25549,0;
4.16, -9.83272,-4.3059,0.239658,6.08962,6.48192,-7.05867,0;
4.17, -9.57232,-3.80796,0.242394,5.89439,6.7217,-6.75455,0;
4.18, -9.44944,-3.28634,0.242557,5.65699,7.03681,-6.4417,0;
4.19, -8.66865,-2.77929,0.244625,5.31577,7.02723,-5.99188,0;
4.2, -9.16281,-2.27944,0.248523,5.04073,7.66039,-5.76625,0;
4.21, -9.48317,-1.75639,0.250783,4.71072,8.23036,-5.4799,0;
4.22, -9.62799,-1.2495,0.249559,4.29958,8.68273,-5.13017,0;
4.23, -9.74277,-0.768395,0.251847,3.83283,9.08526,-4.75463,0;
4.24, -9.53952,-0.270334,0.249102,3.2986,9.30526,-4.27519,0;
4.25, -9.85081,0.238658,0.243243,2.74473,9.76131,-3.85226,0;
4.26, -10.1806,0.752378,0.241753,2.15258,10.2057,-3.40571,0;
4.27, -9.78299,1.22058,0.244036,1.50464,10.2298,-2.81519,0;
4.28, -10.1031,1.67118,0.238239,0.843404,10.5701,-2.33614,0;
4.29, -9.60423,2.09604,0.233104,0.169619,10.469,-1.70297,0;
4.3, -8.76519,2.5997,0.230356,-0.517457,10.1629,-0.947483,0;
4.31, -9.32283,3.06583,0.22304,-1.19966,10.5377,-0.461042,0;
4.32, -9.49265,3.50563,0.214998,-1.86215,10.7018,0.0767292,0;
4.33, -9.39405,3.97925,0.205325,-2.52354,10.6767,0.691363,0;
4.34, -9.48533,4.40099,0.19986,-3.1661,10.6926,1.24375,0;
4.35, -9.18087,4.74992,0.19566,-3.74742,10.4632,1.81711,0;
4.36, -9.13801,5.15288,0.191014,-4.31394,10.3374,2.35831,0;
4.37, -8.71403,5.57722,0.196573,-4.80604,10.007,2.95229,0;
4.38, -8.12786,5.96272,0.192722,-5.22018,9.56229,3.53712,0;
4.39, -7.89932,6.3928,0.181776,-5.60406,9.29246,4.05227,0;
4.4, -7.79448,6.77275,0.182893,-5.92612,9.07774,4.47983,0;
4.41, -7.66141,7.13402,0.170685,-6.17679,8.83091,4.87482,0;
4.42, -7.05774,7.4597,0.151038,-6.29567,8.3313,5.30469,0;
4.43, -6.81688,7.78773,0.149868,-6.38965,8.00761,5.63311,0;
4.44, -6.47016,8.06978,0.142055,-6.38747,7.63579,5.92355,0;
4.45, -6.21175,8.20912,0.126491,-6.30492,7.28368,6.09877,0;
4.46, -5.37607,8.51928,0.11825,-6.09406,6.68814,6.43371,0;
4.47, -4.80405,8.87031,0.111888,-5.86363,6.2371,6.7235,0;
4.48, -4.31078,9.00752,0.109464,-5.54613,5.82128,6.86061,0;
4.49, -4.16371,9.12215,0.0980367,-5.23007,5.58305,6.89808,0;
4.5, -3.67764,9.24292,0.0824201,-4.80603,5.19744,6.98967,0;
4.51, -3.09991,9.36331,0.0653406,-4.31976,4.77124,7.09322,0;
4.52, -2.58064,9.44164,0.0627342,-3.80139,4.38822,7.15372,0;
4.53, -2.08236,9.383,0.0519454,-3.23584,4.00606,7.136,0;
4.54, -0.974132,9.40149,0.0476971,-2.52875,3.36567,7.27746,0;
4.55, -0.367338,9.4349,0.0357712,-1.90458,2.97632,7.33841,0;
4.56, 0.306507,9.31072,0.037125,-1.24057,2.56503,7.3333,0;
4.57, 1.43035,9.22066,0.0423218,-0.475952,1.96125,7.44524,0;
4.58, 1.89692,9.03655,0.0274683,0.155506,1.65118,7.39295,0;
4.59, 2.3295,8.89448,0.010999,0.762453,1.38753,7.36291,0;
4.6, 2.49351,8.69046,-0.00630747,1.29821,1.23635,7.25964,0;
4.61, 2.76603,8.55969,-0.0249583,1.83936,1.04394,7.23186,0;
4.62, 3.62843,8.29728,-0.031973,2.50853,0.5394,7.28884,0;
4.63, 4.07639,8.05173,-0.0431768,3.06358,0.218196,7.28032,0;
4.64, 4.34775,7.80946,-0.0551452,3.54528,-0.0121537,7.24698,0;
4.65, 4.56996,7.40082,-0.0643274,3.99032,-0.261205,7.13521,0;
4.66, 4.74132,6.9736,-0.0790123,4.39466,-0.507758,7.019,0;
4.67, 5.29556,6.68246,-0.0830776,4.85922,-0.909918,7.08271,0;
4.68, 5.88793,6.42947,-0.0927085,5.30716,-1.33611,7.1976,0;
4.69, 5.65714,6.07322,-0.110189,5.52176,-1.40922,7.06638,0;
4.7, 5.80688,5.79131,-0.117592,5.79404,-1.63788,7.069,0;
4.71, 6.22654,5.53988,-0.126164,6.11233,-2.00993,7.17097,0;
4.72, 6.29526,5.13021,-0.131286,6.30967,-2.27033,7.1119,0;
4.73, 6.33835,4.80352,-0.143827,6.47253,-2.5055,7.08492,0;
4.74, 6.39642,4.433,-0.146415,6.60629,-2.76595,7.04658,0;
4.75, 6.73518,4.03483,-0.150806,6.77425,-3.17772,7.07028,0;
4.76, 6.99458,3.67608,-0.158194,6.89667,-3.5542,7.09216,0;
4.77, 6.75372,3.4292,-0.169674,6.88353,-3.66847,7.02859,0;
4.78, 6.77109,3.14614,-0.180786,6.89187,-3.91315,7.00438,0;
4.79, 6.64561,2.83086,-0.187378,6.84303,-4.11434,6.91798,0;
4.8, 6.52645,2.56205,-0.192082,6.77474,-4.31337,6.84368,0;
4.81, 6.88596,2.30672,-0.197659,6.78534,-4.74406,6.89433,0;
4.82, 6.61069,2.07189,-0.205123,6.63786,-4.87912,6.76528,0;
4.83, 6.84803,1.81119,-0.212561,6.55056,-5.25575,6.73364,0;
4.84, 7.1177,1.52661,-0.216536,6.43618,-5.66331,6.67916,0;
4.85, 6.63495,1.29156,-0.222119,6.1436,-5.69475,6.41294,0;
4.86, 6.52773,1.04345,-0.228371,5.88124,-5.89724,6.20802,0;
4.87, 6.60088,0.791754,-0.236114,5.62715,-6.19861,6.02899,0;
4.88, 6.28416,0.561203,-0.238033,5.27622,-6.30692,5.72853,0;
4.89, 6.39941,0.316052,-0.241634,4.95575,-6.61594,5.49911,0;
4.9, 6.33245,0.0644752,-0.24284,4.57345,-6.84042,5.1914,0;
4.91, 6.27512,-0.146724,-0.24752,4.16092,-7.04684,4.86806,0;
4.92, 6.55799,-0.348998,-0.25608,3.76111,-7.40473,4.59947,0;
4.93, 6.48626,-0.576123,-0.254809,3.26793,-7.58482,4.19471,0;
4.94, 6.13785,-0.769731,-0.250893,2.71063,-7.59968,3.69953,0;
4.95, 6.55352,-0.987061,-0.255468,2.20184,-7.97383,3.34183,0;
4.96, 6.43147,-1.18181,-0.25797,1.61742,-8.07784,2.84374,0;
4.97, 6.62101,-1.37118,-0.256844,1.02551,-8.29746,2.38259,0;
4.98, 6.57606,-1.58407,-0.252484,0.386448,-8.39059,1.83403,0;
4.99, 6.61602,-1.78434,-0.253007,-0.268783,-8.49507,1.28047,0;
5, 6.69127,-2.01959,-0.25225,-0.944204,-8.60086,0.701227,0;
5.01, 6.38273,-2.20809,-0.241602,-1.6266,-8.48889,0.0617091,0;
5.02, 6.84828,-2.42141,-0.243165,-2.28796,-8.72671,-0.444913,0;
5.03, 6.60853,-2.63666,-0.237983,-2.9599,-8.61249,-1.08369,0;
5.04, 6.71622,-2.8417,-0.236719,-3.61667,-8.62396,-1.65522,0;
5.05, 6.84699,-3.08554,-0.237955,-4.26169,-8.63642,-2.22866,0;
5.06, 6.79657,-3.33672,-0.230307,-4.88509,-8.53763,-2.8208,0;
5.07, 6.76312,-3.59631,-0.222477,-5.47562,-8.42246,-3.39113,0;
5.08, 6.46652,-3.85532,-0.210351,-6.01333,-8.16338,-3.97266,0;
5.09, 6.70527,-4.08718,-0.202969,-6.50778,-8.13966,-4.41675,0;
5.1, 6.50042,-4.32317,-0.192602,-6.92881,-7.90003,-4.89253,0;
5.11, 6.53118,-4.60993,-0.184305,-7.32965,-7.75607,-5.32803,0;
5.12, 6.95447,-4.88391,-0.180333,-7.69081,-7.79114,-5.6564,0;
5.13, 6.90592,-5.17114,-0.173832,-7.9688,-7.5924,-6.0254,0;
5.14, 6.54288,-5.48031,-0.163244,-8.16752,-7.22576,-6.41719,0;
5.15, 5.99655,-5.78239,-0.145136,-8.27173,-6.7707,-6.78383,0;
5.16, 5.51347,-6.10926,-0.125121,-8.31364,-6.3592,-7.10778,0;
5.17, 5.51273,-6.3984,-0.113988,-8.31718,-6.18706,-7.30049,0;
5.18, 5.15901,-6.68678,-0.103976,-8.21529,-5.86446,-7.50191,0;
5.19, 4.89936,-6.97179,-0.092591,-8.06037,-5.58636,-7.65959,0;
5.2, 5.00385,-7.26844,-0.0864488,-7.8942,-5.49093,-7.74561,0;
5.21, 4.29189,-7.58446,-0.0703195,-7.57599,-5.02739,-7.92889,0;
5.22, 3.96274,-7.85998,-0.0590989,-7.23506,-4.7351,-8.02086,0;
5.23, 3.55263,-8.11165,-0.0465701,-6.8222,-4.42768,-8.08845,0;
5.24, 3.18837,-8.36214,-0.0420953,-6.36926,-4.14958,-8.13672,0;
5.25, 2.58978,-8.59987,-0.0259628,-5.8376,-3.77792,-8.20094,0;
5.26, 2.53533,-8.79111,-0.0161357,-5.33614,-3.66412,-8.15851,0;
5.27, 1.88475,-8.96806,-0.00234364,-4.71108,-3.28517,-8.18981,0;
5.28, 1.61835,-9.10658,0.0121202,-4.1084,-3.07875,-8.15044,0;
5.29, 0.826015,-9.22343,0.0346389,-3.40026,-2.63795,-8.18038,0;
5.3, -0.172176,-9.3343,0.055469,-2.6432,-2.09542,-8.24956,0;
5.31, -1.25383,-9.44176,0.0704607,-1.86642,-1.51986,-8.34177,0;
5.32, -2.05898,-9.46537,0.0863271,-1.11763,-1.08035,-8.36061,0;
5.33, -2.45274,-9.43448,0.0924815,-0.435537,-0.837579,-8.29893,0;
5.34, -2.89502,-9.36961,0.100731,0.241505,-0.569724,-8.24289,0;
5.35, -3.42668,-9.23495,0.107733,0.927689,-0.233576,-8.18411,0;
5.36, -4.19717,-9.10205,0.116091,1.62336,0.233573,-8.18536,0;
5.37, -4.42253,-8.93797,0.12495,2.20237,0.458427,-8.10337,0;
5.38, -4.96004,-8.72289,0.140566,2.79888,0.846402,-8.06389,0;
5.39, -5.68842,-8.49661,0.155659,3.38886,1.35628,-8.07102,0;
5.4, -6.15343,-8.22265,0.164804,3.89836,1.7687,-8.02681,0;
5.41, -6.96326,-7.92392,0.178126,4.40887,2.36348,-8.04205,0;
5.42, -7.49918,-7.57917,0.188147,4.82935,2.85506,-7.99907,0;
5.43, -7.47495,-7.20762,0.192307,5.10974,3.08923,-7.84884,0;
5.44, -7.94203,-6.8427,0.199534,5.40022,3.57678,-7.79427,0;
5.45, -8.11633,-6.4435,0.206958,5.60276,3.9577,-7.67677,0;
5.46, -8.53549,-6.01963,0.215259,5.7783,4.47815,-7.58929,0;
5.47, -8.79377,-5.58596,0.225137,5.87627,4.94004,-7.46558,0;
5.48, -8.86148,-5.12526,0.22807,5.88954,5.32467,-7.28254,0;
5.49, -8.55361,-4.65069,0.227823,5.80293,5.53586,-7.00563,0;
5.5, -9.13352,-4.16628,0.23261,5.75885,6.20123,-6.88118,0;
5.51, -9.37795,-3.67588,0.236747,5.62672,6.72125,-6.67861,0;
5.52, -8.76198,-3.1965,0.239132,5.34553,6.79574,-6.29051,0;
5.53, -9.22248,-2.69562,0.242908,5.10747,7.40614,-6.07139,0;
5.54, -9.80539,-2.19245,0.24354,4.8312,8.09737,-5.85453,0;
5.55, -10.1236,-1.69982,0.243782,4.46453,8.63219,-5.55961,0;
5.56, -10.0797,-1.18375,0.244986,4.00931,8.9562,-5.14705,0;
5.57, -10.0713,-0.670297,0.245792,3.50293,9.27031,-4.70733,0;
5.58, -9.39625,-0.221736,0.244951,2.93238,9.21657,-4.14427,0;
5.59, -8.81556,0.151956,0.24407,2.34743,9.17246,-3.60911,0;
5.6, -9.20293,0.816062,0.243401,1.75417,9.67089,-3.09191,0;
5.61, -9.65882,1.33879,0.236754,1.14579,10.1692,-2.63423,0;
5.62, -9.85883,1.72767,0.229775,0.506127,10.4623,-2.17334,0;
5.63, -9.72156,2.1437,0.228491,-0.162448,10.5363,-1.61296,0;
5.64, -9.6821,2.63347,0.225867,-0.851893,10.6297,-1.01096,0;
5.65, -9.36891,3.10338,0.228161,-1.52941,10.5497,-0.362377,0;
5.66, -9.39528,3.56875,0.226943,-2.20559,10.6033,0.226956,0;
5.67, -9.47622,3.98382,0.214703,-2.85729,10.6483,0.781684,0;
5.68, -9.53261,4.39564,0.203594,-3.48826,10.6417,1.33286,0;
5.69, -9.65787,4.80324,0.194077,-4.0946,10.6298,1.85982,0;
5.7, -9.23917,5.21043,0.199363,-4.62628,10.3132,2.46156,0;
5.71, -8.79024,5.67313,0.193301,-5.11191,9.95508,3.08447,0;
5.72, -8.65044,6.14511,0.183121,-5.56163,9.7398,3.62968,0;
5.73, -8.59721,6.50851,0.170287,-5.93789,9.54028,4.06949,0;
5.74, -8.46647,6.83682,0.160985,-6.23663,9.28058,4.46911,0;
5.75, -7.41044,7.19521,0.155646,-6.36077,8.55695,5.01334,0;
5.76, -6.98706,7.50045,0.156218,-6.47321,8.13051,5.3867,0;
5.77, -6.21977,7.94007,0.165838,-6.47962,7.59022,5.84409,0;
5.78, -5.60564,8.29058,0.161404,-6.41412,7.11602,6.20253,0;
5.79, -5.74231,8.53292,0.138936,-6.36557,7.00308,6.34358,0;
5.8, -5.49302,8.74937,0.123011,-6.19331,6.7163,6.50439,0;
5.81, -5.02804,8.95588,0.116848,-5.92589,6.31839,6.67714,0;
5.82, -4.33268,9.19715,0.111115,-5.56166,5.8226,6.89348,0;
5.83, -3.78038,9.26057,0.092825,-5.13487,5.37782,6.98122,0;
5.84, -3.60495,9.35471,0.0806883,-4.73582,5.14354,6.99409,0;
5.85, -2.76028,9.42913,0.0845848,-4.16748,4.61398,7.11273,0;
5.86, -2.22555,9.49212,0.0644215,-3.61376,4.22377,7.17216,0;
5.87, -1.69718,9.4853,0.0514364,-3.02403,3.85403,7.18937,0;
5.88, -0.922833,9.53333,0.0561311,-2.3695,3.40063,7.28028,0;
5.89, 0.212916,9.55667,0.0508211,-1.61009,2.78184,7.44329,0;
5.9, 0.336597,9.43611,0.0274595,-1.041,2.62159,7.33716,0;
5.91, 0.770999,9.40092,0.010903,-0.416482,2.36176,7.3371,0;
5.92, 1.56128,9.25282,-0.00361196,0.298969,1.90633,7.37187,0;
5.93, 2.23726,9.08072,-0.00343759,0.985548,1.50585,7.3869,0;
5.94, 3.00136,8.80036,-0.00437288,1.68479,1.05152,7.38395,0;
5.95, 3.59603,8.52317,-0.0119849,2.32617,0.677653,7.36625,0;
5.96, 4.31549,8.2557,-0.0229818,2.97034,0.251519,7.40207,0;
5.97, 4.41322,8.04422,-0.0376397,3.43686,0.123529,7.34262,0;
5.98, 4.21343,7.70309,-0.0508997,3.80279,0.106407,7.16315,0;
5.99, 4.92352,7.37423,-0.0621109,4.3653,-0.349878,7.22235,0;
6, 5.47047,7.01848,-0.0749969,4.86722,-0.767115,7.2569,0;
6.01, 5.36311,6.75778,-0.0950828,5.1747,-0.861386,7.19175,0;
6.02, 5.63283,6.5442,-0.0962828,5.54093,-1.11175,7.25512,0;
6.03, 6.30871,6.15979,-0.0995151,5.98079,-1.6164,7.35429,0;
6.04, 6.3755,5.75291,-0.112839,6.23939,-1.86369,7.29419,0;
6.05, 6.49461,5.41319,-0.119609,6.47359,-2.1127,7.28618,0;
6.06, 6.77334,5.03242,-0.126338,6.71524,-2.46,7.31059,0;
6.07, 6.65551,4.70168,-0.134778,6.8359,-2.62505,7.25998,0;
6.08, 7.05765,4.39198,-0.149308,7.05092,-3.03513,7.35901,0;
6.09, 6.97179,4.07822,-0.163569,7.12562,-3.23683,7.3274,0;
6.1, 6.57925,3.78716,-0.177845,7.09598,-3.29074,7.21251,0;
6.11, 6.58231,3.46316,-0.183781,7.13268,-3.54713,7.18674,0;
6.12, 6.62504,3.10383,-0.183775,7.15464,-3.85171,7.15379,0;
6.13, 6.47591,2.82331,-0.184891,7.11673,-4.0555,7.09709,0;
6.14, 6.39254,2.5687,-0.19017,7.06859,-4.28931,7.05786,0;
6.15, 6.47466,2.32898,-0.203233,7.033,-4.6093,7.05668,0;
6.16, 6.67807,2.07171,-0.21137,6.99007,-4.9965,7.06299,0;
6.17, 6.73244,1.75726,-0.218849,6.86632,-5.32894,6.97214,0;
6.18, 6.50223,1.47246,-0.228797,6.6488,-5.51503,6.78489,0;
6.19, 6.36512,1.20677,-0.233332,6.41804,-5.73431,6.6062,0;
6.2, 6.84943,0.959142,-0.239179,6.27642,-6.24884,6.58235,0;
6.21, 6.60554,0.729365,-0.241426,5.96629,-6.41361,6.33894,0;
6.22, 6.271,0.495737,-0.243082,5.58826,-6.51591,6.02152,0;
6.23, 6.18695,0.253391,-0.24565,5.2191,-6.74003,5.73435,0;
6.24, 6.7817,0.0224311,-0.25266,4.92354,-7.28923,5.59939,0;
6.25, 6.81427,-0.132631,-0.256779,4.51877,-7.54457,5.32099,0;
6.26, 7.04142,-0.469538,-0.257274,4.02035,-7.9022,4.9313,0;
6.27, 6.84805,-0.675433,-0.259742,3.462,-8.01485,4.46294,0;
6.28, 6.55872,-0.803614,-0.25774,2.87645,-8.03912,3.9764,0;
6.29, 6.67498,-0.997214,-0.259975,2.28878,-8.26195,3.52014,0;
6.3, 6.81937,-1.20173,-0.264579,1.66895,-8.49353,3.03214,0;
6.31, 6.93489,-1.39997,-0.265912,1.01134,-8.68573,2.50381,0;
6.32, 6.74786,-1.60279,-0.266115,0.297818,-8.70592,1.87257,0;
6.33, 7.20065,-1.82243,-0.267813,-0.400876,-9.00903,1.34646,0;
6.34, 7.0336,-2.00688,-0.262987,-1.13408,-8.98958,0.697667,0;
6.35, 7.30294,-2.22544,-0.263505,-1.88017,-9.14533,0.0934074,0;
6.36, 6.95902,-2.43975,-0.254896,-2.63737,-8.98639,-0.62729,0;
6.37, 6.58598,-2.65732,-0.244881,-3.3857,-8.78006,-1.35387,0;
6.38, 6.73706,-2.89757,-0.238056,-4.10226,-8.81555,-1.97216,0;
6.39, 6.98817,-3.15418,-0.235049,-4.79875,-8.88843,-2.56095,0;
6.4, 6.79646,-3.38254,-0.226061,-5.45154,-8.71813,-3.19087,0;
6.41, 7.07209,-3.62821,-0.224121,-6.08589,-8.73931,-3.73013,0;
6.42, 7.03127,-3.86721,-0.219091,-6.66029,-8.59529,-4.2822,0;
6.43, 7.09966,-4.12944,-0.211254,-7.20211,-8.47825,-4.79835,0;
6.44, 7.15361,-4.40663,-0.199682,-7.68954,-8.34224,-5.28134,0;
6.45, 7.01002,-4.70171,-0.189546,-8.11152,-8.09805,-5.76437,0;
6.46, 6.80176,-5.01632,-0.184888,-8.46647,-7.81058,-6.22347,0;
6.47, 6.76918,-5.31531,-0.173744,-8.75373,-7.60246,-6.59443,0;
6.48, 6.91227,-5.6242,-0.165277,-8.98753,-7.47746,-6.8975,0;
6.49, 6.59762,-5.96003,-0.147511,-9.11568,-7.14027,-7.23121,0;
6.5, 6.44339,-6.28872,-0.13958,-9.18258,-6.86761,-7.50072,0;
6.51, 6.84872,-6.59836,-0.13598,-9.23108,-6.86339,-7.63978,0;
6.52, 6.58262,-6.94517,-0.125211,-9.14637,-6.55829,-7.84907,0;
6.53, 5.87198,-7.30842,-0.10034,-8.93993,-6.04334,-8.09394,0;
6.54, 5.63114,-7.63793,-0.0833896,-8.70576,-5.75537,-8.22569,0;
6.55, 4.57258,-7.97922,-0.0601638,-8.29166,-5.12017,-8.43706,0;
6.56, 4.32483,-8.27611,-0.0563366,-7.90873,-4.86355,-8.49716,0;
6.57, 3.74301,-8.59754,-0.0411988,-7.42993,-4.49802,-8.58964,0;
6.58, 3.16987,-8.89757,-0.0194908,-6.89511,-4.14965,-8.65675,0;
6.59, 2.70297,-9.13284,-0.00651247,-6.30563,-3.85936,-8.66683,0;
6.6, 2.13157,-9.35414,0.000256157,-5.65571,-3.53216,-8.67986,0;
6.61, 1.87026,-9.5491,0.00442709,-5.01694,-3.35607,-8.63828,0;
6.62, 0.803164,-9.7735,0.0346734,-4.23296,-2.83182,-8.72921,0;
6.63, -0.0909939,-9.93715,0.0517748,-3.43334,-2.37285,-8.77703,0;
6.64, -0.502418,-10.0359,0.0512905,-2.68485,-2.14241,-8.72944,0;
6.65, -1.13582,-10.112,0.0568211,-1.89365,-1.81988,-8.7144,0;
6.66, -2.05756,-10.1669,0.0750692,-1.05153,-1.35803,-8.75114,0;
6.67, -2.62208,-10.1809,0.0950252,-0.272835,-1.05523,-8.73349,0;
6.68, -3.32314,-10.1324,0.11603,0.523374,-0.681023,-8.72567,0;
6.69, -4.33718,-10.0233,0.132671,1.36413,-0.1321,-8.75813,0;
6.7, -4.86756,-9.87175,0.142421,2.09625,0.211443,-8.71533,0;
6.71, -5.33359,-9.67448,0.147501,2.78101,0.540011,-8.6606,0;
6.72, -6.05133,-9.43948,0.158091,3.46981,1.01481,-8.65186,0;
6.73, -6.32315,-9.18031,0.16695,4.03914,1.30709,-8.57855,0;
6.74, -6.62281,-8.90137,0.175716,4.56054,1.63542,-8.51768,0;
6.75, -6.68052,-8.57299,0.182565,5.00075,1.8877,-8.40739,0;
6.76, -7.04128,-8.20883,0.192047,5.43955,2.32358,-8.34716,0;
6.77, -7.59708,-7.81464,0.204983,5.85712,2.89598,-8.3226,0;
6.78, -8.34243,-7.39957,0.217902,6.2388,3.59313,-8.33346,0;
6.79, -8.39779,-6.95103,0.226581,6.45259,3.97799,-8.20239,0;
6.8, -9.16125,-6.49369,0.238582,6.68866,4.72171,-8.19594,0;
6.81, -9.75097,-6.0226,0.24696,6.83438,5.41204,-8.14904,0;
6.82, -10.0312,-5.5121,0.251828,6.85839,5.96175,-8.00871,0;
6.83, -9.77329,-4.97812,0.255365,6.74377,6.25065,-7.73458,0;
6.84, -9.75421,-4.45043,0.258305,6.5891,6.66499,-7.48826,0;
6.85, -10.2064,-3.88458,0.263281,6.42634,7.34231,-7.29697,0;
6.86, -10.3198,-3.34762,0.267817,6.16067,7.8527,-7.02975,0;
6.87, -10.3458,-2.79422,0.268728,5.81165,8.31011,-6.70104,0;
6.88, -10.5297,-2.22758,0.269819,5.41007,8.8414,-6.3627,0;
6.89, -10.7681,-1.71986,0.267866,4.94853,9.37866,-6.02456,0;
6.9, -10.0445,-1.20456,0.26608,4.36511,9.40882,-5.46077,0;
6.91, -10.4744,-0.605167,0.265085,3.78708,10.0108,-5.03268,0;
6.92, -10.5357,-0.0613722,0.265021,3.15574,10.4139,-4.53393,0;
6.93, -10.3437,0.493049,0.263056,2.45398,10.6461,-3.93983,0;
6.94, -10.6341,1.01306,0.260455,1.72925,11.0781,-3.41799,0;
6.95, -10.8106,1.51437,0.256103,0.966691,11.4167,-2.85372,0;
6.96, -10.6453,2.09743,0.250668,0.157782,11.546,-2.15132,0;
6.97, -10.4547,2.63037,0.249932,-0.662157,11.602,-1.44654,0;
6.98, -10.6787,3.13411,0.244453,-1.48935,11.8212,-0.81753,0;
6.99, -10.5039,3.58145,0.23859,-2.29387,11.7895,-0.139229,0;
7, -10.3025,4.00259,0.235343,-3.08102,11.6858,0.533971,0;
7.01, -9.9152,4.49369,0.232793,-3.83662,11.4631,1.27135,0;
7.02, -10.1984,5.02788,0.217983,-4.60217,11.5473,1.90762,0;
7.03, -9.85553,5.51213,0.218425,-5.26851,11.2841,2.59427,0;
7.04, -10.1438,6.01423,0.216241,-5.94319,11.2872,3.16011,0;
7.05, -9.75305,6.40824,0.217358,-6.47075,10.9139,3.75265,0;
7.06, -9.0712,6.83184,0.206234,-6.90133,10.3572,4.38743,0;
7.07, -8.75327,7.35452,0.192596,-7.29841,9.98549,4.97133,0;
7.08, -8.53254,7.81754,0.186628,-7.60871,9.65916,5.4551,0;
7.09, -8.58722,8.21699,0.17286,-7.85742,9.44884,5.81457,0;
7.1, -8.12755,8.60626,0.173715,-7.94784,8.98529,6.20653,0;
7.11, -7.703,8.94615,0.170581,-7.94459,8.52013,6.53209,0;
7.12, -7.25099,9.20349,0.153744,-7.82601,8.03643,6.7854,0;
7.13, -6.84613,9.46393,0.146609,-7.63182,7.59524,6.99172,0;
7.14, -5.73709,9.76148,0.139908,-7.23138,6.84261,7.31457,0;
7.15, -5.30192,10.0434,0.121915,-6.86876,6.42494,7.4859,0;
7.16, -4.69566,10.3056,0.111697,-6.39829,5.97151,7.64566,0;
7.17, -4.03156,10.4756,0.108754,-5.83906,5.49994,7.74746,0;
7.18, -3.12382,10.5897,0.101158,-5.15825,4.92729,7.85513,0;
7.19, -2.44377,10.659,0.0875066,-4.46977,4.47732,7.89151,0;
7.2, -1.87401,10.7336,0.0713051,-3.76943,4.11103,7.90644,0;
7.21, -0.993647,10.7083,0.0642395,-2.95902,3.60942,7.93347,0;
7.22, 0.0878216,10.6583,0.0578994,-2.07365,3.02539,8.00044,0;
7.23, 0.679365,10.5406,0.0426415,-1.28462,2.67462,7.94694,0;
7.24, 1.20717,10.3767,0.0324302,-0.511,2.37319,7.86799,0;
7.25, 1.81491,10.2138,0.0208273,0.274933,2.0393,7.82675,0;
7.26, 2.48888,9.95553,0.0117192,1.0752,1.65725,7.77811,0;
7.27, 2.99652,9.7132,-0.00140921,1.81337,1.35241,7.72329,0;
7.28, 3.73643,9.43386,-0.0116515,2.5882,0.935458,7.7293,0;
7.29, 4.67921,9.17969,-0.0150585,3.38935,0.429162,7.82516,0;
7.3, 5.04388,8.75501,-0.0194659,4.01338,0.148462,7.72668,0;
7.31, 5.39748,8.36794,-0.0336585,4.59254,-0.120965,7.66432,0;
7.32, 5.92672,8.0405,-0.0602949,5.18209,-0.478375,7.70349,0;
7.33, 6.17277,7.70479,-0.0692685,5.65943,-0.713429,7.69377,0;
7.34, 6.61309,7.4265,-0.0773125,6.15258,-1.03119,7.78205,0;
7.35, 6.89524,6.97612,-0.102194,6.5692,-1.34694,7.76465,0;
7.36, 6.77668,6.56713,-0.115341,6.83884,-1.47686,7.67304,0;
7.37, 7.03153,6.18565,-0.117942,7.1738,-1.77798,7.71317,0;
7.38, 7.44582,5.76703,-0.122655,7.52373,-2.18835,7.79884,0;
7.39, 7.26539,5.37037,-0.135158,7.68047,-2.33942,7.73948,0;
7.4, 7.1074,4.99887,-0.149161,7.8096,-2.50097,7.70283,0;
7.41, 7.12808,4.65996,-0.153509,7.9671,-2.75231,7.7426,0;
7.42, 7.42106,4.32756,-0.162018,8.17422,-3.14984,7.86981,0;
7.43, 7.42358,3.97663,-0.17097,8.27629,-3.43383,7.9049,0;
7.44, 7.3197,3.54852,-0.173664,8.30489,-3.6916,7.86201,0;
7.45, 7.23199,3.18267,-0.185726,8.3167,-3.95463,7.84487,0;
7.46, 7.05625,2.87564,-0.197179,8.28909,-4.1715,7.82526,0;
7.47, 6.82189,2.57291,-0.210984,8.22192,-4.37104,7.77823,0;
7.48, 6.96434,2.33521,-0.217976,8.23592,-4.73621,7.86521,0;
7.49, 6.92707,2.11039,-0.21695,8.18446,-5.02443,7.89138,0;
7.5, 6.94748,1.78391,-0.223813,8.08447,-5.37139,7.85034,0;
7.51, 7.27102,1.4887,-0.235059,8.02096,-5.85847,7.88397,0;
7.52, 7.09006,1.24095,-0.241557,7.81133,-6.09544,7.75969,0;
7.53, 6.88115,1.01058,-0.245077,7.55156,-6.30306,7.59509,0;
7.54, 6.70182,0.756169,-0.249413,7.25328,-6.53485,7.3884,0;
7.55, 6.28698,0.519838,-0.256268,6.87326,-6.65518,7.08374,0;
7.56, 6.32195,0.304862,-0.263108,6.54783,-6.98195,6.88253,0;
7.57, 6.76208,0.0542233,-0.267827,6.24329,-7.5141,6.7382,0;
7.58, 6.63243,-0.151399,-0.27209,5.78899,-7.75592,6.40123,0;
7.59, 6.70185,-0.36477,-0.276395,5.29645,-8.06771,6.05042,0;
7.6, 6.71403,-0.565878,-0.280036,4.74522,-8.33951,5.6378,0;
7.61, 6.78516,-0.765927,-0.281457,4.14255,-8.62063,5.18432,0;
7.62, 6.78696,-0.95532,-0.280849,3.47921,-8.84758,4.66452,0;
7.63, 6.96384,-1.16443,-0.28398,2.7716,-9.13993,4.12018,0;
7.64, 7.14725,-1.38736,-0.287236,2.00537,-9.4153,3.51662,0;
7.65, 7.10714,-1.58389,-0.284443,1.17708,-9.54665,2.82777,0;
7.66, 7.33362,-1.78662,-0.2862,0.326063,-9.77254,2.15295,0;
7.67, 7.24767,-1.94981,-0.286433,-0.560706,-9.81435,1.4011,0;
7.68, 7.26637,-2.11356,-0.282999,-1.46365,-9.8698,0.646999,0;
7.69, 7.22395,-2.327,-0.273909,-2.39407,-9.87803,-0.157271,0;
7.7, 7.85078,-2.52889,-0.275677,-3.30437,-10.1711,-0.831652,0;
7.71, 7.7717,-2.72449,-0.272564,-4.22155,-10.0972,-1.63532,0;
7.72, 7.73106,-2.92864,-0.265564,-5.13257,-9.9916,-2.43458,0;
7.73, 7.77689,-3.13459,-0.261796,-6.00288,-9.90102,-3.18952,0;
7.74, 7.38175,-3.4096,-0.252281,-6.8466,-9.58457,-4.02229,0;
7.75, 7.99041,-3.68315,-0.247191,-7.66219,-9.71489,-4.64428,0;
7.76, 7.63554,-3.95502,-0.231306,-8.3654,-9.38237,-5.35328,0;
7.77, 7.73699,-4.21584,-0.223988,-9.02518,-9.21976,-5.94459,0;
7.78, 8.07844,-4.50266,-0.216053,-9.62743,-9.16733,-6.44765,0;
7.79, 8.00051,-4.85173,-0.203782,-10.152,-8.90749,-6.98968,0;
7.8, 7.7144,-5.19532,-0.189764,-10.5662,-8.52865,-7.49488,0;
7.81, 7.95296,-5.51432,-0.185661,-10.924,-8.3844,-7.84925,0;
7.82, 7.56493,-5.87885,-0.171175,-11.1386,-7.96285,-8.24005,0;
7.83, 7.62707,-6.23891,-0.154616,-11.3104,-7.74319,-8.51254,0;
7.84, 7.69176,-6.6216,-0.14353,-11.3972,-7.54044,-8.73701,0;
7.85, 7.2393,-7.02904,-0.124604,-11.3371,-7.10838,-8.98603,0;
7.86, 6.90909,-7.46094,-0.112585,-11.208,-6.73633,-9.18869,0;
7.87, 7.06422,-7.85163,-0.104971,-11.0428,-6.60777,-9.26153,0;
7.88, 6.7135,-8.26391,-0.0882942,-10.7266,-6.2754,-9.36353,0;
7.89, 5.66676,-8.71123,-0.0712159,-10.2274,-5.6327,-9.54319,0;
7.9, 5.08459,-9.12081,-0.052488,-9.70522,-5.22543,-9.61773,0;
7.91, 4.99804,-9.48055,-0.0395368,-9.17762,-5.08548,-9.57916,0;
7.92, 4.1276,-9.90141,-0.0227414,-8.47456,-4.62049,-9.65573,0;
7.93, 3.78902,-10.2574,-0.0120206,-7.78114,-4.40106,-9.62773,0;
7.94, 2.8146,-10.5655,0.0163995,-6.9053,-3.92874,-9.64857,0;
7.95, 2.25623,-10.8636,0.0327494,-6.05789,-3.6508,-9.61839,0;
7.96, 1.32991,-11.1015,0.0392124,-5.08536,-3.21785,-9.61537,0;
7.97, 0.402598,-11.3133,0.0499219,-4.08023,-2.79308,-9.6135,0;
7.98, -0.346183,-11.4939,0.0664857,-3.09155,-2.46711,-9.59167,0;
7.99, -0.933454,-11.6291,0.0801014,-2.11952,-2.21953,-9.54531,0;
8, -1.43731,-11.6854,0.0943784,-1.14669,-2.00201,-9.47196,0;
8.01, -2.40522,-11.7026,0.113664,-0.0856734,-1.55406,-9.47619,0;
8.02, -3.5283,-11.6931,0.132529,0.990962,-1.00774,-9.52622,0;
8.03, -4.18601,-11.5779,0.147384,1.96619,-0.653054,-9.48565,0;
8.04, -4.87762,-11.4348,0.15899,2.90465,-0.26441,-9.46692,0;
8.05, -5.68865,-11.2462,0.174369,3.82357,0.213933,-9.48195,0;
8.06, -6.70615,-11.0069,0.187451,4.73321,0.833291,-9.54025,0;
8.07, -7.59274,-10.7177,0.202389,5.55763,1.42842,-9.58616,0;
8.08, -7.81043,-10.3568,0.216822,6.19278,1.73903,-9.50932,0;
8.09, -8.7177,-9.93751,0.233489,6.8813,2.42301,-9.54986,0;
8.1, -9.81265,-9.47622,0.247898,7.53149,3.26068,-9.6298,0;
8.11, -9.88056,-8.97277,0.254546,7.91571,3.64086,-9.5191,0;
8.12, -9.39854,-8.44454,0.255257,8.11818,3.77774,-9.29619,0;
8.13, -9.94711,-7.89044,0.262383,8.41579,4.46812,-9.26219,0;
8.14, -10.2028,-7.30437,0.273196,8.60192,5.07766,-9.16671,0;
8.15, -11.1896,-6.69032,0.286928,8.79936,6.08122,-9.19321,0;
8.16, -11.2281,-6.07932,0.293921,8.76954,6.64166,-9.02365,0;
8.17, -10.9281,-5.4574,0.298223,8.59015,7.03399,-8.75294,0;
8.18, -11.4986,-4.8034,0.303466,8.44051,7.88823,-8.61086,0;
8.19, -11.8233,-4.14069,0.307669,8.17635,8.64573,-8.38712,0;
8.2, -12.2667,-3.48067,0.309577,7.8183,9.45425,-8.14036,0;
8.21, -12.3067,-2.80632,0.30941,7.32251,10.0498,-7.75706,0;
8.22, -12.179,-2.11981,0.310164,6.71563,10.538,-7.27798,0;
8.23, -12.354,-1.48039,0.309706,6.05423,11.1514,-6.82805,0;
8.24, -12.1217,-0.838571,0.309239,5.28905,11.5366,-6.24327,0;
8.25, -12.2704,-0.182154,0.307255,4.46866,12.0818,-5.6661,0;
8.26, -12.4657,0.465526,0.300649,3.58421,12.6177,-5.04412,0;
8.27, -12.5272,1.09571,0.294576,2.62587,13.0298,-4.3499,0;
8.28, -12.4915,1.68758,0.29237,1.61334,13.3239,-3.60802,0;
8.29, -11.9124,2.25832,0.291359,0.560821,13.277,-2.73169,0;
8.3, -11.6464,2.89745,0.285722,-0.518452,13.3448,-1.84165,0;
8.31, -11.8268,3.527,0.278817,-1.60317,13.5959,-1.01934,0;
8.32, -11.8502,4.08407,0.276126,-2.67486,13.6969,-0.199569,0;
8.33, -11.8697,4.65443,0.273805,-3.74315,13.7256,0.635896,0;
8.34, -11.9831,5.23683,0.266404,-4.79542,13.7382,1.46145,0;
8.35, -11.5701,5.81318,0.257822,-5.77112,13.4206,2.3657,0;
8.36, -11.575,6.36018,0.248499,-6.71216,13.246,3.15525,0;
8.37, -11.2792,6.92197,0.241692,-7.54776,12.8857,3.95861,0;
8.38, -11.3711,7.42522,0.237946,-8.32727,12.664,4.61729,0;
8.39, -11.2643,7.93902,0.226997,-8.98734,12.3135,5.26645,0;
8.4, -10.8644,8.42001,0.217649,-9.50081,11.7777,5.89267,0;
8.41, -10.16,8.90729,0.214914,-9.85028,11.0763,6.51033,0;
8.42, -9.71745,9.41537,0.205211,-10.1114,10.5044,7.03478,0;
8.43, -9.19675,9.86687,0.194678,-10.2161,9.90437,7.4751,0;
8.44, -8.87736,10.3276,0.184549,-10.2332,9.41729,7.82219,0;
8.45, -8.54594,10.6994,0.171322,-10.1092,8.93162,8.06853,0;
8.46, -8.00727,11.0551,0.157477,-9.82865,8.36101,8.29204,0;
8.47, -7.28969,11.4467,0.147499,-9.41009,7.73621,8.52202,0;
8.48, -6.35066,11.6569,0.134449,-8.79964,7.01313,8.66232,0;
8.49, -5.77951,11.8894,0.124383,-8.17915,6.51099,8.71335,0;
8.5, -4.49007,12.0847,0.130375,-7.31188,5.72646,8.85193,0;
8.51, -3.43673,12.2017,0.1174,-6.40275,5.06516,8.9034,0;
8.52, -2.86177,12.2086,0.0968542,-5.53171,4.66145,8.80144,0;
8.53, -1.62233,12.2743,0.0909763,-4.47202,4.01254,8.85724,0;
8.54, -0.926485,12.2293,0.0777136,-3.49959,3.61546,8.76531,0;
8.55, -0.00373748,12.1647,0.0641132,-2.45074,3.1498,8.72179,0;
8.56, 1.02289,12.0026,0.0543602,-1.35706,2.63768,8.67251,0;
8.57, 2.13336,11.8214,0.034669,-0.238311,2.09674,8.66355,0;
8.58, 2.90124,11.6143,0.0281853,0.764955,1.73413,8.5949,0;
8.59, 3.60988,11.2728,0.0231867,1.73525,1.38798,8.47599,0;
8.6, 4.53421,10.7715,0.00832622,2.74896,0.900679,8.3637,0;
8.61, 5.56445,10.4507,-0.00443679,3.73718,0.399606,8.41131,0;
8.62, 5.89474,10.1371,-0.0186743,4.47235,0.216127,8.33672,0;
8.63, 6.78602,9.75725,-0.0297352,5.32574,-0.231955,8.40133,0;
8.64, 7.42706,9.26571,-0.0467757,6.06764,-0.623339,8.38398,0;
8.65, 7.64364,8.73387,-0.0656047,6.62792,-0.843847,8.26868,0;
8.66, 7.5855,8.20801,-0.0593885,7.04517,-0.938184,8.11202,0;
8.67, 8.03682,7.62972,-0.0674334,7.57068,-1.31096,8.1003,0;
8.68, 7.97463,7.13194,-0.098197,7.90605,-1.48305,8.01783,0;
8.69, 7.76374,6.64945,-0.122265,8.14803,-1.59509,7.92315,0;
8.7, 7.84477,6.22629,-0.131299,8.44659,-1.83867,7.96264,0;
8.71, 8.04108,5.85131,-0.139817,8.75774,-2.14956,8.08409,0;
8.72, 7.90286,5.51057,-0.148303,8.94159,-2.32069,8.13608,0;
8.73, 8.01676,5.03571,-0.152705,9.15853,-2.65576,8.20631,0;
8.74, 8.08026,4.64951,-0.162329,9.34546,-2.9695,8.31217,0;
8.75, 8.15097,4.27929,-0.171856,9.50642,-3.29377,8.43479,0;
8.76, 8.1696,3.88052,-0.18514,9.61971,-3.61774,8.52507,0;
8.77, 7.77941,3.49739,-0.192318,9.58713,-3.76117,8.48983,0;
8.78, 7.58498,3.1905,-0.201045,9.59872,-3.98088,8.54689,0;
8.79, 7.97483,2.77781,-0.215095,9.74148,-4.5201,8.73464,0;
8.8, 7.78581,2.4379,-0.224233,9.70721,-4.7893,8.76204,0;
8.81, 7.26626,2.1628,-0.22843,9.55288,-4.8808,8.68901,0;
8.82, 7.12418,1.84547,-0.237787,9.46986,-5.16819,8.69638,0;
8.83, 6.70987,1.51196,-0.23721,9.29161,-5.3526,8.59164,0;
8.84, 6.64677,1.25795,-0.245152,9.19283,-5.68611,8.613,0;
8.85, 6.89058,1.00535,-0.252793,9.14472,-6.17279,8.71121,0;
8.86, 6.86492,0.73921,-0.260355,8.97483,-6.54369,8.67072,0;
8.87, 6.71025,0.505233,-0.26687,8.72364,-6.83805,8.55134,0;
8.88, 7.04985,0.265148,-0.273755,8.53172,-7.36078,8.53521,0;
8.89, 6.87455,0.0536199,-0.280319,8.17038,-7.63776,8.31336,0;
8.9, 6.75376,-0.159358,-0.285484,7.74637,-7.92452,8.03645,0;
8.91, 6.81714,-0.347425,-0.291061,7.30898,-8.28853,7.76881,0;
8.92, 6.91853,-0.560138,-0.296533,6.79791,-8.6703,7.42858,0;
8.93, 7.07651,-0.760088,-0.299105,6.22306,-9.06057,7.03688,0;
8.94, 6.89397,-0.956841,-0.303058,5.50492,-9.27009,6.46399,0;
8.95, 7.44749,-1.13878,-0.308237,4.83015,-9.80142,6.03015,0;
8.96, 7.42874,-1.28785,-0.307492,4.00757,-10.0372,5.38691,0;
8.97, 7.18289,-1.4445,-0.307749,3.0578,-10.1251,4.58416,0;
8.98, 7.16834,-1.63752,-0.310492,2.06375,-10.303,3.75787,0;
8.99, 7.79371,-1.82946,-0.313467,1.08541,-10.7615,3.04326,0;
9, 7.98671,-1.93127,-0.310316,0.0508643,-10.9643,2.22937,0;
9.01, 7.9601,-2.07651,-0.308131,-1.08526,-11.0146,1.27227,0;
9.02, 7.79657,-2.24948,-0.304463,-2.26561,-10.963,0.238845,0;
9.03, 7.53997,-2.43098,-0.295826,-3.44979,-10.8311,-0.819361,0;
9.04, 7.5777,-2.6271,-0.291035,-4.6089,-10.8077,-1.81166,0;
9.05, 7.94951,-2.81921,-0.287368,-5.7308,-10.9122,-2.71015,0;
9.06, 8.32056,-3.01985,-0.28333,-6.82805,-10.9775,-3.58613,0;
9.07, 8.70119,-3.23082,-0.281008,-7.89825,-10.9984,-4.43972,0;
9.08, 8.79561,-3.48561,-0.272557,-8.92895,-10.8431,-5.32225,0;
9.09, 8.8989,-3.73701,-0.264534,-9.88408,-10.6484,-6.13973,0;
9.1, 8.67839,-4.02621,-0.251746,-10.7398,-10.2785,-6.94341,0;
9.11, 8.33297,-4.3507,-0.230631,-11.4903,-9.83238,-7.69157,0;
9.12, 8.48293,-4.65892,-0.219983,-12.15,-9.60452,-8.26434,0;
9.13, 8.77429,-4.9892,-0.210834,-12.7186,-9.44347,-8.73653,0;
9.14, 8.38077,-5.36702,-0.195428,-13.125,-8.95975,-9.23541,0;
9.15, 8.60063,-5.73816,-0.187111,-13.4808,-8.74269,-9.5724,0;
9.16, 9.26246,-6.1164,-0.182379,-13.7832,-8.74189,-9.7762,0;
9.17, 9.14006,-6.56159,-0.164108,-13.9093,-8.39017,-10.0362,0;
9.18, 8.57349,-7.06146,-0.142879,-13.8817,-7.82779,-10.3146,0;
9.19, 8.17938,-7.56151,-0.127547,-13.7556,-7.36092,-10.5048,0;
9.2, 8.34247,-8.02034,-0.115273,-13.5858,-7.18137,-10.5421,0;
9.21, 7.63758,-8.56789,-0.0900145,-13.2063,-6.65274,-10.6695,0;
9.22, 7.34876,-9.05536,-0.0707016,-12.7682,-6.32365,-10.68,0;
9.23, 6.7069,-9.58871,-0.0549528,-12.1861,-5.87833,-10.72,0;
9.24, 6.14565,-10.0742,-0.0401508,-11.5077,-5.49841,-10.7002,0;
9.25, 5.48276,-10.5339,-0.0251912,-10.713,-5.11189,-10.6595,0;
9.26, 5.16448,-11.0045,-0.0180615,-9.91922,-4.91094,-10.5768,0;
9.27, 4.36024,-11.4418,-0.00332221,-8.9499,-4.52889,-10.5306,0;
9.28, 3.71141,-11.7852,0.00653977,-7.91319,-4.229,-10.4212,0;
9.29, 2.80401,-12.1764,0.0287439,-6.8008,-3.85227,-10.3833,0;
9.3, 1.76765,-12.4928,0.0692248,-5.60391,-3.44756,-10.3456,0;
9.31, 0.762427,-12.7922,0.0905849,-4.37575,-3.05907,-10.3216,0;
9.32, -0.0931703,-13.0291,0.0960923,-3.1429,-2.7355,-10.2747,0;
9.33, -1.63041,-13.2109,0.11557,-1.74735,-2.11152,-10.3279,0;
9.34, -2.97803,-13.2769,0.134283,-0.369026,-1.55711,-10.3381,0;
9.35, -3.90687,-13.3053,0.153163,0.88726,-1.19758,-10.3124,0;
9.36, -4.6955,-13.2454,0.167307,2.08822,-0.882063,-10.2648,0;
9.37, -5.82773,-13.0896,0.177286,3.3378,-0.360669,-10.2684,0;
9.38, -6.5207,-12.867,0.193177,4.44214,-0.00327528,-10.2189,0;
9.39, -7.40497,-12.5978,0.209662,5.51657,0.486804,-10.2272,0;
9.4, -8.60636,-12.2686,0.224128,6.58887,1.19159,-10.3048,0;
9.41, -9.23168,-11.8242,0.235775,7.47143,1.69018,-10.2722,0;
9.42, -9.26106,-11.3196,0.242315,8.13966,1.95508,-10.1393,0;
9.43, -10.4242,-10.7855,0.261622,8.93499,2.82176,-10.2343,0;
9.44, -11.2115,-10.2322,0.280885,9.56479,3.58341,-10.2889,0;
9.45, -11.2592,-9.64942,0.291089,9.94046,4.03391,-10.2088,0;
9.46, -11.5617,-9.00996,0.298631,10.2617,4.66388,-10.1545,0;
9.47, -12.2736,-8.32659,0.308493,10.5599,5.56331,-10.1657,0;
9.48, -12.6274,-7.577,0.318277,10.6935,6.34436,-10.0744,0;
9.49, -12.9934,-6.85168,0.327373,10.7055,7.15397,-9.98155,0;
9.5, -12.5703,-6.12582,0.330839,10.4902,7.59644,-9.703,0;
9.51, -13.047,-5.35635,0.333402,10.2968,8.52077,-9.54893,0;
9.52, -12.9895,-4.58922,0.335868,9.94008,9.20475,-9.25242,0;
9.53, -12.7498,-3.83194,0.340245,9.44686,9.78776,-8.87323,0;
9.54, -12.9308,-3.03984,0.344381,8.90408,10.5922,-8.50431,0;
9.55, -12.9727,-2.24077,0.345619,8.24552,11.3251,-8.04203,0;
9.56, -13.1442,-1.48631,0.341991,7.49099,12.0901,-7.55504,0;
9.57, -13.2345,-0.715276,0.341182,6.62487,12.7804,-6.97195,0;
9.58, -13.1824,0.0090289,0.343724,5.65231,13.3377,-6.30973,0;
9.59, -13.115,0.633132,0.337892,4.60022,13.8144,-5.61465,0;
9.6, -13.1485,1.51914,0.330906,3.44261,14.339,-4.73012,0;
9.61, -13.1426,2.22807,0.324456,2.23655,14.7422,-3.85996,0;
9.62, -13.1317,2.83807,0.316623,0.98552,15.0431,-2.98731,0;
9.63, -12.7061,3.42774,0.310113,-0.296551,15.0475,-2.00011,0;
9.64, -13.4676,4.1024,0.297703,-1.6303,15.5986,-1.1496,0;
9.65, -13.6142,4.77477,0.285303,-2.96014,15.7632,-0.163914,0;
9.66, -13.2511,5.35092,0.282064,-4.26051,15.5367,0.878729,0;
9.67, -12.6238,5.9103,0.278418,-5.49256,15.0861,1.95181,0;
9.68, -13.1546,6.53511,0.265971,-6.74697,15.1732,2.83046,0;
9.69, -13.0598,7.16092,0.261617,-7.87369,14.8959,3.76974,0;
9.7, -12.9766,7.66188,0.256649,-8.89589,14.52,4.59812,0;
9.71, -12.7198,8.27234,0.23783,-9.80559,14.0169,5.46528,0;
9.72, -12.033,8.89272,0.236677,-10.5379,13.2653,6.32942,0;
9.73, -11.7484,9.38862,0.234027,-11.1432,12.6724,6.97434,0;
9.74, -11.5935,9.86699,0.219171,-11.6086,12.1377,7.50652,0;
9.75, -10.7557,10.4341,0.218427,-11.8389,11.2842,8.11417,0;
9.76, -9.54838,10.9783,0.215198,-11.8339,10.251,8.70044,0;
9.77, -9.25247,11.3491,0.196491,-11.7842,9.66872,8.96444,0;
9.78, -8.62403,11.7908,0.185993,-11.542,8.99609,9.24094,0;
9.79, -7.76664,12.1481,0.177935,-11.1012,8.2323,9.45625,0;
9.8, -6.77856,12.4792,0.167817,-10.4916,7.44627,9.63303,0;
9.81, -5.91656,12.742,0.144939,-9.77297,6.75782,9.71659,0;
9.82, -5.33274,12.9551,0.123369,-9.00916,6.25429,9.69068,0;
9.83, -4.12473,13.1425,0.126201,-8.01521,5.52338,9.73603,0;
9.84, -3.1265,13.2835,0.113878,-6.98302,4.91476,9.71834,0;
9.85, -2.39196,13.3742,0.105307,-5.95631,4.48182,9.62022,0;
9.86, -1.59561,13.2296,0.0890538,-4.83295,4.02016,9.41828,0;
9.87, -0.610696,12.9631,0.075678,-3.61728,3.47919,9.20585,0;
9.88, 0.396465,12.7919,0.0607315,-2.4067,2.96744,9.07839,0;
9.89, 1.81191,12.8252,0.0601181,-1.12026,2.34731,9.18279,0;
9.9, 2.75156,12.5992,0.0402762,0.0597152,1.90451,9.09161,0;
9.91, 3.64676,12.1455,0.0269295,1.22282,1.46752,8.90101,0;
9.92, 4.38167,11.7137,0.00938763,2.29144,1.1074,8.72472,0;
9.93, 5.16941,11.2631,-0.00678849,3.3249,0.719416,8.60141,0;
9.94, 5.71979,10.9031,-0.0151974,4.22234,0.454715,8.5127,0;
9.95, 6.39004,10.3949,-0.0307112,5.11314,0.0875543,8.42653,0;
9.96, 7.23568,9.89219,-0.049048,6.00449,-0.379618,8.43048,0;
9.97, 7.78111,9.52489,-0.0586386,6.73549,-0.68824,8.4691,0;
9.98, 8.12069,8.96836,-0.0521588,7.34477,-0.950428,8.3988,0;
9.99, 8.44811,8.34733,-0.0695336,7.89698,-1.26372,8.3219,0;
