0, -0.00171338,-0.00714759,-0.00203463,0,0,0,0;
0.01, -0.0377545,-0.0238777,-0.00210333,0,0,0,0;
0.02, 0.0525626,3.24854,-0.101848,-1.37472,-0.0623498,3.22936,3.22936;
0.03, 0.1872,5.46264,-0.175437,-2.36676,-0.275551,5.44129,5.44129;
0.04, 0.341529,5.24065,-0.156597,-2.45677,-0.396415,5.24548,5.24548;
0.05, 0.610195,4.40287,-0.105124,-2.37346,-0.424299,4.43055,4.43055;
0.06, 0.831301,3.47767,-0.0628085,-2.27865,-0.478834,3.53895,3.53895;
0.07, 1.06875,2.59527,-0.0356886,-2.18833,-0.566253,2.70211,2.70211;
0.08, 1.3387,1.80655,-0.0225246,-2.10019,-0.676027,1.96079,1.96079;
0.09, 1.44906,1.12066,-0.0178105,-2.00791,-0.790356,1.32517,1.32517;
0.1, 1.55296,0.534412,-0.0175777,-1.90585,-0.893549,0.788831,0.788831;
0.11, 1.62959,0.0366632,-0.0194227,-1.79478,-0.990018,0.339354,0.339354;
0.12, 1.62094,-0.384611,-0.0213257,-1.67359,-1.07381,-0.0388116,-0.0388116;
0.13, 1.59247,-0.744019,-0.0235888,-1.54297,-1.14208,-0.359688,-0.359688;
0.14, 1.5328,-1.05321,-0.0252296,-1.40596,-1.19844,-0.634369,-0.634369;
0.15, 1.45996,-1.3156,-0.02637,-1.26436,-1.24194,-0.872273,-0.872273;
0.16, 1.38141,-1.54457,-0.0263481,-1.12031,-1.273,-1.08033,-1.08033;
0.17, 1.30316,-1.73859,-0.0256079,-0.975543,-1.29116,-1.26456,-1.26456;
0.18, 1.16117,-1.90408,-0.022785,-0.831565,-1.29544,-1.42908,-1.42908;
0.19, 1.06846,-2.04271,-0.0226135,-0.689743,-1.28495,-1.57765,-1.57765;
0.2, 0.958888,-2.16184,-0.0228109,-0.552819,-1.26461,-1.71123,-1.71123;
0.21, 0.843024,-2.26011,-0.0212063,-0.420947,-1.23045,-1.83377,-1.83377;
0.22, 0.726157,-2.34294,-0.0185583,-0.295443,-1.1838,-1.9464,-1.9464;
0.23, 0.631188,-2.41429,-0.0147593,-0.17758,-1.12514,-2.04973,-2.04973;
0.24, 0.465367,-2.47162,-0.0110296,-0.0684304,-1.05462,-2.14401,-2.14401;
0.25, 0.33437,-2.51489,-0.00823919,0.0311228,-0.970446,-2.22945,-2.22945;
0.26, 0.216244,-2.54065,-0.00509115,0.119297,-0.879623,-2.30443,-2.30443;
0.27, 0.0391532,-2.55192,-0.000478665,0.195601,-0.78001,-2.37011,-2.37011;
0.28, -0.0343605,-2.55638,0.00328258,0.259714,-0.671142,-2.42715,-2.42715;
0.29, -0.165418,-2.55196,0.00669382,0.310694,-0.559126,-2.47368,-2.47368;
0.3, -0.320866,-2.53802,0.0104357,0.34835,-0.435706,-2.51203,-2.51203;
0.31, -0.433093,-2.51656,0.0141017,0.372362,-0.306793,-2.54071,-2.54071;
0.32, -0.546188,-2.48329,0.0174071,0.382259,-0.175915,-2.55872,-2.55872;
0.33, -0.728766,-2.44182,0.0206976,0.377933,-0.0403421,-2.56694,-2.56694;
0.34, -0.859743,-2.39785,0.0242876,0.359673,0.0987404,-2.56584,-2.56584;
0.35, -0.983901,-2.34179,0.0276221,0.328386,0.234069,-2.55373,-2.55373;
0.36, -1.0866,-2.28302,0.0299563,0.284036,0.369031,-2.53154,-2.53154;
0.37, -1.21311,-2.21679,0.0333563,0.227705,0.50331,-2.50031,-2.50031;
0.38, -1.35544,-2.13362,0.0356755,0.159822,0.637827,-2.46099,-2.46099;
0.39, -1.47943,-2.05912,0.0375816,0.0818523,0.769406,-2.41317,-2.41317;
0.4, -1.58467,-1.98052,0.0400277,-0.00426383,0.895464,-2.35812,-2.35812;
0.41, -1.71703,-1.89727,0.0429782,-0.0979271,1.01709,-2.29577,-2.29577;
0.42, -1.83866,-1.80253,0.0467388,-0.198062,1.13511,-2.22693,-2.22693;
0.43, -1.93157,-1.68728,0.0495243,-0.302375,1.24644,-2.15129,-2.15129;
0.44, -2.03601,-1.57646,0.0497984,-0.409043,1.35082,-2.07014,-2.07014;
0.45, -2.1159,-1.46517,0.0507365,-0.51636,1.44969,-1.98657,-1.98657;
0.46, -2.23281,-1.34446,0.0513817,-0.622716,1.54229,-1.90063,-1.90063;
0.47, -2.35023,-1.2344,0.0542801,-0.727282,1.62993,-1.81293,-1.81293;
0.48, -2.39997,-1.11377,0.0570764,-0.826902,1.70903,-1.72312,-1.72312;
0.49, -2.46045,-0.986683,0.058205,-0.920078,1.77882,-1.62976,-1.62976;
0.5, -2.50062,-0.86087,0.0594418,-1.00725,1.84402,-1.53593,-1.53593;
0.51, -2.55165,-0.742069,0.0609122,-1.08651,1.90367,-1.44218,-1.44218;
0.52, -2.64397,-0.605138,0.0613353,-1.15744,1.95875,-1.34895,-1.34895;
0.53, -2.67378,-0.484879,0.062575,-1.21859,2.00804,-1.25502,-1.25502;
0.54, -2.68308,-0.369549,0.0639293,-1.26652,2.04738,-1.16036,-1.16036;
0.55, -2.69608,-0.218103,0.065257,-1.30336,2.08145,-1.06552,-1.06552;
0.56, -2.67655,-0.0714849,0.0662438,-1.3294,2.11172,-0.970594,-0.970594;
0.57, -2.66834,0.0480353,0.0660061,-1.34275,2.13597,-0.878279,-0.878279;
0.58, -2.65734,0.162005,0.0663009,-1.34478,2.15624,-0.789329,-0.789329;
0.59, -2.63913,0.282688,0.0663005,-1.3357,2.17242,-0.700782,-0.700782;
0.6, -2.56185,0.411187,0.0655724,-1.31556,2.18417,-0.611893,-0.611893;
0.61, -2.52607,0.526397,0.0667644,-1.28454,2.1912,-0.523332,-0.523332;
0.62, -2.46558,0.640632,0.0672937,-1.24577,2.19729,-0.438261,-0.438261;
0.63, -2.37061,0.747109,0.0674347,-1.19746,2.19876,-0.353628,-0.353628;
0.64, -2.33547,0.848971,0.0670269,-1.14126,2.19696,-0.270294,-0.270294;
0.65, -2.29905,0.948434,0.0660303,-1.07964,2.19447,-0.189244,-0.189244;
0.66, -2.18724,1.0322,0.0651703,-1.00997,2.18651,-0.107323,-0.107323;
0.67, -2.08863,1.11485,0.0654175,-0.932806,2.1728,-0.0243193,-0.0243193;
0.68, -2.02623,1.19484,0.0642232,-0.852846,2.15949,0.0572666,0.0572666;
0.69, -1.94498,1.26271,0.062539,-0.769895,2.14509,0.137901,0.137901;
0.7, -1.84033,1.33296,0.0619582,-0.682492,2.12672,0.21945,0.21945;
0.71, -1.75018,1.40733,0.0607503,-0.592051,2.10607,0.301801,0.301801;
0.72, -1.68083,1.46714,0.0593558,-0.500257,2.0843,0.38329,0.38329;
0.73, -1.608,1.51475,0.0579721,-0.406897,2.05989,0.464063,0.464063;
0.74, -1.53597,1.56524,0.0563221,-0.311129,2.03167,0.546092,0.546092;
0.75, -1.42626,1.61474,0.0546701,-0.21333,2.00026,0.629944,0.629944;
0.76, -1.32655,1.65448,0.0531127,-0.114,1.96534,0.715115,0.715115;
0.77, -1.26034,1.69256,0.0513604,-0.0155194,1.92965,0.799282,0.799282;
0.78, -1.19254,1.72999,0.0493433,0.0824093,1.89274,0.883301,0.883301;
0.79, -1.12083,1.76017,0.0474514,0.181281,1.85189,0.968823,0.968823;
0.8, -1.03511,1.78492,0.0452541,0.280738,1.80702,1.05553,1.05553;
0.81, -0.953795,1.80911,0.0430783,0.380309,1.75869,1.14329,1.14329;
0.82, -0.872759,1.83016,0.0407913,0.478993,1.70818,1.23132,1.23132;
0.83, -0.809725,1.84859,0.0386746,0.576596,1.65507,1.31942,1.31942;
0.84, -0.751478,1.86327,0.0364272,0.672929,1.59932,1.4074,1.4074;
0.85, -0.653312,1.87439,0.0336332,0.768384,1.53948,1.49588,1.49588;
0.86, -0.593906,1.88661,0.0303016,0.862871,1.47524,1.5849,1.5849;
0.87, -0.512341,1.89669,0.0279153,0.954293,1.40984,1.67209,1.67209;
0.88, -0.482319,1.89929,0.0256158,1.04362,1.34027,1.75877,1.75877;
0.89, -0.370421,1.90146,0.0222523,1.12952,1.26799,1.84327,1.84327;
0.9, -0.322124,1.89875,0.0196954,1.21354,1.18936,1.92804,1.92804;
0.91, -0.24324,1.89113,0.0174529,1.29219,1.11066,2.00852,2.00852;
0.92, -0.141465,1.89113,0.0149624,1.36692,1.02728,2.08711,2.08711;
0.93, -0.0830721,1.88784,0.012523,1.43645,0.941499,2.16214,2.16214;
0.94, 0.0372737,1.87467,0.00984145,1.49878,0.854859,2.23098,2.23098;
0.95, 0.108365,1.86215,0.0059884,1.55469,0.764161,2.29512,2.29512;
0.96, 0.163118,1.85151,0.00197267,1.60255,0.674408,2.35212,2.35212;
0.97, 0.191843,1.83799,-0.000871104,1.64299,0.582059,2.40352,2.40352;
0.98, 0.265116,1.82328,-0.00370075,1.67581,0.485662,2.44933,2.44933;
0.99, 0.316716,1.80881,-0.00666776,1.70058,0.38344,2.48972,2.48972;
1, 0.394139,1.79415,-0.00937501,1.71562,0.279022,2.52213,2.52213;
1.01, 0.420557,1.77533,-0.0122996,1.7203,0.171231,2.54644,2.54644;
1.02, 0.48993,1.75308,-0.015529,1.71369,0.0622524,2.5611,2.5611;
1.03, 0.555774,1.72732,-0.0190248,1.69602,-0.0511381,2.5677,2.5677;
1.04, 0.652595,1.70073,-0.0224234,1.66682,-0.165418,2.56484,2.56484;
1.05, 0.763433,1.67514,-0.025324,1.62595,-0.280227,2.55255,2.55255;
1.06, 0.807286,1.64481,-0.0282879,1.57338,-0.393007,2.52988,2.52988;
1.07, 0.903371,1.61448,-0.0305551,1.50913,-0.50245,2.4963,2.4963;
1.08, 1.02094,1.58189,-0.0339586,1.43412,-0.613108,2.45453,2.45453;
1.09, 1.07434,1.54701,-0.036812,1.34882,-0.721101,2.4034,2.4034;
1.1, 1.16707,1.51301,-0.039131,1.25407,-0.824561,2.34306,2.34306;
1.11, 1.23805,1.47687,-0.0423283,1.15051,-0.927799,2.27584,2.27584;
1.12, 1.30832,1.43398,-0.044264,1.03904,-1.028,2.20121,2.20121;
1.13, 1.40788,1.38312,-0.0452158,0.920395,-1.12643,2.12042,2.12042;
1.14, 1.50728,1.32553,-0.0485619,0.795843,-1.22279,2.03448,2.03448;
1.15, 1.60481,1.27025,-0.0511022,0.667093,-1.31464,1.94375,1.94375;
1.16, 1.72885,1.21792,-0.0526038,0.535684,-1.4021,1.84971,1.84971;
1.17, 1.76588,1.16043,-0.0541799,0.402273,-1.48527,1.75243,1.75243;
1.18, 1.82394,1.09636,-0.0558842,0.267868,-1.56226,1.65119,1.65119;
1.19, 1.95114,1.0294,-0.0569491,0.132308,-1.63897,1.54865,1.54865;
1.2, 2.0333,0.952951,-0.0570605,-0.00278644,-1.71403,1.44517,1.44517;
1.21, 2.05737,0.872402,-0.0581065,-0.135122,-1.78229,1.33946,1.33946;
1.22, 2.14265,0.791553,-0.0596399,-0.26397,-1.84633,1.23319,1.23319;
1.23, 2.24003,0.703428,-0.0611458,-0.389479,-1.91034,1.12815,1.12815;
1.24, 2.32558,0.608864,-0.0620996,-0.509675,-1.97015,1.02283,1.02283;
1.25, 2.39004,0.512523,-0.06262,-0.622993,-2.02446,0.91725,0.91725;
1.26, 2.43611,0.411945,-0.0629644,-0.728423,-2.07371,0.811877,0.811877;
1.27, 2.49051,0.306387,-0.0631808,-0.825612,-2.11908,0.706939,0.706939;
1.28, 2.531,0.198049,-0.0632643,-0.914079,-2.16151,0.6028,0.6028;
1.29, 2.57856,0.0821725,-0.0622021,-0.992611,-2.19998,0.499233,0.499233;
1.3, 2.58228,-0.0362823,-0.0614391,-1.06075,-2.23489,0.396331,0.396331;
1.31, 2.59536,-0.153471,-0.0613841,-1.11713,-2.26484,0.293965,0.293965;
1.32, 2.62412,-0.274763,-0.0608622,-1.16239,-2.29243,0.193043,0.193043;
1.33, 2.61244,-0.399047,-0.0599238,-1.19609,-2.31662,0.0927271,0.0927271;
1.34, 2.61227,-0.524096,-0.0589671,-1.21709,-2.33533,-0.00762294,-0.00762294;
1.35, 2.58078,-0.647669,-0.0578333,-1.22618,-2.35058,-0.1071,-0.1071;
1.36, 2.54126,-0.774846,-0.0564791,-1.22286,-2.36081,-0.206412,-0.206412;
1.37, 2.48621,-0.901692,-0.0545345,-1.20818,-2.36748,-0.305123,-0.305123;
1.38, 2.45168,-1.02419,-0.0531981,-1.18233,-2.37027,-0.403062,-0.403062;
1.39, 2.41627,-1.14541,-0.0511568,-1.14595,-2.36933,-0.500032,-0.500032;
1.4, 2.33727,-1.26373,-0.0493368,-1.099,-2.36242,-0.597246,-0.597246;
1.41, 2.25637,-1.37834,-0.0476403,-1.04186,-2.3485,-0.694901,-0.694901;
1.42, 2.17344,-1.49021,-0.0458567,-0.976636,-2.33028,-0.791909,-0.791909;
1.43, 2.07643,-1.59868,-0.0431612,-0.904195,-2.3073,-0.888498,-0.888498;
1.44, 1.97873,-1.69865,-0.0398063,-0.825291,-2.27888,-0.98466,-0.98466;
1.45, 1.87381,-1.7934,-0.03764,-0.741066,-2.24519,-1.07992,-1.07992;
1.46, 1.77606,-1.88475,-0.035686,-0.652477,-2.2056,-1.17452,-1.17452;
1.47, 1.69434,-1.97092,-0.032667,-0.560707,-2.16042,-1.26837,-1.26837;
1.48, 1.57531,-2.0493,-0.029882,-0.466433,-2.10855,-1.36156,-1.36156;
1.49, 1.43586,-2.12058,-0.0271089,-0.370088,-2.04787,-1.45429,-1.45429;
1.5, 1.29304,-2.18173,-0.0238465,-0.273724,-1.98127,-1.54528,-1.54528;
1.51, 1.21831,-2.23925,-0.0206324,-0.178908,-1.91036,-1.63363,-1.63363;
1.52, 1.12186,-2.29253,-0.0175485,-0.0865369,-1.83526,-1.71913,-1.71913;
1.53, 1.00898,-2.33775,-0.0141389,0.00410293,-1.74977,-1.80346,-1.80346;
1.54, 0.874621,-2.37372,-0.0105381,0.0916219,-1.65555,-1.88537,-1.88537;
1.55, 0.756221,-2.40136,-0.00776462,0.174493,-1.5542,-1.96375,-1.96375;
1.56, 0.625844,-2.42552,-0.00430332,0.251332,-1.44792,-2.03748,-2.03748;
1.57, 0.466597,-2.44426,-0.00110264,0.321538,-1.33577,-2.10684,-2.10684;
1.58, 0.354425,-2.45215,0.00197846,0.384143,-1.21882,-2.17048,-2.17048;
1.59, 0.240209,-2.44611,0.00468351,0.438073,-1.09998,-2.22687,-2.22687;
1.6, 0.135743,-2.44422,0.00769644,0.483266,-0.975716,-2.27736,-2.27736;
1.61, -0.00472054,-2.43186,0.0105349,0.519341,-0.846854,-2.32212,-2.32212;
1.62, -0.165383,-2.40966,0.0133926,0.545507,-0.712794,-2.36,-2.36;
1.63, -0.30028,-2.39062,0.016989,0.561212,-0.57749,-2.38974,-2.38974;
1.64, -0.430188,-2.35857,0.0200426,0.566198,-0.443608,-2.41065,-2.41065;
1.65, -0.549863,-2.32072,0.0227978,0.56026,-0.309223,-2.42232,-2.42232;
1.66, -0.607218,-2.28329,0.0258427,0.543727,-0.174727,-2.42546,-2.42546;
1.67, -0.703878,-2.24047,0.0284163,0.516742,-0.0400074,-2.42041,-2.42041;
1.68, -0.863078,-2.18115,0.0313059,0.478904,0.0996396,-2.40838,-2.40838;
1.69, -0.969684,-2.11832,0.0341164,0.430706,0.240005,-2.38839,-2.38839;
1.7, -1.07056,-2.05403,0.0369033,0.373471,0.374259,-2.35955,-2.35955;
1.71, -1.18498,-1.98686,0.03944,0.307327,0.505958,-2.32343,-2.32343;
1.72, -1.29376,-1.9191,0.0412426,0.233095,0.635152,-2.28034,-2.28034;
1.73, -1.38311,-1.84546,0.0429524,0.151883,0.759998,-2.23016,-2.23016;
1.74, -1.51648,-1.7631,0.0450581,0.0645804,0.88039,-2.17329,-2.17329;
1.75, -1.64901,-1.67957,0.0464727,-0.0279322,0.997247,-2.11092,-2.11092;
1.76, -1.7469,-1.58553,0.0482944,-0.123204,1.10618,-2.04259,-2.04259;
1.77, -1.8202,-1.48502,0.0505533,-0.219893,1.20679,-1.96865,-1.96865;
1.78, -1.91324,-1.38146,0.0527859,-0.317021,1.30129,-1.89111,-1.89111;
1.79, -1.99035,-1.27996,0.0550119,-0.413643,1.39114,-1.81138,-1.81138;
1.8, -2.08228,-1.17362,0.0565134,-0.507811,1.47429,-1.72922,-1.72922;
1.81, -2.15124,-1.06761,0.0584844,-0.598792,1.55158,-1.64494,-1.64494;
1.82, -2.22951,-0.961496,0.0598661,-0.684712,1.6215,-1.55859,-1.55859;
1.83, -2.29303,-0.849291,0.0598312,-0.765035,1.68539,-1.47084,-1.47084;
1.84, -2.33458,-0.732273,0.0612046,-0.838269,1.74233,-1.38142,-1.38142;
1.85, -2.3779,-0.613634,0.0632987,-0.903759,1.7932,-1.29142,-1.29142;
1.86, -2.40768,-0.491885,0.0642055,-0.960999,1.83895,-1.20172,-1.20172;
1.87, -2.43195,-0.375499,0.0649338,-1.00893,1.87881,-1.11219,-1.11219;
1.88, -2.43041,-0.25749,0.0655032,-1.04734,1.91349,-1.02347,-1.02347;
1.89, -2.41654,-0.138059,0.0659968,-1.076,1.94321,-0.935164,-0.935164;
1.9, -2.41596,-0.021905,0.0662876,-1.09549,1.96945,-0.848166,-0.848166;
1.91, -2.38947,0.0920162,0.0669537,-1.10593,1.99261,-0.762867,-0.762867;
1.92, -2.37912,0.201824,0.0673168,-1.10658,2.01123,-0.678319,-0.678319;
1.93, -2.34274,0.313174,0.0671908,-1.09844,2.0267,-0.59512,-0.59512;
1.94, -2.3011,0.418556,0.0670831,-1.08082,2.03748,-0.51215,-0.51215;
1.95, -2.27177,0.517362,0.066917,-1.05497,2.04503,-0.430466,-0.430466;
1.96, -2.22096,0.615301,0.066534,-1.02141,2.04954,-0.349743,-0.349743;
1.97, -2.14997,0.709288,0.0661455,-0.979822,2.0498,-0.26882,-0.26882;
1.98, -2.1077,0.799354,0.0658518,-0.931476,2.04703,-0.188501,-0.188501;
1.99, -2.05033,0.881732,0.0660141,-0.877776,2.04254,-0.109414,-0.109414;
2, -1.98469,0.969376,0.0653809,-0.817695,2.03381,-0.03,-0.03;
2.01, -1.91397,1.05011,0.0642177,-0.75227,2.02173,0.0496529,0.0496529;
2.02, -1.85777,1.12221,0.0631102,-0.682446,2.00655,0.12863,0.12863;
2.03, -1.77792,1.19263,0.0622049,-0.608967,1.98871,0.207067,0.207067;
2.04, -1.69883,1.25589,0.0611269,-0.531565,1.96713,0.286225,0.286225;
2.05, -1.61094,1.31427,0.0596265,-0.451791,1.94335,0.364963,0.364963;
2.06, -1.52419,1.36531,0.0582344,-0.370052,1.91742,0.443595,0.443595;
2.07, -1.46029,1.41664,0.0573362,-0.287136,1.89003,0.521867,0.521867;
2.08, -1.3647,1.46457,0.0552731,-0.203248,1.86112,0.600128,0.600128;
2.09, -1.28096,1.51078,0.0537627,-0.117629,1.82853,0.679201,0.679201;
2.1, -1.20636,1.55394,0.0521782,-0.0320747,1.79477,0.757573,0.757573;
2.11, -1.14877,1.58905,0.0503445,0.0535664,1.75877,0.835534,0.835534;
2.12, -1.10439,1.6188,0.048267,0.139457,1.71971,0.913493,0.913493;
2.13, -1.02786,1.64558,0.0460995,0.226212,1.67648,0.992644,0.992644;
2.14, -0.952673,1.6738,0.043988,0.314107,1.62821,1.0737,1.0737;
2.15, -0.846231,1.69507,0.0419892,0.401318,1.57747,1.15481,1.15481;
2.16, -0.777416,1.71544,0.0400142,0.487314,1.52406,1.23536,1.23536;
2.17, -0.702691,1.73156,0.0377827,0.570616,1.47057,1.31389,1.31389;
2.18, -0.627234,1.74471,0.0358635,0.652407,1.41397,1.39184,1.39184;
2.19, -0.539882,1.75957,0.0335767,0.732295,1.35469,1.4689,1.4689;
2.2, -0.449716,1.76788,0.0307148,0.809885,1.2928,1.5447,1.5447;
2.21, -0.418069,1.77175,0.0279921,0.884243,1.22909,1.61804,1.61804;
2.22, -0.357792,1.77654,0.025403,0.955068,1.16403,1.68884,1.68884;
2.23, -0.309952,1.78069,0.0231161,1.02412,1.09314,1.75967,1.75967;
2.24, -0.231045,1.77849,0.0205713,1.08984,1.01843,1.82855,1.82855;
2.25, -0.156152,1.77756,0.0174939,1.15172,0.939111,1.89513,1.89513;
2.26, -0.118982,1.77571,0.014485,1.20851,0.857888,1.95792,1.95792;
2.27, -0.0624245,1.76938,0.0118229,1.25957,0.774573,2.01628,2.01628;
2.28, 0.0586027,1.75828,0.00932696,1.30529,0.686289,2.07122,2.07122;
2.29, 0.144486,1.74957,0.00655887,1.34471,0.594707,2.12157,2.12157;
2.3, 0.186308,1.7379,0.00344614,1.37597,0.505143,2.16433,2.16433;
2.31, 0.280741,1.72119,0.000551578,1.39916,0.415011,2.20012,2.20012;
2.32, 0.333425,1.7025,-0.00239399,1.41506,0.32094,2.23065,2.23065;
2.33, 0.364628,1.68559,-0.00512767,1.42266,0.227144,2.25389,2.25389;
2.34, 0.450207,1.66841,-0.00796212,1.42212,0.130831,2.27091,2.27091;
2.35, 0.543517,1.64785,-0.0111076,1.41324,0.0304247,2.2819,2.2819;
2.36, 0.623822,1.62181,-0.0138907,1.39497,-0.0696949,2.28451,2.28451;
2.37, 0.692385,1.59584,-0.0164376,1.36722,-0.168453,2.27847,2.27847;
2.38, 0.721026,1.56884,-0.0189697,1.33047,-0.266496,2.26457,2.26457;
2.39, 0.806078,1.5388,-0.0217463,1.28487,-0.364548,2.24312,2.24312;
2.4, 0.916157,1.50656,-0.024548,1.23065,-0.465319,2.21533,2.21533;
2.41, 1.00513,1.47251,-0.0268046,1.16808,-0.564369,2.17993,2.17993;
2.42, 1.03058,1.43665,-0.0289978,1.09754,-0.659374,2.13641,2.13641;
2.43, 1.12199,1.39779,-0.0316273,1.01962,-0.751654,2.08566,2.08566;
2.44, 1.23666,1.35656,-0.0338905,0.934712,-0.845726,2.02988,2.02988;
2.45, 1.31992,1.31265,-0.0360617,0.843924,-0.936692,1.96799,1.96799;
2.46, 1.36125,1.26484,-0.0381612,0.748078,-1.0224,1.89974,1.89974;
2.47, 1.42743,1.21374,-0.0399666,0.64787,-1.10498,1.82649,1.82649;
2.48, 1.51001,1.16025,-0.0415134,0.543839,-1.18739,1.74996,1.74996;
2.49, 1.58694,1.10327,-0.0432108,0.43711,-1.26765,1.6701,1.6701;
2.5, 1.65166,1.0415,-0.0450488,0.328638,-1.34424,1.58679,1.58679;
2.51, 1.70391,0.978667,-0.0468346,0.219316,-1.41737,1.50068,1.50068;
2.52, 1.79155,0.912389,-0.0483147,0.110014,-1.48778,1.41268,1.41268;
2.53, 1.87485,0.841124,-0.0493536,0.00125937,-1.55619,1.32324,1.32324;
2.54, 1.92137,0.765202,-0.0500948,-0.105438,-1.61989,1.23183,1.23183;
2.55, 1.99783,0.687136,-0.0511112,-0.209076,-1.67882,1.13893,1.13893;
2.56, 2.02496,0.60349,-0.0518958,-0.309328,-1.73536,1.04571,1.04571;
2.57, 2.08096,0.516374,-0.0524262,-0.404809,-1.78731,0.951615,0.951615;
2.58, 2.14734,0.427032,-0.05299,-0.495548,-1.83775,0.858095,0.858095;
2.59, 2.15723,0.334594,-0.0534658,-0.580111,-1.88437,0.764515,0.764515;
2.6, 2.22589,0.238481,-0.0531485,-0.657505,-1.92598,0.670557,0.670557;
2.61, 2.27214,0.140242,-0.0532783,-0.728302,-1.96625,0.57758,0.57758;
2.62, 2.25295,0.0382463,-0.0531345,-0.790316,-2.00048,0.484088,0.484088;
2.63, 2.27007,-0.0653587,-0.0527579,-0.843464,-2.02977,0.390509,0.390509;
2.64, 2.30061,-0.171894,-0.0522723,-0.888777,-2.05843,0.298529,0.298529;
2.65, 2.30067,-0.278937,-0.0515631,-0.92491,-2.08334,0.20703,0.20703;
2.66, 2.28675,-0.386031,-0.0508157,-0.951013,-2.10276,0.1155,0.1155;
2.67, 2.28669,-0.494463,-0.0503905,-0.96761,-2.11827,0.0244844,0.0244844;
2.68, 2.2582,-0.603266,-0.0495116,-0.974974,-2.1304,-0.0659077,-0.0659077;
2.69, 2.23792,-0.710475,-0.0479198,-0.972637,-2.13754,-0.156237,-0.156237;
2.7, 2.21069,-0.816878,-0.0467489,-0.961343,-2.14102,-0.245907,-0.245907;
2.71, 2.19017,-0.92517,-0.0456368,-0.94098,-2.13949,-0.335437,-0.335437;
2.72, 2.1204,-1.02932,-0.0435288,-0.912008,-2.13289,-0.424872,-0.424872;
2.73, 2.04885,-1.12964,-0.041579,-0.874445,-2.11998,-0.514388,-0.514388;
2.74, 1.99839,-1.22678,-0.039642,-0.830129,-2.10383,-0.602761,-0.602761;
2.75, 1.89777,-1.32224,-0.0378598,-0.779724,-2.08414,-0.690213,-0.690213;
2.76, 1.83337,-1.41176,-0.0362122,-0.72317,-2.05863,-0.777569,-0.777569;
2.77, 1.74678,-1.49726,-0.0340096,-0.662382,-2.03066,-0.863301,-0.863301;
2.78, 1.67127,-1.57837,-0.0315946,-0.59709,-1.99698,-0.94875,-0.94875;
2.79, 1.56204,-1.65623,-0.0293769,-0.528441,-1.95867,-1.03326,-1.03326;
2.8, 1.50086,-1.73096,-0.02698,-0.45686,-1.9144,-1.11711,-1.11711;
2.81, 1.40406,-1.79674,-0.0245037,-0.383878,-1.86655,-1.19909,-1.19909;
2.82, 1.27979,-1.8577,-0.0218701,-0.309073,-1.81077,-1.28046,-1.28046;
2.83, 1.18209,-1.91389,-0.0193012,-0.23401,-1.74978,-1.3603,-1.3603;
2.84, 1.09577,-1.96506,-0.0167985,-0.160159,-1.68575,-1.43742,-1.43742;
2.85, 0.97214,-2.01023,-0.0140087,-0.0876084,-1.61633,-1.51239,-1.51239;
2.86, 0.854961,-2.04868,-0.0113791,-0.0167963,-1.54034,-1.58533,-1.58533;
2.87, 0.770799,-2.08273,-0.00863124,0.0508484,-1.46088,-1.65473,-1.65473;
2.88, 0.673926,-2.10915,-0.00580031,0.114736,-1.37757,-1.72055,-1.72055;
2.89, 0.566053,-2.12873,-0.002978,0.174789,-1.28758,-1.7834,-1.7834;
2.9, 0.456785,-2.14319,-4.8307e-05,0.230158,-1.19211,-1.84265,-1.84265;
2.91, 0.350943,-2.15068,0.0027677,0.279987,-1.09248,-1.89759,-1.89759;
2.92, 0.219216,-2.15556,0.00533297,0.323656,-0.989096,-1.94771,-1.94771;
2.93, 0.105982,-2.15655,0.00789762,0.360704,-0.882063,-1.99286,-1.99286;
2.94, 0.0372229,-2.14549,0.0102169,0.390464,-0.773884,-2.0317,-2.0317;
2.95, -0.0721222,-2.13353,0.0130045,0.412686,-0.663361,-2.06429,-2.06429;
2.96, -0.165375,-2.11779,0.0161879,0.42739,-0.547287,-2.09225,-2.09225;
2.97, -0.267884,-2.095,0.0186832,0.434061,-0.429449,-2.1137,-2.1137;
2.98, -0.409156,-2.06598,0.0212563,0.432336,-0.309182,-2.12855,-2.12855;
2.99, -0.554088,-2.03168,0.0235615,0.422222,-0.187939,-2.13665,-2.13665;
3, -0.651189,-1.99406,0.0259937,0.40391,-0.0697046,-2.13685,-2.13685;
3.01, -0.761935,-1.95194,0.0285711,0.377766,0.0446046,-2.12909,-2.12909;
3.02, -0.842317,-1.90744,0.0306237,0.343924,0.158613,-2.11469,-2.11469;
3.03, -0.929813,-1.85576,0.0329475,0.303012,0.270785,-2.09341,-2.09341;
3.04, -1.02933,-1.7996,0.0354141,0.25511,0.383053,-2.06615,-2.06615;
3.05, -1.12715,-1.73834,0.0372951,0.200919,0.494136,-2.03308,-2.03308;
3.06, -1.23219,-1.67048,0.0392872,0.141191,0.602294,-1.99403,-1.99403;
3.07, -1.29688,-1.59807,0.0411215,0.0767189,0.707018,-1.94949,-1.94949;
3.08, -1.3838,-1.52753,0.0432734,0.00857341,0.80707,-1.89974,-1.89974;
3.09, -1.47782,-1.44963,0.0452422,-0.0630143,0.905189,-1.84634,-1.84634;
3.1, -1.55481,-1.37393,0.0467838,-0.13683,0.999248,-1.78849,-1.78849;
3.11, -1.65602,-1.28713,0.0484255,-0.211622,1.08795,-1.72659,-1.72659;
3.12, -1.70538,-1.19333,0.0499457,-0.28686,1.17236,-1.66107,-1.66107;
3.13, -1.7692,-1.10368,0.0508783,-0.36062,1.24992,-1.59217,-1.59217;
3.14, -1.85152,-1.0086,0.052242,-0.433007,1.32417,-1.52206,-1.52206;
3.15, -1.90896,-0.916884,0.0531676,-0.502857,1.39393,-1.45009,-1.45009;
3.16, -1.95881,-0.822616,0.0546149,-0.568558,1.45708,-1.37599,-1.37599;
3.17, -1.99934,-0.720538,0.0558517,-0.630014,1.51535,-1.30023,-1.30023;
3.18, -2.0512,-0.62301,0.0569793,-0.686479,1.56893,-1.22319,-1.22319;
3.19, -2.08253,-0.524208,0.0580183,-0.737242,1.61796,-1.14581,-1.14581;
3.2, -2.11599,-0.421797,0.0585348,-0.781303,1.66133,-1.06723,-1.06723;
3.21, -2.13334,-0.32071,0.0592314,-0.818654,1.70021,-0.988191,-0.988191;
3.22, -2.14224,-0.221073,0.0602191,-0.848549,1.73406,-0.908833,-0.908833;
3.23, -2.1436,-0.114207,0.0606139,-0.871087,1.76372,-0.829479,-0.829479;
3.24, -2.15843,-0.0102189,0.060607,-0.886172,1.78947,-0.75019,-0.75019;
3.25, -2.14274,0.0897826,0.0605652,-0.893653,1.8113,-0.671736,-0.671736;
3.26, -2.10854,0.183945,0.0612423,-0.892873,1.82787,-0.59329,-0.59329;
3.27, -2.09247,0.281207,0.0609274,-0.884951,1.84124,-0.515501,-0.515501;
3.28, -2.05493,0.377245,0.061088,-0.87065,1.85257,-0.438523,-0.438523;
3.29, -2.01096,0.475445,0.0618658,-0.84926,1.86004,-0.361847,-0.361847;
3.3, -1.96862,0.558315,0.0615052,-0.821661,1.86472,-0.28614,-0.28614;
3.31, -1.92184,0.641249,0.0610165,-0.788246,1.86651,-0.211801,-0.211801;
3.32, -1.85663,0.722071,0.0605894,-0.749345,1.86564,-0.137572,-0.137572;
3.33, -1.80189,0.800481,0.0595056,-0.705356,1.86203,-0.0635805,-0.0635805;
3.34, -1.77806,0.87796,0.0587392,-0.657275,1.85678,0.00950245,0.00950245;
3.35, -1.71863,0.948501,0.0576294,-0.604991,1.84889,0.0822143,0.0822143;
3.36, -1.64509,1.01887,0.0565984,-0.5474,1.83552,0.155906,0.155906;
3.37, -1.61677,1.07935,0.0554483,-0.48636,1.81941,0.2295,0.2295;
3.38, -1.55294,1.13359,0.0548923,-0.422903,1.80151,0.302212,0.302212;
3.39, -1.46873,1.18706,0.0537885,-0.355373,1.77844,0.376622,0.376622;
3.4, -1.39099,1.23804,0.0523463,-0.285563,1.7528,0.45147,0.45147;
3.41, -1.30797,1.28808,0.0511449,-0.214762,1.72617,0.525623,0.525623;
3.42, -1.22957,1.3347,0.0497216,-0.143047,1.69798,0.599257,0.599257;
3.43, -1.16015,1.37933,0.0478746,-0.0708501,1.66829,0.672007,0.672007;
3.44, -1.10987,1.41882,0.0461783,0.00175136,1.63667,0.744095,0.744095;
3.45, -1.06095,1.45361,0.044193,0.0748377,1.60229,0.815831,0.815831;
3.46, -0.988486,1.48733,0.0426141,0.148959,1.56363,0.888215,0.888215;
3.47, -0.928109,1.51742,0.0408733,0.223866,1.52069,0.961407,0.961407;
3.48, -0.867728,1.54235,0.0389652,0.29819,1.47522,1.03393,1.03393;
3.49, -0.791248,1.56613,0.0368792,0.37202,1.42642,1.10617,1.10617;
3.5, -0.700935,1.58594,0.0346635,0.445081,1.37438,1.17817,1.17817;
3.51, -0.621063,1.60476,0.0327296,0.516389,1.32036,1.24886,1.24886;
3.52, -0.584121,1.62004,0.0304563,0.585178,1.26555,1.31744,1.31744;
3.53, -0.516473,1.6323,0.0280745,0.651461,1.20899,1.38402,1.38402;
3.54, -0.44749,1.64103,0.02562,0.71643,1.14736,1.45041,1.45041;
3.55, -0.387317,1.64715,0.023386,0.778759,1.08305,1.51503,1.51503;
3.56, -0.335151,1.65115,0.0210841,0.837965,1.01641,1.57751,1.57751;
3.57, -0.25095,1.65442,0.0185191,0.893877,0.946792,1.63782,1.63782;
3.58, -0.164187,1.65423,0.0157917,0.946306,0.873645,1.69596,1.69596;
3.59, -0.111148,1.65202,0.013201,0.99394,0.799513,1.75008,1.75008;
3.6, -0.036111,1.64868,0.0106718,1.03636,0.724802,1.79978,1.79978;
3.61, 0.0222536,1.64282,0.0081183,1.07403,0.646928,1.8461,1.8461;
3.62, 0.0893018,1.63274,0.00538053,1.10614,0.567556,1.8878,1.8878;
3.63, 0.16697,1.62374,0.00284008,1.13258,0.48564,1.92511,1.92511;
3.64, 0.205723,1.61286,0.000302514,1.15303,0.402048,1.95764,1.95764;
3.65, 0.287143,1.59849,-0.00222383,1.16677,0.317693,1.98432,1.98432;
3.66, 0.33656,1.58425,-0.00502233,1.17405,0.229808,2.00624,2.00624;
3.67, 0.401924,1.56602,-0.00789531,1.1742,0.141831,2.02183,2.02183;
3.68, 0.467632,1.54438,-0.0106851,1.16716,0.0516742,2.03169,2.03169;
3.69, 0.539685,1.52148,-0.013166,1.15283,-0.0392556,2.03538,2.03538;
3.7, 0.61404,1.49816,-0.015306,1.13114,-0.130559,2.03284,2.03284;
3.71, 0.726421,1.47139,-0.0179319,1.10204,-0.221527,2.02374,2.02374;
3.72, 0.779641,1.44243,-0.0203567,1.06551,-0.311758,2.00782,2.00782;
3.73, 0.831401,1.41288,-0.0228765,1.02185,-0.398204,1.98432,1.98432;
3.74, 0.891921,1.38103,-0.0252606,0.971498,-0.485015,1.95513,1.95513;
3.75, 0.974269,1.34515,-0.0273207,0.914795,-0.572301,1.92051,1.92051;
3.76, 1.0439,1.30513,-0.0295071,0.852021,-0.659074,1.88036,1.88036;
3.77, 1.08978,1.26562,-0.0315373,0.783782,-0.743357,1.83445,1.83445;
3.78, 1.13589,1.2227,-0.0336767,0.710657,-0.825755,1.78359,1.78359;
3.79, 1.20562,1.17646,-0.035742,0.632909,-0.907881,1.72847,1.72847;
3.8, 1.29511,1.12885,-0.0379135,0.551168,-0.989483,1.66954,1.66954;
3.81, 1.3685,1.07751,-0.0400795,0.466274,-1.06852,1.60659,1.60659;
3.82, 1.44494,1.02385,-0.0418745,0.379053,-1.1433,1.53938,1.53938;
3.83, 1.52649,0.96709,-0.0430073,0.290197,-1.21479,1.46877,1.46877;
3.84, 1.56541,0.906269,-0.0436633,0.200522,-1.28269,1.39504,1.39504;
3.85, 1.64735,0.84108,-0.0444097,0.110917,-1.3464,1.31838,1.31838;
3.86, 1.70422,0.77326,-0.0460506,0.0216343,-1.40871,1.24018,1.24018;
3.87, 1.77025,0.702869,-0.0479211,-0.0657807,-1.46643,1.15991,1.15991;
3.88, 1.84015,0.629376,-0.0487234,-0.151022,-1.52112,1.07838,1.07838;
3.89, 1.88321,0.553387,-0.0488661,-0.233183,-1.57205,0.995566,0.995566;
3.9, 1.93048,0.472602,-0.0488335,-0.311434,-1.61853,0.911496,0.911496;
3.91, 1.94987,0.388178,-0.0497954,-0.38555,-1.66216,0.826824,0.826824;
3.92, 1.96582,0.303608,-0.0500214,-0.454669,-1.70232,0.741725,0.741725;
3.93, 2.00689,0.216737,-0.0504398,-0.518719,-1.7408,0.657078,0.657078;
3.94, 2.0251,0.126976,-0.0500732,-0.577308,-1.77742,0.572741,0.572741;
3.95, 2.02801,0.0367087,-0.0500806,-0.629377,-1.80995,0.488033,0.488033;
3.96, 2.05761,-0.0564522,-0.0505582,-0.674812,-1.83937,0.403496,0.403496;
3.97, 2.06369,-0.150688,-0.0501257,-0.713624,-1.8665,0.319374,0.319374;
3.98, 2.07504,-0.243861,-0.0496829,-0.744772,-1.88898,0.234995,0.234995;
3.99, 2.05577,-0.340482,-0.049463,-0.768418,-1.90784,0.150803,0.150803;
4, 2.03918,-0.438803,-0.0488292,-0.784296,-1.92228,0.0663847,0.0663847;
4.01, 2.02947,-0.534788,-0.0480759,-0.792893,-1.93404,-0.0173633,-0.0173633;
4.02, 2.01177,-0.629774,-0.046692,-0.793981,-1.94236,-0.100548,-0.100548;
4.03, 1.97837,-0.724495,-0.0454243,-0.787453,-1.94613,-0.183681,-0.183681;
4.04, 1.92967,-0.818576,-0.0444432,-0.773562,-1.9453,-0.266758,-0.266758;
4.05, 1.89737,-0.910548,-0.0432422,-0.752861,-1.94058,-0.349422,-0.349422;
4.06, 1.85625,-1.00036,-0.0418178,-0.725978,-1.93267,-0.43134,-0.43134;
4.07, 1.78503,-1.08828,-0.0402324,-0.692791,-1.91976,-0.513154,-0.513154;
4.08, 1.70991,-1.17324,-0.0385233,-0.653836,-1.90195,-0.594728,-0.594728;
4.09, 1.68946,-1.25577,-0.0367056,-0.610288,-1.88109,-0.675219,-0.675219;
4.1, 1.60987,-1.33449,-0.0349689,-0.562707,-1.85708,-0.754574,-0.754574;
4.11, 1.50203,-1.40925,-0.0329938,-0.510208,-1.82505,-0.83447,-0.83447;
4.12, 1.45415,-1.47931,-0.0308399,-0.454733,-1.78924,-0.913198,-0.913198;
4.13, 1.34846,-1.5456,-0.028728,-0.397603,-1.75174,-0.989828,-0.989828;
4.14, 1.29375,-1.60752,-0.0264263,-0.337991,-1.70736,-1.06621,-1.06621;
4.15, 1.22671,-1.66438,-0.0241193,-0.277668,-1.66035,-1.14051,-1.14051;
4.16, 1.14027,-1.71742,-0.022004,-0.216237,-1.6064,-1.21415,-1.21415;
4.17, 1.02634,-1.76547,-0.0197394,-0.154512,-1.54624,-1.28671,-1.28671;
4.18, 0.920381,-1.80952,-0.01724,-0.0936185,-1.48142,-1.3573,-1.3573;
4.19, 0.774468,-1.84841,-0.0149325,-0.0346692,-1.41421,-1.42484,-1.42484;
4.2, 0.706227,-1.88058,-0.0125747,0.0218945,-1.34384,-1.48926,-1.48926;
4.21, 0.627653,-1.9094,-0.0101202,0.0750509,-1.27357,-1.54918,-1.54918;
4.22, 0.538358,-1.93207,-0.00754727,0.125464,-1.19696,-1.60684,-1.60684;
4.23, 0.447333,-1.94854,-0.0052578,0.172573,-1.11466,-1.66164,-1.66164;
4.24, 0.336982,-1.9613,-0.00265122,0.215566,-1.02783,-1.71294,-1.71294;
4.25, 0.258409,-1.96925,7.07806e-05,0.253894,-0.936979,-1.76049,-1.76049;
4.26, 0.181565,-1.97324,0.00244345,0.286875,-0.843926,-1.80324,-1.80324;
4.27, 0.0606582,-1.97062,0.00458477,0.314326,-0.746313,-1.84176,-1.84176;
4.28, -0.0157241,-1.9616,0.00702781,0.335852,-0.644256,-1.87582,-1.87582;
4.29, -0.141375,-1.94702,0.00960431,0.350901,-0.541957,-1.90397,-1.90397;
4.3, -0.287118,-1.93328,0.012146,0.359332,-0.436256,-1.92733,-1.92733;
4.31, -0.345615,-1.91226,0.0144752,0.361029,-0.331566,-1.94436,-1.94436;
4.32, -0.426077,-1.88554,0.0168903,0.355854,-0.229938,-1.95384,-1.95384;
4.33, -0.521576,-1.85702,0.0194356,0.343858,-0.124561,-1.95845,-1.95845;
4.34, -0.603619,-1.82157,0.0215058,0.325236,-0.0175428,-1.95768,-1.95768;
4.35, -0.707745,-1.77778,0.0235537,0.3,0.0892238,-1.95077,-1.95077;
4.36, -0.793447,-1.73387,0.0254595,0.268336,0.196149,-1.93833,-1.93833;
4.37, -0.900062,-1.68804,0.02684,0.230864,0.300781,-1.92016,-1.92016;
4.38, -1.01299,-1.63558,0.0288388,0.187728,0.404155,-1.89657,-1.89657;
4.39, -1.10011,-1.58256,0.0310631,0.139668,0.504224,-1.86705,-1.86705;
4.4, -1.17601,-1.52395,0.0322937,0.0874621,0.599848,-1.83168,-1.83168;
4.41, -1.2486,-1.46073,0.0342865,0.0314243,0.692772,-1.79116,-1.79116;
4.42, -1.34485,-1.39201,0.0369664,-0.0278401,0.78355,-1.74636,-1.74636;
4.43, -1.41504,-1.32233,0.0380978,-0.0896075,0.871859,-1.69761,-1.69761;
4.44, -1.48562,-1.24738,0.0396111,-0.15256,0.955172,-1.64456,-1.64456;
4.45, -1.54435,-1.16165,0.0413918,-0.21646,1.03525,-1.58823,-1.58823;
4.46, -1.63296,-1.08462,0.0430883,-0.280332,1.11161,-1.529,-1.529;
4.47, -1.69964,-1.00958,0.0443792,-0.34338,1.18444,-1.46801,-1.46801;
4.48, -1.75459,-0.920667,0.0451534,-0.404324,1.25132,-1.40367,-1.40367;
4.49, -1.78157,-0.830628,0.0461615,-0.462964,1.3137,-1.33644,-1.33644;
4.5, -1.822,-0.740352,0.0475802,-0.518421,1.37191,-1.26783,-1.26783;
4.51, -1.86131,-0.650275,0.0490558,-0.570719,1.42774,-1.19885,-1.19885;
4.52, -1.89147,-0.558778,0.0494303,-0.618781,1.47971,-1.12895,-1.12895;
4.53, -1.91287,-0.460056,0.0502048,-0.661982,1.52743,-1.05802,-1.05802;
4.54, -1.96498,-0.366495,0.0509061,-0.699996,1.57131,-0.986484,-0.986484;
4.55, -1.98067,-0.27654,0.0516426,-0.732354,1.61137,-0.915125,-0.915125;
4.56, -1.99467,-0.178955,0.0514447,-0.75764,1.64502,-0.84235,-0.84235;
4.57, -2.03029,-0.0852082,0.0512117,-0.776685,1.67479,-0.768966,-0.768966;
4.58, -2.02006,0.0106434,0.0517341,-0.789087,1.70044,-0.695633,-0.695633;
4.59, -2.00308,0.100782,0.0522333,-0.79385,1.72005,-0.62118,-0.62118;
4.6, -1.96581,0.191367,0.0525527,-0.792298,1.73656,-0.547251,-0.547251;
4.61, -1.93146,0.274368,0.0529255,-0.784671,1.75044,-0.473622,-0.473622;
4.62, -1.92913,0.362812,0.0528601,-0.771686,1.7628,-0.401025,-0.401025;
4.63, -1.89923,0.446415,0.0527229,-0.753294,1.77324,-0.328706,-0.328706;
4.64, -1.8563,0.525987,0.0524378,-0.728213,1.77863,-0.255817,-0.255817;
4.65, -1.8079,0.612486,0.0519278,-0.697576,1.78082,-0.183015,-0.183015;
4.66, -1.7544,0.696583,0.0517053,-0.662117,1.78069,-0.110546,-0.110546;
4.67, -1.72345,0.768944,0.0508577,-0.622214,1.77808,-0.0391931,-0.0391931;
4.68, -1.69364,0.83519,0.0502908,-0.578277,1.77301,0.0309975,0.0309975;
4.69, -1.61325,0.904032,0.0498139,-0.52968,1.76391,0.101824,0.101824;
4.7, -1.55565,0.965095,0.048731,-0.476606,1.75055,0.1738,0.1738;
4.71, -1.51397,1.02095,0.0477592,-0.421386,1.73645,0.244464,0.244464;
4.72, -1.4509,1.08352,0.0464431,-0.363452,1.72007,0.315153,0.315153;
4.73, -1.3861,1.1375,0.0454764,-0.302329,1.69998,0.386865,0.386865;
4.74, -1.32261,1.1915,0.0438307,-0.239233,1.67727,0.457982,0.457982;
4.75, -1.27617,1.24394,0.0423333,-0.174498,1.65222,0.528832,0.528832;
4.76, -1.22528,1.29085,0.0409171,-0.108439,1.62456,0.599298,0.599298;
4.77, -1.14444,1.32813,0.0394962,-0.0407002,1.59278,0.670001,0.670001;
4.78, -1.07956,1.36455,0.0380657,0.0282645,1.55724,0.740922,0.740922;
4.79, -1.00635,1.40077,0.0363103,0.0970969,1.52055,0.811208,0.811208;
4.8, -0.933962,1.43159,0.0343459,0.166026,1.48142,0.881252,0.881252;
4.81, -0.891235,1.45853,0.0324137,0.234451,1.44028,0.950432,0.950432;
4.82, -0.809825,1.48233,0.0305129,0.3022,1.39715,1.01887,1.01887;
4.83, -0.760106,1.50476,0.0285799,0.370058,1.3497,1.08781,1.08781;
4.84, -0.712678,1.52655,0.0263919,0.436424,1.30091,1.15547,1.15547;
4.85, -0.618853,1.54365,0.0242655,0.501936,1.24835,1.2228,1.2228;
4.86, -0.548157,1.55893,0.0221486,0.566303,1.19172,1.28959,1.28959;
4.87, -0.488736,1.57209,0.0201042,0.627735,1.13478,1.35372,1.35372;
4.88, -0.404998,1.5824,0.0177203,0.686551,1.0758,1.4158,1.4158;
4.89, -0.348133,1.59108,0.015351,0.742821,1.01381,1.47609,1.47609;
4.9, -0.279633,1.59845,0.0128894,0.795582,0.950747,1.53338,1.53338;
4.91, -0.211563,1.60104,0.0106016,0.845139,0.884587,1.58837,1.58837;
4.92, -0.164747,1.60052,0.00845147,0.890866,0.816184,1.64028,1.64028;
4.93, -0.0951831,1.60036,0.00580701,0.932477,0.745716,1.68896,1.68896;
4.94, -0.00765455,1.59634,0.00307493,0.97009,0.671669,1.73496,1.73496;
4.95, 0.0316956,1.59104,0.000621789,1.00277,0.595819,1.7769,1.7769;
4.96, 0.105557,1.58248,-0.00169526,1.02988,0.519821,1.8139,1.8139;
4.97, 0.159922,1.5717,-0.004417,1.0519,0.440085,1.84732,1.84732;
4.98, 0.229724,1.5606,-0.0071632,1.06807,0.359308,1.87576,1.87576;
4.99, 0.294353,1.5462,-0.00961263,1.07833,0.276333,1.89958,1.89958;
5, 0.357084,1.53204,-0.0120784,1.08219,0.192424,1.91792,1.91792;
5.01, 0.444922,1.51289,-0.0149363,1.0795,0.107475,1.93073,1.93073;
5.02, 0.482733,1.49274,-0.0174273,1.07006,0.0214654,1.93774,1.93774;
5.03, 0.566265,1.47024,-0.019792,1.0538,-0.0634233,1.93836,1.93836;
5.04, 0.627218,1.44473,-0.0221176,1.03092,-0.150689,1.93391,1.93391;
5.05, 0.686367,1.41896,-0.0241774,1.00132,-0.236812,1.92307,1.92307;
5.06, 0.757164,1.39139,-0.0266119,0.965146,-0.323054,1.90652,1.90652;
5.07, 0.826493,1.36164,-0.0289713,0.922531,-0.40942,1.88423,1.88423;
5.08, 0.912268,1.32877,-0.0313173,0.873684,-0.494794,1.85602,1.85602;
5.09, 0.962142,1.2916,-0.0337278,0.818926,-0.579019,1.82211,1.82211;
5.1, 1.03965,1.25104,-0.0358406,0.75879,-0.660653,1.78239,1.78239;
5.11, 1.10049,1.21131,-0.0379206,0.693715,-0.742051,1.73822,1.73822;
5.12, 1.13385,1.16825,-0.0399876,0.624431,-0.821051,1.68929,1.68929;
5.13, 1.19591,1.12209,-0.0416915,0.551131,-0.89861,1.63601,1.63601;
5.14, 1.27638,1.07375,-0.0432635,0.474222,-0.976522,1.57945,1.57945;
5.15, 1.36631,1.02158,-0.0450421,0.394532,-1.05245,1.51919,1.51919;
5.16, 1.44902,0.967941,-0.0468815,0.312859,-1.1247,1.45502,1.45502;
5.17, 1.49629,0.909622,-0.0485263,0.230143,-1.19241,1.38718,1.38718;
5.18, 1.56218,0.847447,-0.0496306,0.147008,-1.256,1.31611,1.31611;
5.19, 1.61779,0.782577,-0.0508247,0.0638313,-1.31787,1.2431,1.2431;
5.2, 1.64511,0.716865,-0.0519345,-0.0183237,-1.37652,1.16808,1.16808;
5.21, 1.72022,0.647928,-0.0527697,-0.0989217,-1.43238,1.09149,1.09149;
5.22, 1.76509,0.575145,-0.0535935,-0.177866,-1.48729,1.01403,1.01403;
5.23, 1.80918,0.498668,-0.0543123,-0.253623,-1.53756,0.934741,0.934741;
5.24, 1.84382,0.420647,-0.0544425,-0.325973,-1.58491,0.854533,0.854533;
5.25, 1.88765,0.33987,-0.0550028,-0.3942,-1.62919,0.773647,0.773647;
5.26, 1.89026,0.256657,-0.0555838,-0.457893,-1.67069,0.692281,0.692281;
5.27, 1.92384,0.17024,-0.0557295,-0.516266,-1.70847,0.610271,0.610271;
5.28, 1.92692,0.0820891,-0.0561832,-0.569624,-1.74511,0.528687,0.528687;
5.29, 1.95653,-0.00868951,-0.056531,-0.61674,-1.77796,0.446788,0.446788;
5.3, 1.99223,-0.0997853,-0.0564741,-0.657824,-1.80875,0.365283,0.365283;
5.31, 2.02585,-0.18998,-0.055868,-0.691823,-1.83513,0.283481,0.283481;
5.32, 2.03544,-0.283561,-0.0554629,-0.718258,-1.85608,0.200985,0.200985;
5.33, 2.01243,-0.377713,-0.0546904,-0.736918,-1.87128,0.117567,0.117567;
5.34, 1.98666,-0.472077,-0.053876,-0.748095,-1.88208,0.0339601,0.0339601;
5.35, 1.96082,-0.568387,-0.0527684,-0.752458,-1.89046,-0.0490281,-0.0490281;
5.36, 1.94483,-0.661942,-0.0514393,-0.750036,-1.89616,-0.131457,-0.131457;
5.37, 1.89088,-0.753564,-0.0504627,-0.740758,-1.89849,-0.213298,-0.213298;
5.38, 1.85199,-0.845412,-0.0495656,-0.72453,-1.89616,-0.295152,-0.295152;
5.39, 1.82101,-0.934394,-0.0483875,-0.702507,-1.89157,-0.376187,-0.376187;
5.4, 1.77003,-1.02186,-0.0469108,-0.674517,-1.88311,-0.456824,-0.456824;
5.41, 1.73716,-1.10673,-0.0454053,-0.640626,-1.86955,-0.537534,-0.537534;
5.42, 1.6847,-1.18962,-0.0437616,-0.601639,-1.85186,-0.617803,-0.617803;
5.43, 1.59537,-1.26917,-0.0419905,-0.557553,-1.82822,-0.698223,-0.698223;
5.44, 1.53416,-1.34361,-0.0400976,-0.50926,-1.79967,-0.778215,-0.778215;
5.45, 1.45365,-1.41544,-0.0382577,-0.458162,-1.76878,-0.856703,-0.856703;
5.46, 1.38666,-1.48367,-0.0363213,-0.404164,-1.73301,-0.934645,-0.934645;
5.47, 1.30881,-1.54773,-0.0345158,-0.34813,-1.69344,-1.01141,-1.01141;
5.48, 1.218,-1.60812,-0.0322739,-0.290348,-1.64865,-1.08731,-1.08731;
5.49, 1.1035,-1.66403,-0.0298827,-0.231592,-1.59925,-1.16196,-1.16196;
5.5, 1.04268,-1.7154,-0.0275541,-0.172692,-1.54601,-1.23479,-1.23479;
5.51, 0.961079,-1.76223,-0.025247,-0.114664,-1.49065,-1.30484,-1.30484;
5.52, 0.826412,-1.80374,-0.0230103,-0.0570752,-1.42864,-1.37366,-1.37366;
5.53, 0.757119,-1.84079,-0.0206663,-0.000804473,-1.36142,-1.44044,-1.44044;
5.54, 0.695427,-1.87253,-0.0181336,0.0526501,-1.29347,-1.50335,-1.50335;
5.55, 0.617312,-1.89889,-0.0156824,0.103723,-1.21941,-1.56406,-1.56406;
5.56, 0.516756,-1.9222,-0.0133313,0.152033,-1.13843,-1.62261,-1.62261;
5.57, 0.418271,-1.94051,-0.0109938,0.196678,-1.05211,-1.6782,-1.6782;
5.58, 0.278945,-1.9504,-0.00854733,0.236775,-0.962548,-1.72967,-1.72967;
5.59, 0.145672,-1.95077,-0.00615726,0.271804,-0.869845,-1.77675,-1.77675;
5.6, 0.0722847,-1.96392,-0.00366453,0.301129,-0.777679,-1.81819,-1.81819;
5.61, 0.00400431,-1.96334,-0.000999587,0.324599,-0.685954,-1.85428,-1.85428;
5.62, -0.0794869,-1.95021,0.00152227,0.34214,-0.589246,-1.8852,-1.8852;
5.63, -0.18327,-1.93472,0.00372551,0.353598,-0.487554,-1.91154,-1.91154;
5.64, -0.280239,-1.91941,0.00598718,0.358664,-0.38293,-1.93327,-1.93327;
5.65, -0.39307,-1.89896,0.00795968,0.357039,-0.277567,-1.9494,-1.9494;
5.66, -0.483556,-1.87382,0.0099705,0.34852,-0.17127,-1.95951,-1.95951;
5.67, -0.568556,-1.84066,0.0125704,0.333225,-0.0657726,-1.96314,-1.96314;
5.68, -0.653214,-1.8035,0.0150251,0.311166,0.0402604,-1.96087,-1.96087;
5.69, -0.731471,-1.76246,0.0172459,0.282597,0.146744,-1.95305,-1.95305;
5.7, -0.841363,-1.7181,0.0186999,0.247713,0.253162,-1.93972,-1.93972;
5.71, -0.949922,-1.6728,0.0208846,0.206767,0.359459,-1.92112,-1.92112;
5.72, -1.03593,-1.62459,0.0231073,0.160502,0.462591,-1.89651,-1.89651;
5.73, -1.11245,-1.56623,0.0252789,0.109385,0.562142,-1.86566,-1.86566;
5.74, -1.18982,-1.50265,0.0271468,0.0537661,0.65954,-1.82937,-1.82937;
5.75, -1.31974,-1.43711,0.0293031,-0.00561144,0.754942,-1.78867,-1.78867;
5.76, -1.40632,-1.36658,0.0305452,-0.0679753,0.847749,-1.74398,-1.74398;
5.77, -1.50914,-1.30174,0.0314035,-0.131583,0.933318,-1.69385,-1.69385;
5.78, -1.59596,-1.22905,0.032933,-0.196315,1.01462,-1.63998,-1.63998;
5.79, -1.62948,-1.14817,0.0349384,-0.261113,1.09053,-1.58154,-1.58154;
5.8, -1.68058,-1.06411,0.0366718,-0.325253,1.16169,-1.51951,-1.51951;
5.81, -1.73928,-0.978528,0.0378079,-0.388911,1.23172,-1.45608,-1.45608;
5.82, -1.80547,-0.894006,0.038982,-0.450846,1.29888,-1.39103,-1.39103;
5.83, -1.85474,-0.798124,0.0407192,-0.510101,1.36206,-1.32426,-1.32426;
5.84, -1.87502,-0.705238,0.0416581,-0.565715,1.42029,-1.25533,-1.25533;
5.85, -1.92966,-0.610615,0.0419504,-0.617068,1.47407,-1.18552,-1.18552;
5.86, -1.95734,-0.51648,0.0434771,-0.664427,1.5255,-1.11557,-1.11557;
5.87, -1.97819,-0.41952,0.0444207,-0.706102,1.57164,-1.04445,-1.04445;
5.88, -2.00883,-0.32725,0.0442875,-0.742236,1.61388,-0.972726,-0.972726;
5.89, -2.05394,-0.234805,0.0449558,-0.772479,1.65242,-0.900833,-0.900833;
5.9, -2.03105,-0.137208,0.0459657,-0.796172,1.68643,-0.828029,-0.828029;
5.91, -2.0219,-0.047235,0.0466447,-0.812273,1.71425,-0.753596,-0.753596;
5.92, -2.02875,0.047344,0.0473741,-0.822684,1.74046,-0.680225,-0.680225;
5.93, -2.0251,0.140611,0.0469461,-0.826847,1.76408,-0.606854,-0.606854;
5.94, -2.02193,0.23733,0.046596,-0.823862,1.78314,-0.533135,-0.533135;
5.95, -2.00445,0.330355,0.0464654,-0.814008,1.7982,-0.459265,-0.459265;
5.96, -1.99098,0.419022,0.0465391,-0.797154,1.80872,-0.385427,-0.385427;
5.97, -1.93789,0.500073,0.0463621,-0.773888,1.81549,-0.311764,-0.311764;
5.98, -1.86432,0.585507,0.0458919,-0.744188,1.81801,-0.237744,-0.237744;
5.99, -1.84307,0.667131,0.0457526,-0.709825,1.81924,-0.164316,-0.164316;
6, -1.81064,0.746671,0.0455685,-0.671796,1.82031,-0.0926856,-0.0926856;
6.01, -1.73799,0.816178,0.0453831,-0.628137,1.81681,-0.0204617,-0.0204617;
6.02, -1.68796,0.879815,0.0440382,-0.579472,1.80914,0.0521073,0.0521073;
6.03, -1.66091,0.950585,0.0430184,-0.527718,1.80052,0.124025,0.124025;
6.04, -1.59662,1.01887,0.042332,-0.472316,1.78941,0.196575,0.196575;
6.05, -1.53567,1.07976,0.0411114,-0.412509,1.77324,0.270118,0.270118;
6.06, -1.48417,1.1399,0.0398955,-0.350111,1.75461,0.34306,0.34306;
6.07, -1.40903,1.19382,0.0385577,-0.285376,1.73348,0.415922,0.415922;
6.08, -1.36527,1.2426,0.0376938,-0.218213,1.70888,0.489029,0.489029;
6.09, -1.29241,1.28903,0.0366075,-0.149862,1.68263,0.561627,0.561627;
6.1, -1.20132,1.33116,0.0353782,-0.0793499,1.65228,0.635218,0.635218;
6.11, -1.13471,1.37278,0.033655,-0.00809956,1.61991,0.708493,0.708493;
6.12, -1.07109,1.41419,0.0315358,0.0628645,1.587,0.780617,0.780617;
6.13, -0.9962,1.44806,0.0293638,0.134182,1.55153,0.852485,0.852485;
6.14, -0.925539,1.47737,0.0274067,0.205728,1.51301,0.924023,0.924023;
6.15, -0.865185,1.50272,0.0259055,0.276907,1.47246,0.994994,0.994994;
6.16, -0.812711,1.52689,0.0240355,0.347587,1.42956,1.06557,1.06557;
6.17, -0.751184,1.55247,0.0221169,0.417917,1.38347,1.13614,1.13614;
6.18, -0.672128,1.57399,0.0203097,0.487817,1.33351,1.20677,1.20677;
6.19, -0.599046,1.59222,0.0180846,0.556484,1.28022,1.27649,1.27649;
6.2, -0.564741,1.60638,0.0158254,0.622973,1.22507,1.34434,1.34434;
6.21, -0.484972,1.61831,0.013399,0.68715,1.16772,1.4104,1.4104;
6.22, -0.39924,1.62844,0.0109172,0.749912,1.10523,1.47622,1.47622;
6.23, -0.32893,1.63667,0.00846765,0.809581,1.0411,1.53961,1.53961;
6.24, -0.301273,1.64136,0.00610691,0.865463,0.97594,1.59983,1.59983;
6.25, -0.237919,1.64,0.00362924,0.917658,0.908543,1.65717,1.65717;
6.26, -0.186326,1.64832,0.000956535,0.966882,0.835649,1.71317,1.71317;
6.27, -0.107644,1.64645,-0.00152941,1.01207,0.7602,1.76638,1.76638;
6.28, -0.0222452,1.63784,-0.00431396,1.05228,0.681178,1.81569,1.81569;
6.29, 0.0378571,1.63101,-0.00690284,1.0869,0.601031,1.86032,1.86032;
6.3, 0.0965887,1.62285,-0.00930604,1.11566,0.520642,1.90008,1.90008;
6.31, 0.157658,1.61234,-0.0119,1.13855,0.438019,1.93528,1.93528;
6.32, 0.238783,1.60012,-0.0143586,1.15524,0.353086,1.96561,1.96561;
6.33, 0.279197,1.58697,-0.0170447,1.16535,0.266229,1.99064,1.99064;
6.34, 0.360179,1.56955,-0.0197461,1.16833,0.179167,2.00937,2.00937;
6.35, 0.413342,1.55203,-0.0223194,1.16432,0.0890782,2.02283,2.02283;
6.36, 0.506791,1.53184,-0.025,1.15298,-0.000814838,2.02981,2.02981;
6.37, 0.602571,1.50942,-0.0276731,1.13418,-0.0922714,2.03074,2.03074;
6.38, 0.664427,1.48601,-0.0303907,1.10781,-0.182137,2.02447,2.02447;
6.39, 0.719477,1.46097,-0.0328528,1.07395,-0.269933,2.01093,2.01093;
6.4, 0.803482,1.43097,-0.035293,1.03292,-0.358091,1.99121,1.99121;
6.41, 0.856489,1.39965,-0.0375741,0.984943,-0.446975,1.9656,1.9656;
6.42, 0.929582,1.36439,-0.0397077,0.930427,-0.534158,1.93369,1.93369;
6.43, 0.995006,1.32789,-0.0420249,0.869563,-0.621548,1.89639,1.89639;
6.44, 1.06059,1.28936,-0.0444617,0.802963,-0.707503,1.85357,1.85357;
6.45, 1.13767,1.24815,-0.0465277,0.730942,-0.792286,1.80559,1.80559;
6.46, 1.21713,1.2045,-0.048061,0.654046,-0.875707,1.75277,1.75277;
6.47, 1.28343,1.15694,-0.050085,0.572926,-0.956687,1.69513,1.69513;
6.48, 1.33568,1.10686,-0.0520003,0.488265,-1.03479,1.6329,1.6329;
6.49, 1.41554,1.05429,-0.0539741,0.400729,-1.11082,1.56695,1.56695;
6.5, 1.48133,0.997906,-0.0553524,0.310854,-1.18559,1.49798,1.49798;
6.51, 1.50689,0.938348,-0.0569162,0.219695,-1.25699,1.42566,1.42566;
6.52, 1.57238,0.876267,-0.058162,0.127867,-1.32567,1.35066,1.35066;
6.53, 1.6632,0.811034,-0.0597764,0.0355631,-1.39431,1.27426,1.27426;
6.54, 1.71811,0.741639,-0.0612434,-0.0559004,-1.45989,1.19577,1.19577;
6.55, 1.82005,0.667641,-0.0621801,-0.145303,-1.52032,1.11483,1.11483;
6.56, 1.86265,0.590491,-0.0625769,-0.232362,-1.57788,1.03257,1.03257;
6.57, 1.92069,0.51165,-0.0632557,-0.31528,-1.62908,0.948201,0.948201;
6.58, 1.97203,0.429581,-0.064273,-0.394368,-1.67771,0.863229,0.863229;
6.59, 2.00855,0.34192,-0.0647414,-0.468663,-1.72269,0.777332,0.777332;
6.6, 2.04391,0.251815,-0.0645786,-0.537613,-1.76419,0.690765,0.690765;
6.61, 2.05221,0.160221,-0.0644415,-0.600669,-1.80278,0.604098,0.604098;
6.62, 2.10562,0.0676779,-0.0651168,-0.657227,-1.8381,0.517299,0.517299;
6.63, 2.13946,-0.0281137,-0.065002,-0.707402,-1.87167,0.430915,0.430915;
6.64, 2.13401,-0.125897,-0.0640693,-0.749729,-1.89998,0.343624,0.343624;
6.65, 2.13538,-0.224824,-0.0632012,-0.784059,-1.92371,0.255854,0.255854;
6.66, 2.14856,-0.324507,-0.0627961,-0.810911,-1.94514,0.168558,0.168558;
6.67, 2.13301,-0.424125,-0.0627072,-0.829844,-1.96333,0.0814146,0.0814146;
6.68, 2.11916,-0.525919,-0.0624233,-0.840364,-1.97692,-0.00609531,-0.00609531;
6.69, 2.11797,-0.62915,-0.0614685,-0.843093,-1.98747,-0.0934314,-0.0934314;
6.7, 2.08103,-0.730739,-0.0603393,-0.837854,-1.99428,-0.180687,-0.180687;
6.71, 2.03447,-0.831459,-0.0588218,-0.824211,-1.9956,-0.26827,-0.26827;
6.72, 1.99909,-0.931123,-0.0573486,-0.803253,-1.99348,-0.355422,-0.355422;
6.73, 1.9325,-1.02753,-0.0559567,-0.775442,-1.98808,-0.442028,-0.442028;
6.74, 1.86397,-1.12071,-0.0544108,-0.740744,-1.97794,-0.528547,-0.528547;
6.75, 1.77753,-1.2123,-0.0527358,-0.70035,-1.96487,-0.614332,-0.614332;
6.76, 1.70693,-1.30152,-0.0509362,-0.654748,-1.94851,-0.69951,-0.69951;
6.77, 1.64613,-1.3878,-0.0491406,-0.604742,-1.92963,-0.783584,-0.783584;
6.78, 1.59476,-1.47003,-0.0471945,-0.55034,-1.9064,-0.867055,-0.867055;
6.79, 1.49959,-1.54847,-0.0452297,-0.491774,-1.87744,-0.950282,-0.950282;
6.8, 1.44584,-1.62184,-0.0431476,-0.429385,-1.84151,-1.03361,-1.03361;
6.81, 1.38029,-1.69035,-0.040864,-0.364857,-1.80173,-1.11564,-1.11564;
6.82, 1.29465,-1.75528,-0.0384662,-0.297972,-1.75451,-1.1976,-1.1976;
6.83, 1.17534,-1.81631,-0.0360754,-0.229631,-1.70039,-1.27909,-1.27909;
6.84, 1.06983,-1.87108,-0.03357,-0.161048,-1.64077,-1.35918,-1.35918;
6.85, 0.992614,-1.92242,-0.0310326,-0.093604,-1.57827,-1.43652,-1.43652;
6.86, 0.894504,-1.96653,-0.02858,-0.0277144,-1.51162,-1.5114,-1.5114;
6.87, 0.790472,-2.00577,-0.0259081,0.0365445,-1.43819,-1.58437,-1.58437;
6.88, 0.695638,-2.04033,-0.0232277,0.0981519,-1.35967,-1.65467,-1.65467;
6.89, 0.604086,-2.06517,-0.020455,0.15627,-1.27656,-1.72168,-1.72168;
6.9, 0.453378,-2.08628,-0.0176704,0.210375,-1.18815,-1.78531,-1.78531;
6.91, 0.372955,-2.1062,-0.0149603,0.259855,-1.09436,-1.84556,-1.84556;
6.92, 0.270288,-2.1178,-0.0123336,0.303505,-1.00028,-1.90016,-1.90016;
6.93, 0.15192,-2.12505,-0.0096068,0.341378,-0.900168,-1.95049,-1.95049;
6.94, 0.0632903,-2.12465,-0.00701239,0.372939,-0.796029,-1.99583,-1.99583;
6.95, -0.0319465,-2.118,-0.00434801,0.397476,-0.689567,-2.03523,-2.03523;
6.96, -0.147941,-2.11168,-0.00152137,0.414771,-0.578786,-2.06941,-2.06941;
6.97, -0.265003,-2.0977,0.000902119,0.424433,-0.464619,-2.09794,-2.09794;
6.98, -0.355542,-2.07652,0.00341705,0.426012,-0.349159,-2.11946,-2.11946;
6.99, -0.469447,-2.04717,0.00600555,0.41939,-0.23314,-2.13392,-2.13392;
7, -0.583785,-2.01183,0.00833885,0.404496,-0.114928,-2.1421,-2.1421;
7.01, -0.707842,-1.97598,0.01071,0.381558,0.00296808,-2.14349,-2.14349;
7.02, -0.788122,-1.9378,0.0135264,0.350753,0.119825,-2.13815,-2.13815;
7.03, -0.90496,-1.89297,0.0155545,0.312382,0.234456,-2.12544,-2.12544;
7.04, -0.980292,-1.84529,0.0172997,0.266363,0.34993,-2.10636,-2.10636;
7.05, -1.09397,-1.78624,0.0190661,0.213673,0.46277,-2.08042,-2.08042;
7.06, -1.22118,-1.72393,0.0217309,0.154245,0.575642,-2.04882,-2.04882;
7.07, -1.32169,-1.66426,0.0243196,0.08954,0.684781,-2.01129,-2.01129;
7.08, -1.4116,-1.59801,0.026213,0.0205234,0.788352,-1.96742,-1.96742;
7.09, -1.47878,-1.52464,0.0282795,-0.0524641,0.888207,-1.9177,-1.9177;
7.1, -1.57257,-1.44769,0.0295994,-0.128552,0.984799,-1.86315,-1.86315;
7.11, -1.65775,-1.36491,0.0310208,-0.207121,1.07929,-1.80501,-1.80501;
7.12, -1.73647,-1.27423,0.0332064,-0.286597,1.16914,-1.74294,-1.74294;
7.13, -1.80597,-1.18241,0.034611,-0.366047,1.25434,-1.67762,-1.67762;
7.14, -1.91029,-1.09008,0.0363896,-0.444311,1.33471,-1.60977,-1.60977;
7.15, -1.96547,-0.997138,0.0383023,-0.520622,1.41066,-1.53985,-1.53985;
7.16, -2.02319,-0.902512,0.0396879,-0.59294,1.47908,-1.4667,-1.4667;
7.17, -2.0766,-0.802205,0.0404845,-0.661626,1.54333,-1.39184,-1.39184;
7.18, -2.13569,-0.69839,0.0416353,-0.725606,1.60305,-1.31539,-1.31539;
7.19, -2.17248,-0.593286,0.0428894,-0.783997,1.65805,-1.23791,-1.23791;
7.2, -2.19452,-0.490374,0.0441008,-0.835581,1.70732,-1.15936,-1.15936;
7.21, -2.22766,-0.382713,0.0448165,-0.880282,1.75209,-1.08045,-1.08045;
7.22, -2.26521,-0.275349,0.0455071,-0.917978,1.7932,-1.00138,-1.00138;
7.23, -2.26596,-0.16769,0.0463289,-0.947568,1.8293,-0.922048,-0.922048;
7.24, -2.25671,-0.0604328,0.0466734,-0.968301,1.85955,-0.842043,-0.842043;
7.25, -2.24627,0.0435564,0.0470692,-0.981145,1.8863,-0.762574,-0.762574;
7.26, -2.23419,0.150139,0.0472704,-0.986255,1.91003,-0.683895,-0.683895;
7.27, -2.2076,0.251477,0.0475227,-0.983514,1.93042,-0.605627,-0.605627;
7.28, -2.19062,0.351348,0.0476564,-0.972759,1.947,-0.527845,-0.527845;
7.29, -2.18267,0.446022,0.0473611,-0.954619,1.96052,-0.450611,-0.450611;
7.3, -2.13709,0.546379,0.0467381,-0.928738,1.96987,-0.37332,-0.37332;
7.31, -2.08787,0.639887,0.0466404,-0.894847,1.97417,-0.29507,-0.29507;
7.32, -2.04664,0.725112,0.047372,-0.854715,1.97565,-0.217802,-0.217802;
7.33, -1.98871,0.807025,0.0467169,-0.808783,1.97444,-0.141158,-0.141158;
7.34, -1.94159,0.881342,0.0459588,-0.756966,1.96966,-0.0641232,-0.0641232;
7.35, -1.88288,0.961632,0.0462275,-0.700373,1.96252,0.0128172,0.0128172;
7.36, -1.80124,1.03572,0.0454611,-0.638844,1.95221,0.0906357,0.0906357;
7.37, -1.74233,1.10477,0.0440729,-0.573154,1.93874,0.168281,0.168281;
7.38, -1.69296,1.17232,0.0428209,-0.504763,1.92397,0.245013,0.245013;
7.39, -1.60847,1.23461,0.0417756,-0.433026,1.90619,0.322145,0.322145;
7.4, -1.52562,1.29183,0.0407593,-0.357794,1.88431,0.400131,0.400131;
7.41, -1.45467,1.34414,0.0390842,-0.280994,1.86092,0.477527,0.477527;
7.42, -1.4007,1.39228,0.0376719,-0.20289,1.83591,0.554555,0.554555;
7.43, -1.32991,1.43878,0.0361568,-0.123216,1.80838,0.631982,0.631982;
7.44, -1.25348,1.48745,0.0341824,-0.0414725,1.77688,0.710679,0.710679;
7.45, -1.1785,1.52883,0.0327346,0.0412845,1.74255,0.789728,0.789728;
7.46, -1.09904,1.56389,0.0311286,0.124338,1.70563,0.868349,0.868349;
7.47, -1.01649,1.59595,0.0296287,0.207502,1.66608,0.946798,0.946798;
7.48, -0.957881,1.62129,0.0276043,0.290395,1.62437,1.02505,1.02505;
7.49, -0.889,1.64397,0.0249873,0.372607,1.58066,1.10283,1.10283;
7.5, -0.823633,1.67021,0.0228894,0.454974,1.5333,1.18148,1.18148;
7.51, -0.777269,1.69148,0.0209829,0.536821,1.48305,1.2604,1.2604;
7.52, -0.700142,1.70837,0.0187114,0.617652,1.42934,1.3389,1.3389;
7.53, -0.621245,1.72226,0.0161832,0.697867,1.37075,1.41774,1.41774;
7.54, -0.544019,1.73537,0.0137207,0.775982,1.3098,1.49534,1.49534;
7.55, -0.451811,1.74549,0.0114483,0.851494,1.24677,1.57129,1.57129;
7.56, -0.387474,1.75177,0.00905796,0.924041,1.18142,1.64517,1.64517;
7.57, -0.34844,1.75804,0.00643197,0.992769,1.11487,1.71601,1.71601;
7.58, -0.273078,1.76013,0.00388076,1.05824,1.04505,1.78484,1.78484;
7.59, -0.209627,1.76081,0.00124004,1.12068,0.969908,1.85222,1.85222;
7.6, -0.141878,1.75882,-0.00142177,1.17856,0.89235,1.91623,1.91623;
7.61, -0.0771498,1.7551,-0.00425987,1.23153,0.811672,1.97673,1.97673;
7.62, -0.00717342,1.74897,-0.00718963,1.27898,0.728277,2.03311,2.03311;
7.63, 0.0524639,1.74208,-0.00992707,1.32041,0.642071,2.08495,2.08495;
7.64, 0.112564,1.73422,-0.0126247,1.3552,0.553593,2.1316,2.1316;
7.65, 0.18811,1.72325,-0.0155951,1.38292,0.462193,2.1728,2.1728;
7.66, 0.247342,1.71059,-0.0183851,1.40297,0.368042,2.20797,2.20797;
7.67, 0.327674,1.69325,-0.0210642,1.41474,0.272577,2.23625,2.23625;
7.68, 0.402332,1.67411,-0.0239868,1.418,0.17485,2.25778,2.25778;
7.69, 0.482105,1.65618,-0.0271155,1.41239,0.0767049,2.27179,2.27179;
7.7, 0.518635,1.63529,-0.029964,1.39776,-0.0219929,2.27826,2.27826;
7.71, 0.602055,1.61101,-0.0325527,1.37382,-0.120772,2.27668,2.27668;
7.72, 0.683897,1.58508,-0.0353508,1.34077,-0.22248,2.26837,2.26837;
7.73, 0.760527,1.55619,-0.0378905,1.29856,-0.323454,2.25201,2.25201;
7.74, 0.866586,1.52842,-0.040315,1.24723,-0.423372,2.22767,2.22767;
7.75, 0.906788,1.49895,-0.0431802,1.1872,-0.522381,2.19577,2.19577;
7.76, 1.01052,1.46449,-0.0458215,1.11873,-0.618227,2.15555,2.15555;
7.77, 1.08368,1.42642,-0.0482291,1.04212,-0.715373,2.10911,2.10911;
7.78, 1.14051,1.38682,-0.050746,0.958461,-0.809198,2.05557,2.05557;
7.79, 1.22427,1.34674,-0.0530428,0.868209,-0.901398,1.99613,1.99613;
7.8, 1.32058,1.30176,-0.0551616,0.771937,-0.993068,1.93165,1.93165;
7.81, 1.38016,1.25208,-0.0570165,0.670416,-1.08215,1.86176,1.86176;
7.82, 1.47908,1.19947,-0.0588214,0.564753,-1.16743,1.78681,1.78681;
7.83, 1.54617,1.14381,-0.0610981,0.455509,-1.25127,1.70831,1.70831;
7.84, 1.60951,1.08519,-0.0628843,0.344125,-1.3309,1.62591,1.62591;
7.85, 1.70345,1.02234,-0.064554,0.231023,-1.40834,1.54079,1.54079;
7.86, 1.78456,0.957077,-0.0657835,0.117051,-1.48374,1.45342,1.45342;
7.87, 1.8287,0.886658,-0.0671087,0.00368199,-1.55482,1.36356,1.36356;
7.88, 1.90068,0.812078,-0.0683973,-0.108405,-1.62219,1.27167,1.27167;
7.89, 2.01109,0.733229,-0.0689114,-0.218827,-1.68827,1.17905,1.17905;
7.9, 2.08466,0.650259,-0.0699054,-0.326097,-1.75102,1.08542,1.08542;
7.91, 2.11811,0.562603,-0.0709033,-0.428371,-1.80735,0.989988,0.989988;
7.92, 2.19376,0.473371,-0.0712549,-0.525423,-1.8596,0.893811,0.893811;
7.93, 2.22673,0.379583,-0.0716411,-0.617193,-1.91045,0.798019,0.798019;
7.94, 2.29187,0.278327,-0.0724596,-0.701943,-1.95666,0.701462,0.701462;
7.95, 2.32087,0.176555,-0.0727722,-0.779754,-2.00067,0.605184,0.605184;
7.96, 2.36184,0.0690079,-0.0719687,-0.848805,-2.03996,0.5087,0.5087;
7.97, 2.39386,-0.0403292,-0.071333,-0.909388,-2.07646,0.412516,0.412516;
7.98, 2.40594,-0.15061,-0.071108,-0.960243,-2.10864,0.316361,0.316361;
7.99, 2.39856,-0.26226,-0.0707089,-1.00104,-2.13658,0.220225,0.220225;
8, 2.37719,-0.377426,-0.0702694,-1.03196,-2.16125,0.12431,0.12431;
8.01, 2.37631,-0.494412,-0.0695921,-1.05315,-2.18344,0.0288569,0.0288569;
8.02, 2.37699,-0.610653,-0.0686345,-1.06462,-2.20346,-0.0658637,-0.0658637;
8.03, 2.34131,-0.729173,-0.0676191,-1.06548,-2.219,-0.160625,-0.160625;
8.04, 2.30058,-0.845403,-0.0662243,-1.05557,-2.22908,-0.255887,-0.255887;
8.05, 2.26135,-0.960695,-0.064834,-1.0359,-2.23561,-0.350743,-0.350743;
8.06, 2.22891,-1.07435,-0.06301,-1.00686,-2.23825,-0.445413,-0.445413;
8.07, 2.18397,-1.18576,-0.0612664,-0.968622,-2.23611,-0.540233,-0.540233;
8.08, 2.0947,-1.29541,-0.0597685,-0.92129,-2.22778,-0.635635,-0.635635;
8.09, 2.04307,-1.40357,-0.0578738,-0.865713,-2.2135,-0.731496,-0.731496;
8.1, 1.99982,-1.50791,-0.0556269,-0.803786,-2.19611,-0.82659,-0.82659;
8.11, 1.89225,-1.60749,-0.0533351,-0.734978,-2.17188,-0.922088,-0.922088;
8.12, 1.74943,-1.70156,-0.0507848,-0.659658,-2.13927,-1.01839,-1.01839;
8.13, 1.66724,-1.79115,-0.0480669,-0.580499,-2.10286,-1.11358,-1.11358;
8.14, 1.56711,-1.87642,-0.0456176,-0.499323,-2.06508,-1.20654,-1.20654;
8.15, 1.50976,-1.95614,-0.0430887,-0.415161,-2.0204,-1.29916,-1.29916;
8.16, 1.39477,-2.02881,-0.040416,-0.32914,-1.96963,-1.39083,-1.39083;
8.17, 1.2584,-2.09515,-0.037638,-0.241149,-1.90881,-1.48276,-1.48276;
8.18, 1.17366,-2.15605,-0.0346772,-0.153455,-1.8424,-1.573,-1.573;
8.19, 1.07405,-2.21082,-0.0317243,-0.0675507,-1.77206,-1.66053,-1.66053;
8.2, 0.981032,-2.25807,-0.0286646,0.0168524,-1.69318,-1.74663,-1.74663;
8.21, 0.863217,-2.29994,-0.0255367,0.0986152,-1.60672,-1.83051,-1.83051;
8.22, 0.734853,-2.33628,-0.022506,0.176795,-1.51218,-1.91191,-1.91191;
8.23, 0.624422,-2.36301,-0.019468,0.250023,-1.41168,-1.98948,-1.98948;
8.24, 0.489107,-2.38406,-0.0164273,0.317183,-1.3063,-2.06226,-2.06226;
8.25, 0.376385,-2.39953,-0.0133633,0.377725,-1.19478,-2.13054,-2.13054;
8.26, 0.266487,-2.40781,-0.0100679,0.430615,-1.07942,-2.19297,-2.19297;
8.27, 0.148282,-2.40949,-0.00686557,0.4753,-0.9586,-2.24963,-2.24963;
8.28, 0.024029,-2.40361,-0.00399343,0.511141,-0.832422,-2.30008,-2.30008;
8.29, -0.13325,-2.39111,-0.00109846,0.537402,-0.702124,-2.34357,-2.34357;
8.3, -0.271221,-2.37656,0.00202064,0.553535,-0.568885,-2.37965,-2.37965;
8.31, -0.381129,-2.35539,0.00502804,0.559141,-0.436116,-2.40697,-2.40697;
8.32, -0.49972,-2.325,0.0076699,0.553959,-0.302668,-2.42539,-2.42539;
8.33, -0.617584,-2.29014,0.0102072,0.537928,-0.166709,-2.43558,-2.43558;
8.34, -0.728134,-2.25043,0.0129662,0.511173,-0.0297392,-2.43758,-2.43758;
8.35, -0.868567,-2.2045,0.0159481,0.473742,0.107516,-2.43122,-2.43122;
8.36, -0.981126,-2.15194,0.0186543,0.425793,0.244898,-2.4166,-2.4166;
8.37, -1.10895,-2.09524,0.0212908,0.368082,0.379104,-2.39295,-2.39295;
8.38, -1.20981,-2.03084,0.0233518,0.300957,0.511564,-2.36139,-2.36139;
8.39, -1.31788,-1.96144,0.025895,0.225486,0.64042,-2.32181,-2.32181;
8.4, -1.43899,-1.8855,0.0283624,0.142209,0.76706,-2.27564,-2.27564;
8.41, -1.57329,-1.80542,0.0304821,0.0523316,0.890195,-2.22297,-2.22297;
8.42, -1.68485,-1.72263,0.0327998,-0.0426722,1.00797,-2.16404,-2.16404;
8.43, -1.79358,-1.63273,0.035065,-0.141174,1.11873,-2.09894,-2.09894;
8.44, -1.88269,-1.54085,0.0370427,-0.242287,1.22378,-2.02859,-2.02859;
8.45, -1.96355,-1.44088,0.0390425,-0.344452,1.32282,-1.95384,-1.95384;
8.46, -2.04778,-1.33742,0.0410596,-0.446786,1.417,-1.87562,-1.87562;
8.47, -2.13392,-1.23452,0.042835,-0.547871,1.50631,-1.79493,-1.79493;
8.48, -2.22212,-1.11895,0.0447591,-0.646158,1.58992,-1.71201,-1.71201;
8.49, -2.27898,-1.00551,0.0460957,-0.740264,1.66728,-1.62679,-1.62679;
8.5, -2.369,-0.888858,0.0467454,-0.828258,1.73742,-1.54017,-1.54017;
8.51, -2.43253,-0.768685,0.0483081,-0.910048,1.80253,-1.45304,-1.45304;
8.52, -2.4564,-0.644578,0.0498787,-0.98317,1.85979,-1.36452,-1.36452;
8.53, -2.51075,-0.524958,0.0508358,-1.0472,1.91044,-1.27548,-1.27548;
8.54, -2.52297,-0.402597,0.0517456,-1.10251,1.95706,-1.18747,-1.18747;
8.55, -2.53914,-0.282042,0.0527188,-1.14723,1.99718,-1.0989,-1.0989;
8.56, -2.55306,-0.159076,0.0534001,-1.18223,2.03334,-1.01124,-1.01124;
8.57, -2.56311,-0.0390909,0.054657,-1.20674,2.06483,-0.924025,-0.924025;
8.58, -2.54804,0.0774401,0.0547107,-1.2203,2.09121,-0.8373,-0.8373;
8.59, -2.52304,0.197235,0.0545626,-1.2227,2.11218,-0.750665,-0.750665;
8.6, -2.50357,0.321972,0.0551302,-1.21504,2.12952,-0.664717,-0.664717;
8.61, -2.48745,0.430669,0.0554757,-1.19768,2.1434,-0.579958,-0.579958;
8.62, -2.42791,0.532736,0.055424,-1.1702,2.15241,-0.49632,-0.49632;
8.63, -2.3978,0.634198,0.0553805,-1.13283,2.1564,-0.412207,-0.412207;
8.64, -2.35064,0.736895,0.0555461,-1.08811,2.15856,-0.32884,-0.32884;
8.65, -2.27763,0.83657,0.0555193,-1.03485,2.15624,-0.244827,-0.244827;
8.66, -2.19019,0.932056,0.0536602,-0.974174,2.15001,-0.160986,-0.160986;
8.67, -2.13076,1.02548,0.0529341,-0.907898,2.14157,-0.0782978,-0.0782978;
8.68, -2.04081,1.10834,0.0533804,-0.83743,2.13219,0.00282096,0.00282096;
8.69, -1.94352,1.186,0.0532487,-0.76173,2.11908,0.0838243,0.0838243;
8.7, -1.86541,1.25654,0.0521562,-0.68268,2.10425,0.164003,0.164003;
8.71, -1.79539,1.32017,0.0509634,-0.601196,2.0883,0.243234,0.243234;
8.72, -1.70719,1.37787,0.0495626,-0.516724,2.06991,0.322857,0.322857;
8.73, -1.63467,1.44018,0.0479674,-0.429144,2.04842,0.403699,0.403699;
8.74, -1.56058,1.49325,0.0465766,-0.339735,2.02521,0.485062,0.485062;
8.75, -1.48843,1.54186,0.0450667,-0.248149,1.99865,0.567125,0.567125;
8.76, -1.41434,1.58866,0.0437274,-0.154689,1.96896,0.650248,0.650248;
8.77, -1.31739,1.63232,0.0418525,-0.0596199,1.93602,0.734595,0.734595;
8.78, -1.23346,1.66796,0.0399799,0.0365622,1.89984,0.819845,0.819845;
8.79, -1.18536,1.70623,0.0385369,0.132434,1.86223,0.904744,0.904744;
8.8, -1.10385,1.73845,0.0366056,0.228435,1.82242,0.990212,0.990212;
8.81, -1.00349,1.76469,0.0342185,0.325849,1.77722,1.07756,1.07756;
8.82, -0.926414,1.79035,0.0321574,0.422913,1.72933,1.16518,1.16518;
8.83, -0.833399,1.81583,0.0294633,0.518439,1.68052,1.25207,1.25207;
8.84, -0.76229,1.8329,0.0271972,0.613141,1.62884,1.33903,1.33903;
8.85, -0.71049,1.84735,0.0248268,0.706056,1.57531,1.42495,1.42495;
8.86, -0.642273,1.86081,0.0224548,0.797986,1.51845,1.51108,1.51108;
8.87, -0.566066,1.87048,0.0199519,0.889438,1.45672,1.59819,1.59819;
8.88, -0.520586,1.87789,0.0173104,0.979182,1.39129,1.6849,1.6849;
8.89, -0.44269,1.88231,0.0147297,1.06641,1.3229,1.77041,1.77041;
8.9, -0.36762,1.88514,0.012,1.15174,1.2493,1.85576,1.85576;
8.91, -0.303494,1.88427,0.00922456,1.23344,1.17292,1.9389,1.9389;
8.92, -0.241093,1.88333,0.00643071,1.3109,1.09367,2.01926,2.01926;
8.93, -0.181456,1.8802,0.00339682,1.384,1.01079,2.09695,2.09695;
8.94, -0.0990973,1.8754,0.000597272,1.45197,0.924088,2.17123,2.17123;
8.95, -0.0626048,1.86761,-0.00247243,1.5142,0.833481,2.2416,2.2416;
8.96, 0.0117344,1.85694,-0.00565299,1.56925,0.740781,2.30625,2.30625;
8.97, 0.101973,1.84517,-0.00864213,1.61755,0.642765,2.36655,2.36655;
8.98, 0.178857,1.83389,-0.0114966,1.65763,0.542392,2.42041,2.42041;
8.99, 0.215618,1.82118,-0.0146703,1.68821,0.441145,2.46626,2.46626;
9, 0.281636,1.80124,-0.0180166,1.70884,0.338113,2.50384,2.50384;
9.01, 0.363461,1.78228,-0.0210875,1.7197,0.230499,2.53427,2.53427;
9.02, 0.455915,1.76315,-0.0240447,1.72021,0.120855,2.55656,2.55656;
9.03, 0.555934,1.74268,-0.0271652,1.70936,0.0107079,2.56928,2.56928;
9.04, 0.637861,1.72077,-0.0301308,1.6867,-0.098921,2.57167,2.57167;
9.05, 0.698905,1.69635,-0.0331735,1.6522,-0.207233,2.56348,2.56348;
9.06, 0.760983,1.67011,-0.036151,1.60611,-0.315308,2.54536,2.54536;
9.07, 0.823273,1.64172,-0.038951,1.5488,-0.424432,2.51826,2.51826;
9.08, 0.905536,1.61281,-0.0417962,1.48053,-0.534208,2.4824,2.4824;
9.09, 0.987872,1.58026,-0.044522,1.40154,-0.644192,2.438,2.438;
9.1, 1.09235,1.5458,-0.0471226,1.31225,-0.752623,2.38478,2.38478;
9.11, 1.20565,1.50945,-0.0500162,1.21341,-0.859105,2.32338,2.32338;
9.12, 1.28532,1.46847,-0.0525477,1.10601,-0.961891,2.25395,2.25395;
9.13, 1.35487,1.42458,-0.0549749,0.991106,-1.06022,2.17703,2.17703;
9.14, 1.46894,1.377,-0.0570285,0.869608,-1.15626,2.09439,2.09439;
9.15, 1.54074,1.32627,-0.0590913,0.742423,-1.25069,2.00702,2.00702;
9.16, 1.58115,1.27252,-0.0612197,0.611175,-1.34029,1.91467,1.91467;
9.17, 1.67167,1.21544,-0.063333,0.476366,-1.42772,1.81895,1.81895;
9.18, 1.78847,1.15495,-0.0650793,0.338535,-1.51514,1.72118,1.72118;
9.19, 1.88943,1.08963,-0.0664812,0.199439,-1.59904,1.62082,1.62082;
9.2, 1.94871,1.01875,-0.0681326,0.0606216,-1.67732,1.51768,1.51768;
9.21, 2.05978,0.944897,-0.0696136,-0.0769356,-1.75093,1.41263,1.41263;
9.22, 2.13682,0.863951,-0.0710536,-0.212793,-1.82274,1.30721,1.30721;
9.23, 2.22844,0.779493,-0.0717742,-0.34485,-1.88927,1.20051,1.20051;
9.24, 2.30626,0.687937,-0.072422,-0.472537,-1.95251,1.09371,1.09371;
9.25, 2.38091,0.590238,-0.0728872,-0.594397,-2.01129,0.986513,0.986513;
9.26, 2.42339,0.491776,-0.0730638,-0.709474,-2.06627,0.879511,0.879511;
9.27, 2.48641,0.38611,-0.0731506,-0.816605,-2.11739,0.772916,0.772916;
9.28, 2.52796,0.272742,-0.0729585,-0.915791,-2.1665,0.667149,0.667149;
9.29, 2.57594,0.159774,-0.0732059,-1.00529,-2.21179,0.561843,0.561843;
9.3, 2.62219,0.0399547,-0.0743922,-1.08443,-2.25408,0.457631,0.457631;
9.31, 2.65254,-0.0805977,-0.0742475,-1.15244,-2.2926,0.353796,0.353796;
9.32, 2.66011,-0.203563,-0.0730836,-1.20848,-2.32708,0.250341,0.250341;
9.33, 2.69909,-0.331438,-0.0720798,-1.25223,-2.35767,0.147125,0.147125;
9.34, 2.7152,-0.463848,-0.0710448,-1.28366,-2.38502,0.0443793,0.0443793;
9.35, 2.69596,-0.593995,-0.0702388,-1.30114,-2.40614,-0.0589015,-0.0589015;
9.36, 2.65826,-0.725466,-0.0690451,-1.30483,-2.42171,-0.162282,-0.162282;
9.37, 2.63182,-0.859493,-0.0671353,-1.29595,-2.43369,-0.265406,-0.265406;
9.38, 2.57291,-0.992036,-0.0657484,-1.27507,-2.44251,-0.368055,-0.368055;
9.39, 2.51872,-1.12241,-0.0641046,-1.24169,-2.44611,-0.470739,-0.470739;
9.4, 2.4776,-1.25054,-0.0619521,-1.19727,-2.44615,-0.572927,-0.572927;
9.41, 2.39744,-1.37825,-0.0597973,-1.1421,-2.44128,-0.6752,-0.6752;
9.42, 2.27794,-1.50181,-0.0574914,-1.07621,-2.42936,-0.778248,-0.778248;
9.43, 2.22324,-1.62184,-0.0552248,-1.0015,-2.41246,-0.880968,-0.880968;
9.44, 2.14474,-1.73517,-0.0530718,-0.920107,-2.39291,-0.982362,-0.982362;
9.45, 2.02016,-1.84131,-0.0506042,-0.830753,-2.36469,-1.08471,-1.08471;
9.46, 1.90884,-1.94271,-0.0477319,-0.735109,-2.32886,-1.1876,-1.1876;
9.47, 1.82108,-2.0389,-0.0447559,-0.635704,-2.28852,-1.28968,-1.28968;
9.48, 1.71173,-2.13124,-0.0418243,-0.533087,-2.24188,-1.39123,-1.39123;
9.49, 1.60274,-2.21364,-0.038887,-0.427483,-2.18625,-1.49289,-1.49289;
9.5, 1.4469,-2.28788,-0.0357489,-0.320547,-2.1228,-1.59363,-1.59363;
9.51, 1.34366,-2.35595,-0.0323248,-0.213495,-2.05126,-1.69344,-1.69344;
9.52, 1.20929,-2.41667,-0.0289779,-0.108601,-1.9753,-1.79048,-1.79048;
9.53, 1.06393,-2.4696,-0.0258109,-0.00563033,-1.89009,-1.88596,-1.88596;
9.54, 0.943378,-2.51636,-0.0225723,0.0937745,-1.79804,-1.97849,-1.97849;
9.55, 0.814444,-2.5561,-0.0191917,0.188244,-1.70017,-2.06722,-2.06722;
9.56, 0.692823,-2.58527,-0.0155851,0.277286,-1.59424,-2.15226,-2.15226;
9.57, 0.566235,-2.60886,-0.0122137,0.359736,-1.48099,-2.23268,-2.23268;
9.58, 0.430889,-2.62352,-0.00917061,0.434647,-1.36009,-2.30824,-2.30824;
9.59, 0.294263,-2.62465,-0.00571526,0.500895,-1.23229,-2.37795,-2.37795;
9.6, 0.163225,-2.63496,-0.00203412,0.557423,-1.09891,-2.44105,-2.44105;
9.61, 0.030052,-2.62837,0.0014,0.603426,-0.960769,-2.4972,-2.4972;
9.62, -0.10328,-2.60982,0.00474951,0.637845,-0.817378,-2.5445,-2.5445;
9.63, -0.261273,-2.58433,0.00807506,0.660213,-0.669956,-2.5831,-2.5831;
9.64, -0.347414,-2.55751,0.0113528,0.670067,-0.519526,-2.61297,-2.61297;
9.65, -0.469314,-2.52508,0.014756,0.6671,-0.369049,-2.63297,-2.63297;
9.66, -0.621278,-2.48227,0.01758,0.6508,-0.213063,-2.64447,-2.64447;
9.67, -0.78758,-2.4324,0.0204848,0.621201,-0.0554312,-2.64611,-2.64611;
9.68, -0.88172,-2.38102,0.0233772,0.578595,0.0999357,-2.63732,-2.63732;
9.69, -1.0108,-2.32458,0.0259399,0.523666,0.250798,-2.6178,-2.6178;
9.7, -1.13608,-2.25552,0.028328,0.456201,0.402529,-2.5895,-2.5895;
9.71, -1.2668,-2.1861,0.0316784,0.377461,0.551488,-2.5518,-2.5518;
9.72, -1.4199,-2.11311,0.0340196,0.288501,0.696688,-2.50582,-2.50582;
9.73, -1.54307,-2.02839,0.0360372,0.190451,0.836856,-2.45117,-2.45117;
9.74, -1.65075,-1.93741,0.0386309,0.0850685,0.969509,-2.38787,-2.38787;
9.75, -1.7934,-1.84714,0.040658,-0.0263672,1.09623,-2.31813,-2.31813;
9.76, -1.94941,-1.7505,0.0429224,-0.142452,1.21761,-2.24306,-2.24306;
9.77, -2.04039,-1.64152,0.0453897,-0.260834,1.33045,-2.16192,-2.16192;
9.78, -2.14204,-1.53387,0.0474314,-0.379174,1.43296,-2.07492,-2.07492;
9.79, -2.24692,-1.4189,0.0492666,-0.497024,1.52965,-1.98527,-1.98527;
9.8, -2.34815,-1.30057,0.051161,-0.612443,1.61961,-1.89286,-1.89286;
9.81, -2.42885,-1.17767,0.0536278,-0.723453,1.70193,-1.7983,-1.7983;
9.82, -2.48177,-1.05289,0.0556455,-0.82837,1.7764,-1.70197,-1.70197;
9.83, -2.56186,-0.926516,0.0563202,-0.926095,1.84397,-1.60481,-1.60481;
9.84, -2.61642,-0.799231,0.0576856,-1.01619,1.90652,-1.5079,-1.5079;
9.85, -2.64469,-0.67199,0.0584926,-1.09634,1.96175,-1.41054,-1.41054;
9.86, -2.66331,-0.533305,0.0596695,-1.16617,2.0109,-1.31336,-1.31336;
9.87, -2.68212,-0.390337,0.0606659,-1.22573,2.05572,-1.21716,-1.21716;
9.88, -2.69315,-0.257387,0.0616815,-1.27407,2.09592,-1.12297,-1.12297;
9.89, -2.72136,-0.140172,0.0618752,-1.31024,2.13071,-1.03091,-1.03091;
9.9, -2.71106,-0.0138551,0.0629212,-1.33431,2.16039,-0.940127,-0.940127;
9.91, -2.69043,0.121,0.0634261,-1.34551,2.18386,-0.848299,-0.848299;
9.92, -2.65477,0.248623,0.0640229,-1.34491,2.2029,-0.757385,-0.757385;
9.93, -2.61742,0.371729,0.0644822,-1.33268,2.21758,-0.668375,-0.668375;
9.94, -2.56437,0.483486,0.0642018,-1.30976,2.22865,-0.581128,-0.581128;
9.95, -2.5136,0.598409,0.0643934,-1.27653,2.23585,-0.495113,-0.495113;
9.96, -2.47063,0.707313,0.0647777,-1.2343,2.24039,-0.409985,-0.409985;
9.97, -2.41123,0.802305,0.0642979,-1.18316,2.24127,-0.32572,-0.32572;
9.98, -2.33966,0.904034,0.0626466,-1.12312,2.23747,-0.241416,-0.241416;
9.99, -2.26516,1.00309,0.062489,-1.05577,2.23059,-0.156724,-0.156724;
