0, -3.19481e-05,-0.000133276,0.0999621,-1.5708,0,0,0;
0.01, -0.000712872,-0.000482321,0.0999502,-1.5708,0,0,0;
0.02, 0.000762463,0.0603588,0.0980642,-1.59643,-0.00116259,0.0602155,0.0602155;
0.03, 0.00327015,0.118352,0.0961563,-1.62206,-0.00546154,0.118218,0.118218;
0.04, 0.00766611,0.166966,0.0948386,-1.64631,-0.00961195,0.166982,0.166982;
0.05, 0.0155454,0.205861,0.0940943,-1.6695,-0.0139924,0.206295,0.206295;
0.06, 0.0247812,0.235494,0.0936613,-1.69177,-0.0191758,0.236753,0.236753;
0.07, 0.0370083,0.256679,0.0934303,-1.71316,-0.0253743,0.259283,0.259283;
0.08, 0.0518727,0.270578,0.0932489,-1.73368,-0.0327855,0.27498,0.27498;
0.09, 0.0664954,0.278173,0.0930872,-1.75323,-0.0413154,0.284912,0.284912;
0.1, 0.08285,0.280458,0.0929043,-1.7717,-0.0507947,0.29001,0.29001;
0.11, 0.0993495,0.278223,0.092698,-1.78902,-0.0612264,0.29107,0.29107;
0.12, 0.115371,0.272182,0.092475,-1.80506,-0.0723932,0.288711,0.288711;
0.13, 0.131154,0.262855,0.092225,-1.81974,-0.0841658,0.283436,0.283436;
0.14, 0.146045,0.250699,0.0919664,-1.83303,-0.0964418,0.275651,0.275651;
0.15, 0.160258,0.236178,0.0916963,-1.84488,-0.109075,0.265673,0.265673;
0.16, 0.173608,0.219512,0.0914366,-1.85528,-0.121955,0.253769,0.253769;
0.17, 0.186221,0.201128,0.0911848,-1.86423,-0.13494,0.240143,0.240143;
0.18, 0.196838,0.181212,0.090979,-1.87175,-0.14789,0.224975,0.224975;
0.19, 0.207274,0.160073,0.0907421,-1.87786,-0.160652,0.208402,0.208402;
0.2, 0.216054,0.13782,0.0905182,-1.88264,-0.173171,0.190578,0.190578;
0.21, 0.223933,0.114722,0.0903177,-1.88613,-0.185251,0.171577,0.171577;
0.22, 0.230491,0.0908535,0.0901486,-1.8884,-0.19681,0.151508,0.151508;
0.23, 0.236373,0.0663383,0.0900247,-1.88954,-0.207709,0.130454,0.130454;
0.24, 0.239832,0.0413334,0.0899334,-1.88963,-0.217842,0.108509,0.108509;
0.25, 0.242708,0.0159709,0.0898646,-1.88879,-0.227049,0.0857566,0.0857566;
0.26, 0.244109,-0.00953937,0.0898334,-1.88713,-0.235337,0.0623186,0.0623186;
0.27, 0.243393,-0.0350983,0.0898575,-1.88477,-0.242558,0.0382685,0.0382685;
0.28, 0.24303,-0.0606785,0.0899067,-1.88184,-0.24865,0.013698,0.013698;
0.29, 0.240253,-0.0861509,0.089994,-1.87848,-0.253618,-0.0112747,-0.0112747;
0.3, 0.236325,-0.111437,0.0901194,-1.87481,-0.257255,-0.0365954,-0.0365954;
0.31, 0.231424,-0.136469,0.0902804,-1.87099,-0.259609,-0.062139,-0.062139;
0.32, 0.225302,-0.161089,0.090472,-1.86714,-0.260633,-0.087806,-0.087806;
0.33, 0.216803,-0.185267,0.0906977,-1.86341,-0.260273,-0.113502,-0.113502;
0.34, 0.207747,-0.208999,0.0909612,-1.85994,-0.258508,-0.139136,-0.139136;
0.35, 0.19709,-0.232069,0.0912547,-1.85686,-0.25543,-0.164582,-0.164582;
0.36, 0.185791,-0.254585,0.0915648,-1.85429,-0.250983,-0.189757,-0.189757;
0.37, 0.172807,-0.276355,0.0919219,-1.85235,-0.24521,-0.214568,-0.214568;
0.38, 0.158496,-0.297194,0.0922856,-1.85115,-0.23808,-0.238945,-0.238945;
0.39, 0.143051,-0.317418,0.0926741,-1.85078,-0.229667,-0.262793,-0.262793;
0.4, 0.126657,-0.336747,0.0930885,-1.85132,-0.220023,-0.286056,-0.286056;
0.41, 0.108646,-0.355265,0.0935359,-1.85283,-0.209184,-0.308652,-0.308652;
0.42, 0.0896754,-0.372724,0.094026,-1.85538,-0.197184,-0.330527,-0.330527;
0.43, 0.0698814,-0.388916,0.0945327,-1.85899,-0.184118,-0.351605,-0.351605;
0.44, 0.0488844,-0.404101,0.0950267,-1.86368,-0.170042,-0.371847,-0.371847;
0.45, 0.027389,-0.418113,0.0955444,-1.86944,-0.155006,-0.391246,-0.391246;
0.46, 0.00423717,-0.43087,0.096058,-1.87625,-0.139082,-0.409769,-0.409769;
0.47, -0.0198221,-0.442645,0.096626,-1.8841,-0.122304,-0.427409,-0.427409;
0.48, -0.043942,-0.453056,0.0972069,-1.89291,-0.104796,-0.444136,-0.444136;
0.49, -0.0690026,-0.462228,0.0977931,-1.90262,-0.0866367,-0.459907,-0.459907;
0.5, -0.0941024,-0.470136,0.0983959,-1.91316,-0.0678393,-0.474748,-0.474748;
0.51, -0.120008,-0.476919,0.0990131,-1.92445,-0.0484856,-0.488647,-0.488647;
0.52, -0.147029,-0.482141,0.0996256,-1.9364,-0.0285983,-0.501621,-0.501621;
0.53, -0.173701,-0.486412,0.100263,-1.94891,-0.00825856,-0.513646,-0.513646;
0.54, -0.200649,-0.489432,0.100907,-1.96181,0.0124111,-0.524723,-0.524723;
0.55, -0.227657,-0.490679,0.101568,-1.97503,0.0334113,-0.534851,-0.534851;
0.56, -0.254228,-0.490646,0.102235,-1.98844,0.0546869,-0.54403,-0.54403;
0.57, -0.280949,-0.489548,0.10289,-2.00192,0.0761682,-0.552308,-0.552308;
0.58, -0.307406,-0.487286,0.103558,-2.01536,0.0978382,-0.559713,-0.559713;
0.59, -0.333704,-0.483773,0.104219,-2.02864,0.119643,-0.566227,-0.566227;
0.6, -0.358706,-0.478932,0.10487,-2.04166,0.141541,-0.571852,-0.571852;
0.61, -0.384001,-0.473078,0.10555,-2.05432,0.163482,-0.576594,-0.576594;
0.62, -0.408115,-0.466012,0.10622,-2.06655,0.185492,-0.580515,-0.580515;
0.63, -0.431301,-0.457987,0.106898,-2.07823,0.207472,-0.583577,-0.583577;
0.64, -0.454641,-0.448925,0.107563,-2.08932,0.22943,-0.585823,-0.585823;
0.65, -0.477325,-0.438899,0.108217,-2.09976,0.251359,-0.587269,-0.587269;
0.66, -0.498401,-0.428154,0.108865,-2.10946,0.273164,-0.587882,-0.587882;
0.67, -0.518878,-0.416527,0.109523,-2.11834,0.294807,-0.587663,-0.587663;
0.68, -0.538829,-0.404153,0.110153,-2.12643,0.316334,-0.586642,-0.586642;
0.69, -0.55775,-0.391176,0.110771,-2.13366,0.337698,-0.584816,-0.584816;
0.7, -0.575542,-0.377434,0.111389,-2.13999,0.358855,-0.582165,-0.582165;
0.71, -0.592604,-0.362947,0.111987,-2.1454,0.379799,-0.578689,-0.578689;
0.72, -0.609058,-0.347988,0.112574,-2.14989,0.400519,-0.574406,-0.574406;
0.73, -0.624706,-0.332589,0.113145,-2.15344,0.420975,-0.569317,-0.569317;
0.74, -0.639683,-0.31664,0.113699,-2.15601,0.441127,-0.563397,-0.563397;
0.75, -0.65321,-0.30023,0.114237,-2.1576,0.46095,-0.556628,-0.556628;
0.76, -0.666023,-0.283488,0.114759,-2.15818,0.480401,-0.549002,-0.549002;
0.77, -0.678305,-0.266342,0.115263,-2.15779,0.499501,-0.540546,-0.540546;
0.78, -0.689823,-0.248841,0.115744,-2.15643,0.518219,-0.531244,-0.531244;
0.79, -0.700638,-0.231091,0.116209,-2.15406,0.536502,-0.521077,-0.521077;
0.8, -0.710467,-0.21311,0.116648,-2.1507,0.554315,-0.510038,-0.510038;
0.81, -0.719592,-0.194883,0.117068,-2.14634,0.571627,-0.498116,-0.498116;
0.82, -0.727849,-0.176475,0.117462,-2.14101,0.588425,-0.485314,-0.485314;
0.83, -0.735663,-0.157889,0.117838,-2.1347,0.604675,-0.47163,-0.47163;
0.84, -0.742832,-0.139185,0.118189,-2.12744,0.620353,-0.457067,-0.457067;
0.85, -0.748709,-0.120384,0.118508,-2.11923,0.635406,-0.441615,-0.441615;
0.86, -0.754499,-0.101444,0.118792,-2.11008,0.649793,-0.425271,-0.425271;
0.87, -0.759,-0.0824313,0.119061,-2.10003,0.663529,-0.408072,-0.408072;
0.88, -0.76391,-0.0634415,0.119303,-2.0891,0.676532,-0.390001,-0.390001;
0.89, -0.766598,-0.0444064,0.119505,-2.07734,0.688809,-0.371106,-0.371106;
0.9, -0.769967,-0.0254538,0.119691,-2.06474,0.700247,-0.35135,-0.35135;
0.91, -0.771636,-0.00658894,0.119852,-2.0514,0.710927,-0.330834,-0.330834;
0.92, -0.772595,0.0123482,0.119988,-2.03732,0.720716,-0.309523,-0.309523;
0.93, -0.773174,0.0311837,0.1201,-2.02258,0.729659,-0.287497,-0.287497;
0.94, -0.771901,0.0498405,0.120182,-2.00726,0.737721,-0.264817,-0.264817;
0.95, -0.770704,0.0684037,0.120218,-1.99141,0.744849,-0.241518,-0.241518;
0.96, -0.768662,0.0868592,0.120216,-1.97514,0.751103,-0.217697,-0.217697;
0.97, -0.766724,0.105155,0.120195,-1.9585,0.756398,-0.193384,-0.193384;
0.98, -0.76345,0.123308,0.12014,-1.94158,0.760713,-0.16865,-0.16865;
0.99, -0.760183,0.141315,0.120058,-1.92445,0.763965,-0.143537,-0.143537;
1, -0.755628,0.159175,0.119949,-1.90723,0.766177,-0.118155,-0.118155;
1.01, -0.751536,0.176811,0.119809,-1.89002,0.767279,-0.0925702,-0.0925702;
1.02, -0.745974,0.194215,0.119636,-1.87294,0.767299,-0.0668996,-0.0668996;
1.03, -0.740215,0.211336,0.119425,-1.8561,0.766142,-0.0411986,-0.0411986;
1.04, -0.732964,0.228198,0.119183,-1.83962,0.763859,-0.0155882,-0.0155882;
1.05, -0.724775,0.244809,0.118915,-1.82361,0.760414,0.00985208,0.00985208;
1.06, -0.716631,0.261073,0.118614,-1.80819,0.755866,0.0350022,0.0350022;
1.07, -0.706806,0.277058,0.118299,-1.79348,0.750239,0.0597576,0.0597576;
1.08, -0.696021,0.292684,0.117935,-1.77958,0.743487,0.0840573,0.0840573;
1.09, -0.685136,0.30796,0.117556,-1.76658,0.735688,0.107786,0.107786;
1.1, -0.672742,0.322904,0.117151,-1.75459,0.726875,0.130865,0.130865;
1.11, -0.66015,0.337464,0.116708,-1.74367,0.71702,0.153238,0.153238;
1.12, -0.646577,0.351549,0.116259,-1.73392,0.706194,0.174819,0.174819;
1.13, -0.63191,0.365082,0.115802,-1.72539,0.694382,0.195564,0.195564;
1.14, -0.616305,0.378006,0.11529,-1.71813,0.681626,0.215421,0.215421;
1.15, -0.59971,0.390415,0.114772,-1.71218,0.667979,0.234346,0.234346;
1.16, -0.581653,0.402305,0.114237,-1.70756,0.65348,0.252315,0.252315;
1.17, -0.564102,0.413573,0.113687,-1.70428,0.638175,0.269292,0.269292;
1.18, -0.545301,0.42417,0.113118,-1.70235,0.622138,0.285233,0.285233;
1.19, -0.525002,0.434089,0.112545,-1.70178,0.605316,0.300151,0.300151;
1.2, -0.504397,0.443166,0.111975,-1.70256,0.587767,0.314024,0.314024;
1.21, -0.483766,0.451445,0.111384,-1.70464,0.569581,0.326827,0.326827;
1.22, -0.461634,0.458909,0.11078,-1.70799,0.550766,0.338569,0.338569;
1.23, -0.438784,0.465433,0.11016,-1.71257,0.531305,0.34927,0.34927;
1.24, -0.415039,0.470988,0.109536,-1.71832,0.511285,0.358911,0.358911;
1.25, -0.390854,0.475577,0.108907,-1.72517,0.490748,0.367498,0.367498;
1.26, -0.366253,0.479125,0.108276,-1.73302,0.469748,0.375031,0.375031;
1.27, -0.341011,0.481594,0.107643,-1.7418,0.448311,0.381519,0.381519;
1.28, -0.315538,0.482969,0.10701,-1.75142,0.426466,0.38697,0.38697;
1.29, -0.289432,0.483126,0.106397,-1.76176,0.404262,0.391388,0.391388;
1.3, -0.263755,0.482109,0.105784,-1.77272,0.381725,0.394781,0.394781;
1.31, -0.237607,0.479925,0.10517,-1.78418,0.358922,0.397153,0.397153;
1.32, -0.211225,0.47649,0.104566,-1.79604,0.335845,0.398527,0.398527;
1.33, -0.18528,0.471807,0.103972,-1.80816,0.312555,0.398896,0.398896;
1.34, -0.159059,0.46587,0.103388,-1.82042,0.289109,0.398263,0.398263;
1.35, -0.133578,0.458712,0.102817,-1.83271,0.265523,0.396642,0.396642;
1.36, -0.108325,0.450243,0.10226,-1.8449,0.241871,0.394025,0.394025;
1.37, -0.0838504,0.44053,0.101727,-1.85688,0.218163,0.390428,0.390428;
1.38, -0.0594168,0.429616,0.101199,-1.86854,0.194454,0.385854,0.385854;
1.39, -0.0355139,0.417488,0.100703,-1.87977,0.170772,0.380318,0.380318;
1.4, -0.0126796,0.404203,0.100217,-1.89048,0.147202,0.373803,0.373803;
1.41, 0.00948429,0.389789,0.099751,-1.90056,0.123807,0.366311,0.366311;
1.42, 0.030724,0.37427,0.099302,-1.90995,0.100611,0.357855,0.357855;
1.43, 0.0509248,0.357689,0.0988884,-1.91858,0.0776776,0.348434,0.348434;
1.44, 0.0701809,0.340169,0.0985093,-1.92638,0.0550571,0.338054,0.338054;
1.45, 0.0883074,0.321712,0.0981411,-1.93331,0.0328028,0.326728,0.326728;
1.46, 0.105563,0.302366,0.0977966,-1.93934,0.0109791,0.314458,0.314458;
1.47, 0.122081,0.282189,0.0974891,-1.94443,-0.0103637,0.301255,0.301255;
1.48, 0.137042,0.261279,0.0972037,-1.94856,-0.0311462,0.287123,0.287123;
1.49, 0.150635,0.239689,0.0969491,-1.95173,-0.0512688,0.272065,0.272065;
1.5, 0.162756,0.217556,0.0967297,-1.95393,-0.0707037,0.256112,0.256112;
1.51, 0.174744,0.194842,0.0965405,-1.9552,-0.0894044,0.23929,0.23929;
1.52, 0.185237,0.171635,0.0963821,-1.95555,-0.107332,0.22163,0.22163;
1.53, 0.194755,0.148023,0.0962607,-1.95501,-0.124327,0.203127,0.203127;
1.54, 0.202658,0.124105,0.0961754,-1.95362,-0.140347,0.183826,0.183826;
1.55, 0.209665,0.0999532,0.0961106,-1.95142,-0.155311,0.16376,0.16376;
1.56, 0.215105,0.0755663,0.0960903,-1.9485,-0.169193,0.142986,0.142986;
1.57, 0.21885,0.0510349,0.0960943,-1.9449,-0.181913,0.12154,0.12154;
1.58, 0.221937,0.0264945,0.0961324,-1.94073,-0.193445,0.099495,0.099495;
1.59, 0.223606,0.00209618,0.0961924,-1.93607,-0.203783,0.076928,0.076928;
1.6, 0.224468,-0.0223646,0.0962881,-1.931,-0.212834,0.0538839,0.0538839;
1.61, 0.223482,-0.046566,0.0964076,-1.92563,-0.220581,0.0304262,0.0304262;
1.62, 0.220961,-0.0705359,0.0965583,-1.92005,-0.226951,0.00663031,0.00663031;
1.63, 0.217274,-0.094348,0.0967499,-1.91437,-0.231978,-0.0174152,-0.0174152;
1.64, 0.21223,-0.117709,0.0969647,-1.9087,-0.235673,-0.0416202,-0.0416202;
1.65, 0.20611,-0.140714,0.0972085,-1.90315,-0.238015,-0.0658895,-0.0658895;
1.66, 0.199887,-0.163336,0.0974845,-1.89783,-0.239017,-0.0901455,-0.0901455;
1.67, 0.192096,-0.185488,0.0977811,-1.89283,-0.238667,-0.114305,-0.114305;
1.68, 0.182508,-0.206927,0.0981122,-1.88827,-0.23688,-0.13831,-0.13831;
1.69, 0.172422,-0.227774,0.0984676,-1.88425,-0.233706,-0.162065,-0.162065;
1.7, 0.16106,-0.247946,0.0988528,-1.88085,-0.229234,-0.185483,-0.185483;
1.71, 0.148586,-0.267439,0.0992602,-1.87817,-0.223442,-0.208504,-0.208504;
1.72, 0.135056,-0.286253,0.099681,-1.87626,-0.216381,-0.231053,-0.231053;
1.73, 0.120782,-0.30428,0.100121,-1.87521,-0.208096,-0.253062,-0.253062;
1.74, 0.10471,-0.321437,0.100584,-1.87506,-0.198632,-0.274466,-0.274466;
1.75, 0.0875788,-0.337774,0.101054,-1.87586,-0.188016,-0.295219,-0.295219;
1.76, 0.0696201,-0.353071,0.10155,-1.87763,-0.176371,-0.315252,-0.315252;
1.77, 0.0510569,-0.367363,0.102067,-1.88036,-0.163758,-0.334518,-0.334518;
1.78, 0.031321,-0.380593,0.102608,-1.88407,-0.150231,-0.352993,-0.352993;
1.79, 0.0110865,-0.39284,0.10317,-1.88875,-0.135829,-0.37066,-0.37066;
1.8, -0.0103469,-0.403965,0.103741,-1.89434,-0.12064,-0.387491,-0.387491;
1.81, -0.0321159,-0.414065,0.10434,-1.90083,-0.104704,-0.403468,-0.403468;
1.82, -0.054945,-0.423083,0.104943,-1.90814,-0.088118,-0.41857,-0.41857;
1.83, -0.0781274,-0.430938,0.105539,-1.91623,-0.0709181,-0.432789,-0.432789;
1.84, -0.101692,-0.437603,0.106164,-1.925,-0.053195,-0.446102,-0.446102;
1.85, -0.125724,-0.443079,0.106808,-1.93439,-0.0349899,-0.458517,-0.458517;
1.86, -0.149918,-0.447313,0.107452,-1.9443,-0.0163567,-0.470037,-0.470037;
1.87, -0.174382,-0.450443,0.108106,-1.95463,0.0026405,-0.480661,-0.480661;
1.88, -0.198592,-0.452345,0.108763,-1.9653,0.021959,-0.490406,-0.490406;
1.89, -0.22269,-0.453068,0.109426,-1.9762,0.0415459,-0.499267,-0.499267;
1.9, -0.246882,-0.452649,0.11009,-1.98725,0.0613811,-0.507269,-0.507269;
1.91, -0.27053,-0.451098,0.110765,-1.99835,0.0814293,-0.514427,-0.514427;
1.92, -0.294369,-0.448481,0.111438,-2.00939,0.101635,-0.520741,-0.520741;
1.93, -0.317455,-0.44472,0.112109,-2.02032,0.121984,-0.526234,-0.526234;
1.94, -0.340296,-0.439974,0.112779,-2.03101,0.142406,-0.530893,-0.530893;
1.95, -0.362855,-0.434258,0.113447,-2.0414,0.162895,-0.534749,-0.534749;
1.96, -0.384713,-0.42756,0.11411,-2.05141,0.183408,-0.537798,-0.537798;
1.97, -0.405795,-0.419957,0.11477,-2.06096,0.203898,-0.540036,-0.540036;
1.98, -0.426739,-0.411469,0.115427,-2.07,0.224349,-0.541477,-0.541477;
1.99, -0.44682,-0.402215,0.116089,-2.07847,0.244747,-0.542134,-0.542134;
2, -0.466334,-0.392006,0.116736,-2.0863,0.265025,-0.541991,-0.541991;
2.01, -0.485048,-0.381093,0.117372,-2.09345,0.285171,-0.541052,-0.541052;
2.02, -0.503377,-0.369477,0.117997,-2.09987,0.305145,-0.539329,-0.539329;
2.03, -0.520604,-0.357161,0.118615,-2.10555,0.324929,-0.536823,-0.536823;
2.04, -0.537215,-0.344272,0.119219,-2.11043,0.344471,-0.533519,-0.533519;
2.05, -0.552775,-0.330808,0.119806,-2.1145,0.363771,-0.529434,-0.529434;
2.06, -0.567573,-0.316892,0.120382,-2.11774,0.382795,-0.52456,-0.52456;
2.07, -0.58187,-0.302428,0.120951,-2.12015,0.401542,-0.518909,-0.518909;
2.08, -0.594861,-0.287534,0.121488,-2.12171,0.419989,-0.512472,-0.512472;
2.09, -0.607311,-0.272165,0.122021,-2.12241,0.438084,-0.505238,-0.505238;
2.1, -0.61893,-0.256397,0.122532,-2.12226,0.455845,-0.497231,-0.497231;
2.11, -0.630167,-0.24033,0.123026,-2.12125,0.473225,-0.488442,-0.488442;
2.12, -0.640967,-0.223983,0.123496,-2.11937,0.4902,-0.478874,-0.478874;
2.13, -0.65072,-0.207384,0.123945,-2.11663,0.506715,-0.468504,-0.468504;
2.14, -0.659889,-0.190482,0.124373,-2.113,0.522719,-0.457313,-0.457313;
2.15, -0.66763,-0.173439,0.124782,-2.1085,0.53821,-0.445316,-0.445316;
2.16, -0.67521,-0.15616,0.125171,-2.10315,0.553146,-0.432516,-0.432516;
2.17, -0.681699,-0.138774,0.125536,-2.09699,0.567559,-0.418946,-0.418946;
2.18, -0.687618,-0.121252,0.125885,-2.09001,0.581372,-0.404594,-0.404594;
2.19, -0.692458,-0.10357,0.126207,-2.08225,0.594588,-0.38948,-0.38948;
2.2, -0.696487,-0.0858674,0.126497,-2.07373,0.607165,-0.373614,-0.373614;
2.21, -0.700655,-0.0681295,0.126763,-2.06448,0.619101,-0.357032,-0.357032;
2.22, -0.703718,-0.050334,0.127002,-2.05454,0.630376,-0.339755,-0.339755;
2.23, -0.70669,-0.0325079,0.127222,-2.04392,0.640898,-0.321762,-0.321762;
2.24, -0.70839,-0.0147526,0.127412,-2.03266,0.650664,-0.303102,-0.303102;
2.25, -0.709644,0.00303149,0.127569,-2.02081,0.659602,-0.283783,-0.283783;
2.26, -0.710683,0.0207679,0.127698,-2.00842,0.667731,-0.263865,-0.263865;
2.27, -0.710902,0.0384185,0.127802,-1.99555,0.675007,-0.243387,-0.243387;
2.28, -0.709495,0.0559294,0.127881,-1.98226,0.681368,-0.222375,-0.222375;
2.29, -0.707764,0.0733898,0.127931,-1.9686,0.686802,-0.200891,-0.200891;
2.3, -0.705699,0.0906875,0.127947,-1.95469,0.691364,-0.179027,-0.179027;
2.31, -0.702188,0.1078,0.127938,-1.94058,0.695007,-0.156839,-0.156839;
2.32, -0.698789,0.124719,0.127897,-1.92636,0.697686,-0.134372,-0.134372;
2.33, -0.694909,0.141488,0.127831,-1.91211,0.699442,-0.111722,-0.111722;
2.34, -0.689797,0.158072,0.127735,-1.8979,0.700204,-0.0889277,-0.0889277;
2.35, -0.683894,0.174428,0.127606,-1.88384,0.699944,-0.0660609,-0.0660609;
2.36, -0.677222,0.190489,0.127453,-1.87001,0.698695,-0.0432198,-0.0432198;
2.37, -0.669947,0.206311,0.127275,-1.85651,0.696464,-0.0204852,-0.0204852;
2.38, -0.662684,0.221842,0.127071,-1.84343,0.693255,0.0020683,0.0020683;
2.39, -0.653917,0.237057,0.126837,-1.83085,0.689064,0.0243653,0.0243653;
2.4, -0.644197,0.25194,0.126576,-1.81886,0.683843,0.0463531,0.0463531;
2.41, -0.633687,0.266473,0.126297,-1.80754,0.677659,0.0679385,0.0679385;
2.42, -0.623416,0.280636,0.125995,-1.79697,0.670545,0.0890452,0.0890452;
2.43, -0.611387,0.294391,0.125663,-1.78723,0.66252,0.109606,0.109606;
2.44, -0.598479,0.307724,0.125313,-1.77836,0.653532,0.129587,0.129587;
2.45, -0.584861,0.3206,0.12494,-1.77044,0.643674,0.148909,0.148909;
2.46, -0.571124,0.332975,0.124547,-1.7635,0.632982,0.167515,0.167515;
2.47, -0.556347,0.344823,0.124138,-1.75759,0.621479,0.185364,0.185364;
2.48, -0.540813,0.356124,0.123715,-1.75273,0.609145,0.202434,0.202434;
2.49, -0.52452,0.366832,0.123272,-1.74896,0.59603,0.218684,0.218684;
2.5, -0.507679,0.376893,0.122812,-1.74628,0.582169,0.234082,0.234082;
2.51, -0.490369,0.386333,0.122333,-1.74469,0.567596,0.248606,0.248606;
2.52, -0.471846,0.395077,0.121843,-1.7442,0.552332,0.262241,0.262241;
2.53, -0.452715,0.403084,0.121344,-1.74479,0.536393,0.274974,0.274974;
2.54, -0.433312,0.410304,0.12084,-1.74643,0.519853,0.286779,0.286779;
2.55, -0.412778,0.416741,0.120322,-1.74909,0.502745,0.297651,0.297651;
2.56, -0.392603,0.422294,0.1198,-1.75274,0.485081,0.30759,0.30759;
2.57, -0.371268,0.426973,0.119273,-1.7573,0.466931,0.316581,0.316581;
2.58, -0.349513,0.430741,0.11874,-1.76275,0.448271,0.324645,0.324645;
2.59, -0.328012,0.433567,0.118203,-1.76901,0.429182,0.331769,0.331769;
2.6, -0.30512,0.43541,0.117675,-1.776,0.409699,0.337952,0.337952;
2.61, -0.282351,0.436264,0.117139,-1.78367,0.389813,0.343214,0.343214;
2.62, -0.260014,0.43607,0.116611,-1.79189,0.369636,0.347533,0.347533;
2.63, -0.237058,0.434841,0.116085,-1.80061,0.349181,0.350919,0.350919;
2.64, -0.21393,0.432521,0.115565,-1.80973,0.328437,0.353398,0.353398;
2.65, -0.19099,0.429141,0.115054,-1.81916,0.307477,0.354959,0.354959;
2.66, -0.168206,0.424683,0.11455,-1.8288,0.286352,0.355606,0.355606;
2.67, -0.145293,0.419133,0.114048,-1.83855,0.265089,0.355347,0.355347;
2.68, -0.122983,0.412497,0.113559,-1.84832,0.243725,0.354187,0.354187;
2.69, -0.100628,0.404801,0.11309,-1.85801,0.222321,0.352122,0.352122;
2.7, -0.078743,0.396041,0.112627,-1.86755,0.200896,0.349167,0.349167;
2.71, -0.0568953,0.386182,0.112178,-1.87682,0.179523,0.345314,0.345314;
2.72, -0.0362644,0.375326,0.111757,-1.88577,0.158239,0.34057,0.34057;
2.73, -0.0160756,0.363476,0.11135,-1.89429,0.137126,0.334928,0.334928;
2.74, 0.00363874,0.350676,0.110965,-1.90233,0.116179,0.328413,0.328413;
2.75, 0.0218964,0.336924,0.110596,-1.90983,0.0954569,0.321026,0.321026;
2.76, 0.0400739,0.322327,0.110243,-1.91674,0.0750248,0.312765,0.312765;
2.77, 0.05688,0.306882,0.109916,-1.92302,0.0548742,0.303661,0.303661;
2.78, 0.073308,0.29066,0.109614,-1.92862,0.0351088,0.293696,0.293696;
2.79, 0.0881424,0.273669,0.109332,-1.93352,0.0157395,0.282898,0.282898;
2.8, 0.103059,0.255952,0.109076,-1.93768,-0.00314279,0.271261,0.271261;
2.81, 0.116314,0.237642,0.108845,-1.94111,-0.0215402,0.258821,0.258821;
2.82, 0.128475,0.218728,0.108641,-1.94378,-0.0393148,0.245563,0.245563;
2.83, 0.139805,0.199291,0.108462,-1.94571,-0.0564706,0.231522,0.231522;
2.84, 0.15029,0.179364,0.108308,-1.9469,-0.0729648,0.216724,0.216724;
2.85, 0.159205,0.159025,0.108184,-1.94738,-0.0887301,0.201188,0.201188;
2.86, 0.16719,0.138337,0.108084,-1.94716,-0.103698,0.184934,0.184934;
2.87, 0.174485,0.117327,0.108014,-1.94628,-0.117862,0.168009,0.168009;
2.88, 0.180616,0.0961092,0.107971,-1.94478,-0.131165,0.150444,0.150444;
2.89, 0.185682,0.074723,0.107957,-1.94271,-0.143526,0.132267,0.132267;
2.9, 0.189636,0.053221,0.107973,-1.94011,-0.154908,0.113519,0.113519;
2.91, 0.192572,0.0316885,0.108016,-1.93705,-0.165271,0.0942469,0.0942469;
2.92, 0.193944,0.0101049,0.108083,-1.93358,-0.174581,0.0745014,0.0745014;
2.93, 0.194481,-0.0114536,0.108177,-1.92978,-0.182799,0.0543318,0.0543318;
2.94, 0.19455,-0.0328169,0.108291,-1.92573,-0.189938,0.033813,0.033813;
2.95, 0.193052,-0.0540998,0.108438,-1.92149,-0.19595,0.0130006,0.0130006;
2.96, 0.191024,-0.0751708,0.108618,-1.91715,-0.200765,-0.00806928,-0.00806928;
2.97, 0.187667,-0.0959833,0.108817,-1.91279,-0.204407,-0.0293098,-0.0293098;
2.98, 0.182732,-0.116469,0.109045,-1.90849,-0.206822,-0.0506662,-0.0506662;
2.99, 0.176407,-0.136586,0.109292,-1.90434,-0.208029,-0.0720632,-0.0720632;
3, 0.169492,-0.156312,0.109566,-1.90042,-0.208078,-0.0934164,-0.0934164;
3.01, 0.161139,-0.175587,0.109866,-1.8968,-0.207004,-0.114649,-0.114649;
3.02, 0.152429,-0.194413,0.110182,-1.89357,-0.204782,-0.135704,-0.135704;
3.03, 0.142534,-0.212662,0.110526,-1.89078,-0.201458,-0.156505,-0.156505;
3.04, 0.131712,-0.230344,0.110894,-1.88851,-0.196999,-0.177005,-0.177005;
3.05, 0.119889,-0.247372,0.111276,-1.88681,-0.191447,-0.19714,-0.19714;
3.06, 0.106966,-0.263688,0.111681,-1.88574,-0.184829,-0.216851,-0.216851;
3.07, 0.0937724,-0.279259,0.112101,-1.88534,-0.177184,-0.236088,-0.236088;
3.08, 0.079308,-0.294152,0.112547,-1.88564,-0.168568,-0.254799,-0.254799;
3.09, 0.0640655,-0.308187,0.113009,-1.88668,-0.158972,-0.27296,-0.27296;
3.1, 0.04811,-0.321529,0.113485,-1.88846,-0.148469,-0.290513,-0.290513;
3.11, 0.0309014,-0.333871,0.113979,-1.89099,-0.137106,-0.307428,-0.307428;
3.12, 0.0137815,-0.345288,0.114486,-1.89428,-0.124922,-0.323668,-0.323668;
3.13, -0.00442553,-0.355837,0.114999,-1.89829,-0.112008,-0.3392,-0.3392;
3.14, -0.023366,-0.365372,0.115531,-1.90302,-0.0983552,-0.354031,-0.354031;
3.15, -0.0427155,-0.374054,0.116065,-1.90843,-0.0840416,-0.368127,-0.368127;
3.16, -0.0625901,-0.381736,0.116622,-1.91447,-0.0691331,-0.381472,-0.381472;
3.17, -0.0827746,-0.388362,0.117186,-1.9211,-0.0536637,-0.39405,-0.39405;
3.18, -0.103629,-0.394071,0.117763,-1.92827,-0.0376869,-0.405852,-0.405852;
3.19, -0.124535,-0.398749,0.118348,-1.93591,-0.0212433,-0.41688,-0.41688;
3.2, -0.145939,-0.402395,0.118935,-1.94396,-0.00440187,-0.427112,-0.427112;
3.21, -0.167286,-0.405046,0.119532,-1.95234,0.0128094,-0.436555,-0.436555;
3.22, -0.188778,-0.406705,0.12014,-1.96097,0.0303262,-0.445202,-0.445202;
3.23, -0.210187,-0.40723,0.120746,-1.9698,0.0481219,-0.453056,-0.453056;
3.24, -0.231915,-0.406777,0.121352,-1.97873,0.0661511,-0.460118,-0.460118;
3.25, -0.253127,-0.405324,0.121958,-1.98769,0.084378,-0.466402,-0.466402;
3.26, -0.274036,-0.402979,0.122576,-1.9966,0.102737,-0.471897,-0.471897;
3.27, -0.29492,-0.399607,0.123179,-2.00539,0.12122,-0.476623,-0.476623;
3.28, -0.315167,-0.395316,0.123795,-2.014,0.139804,-0.480582,-0.480582;
3.29, -0.335065,-0.390001,0.124418,-2.02236,0.158437,-0.483775,-0.483775;
3.3, -0.354503,-0.384013,0.125027,-2.03042,0.177107,-0.486218,-0.486218;
3.31, -0.373455,-0.377109,0.125636,-2.0381,0.195775,-0.487926,-0.487926;
3.32, -0.391606,-0.369463,0.126239,-2.04537,0.214422,-0.488888,-0.488888;
3.33, -0.409382,-0.361017,0.126827,-2.05217,0.233016,-0.489114,-0.489114;
3.34, -0.427092,-0.351813,0.127412,-2.05847,0.251553,-0.488615,-0.488615;
3.35, -0.443804,-0.341954,0.12798,-2.06422,0.269991,-0.487389,-0.487389;
3.36, -0.459883,-0.331365,0.128541,-2.06936,0.288259,-0.485418,-0.485418;
3.37, -0.476012,-0.320271,0.129088,-2.07388,0.306362,-0.482716,-0.482716;
3.38, -0.491011,-0.308633,0.129637,-2.07775,0.324273,-0.479291,-0.479291;
3.39, -0.505266,-0.296468,0.130165,-2.08092,0.341916,-0.475106,-0.475106;
3.4, -0.518744,-0.283811,0.130681,-2.08338,0.359301,-0.470177,-0.470177;
3.41, -0.531346,-0.270652,0.131186,-2.08514,0.376412,-0.46451,-0.46451;
3.42, -0.54323,-0.257056,0.131675,-2.08617,0.393232,-0.458109,-0.458109;
3.43, -0.55446,-0.243015,0.132143,-2.08647,0.409747,-0.450987,-0.450987;
3.44, -0.565331,-0.228624,0.132596,-2.08605,0.425934,-0.443147,-0.443147;
3.45, -0.575644,-0.2139,0.133025,-2.0849,0.441759,-0.434591,-0.434591;
3.46, -0.585067,-0.198839,0.133445,-2.08299,0.457171,-0.425304,-0.425304;
3.47, -0.594083,-0.183509,0.133842,-2.08034,0.472132,-0.415282,-0.415282;
3.48, -0.602386,-0.167957,0.134222,-2.07694,0.486628,-0.404543,-0.404543;
3.49, -0.609846,-0.152162,0.134578,-2.07281,0.500613,-0.393079,-0.393079;
3.5, -0.616326,-0.136205,0.134912,-2.06796,0.514062,-0.380898,-0.380898;
3.51, -0.62214,-0.120049,0.13523,-2.0624,0.526963,-0.368021,-0.368021;
3.52, -0.627883,-0.103777,0.13552,-2.05618,0.539313,-0.35447,-0.35447;
3.53, -0.632518,-0.0873878,0.135788,-2.0493,0.551084,-0.340263,-0.340263;
3.54, -0.636691,-0.0709388,0.13603,-2.04177,0.562202,-0.325389,-0.325389;
3.55, -0.640212,-0.054436,0.136253,-2.03365,0.572674,-0.309886,-0.309886;
3.56, -0.643308,-0.0379074,0.13645,-2.02494,0.582461,-0.293767,-0.293767;
3.57, -0.645231,-0.0213444,0.136621,-2.0157,0.591537,-0.277059,-0.277059;
3.58, -0.646449,-0.00481415,0.136763,-2.00595,0.599859,-0.25978,-0.25978;
3.59, -0.647338,0.0116937,0.136881,-1.99576,0.607444,-0.241989,-0.241989;
3.6, -0.647174,0.0281584,0.136974,-1.98517,0.614274,-0.223723,-0.223723;
3.61, -0.646739,0.0445483,0.137041,-1.97423,0.620303,-0.20501,-0.20501;
3.62, -0.645385,0.0608099,0.137079,-1.963,0.625537,-0.185912,-0.185912;
3.63, -0.6433,0.0770061,0.137094,-1.95154,0.629931,-0.166461,-0.166461;
3.64, -0.641139,0.0930636,0.137082,-1.93991,0.633486,-0.146714,-0.146714;
3.65, -0.637621,0.108964,0.137047,-1.92818,0.636193,-0.126735,-0.126735;
3.66, -0.634188,0.12473,0.13698,-1.91641,0.637993,-0.106559,-0.106559;
3.67, -0.629641,0.140275,0.136885,-1.90468,0.638927,-0.0862691,-0.0862691;
3.68, -0.62469,0.155596,0.136763,-1.89307,0.638934,-0.0659067,-0.0659067;
3.69, -0.618823,0.170681,0.136618,-1.88163,0.638039,-0.0455462,-0.0455462;
3.7, -0.612302,0.185533,0.136454,-1.87046,0.636223,-0.0252435,-0.0252435;
3.71, -0.604278,0.200088,0.136258,-1.85961,0.633505,-0.00507053,-0.00507053;
3.72, -0.596444,0.21435,0.136043,-1.84917,0.629887,0.014906,0.014906;
3.73, -0.587703,0.228314,0.135799,-1.83921,0.625436,0.0346026,0.0346026;
3.74, -0.578498,0.241941,0.135534,-1.82979,0.620096,0.053983,0.053983;
3.75, -0.568202,0.255184,0.13525,-1.82097,0.613891,0.0729839,0.0729839;
3.76, -0.557469,0.268005,0.134942,-1.81281,0.606818,0.091554,0.091554;
3.77, -0.546338,0.280448,0.134616,-1.80536,0.598924,0.109632,0.109632;
3.78, -0.53471,0.292423,0.134267,-1.79867,0.59021,0.127176,0.127176;
3.79, -0.522201,0.303928,0.133898,-1.79278,0.580675,0.144146,0.144146;
3.8, -0.508728,0.314949,0.133507,-1.78773,0.570329,0.160507,0.160507;
3.81, -0.494699,0.325429,0.133094,-1.78355,0.559212,0.176215,0.176215;
3.82, -0.47978,0.335367,0.132666,-1.78024,0.547373,0.191227,0.191227;
3.83, -0.464071,0.344714,0.132232,-1.77784,0.534832,0.205517,0.205517;
3.84, -0.448328,0.353431,0.131792,-1.77633,0.521637,0.219051,0.219051;
3.85, -0.431195,0.361471,0.131343,-1.77572,0.507827,0.231803,0.231803;
3.86, -0.414028,0.368824,0.130871,-1.776,0.493394,0.243769,0.243769;
3.87, -0.395824,0.375455,0.130382,-1.77714,0.478423,0.254917,0.254917;
3.88, -0.377097,0.381335,0.129893,-1.77912,0.462909,0.265247,0.265247;
3.89, -0.358074,0.386442,0.129404,-1.7819,0.446917,0.274739,0.274739;
3.9, -0.338467,0.390707,0.128916,-1.78544,0.430481,0.283385,0.283385;
3.91, -0.318969,0.394115,0.12841,-1.7897,0.413622,0.291182,0.291182;
3.92, -0.299172,0.396683,0.127912,-1.79462,0.396383,0.298126,0.298126;
3.93, -0.278825,0.39836,0.127403,-1.80015,0.378762,0.304228,0.304228;
3.94, -0.258572,0.399127,0.126908,-1.80624,0.36079,0.309487,0.309487;
3.95, -0.238268,0.398993,0.126404,-1.81281,0.34252,0.313896,0.313896;
3.96, -0.217449,0.397902,0.125896,-1.8198,0.323967,0.317462,0.317462;
3.97, -0.196895,0.395873,0.1254,-1.82713,0.305156,0.320189,0.320189;
3.98, -0.176,0.392919,0.124904,-1.83474,0.286153,0.322069,0.322069;
3.99, -0.155689,0.388966,0.124411,-1.84254,0.266974,0.323111,0.323111;
4, -0.135303,0.384033,0.123927,-1.85046,0.247682,0.323304,0.323304;
4.01, -0.115089,0.378158,0.12345,-1.85842,0.228278,0.322668,0.322668;
4.02, -0.0950799,0.371332,0.122993,-1.86635,0.208818,0.321201,0.321201;
4.03, -0.0755248,0.363562,0.122544,-1.87417,0.189345,0.318902,0.318902;
4.04, -0.0565219,0.354855,0.122105,-1.88182,0.169906,0.315773,0.315773;
4.05, -0.0376639,0.345245,0.12168,-1.88922,0.150533,0.311821,0.311821;
4.06, -0.0193925,0.334746,0.12127,-1.89632,0.131256,0.307054,0.307054;
4.07, -0.00199604,0.323378,0.120877,-1.90305,0.112142,0.301467,0.301467;
4.08, 0.0147061,0.311181,0.120502,-1.90936,0.0932303,0.295068,0.295068;
4.09, 0.0316448,0.298168,0.120145,-1.91521,0.0745399,0.287871,0.287871;
4.1, 0.0470309,0.284396,0.119805,-1.92056,0.0561096,0.279887,0.279887;
4.11, 0.0615153,0.269895,0.119487,-1.92536,0.0380579,0.271096,0.271096;
4.12, 0.0759411,0.254723,0.11919,-1.9296,0.0203644,0.261531,0.261531;
4.13, 0.0885763,0.238905,0.118914,-1.93326,0.00306058,0.251211,0.251211;
4.14, 0.101513,0.222496,0.118664,-1.9363,-0.0137482,0.240123,0.240123;
4.15, 0.113201,0.205546,0.118435,-1.93874,-0.0300926,0.228313,0.228313;
4.16, 0.124179,0.188083,0.118226,-1.94056,-0.0458344,0.21576,0.21576;
4.17, 0.133694,0.170174,0.118042,-1.94176,-0.0609559,0.202494,0.202494;
4.18, 0.142398,0.151839,0.117884,-1.94236,-0.0753994,0.188533,0.188533;
4.19, 0.149159,0.133152,0.117747,-1.94239,-0.0891666,0.173916,0.173916;
4.2, 0.156178,0.114181,0.117635,-1.94186,-0.102205,0.158672,0.158672;
4.21, 0.161799,0.0949299,0.117547,-1.94082,-0.114556,0.142858,0.142858;
4.22, 0.166776,0.0755007,0.117486,-1.93929,-0.126077,0.12647,0.12647;
4.23, 0.170689,0.0559332,0.117445,-1.93731,-0.136762,0.109558,0.109558;
4.24, 0.173416,0.0362556,0.117435,-1.93492,-0.146546,0.0921493,0.0921493;
4.25, 0.175678,0.0165303,0.11745,-1.93218,-0.155405,0.0742884,0.0742884;
4.26, 0.177009,-0.00321841,0.117487,-1.92914,-0.163324,0.0560288,0.0560288;
4.27, 0.17684,-0.022893,0.117544,-1.92586,-0.170233,0.0374046,0.0374046;
4.28, 0.176454,-0.0424485,0.117629,-1.92239,-0.176101,0.0184669,0.0184669;
4.29, 0.174081,-0.0618262,0.117739,-1.91881,-0.180956,-0.000716376,-0.000716376;
4.3, 0.170483,-0.0810916,0.117875,-1.91518,-0.184719,-0.0201118,-0.0201118;
4.31, 0.166925,-0.10007,0.118032,-1.91158,-0.187463,-0.0396347,-0.0396347;
4.32, 0.162025,-0.118775,0.118215,-1.90806,-0.189202,-0.0592109,-0.0592109;
4.33, 0.15634,-0.137182,0.118424,-1.9047,-0.189848,-0.0788142,-0.0788142;
4.34, 0.149856,-0.155182,0.118649,-1.90157,-0.189432,-0.0983739,-0.0983739;
4.35, 0.142127,-0.172701,0.118896,-1.89872,-0.187946,-0.117831,-0.117831;
4.36, 0.133814,-0.189804,0.119161,-1.89622,-0.18539,-0.137135,-0.137135;
4.37, 0.124102,-0.206419,0.119436,-1.89414,-0.181808,-0.156224,-0.156224;
4.38, 0.113391,-0.222469,0.119738,-1.89251,-0.177192,-0.175048,-0.175048;
4.39, 0.10196,-0.238007,0.12006,-1.89139,-0.171604,-0.193542,-0.193542;
4.4, 0.0897832,-0.2529,0.120387,-1.89081,-0.165083,-0.211651,-0.211651;
4.41, 0.0769014,-0.267153,0.120745,-1.89082,-0.157643,-0.229328,-0.229328;
4.42, 0.0628409,-0.280676,0.121129,-1.89143,-0.149307,-0.246535,-0.246535;
4.43, 0.0484242,-0.293518,0.121512,-1.89267,-0.140103,-0.263232,-0.263232;
4.44, 0.0331059,-0.305556,0.12192,-1.89455,-0.130101,-0.279375,-0.279375;
4.45, 0.0174117,-0.316674,0.122343,-1.89707,-0.119307,-0.294939,-0.294939;
4.46, 0.000455379,-0.327131,0.122783,-1.90023,-0.107777,-0.309894,-0.309894;
4.47, -0.0167689,-0.336794,0.123233,-1.90401,-0.0955329,-0.324233,-0.324233;
4.48, -0.0346632,-0.345473,0.123688,-1.90839,-0.0826635,-0.337903,-0.337903;
4.49, -0.0525184,-0.353295,0.124156,-1.91334,-0.0691854,-0.35089,-0.35089;
4.5, -0.0710659,-0.360187,0.124641,-1.91882,-0.0551528,-0.363185,-0.363185;
4.51, -0.0898366,-0.366195,0.125139,-1.92482,-0.0405671,-0.37479,-0.37479;
4.52, -0.108924,-0.371267,0.125632,-1.93126,-0.0254921,-0.385689,-0.385689;
4.53, -0.128142,-0.375301,0.126142,-1.93811,-0.00995994,-0.395873,-0.395873;
4.54, -0.148193,-0.378473,0.126653,-1.94531,0.00598905,-0.40534,-0.40534;
4.55, -0.167912,-0.380735,0.127174,-1.9528,0.0223179,-0.414096,-0.414096;
4.56, -0.188029,-0.381961,0.127684,-1.9605,0.0389394,-0.42211,-0.42211;
4.57, -0.208545,-0.382316,0.128197,-1.96837,0.0558493,-0.429393,-0.429393;
4.58, -0.228538,-0.381657,0.128718,-1.97631,0.0729853,-0.435941,-0.435941;
4.59, -0.248538,-0.380177,0.129243,-1.98426,0.0902822,-0.441736,-0.441736;
4.6, -0.267891,-0.377743,0.12977,-1.99216,0.107737,-0.446802,-0.446802;
4.61, -0.287078,-0.374571,0.130302,-1.99996,0.125312,-0.451128,-0.451128;
4.62, -0.30642,-0.370417,0.130828,-2.00759,0.143008,-0.454739,-0.454739;
4.63, -0.325126,-0.365523,0.131355,-2.01501,0.160792,-0.457623,-0.457623;
4.64, -0.343477,-0.359814,0.131877,-2.02214,0.178596,-0.459775,-0.459775;
4.65, -0.361255,-0.353191,0.132394,-2.02893,0.196414,-0.461201,-0.461201;
4.66, -0.378504,-0.345775,0.13291,-2.03535,0.214214,-0.461905,-0.461905;
4.67, -0.395635,-0.33771,0.133412,-2.04134,0.231976,-0.461903,-0.461903;
4.68, -0.412371,-0.328995,0.133914,-2.04687,0.249673,-0.461205,-0.461205;
4.69, -0.42792,-0.319561,0.134408,-2.05189,0.267252,-0.459791,-0.459791;
4.7, -0.443304,-0.309601,0.134888,-2.05635,0.284675,-0.457651,-0.457651;
4.71, -0.458179,-0.299081,0.135362,-2.06026,0.301964,-0.454819,-0.454819;
4.72, -0.47229,-0.287878,0.135817,-2.06356,0.319065,-0.451272,-0.451272;
4.73, -0.485812,-0.276241,0.136268,-2.06624,0.335946,-0.447003,-0.447003;
4.74, -0.498678,-0.264004,0.136694,-2.06828,0.352589,-0.442031,-0.442031;
4.75, -0.511239,-0.25129,0.137112,-2.06966,0.368967,-0.436348,-0.436348;
4.76, -0.523163,-0.238129,0.137512,-2.07038,0.385053,-0.429965,-0.429965;
4.77, -0.534091,-0.224666,0.1379,-2.0704,0.400795,-0.422871,-0.422871;
4.78, -0.544613,-0.210807,0.138272,-2.06974,0.416164,-0.415068,-0.415068;
4.79, -0.554196,-0.196605,0.138624,-2.06838,0.431165,-0.406567,-0.406567;
4.8, -0.563177,-0.182131,0.138957,-2.06634,0.445755,-0.397366,-0.397366;
4.81, -0.571919,-0.167401,0.13927,-2.06362,0.459927,-0.38748,-0.38748;
4.82, -0.579408,-0.152452,0.139565,-2.06022,0.473654,-0.376912,-0.376912;
4.83, -0.586919,-0.13728,0.13984,-2.05614,0.486877,-0.365648,-0.365648;
4.84, -0.593686,-0.121895,0.140091,-2.05141,0.499616,-0.353723,-0.353723;
4.85, -0.599263,-0.106377,0.140322,-2.04603,0.511795,-0.341119,-0.341119;
4.86, -0.604474,-0.0907013,0.140532,-2.04001,0.523392,-0.327855,-0.327855;
4.87, -0.608998,-0.0749149,0.140722,-2.0334,0.534426,-0.313968,-0.313968;
4.88, -0.612526,-0.0590382,0.140885,-2.02621,0.544849,-0.299468,-0.299468;
4.89, -0.615806,-0.0430818,0.141026,-2.01848,0.554637,-0.284376,-0.284376;
4.9, -0.618122,-0.0270588,0.14114,-2.01024,0.563794,-0.268731,-0.268731;
4.91, -0.619916,-0.0110474,0.141234,-2.00152,0.572263,-0.252545,-0.252545;
4.92, -0.621338,0.00495267,0.141307,-1.99236,0.580043,-0.235862,-0.235862;
4.93, -0.621814,0.0209577,0.141349,-1.98281,0.587103,-0.218707,-0.218707;
4.94, -0.621398,0.0368855,0.141365,-1.97291,0.593401,-0.201107,-0.201107;
4.95, -0.621015,0.0527699,0.141358,-1.96271,0.598936,-0.183115,-0.183115;
4.96, -0.619358,0.0685351,0.141328,-1.95228,0.603713,-0.16478,-0.16478;
4.97, -0.617623,0.084192,0.141268,-1.94164,0.607659,-0.146127,-0.146127;
4.98, -0.614798,0.0997355,0.141182,-1.93089,0.610807,-0.127224,-0.127224;
4.99, -0.611589,0.115108,0.141072,-1.92006,0.6131,-0.108103,-0.108103;
5, -0.607624,0.130356,0.140938,-1.90923,0.61456,-0.0888345,-0.0888345;
5.01, -0.602635,0.145359,0.140771,-1.89846,0.615159,-0.0694661,-0.0694661;
5.02, -0.597781,0.160182,0.140585,-1.88783,0.614895,-0.0500621,-0.0500621;
5.03, -0.591411,0.174748,0.140373,-1.87739,0.613793,-0.030688,-0.030688;
5.04, -0.585005,0.189051,0.14014,-1.86722,0.611792,-0.0113821,-0.0113821;
5.05, -0.577704,0.203098,0.139887,-1.85739,0.608954,0.00777336,0.00777336;
5.06, -0.569764,0.216853,0.139606,-1.84795,0.605239,0.0267373,0.0267373;
5.07, -0.561105,0.230301,0.139304,-1.83897,0.600668,0.0454433,0.0454433;
5.08, -0.55146,0.243398,0.138977,-1.83052,0.595247,0.0638355,0.0638355;
5.09, -0.541698,0.256099,0.138627,-1.82265,0.588992,0.0818569,0.0818569;
5.1, -0.530709,0.268378,0.138257,-1.8154,0.581938,0.0994484,0.0994484;
5.11, -0.519507,0.280276,0.137866,-1.80884,0.574063,0.116578,0.116578;
5.12, -0.50799,0.291706,0.137455,-1.80298,0.565422,0.133188,0.133188;
5.13, -0.495594,0.302668,0.13703,-1.79789,0.556005,0.149245,0.149245;
5.14, -0.482377,0.313132,0.136588,-1.79358,0.545806,0.164719,0.164719;
5.15, -0.468189,0.323049,0.136127,-1.79008,0.534866,0.179568,0.179568;
5.16, -0.453276,0.332431,0.135649,-1.78741,0.523225,0.193755,0.193755;
5.17, -0.438139,0.341188,0.135155,-1.78557,0.510935,0.207242,0.207242;
5.18, -0.422044,0.349313,0.134654,-1.78456,0.498029,0.220003,0.220003;
5.19, -0.405649,0.356773,0.134138,-1.78439,0.484508,0.232026,0.232026;
5.2, -0.389082,0.363577,0.133613,-1.78502,0.470426,0.243285,0.243285;
5.21, -0.371295,0.369663,0.133081,-1.78646,0.455795,0.253772,0.253772;
5.22, -0.353582,0.375004,0.13254,-1.78867,0.440618,0.263481,0.263481;
5.23, -0.335143,0.379558,0.131994,-1.79162,0.424977,0.272383,0.272383;
5.24, -0.316598,0.383331,0.13145,-1.79528,0.408866,0.280482,0.280482;
5.25, -0.297402,0.386272,0.130895,-1.79959,0.392337,0.287767,0.287767;
5.26, -0.278655,0.388374,0.130337,-1.80451,0.375404,0.294238,0.294238;
5.27, -0.25904,0.389588,0.129779,-1.80999,0.358118,0.299883,0.299883;
5.28, -0.239954,0.389918,0.129214,-1.81597,0.340462,0.304719,0.304719;
5.29, -0.220031,0.389319,0.128648,-1.82238,0.322513,0.30873,0.30873;
5.3, -0.199999,0.387819,0.128084,-1.82918,0.304253,0.311932,0.311932;
5.31, -0.17951,0.385419,0.12753,-1.83627,0.28577,0.31431,0.31431;
5.32, -0.159201,0.382052,0.126976,-1.84359,0.267101,0.315861,0.315861;
5.33, -0.139251,0.377756,0.126435,-1.85104,0.248317,0.316571,0.316571;
5.34, -0.11951,0.372508,0.1259,-1.85857,0.229442,0.316447,0.316447;
5.35, -0.100055,0.366285,0.12538,-1.86611,0.210495,0.315497,0.315497;
5.36, -0.0806596,0.359157,0.124873,-1.87358,0.191508,0.313725,0.313725;
5.37, -0.0621879,0.351112,0.124373,-1.88092,0.172517,0.311139,0.311139;
5.38, -0.043761,0.342147,0.123882,-1.88807,0.153579,0.307732,0.307732;
5.39, -0.0257671,0.332318,0.123406,-1.89496,0.13469,0.303523,0.303523;
5.4, -0.00838733,0.321613,0.122945,-1.90153,0.115917,0.298506,0.298506;
5.41, 0.00887847,0.310083,0.122499,-1.90774,0.0973066,0.292683,0.292683;
5.42, 0.0253308,0.297727,0.122072,-1.91353,0.0788937,0.28606,0.28606;
5.43, 0.0407317,0.284603,0.121662,-1.91885,0.060757,0.27863,0.27863;
5.44, 0.0558517,0.270764,0.121271,-1.92367,0.0429261,0.270405,0.270405;
5.45, 0.0698154,0.256213,0.120899,-1.92796,0.0254131,0.261406,0.261406;
5.46, 0.0834215,0.241007,0.120547,-1.9317,0.00829499,0.251626,0.251626;
5.47, 0.0959814,0.225181,0.120211,-1.93486,-0.00841514,0.241089,0.241089;
5.48, 0.10767,0.208772,0.119902,-1.93744,-0.0246393,0.229795,0.229795;
5.49, 0.117988,0.191831,0.119616,-1.93943,-0.0403507,0.217764,0.217764;
5.5, 0.128288,0.1744,0.119354,-1.94083,-0.0555068,0.205016,0.205016;
5.51, 0.137264,0.156527,0.119114,-1.94166,-0.0701038,0.191584,0.191584;
5.52, 0.144717,0.13827,0.118896,-1.94191,-0.0840262,0.177466,0.177466;
5.53, 0.15214,0.119664,0.118703,-1.94161,-0.0972618,0.162697,0.162697;
5.54, 0.158643,0.100775,0.118536,-1.94079,-0.10982,0.147322,0.147322;
5.55, 0.164392,0.0816491,0.118392,-1.93947,-0.121583,0.131346,0.131346;
5.56, 0.168926,0.0623014,0.118272,-1.93769,-0.132507,0.114801,0.114801;
5.57, 0.17261,0.0428078,0.118175,-1.93549,-0.142538,0.0977158,0.0977158;
5.58, 0.174473,0.0232675,0.118104,-1.9329,-0.151662,0.0801425,0.0801425;
5.59, 0.175293,0.00377679,0.118055,-1.93,-0.159838,0.0621219,0.0621219;
5.6, 0.175735,-0.0159855,0.118033,-1.92684,-0.167108,0.0437226,0.0437226;
5.61, 0.175341,-0.0355453,0.118038,-1.92348,-0.173456,0.0249887,0.0249887;
5.62, 0.174066,-0.0549748,0.118066,-1.91997,-0.178797,0.00597569,0.00597569;
5.63, 0.171603,-0.0742285,0.118115,-1.91638,-0.1831,-0.0132779,-0.0132779;
5.64, 0.168313,-0.0933423,0.118188,-1.91278,-0.186344,-0.0327217,-0.0327217;
5.65, 0.163678,-0.1122,0.118278,-1.90923,-0.188534,-0.0522934,-0.0522934;
5.66, 0.158452,-0.130794,0.118389,-1.90581,-0.189653,-0.0719327,-0.0719327;
5.67, 0.152249,-0.148994,0.118531,-1.90257,-0.189729,-0.0915708,-0.0915708;
5.68, 0.145272,-0.166823,0.118693,-1.8996,-0.188734,-0.111156,-0.111156;
5.69, 0.137528,-0.184207,0.118878,-1.89694,-0.186675,-0.130632,-0.130632;
5.7, 0.128403,-0.201138,0.119071,-1.89467,-0.183552,-0.149944,-0.149944;
5.71, 0.118361,-0.217614,0.119295,-1.89284,-0.179368,-0.169042,-0.169042;
5.72, 0.10756,-0.233583,0.119537,-1.89151,-0.174178,-0.187858,-0.187858;
5.73, 0.09602,-0.248895,0.119803,-1.8907,-0.16801,-0.206331,-0.206331;
5.74, 0.0836842,-0.263567,0.120083,-1.89048,-0.160877,-0.224413,-0.224413;
5.75, 0.069607,-0.277568,0.12039,-1.89088,-0.152802,-0.242065,-0.242065;
5.76, 0.0552847,-0.29083,0.120698,-1.89191,-0.143814,-0.259249,-0.259249;
5.77, 0.0394485,-0.303512,0.121018,-1.89358,-0.134025,-0.275897,-0.275897;
5.78, 0.0231526,-0.31536,0.121358,-1.89591,-0.123429,-0.291992,-0.291992;
5.79, 0.00675511,-0.326389,0.121719,-1.89887,-0.112118,-0.307472,-0.307472;
5.8, -0.0104353,-0.336555,0.122094,-1.90248,-0.100112,-0.322318,-0.322318;
5.81, -0.0281217,-0.345865,0.122477,-1.90672,-0.0874057,-0.336524,-0.336524;
5.82, -0.0465853,-0.354339,0.122874,-1.91157,-0.0740526,-0.350069,-0.350069;
5.83, -0.0653312,-0.36175,0.123292,-1.917,-0.0600883,-0.362938,-0.362938;
5.84, -0.0841463,-0.368316,0.123711,-1.92295,-0.0455732,-0.375103,-0.375103;
5.85, -0.103879,-0.373875,0.124132,-1.9294,-0.0305413,-0.386571,-0.386571;
5.86, -0.123449,-0.378531,0.124579,-1.9363,-0.0150035,-0.397337,-0.397337;
5.87, -0.143413,-0.382171,0.125024,-1.94358,0.000954546,-0.407383,-0.407383;
5.88, -0.163665,-0.384954,0.125466,-1.95119,0.0173241,-0.416712,-0.416712;
5.89, -0.184504,-0.386775,0.125922,-1.95907,0.0340532,-0.425321,-0.425321;
5.9, -0.20445,-0.387597,0.126386,-1.96715,0.0510975,-0.433194,-0.433194;
5.91, -0.224792,-0.387597,0.126856,-1.97535,0.0683803,-0.440313,-0.440313;
5.92, -0.24507,-0.386569,0.127334,-1.98363,0.0859335,-0.446713,-0.446713;
5.93, -0.265295,-0.384665,0.127798,-1.9919,0.103696,-0.452371,-0.452371;
5.94, -0.285501,-0.381732,0.128264,-2.00011,0.121624,-0.457293,-0.457293;
5.95, -0.305402,-0.377936,0.128727,-2.00818,0.139683,-0.461475,-0.461475;
5.96, -0.325275,-0.373253,0.129194,-2.01605,0.157818,-0.464919,-0.464919;
5.97, -0.344216,-0.367826,0.129655,-2.02364,0.176005,-0.467628,-0.467628;
5.98, -0.362467,-0.361469,0.130112,-2.03091,0.194189,-0.469593,-0.469593;
5.99, -0.380932,-0.354371,0.130569,-2.03781,0.21239,-0.470831,-0.470831;
6, -0.398739,-0.346454,0.131023,-2.04431,0.230598,-0.471364,-0.471364;
6.01, -0.415657,-0.337942,0.131476,-2.05033,0.248733,-0.471163,-0.471163;
6.02, -0.432361,-0.328789,0.131906,-2.05585,0.266776,-0.47024,-0.47024;
6.03, -0.448834,-0.318868,0.132333,-2.06083,0.284734,-0.468602,-0.468602;
6.04, -0.46432,-0.30832,0.132752,-2.06524,0.302558,-0.46623,-0.46623;
6.05, -0.479417,-0.297196,0.133155,-2.06903,0.32019,-0.463119,-0.463119;
6.06, -0.493958,-0.285459,0.133548,-2.07218,0.337631,-0.459286,-0.459286;
6.07, -0.507566,-0.273242,0.133925,-2.07467,0.354841,-0.45472,-0.45472;
6.08, -0.521109,-0.260549,0.134299,-2.07647,0.371786,-0.449424,-0.449424;
6.09, -0.533464,-0.247406,0.134658,-2.07759,0.388466,-0.443406,-0.443406;
6.1, -0.545006,-0.233871,0.135005,-2.07798,0.404808,-0.436641,-0.436641;
6.11, -0.556039,-0.219908,0.13533,-2.07767,0.420828,-0.429152,-0.429152;
6.12, -0.566375,-0.205539,0.135634,-2.07665,0.436513,-0.420947,-0.420947;
6.13, -0.575898,-0.190892,0.135915,-2.07491,0.451824,-0.412023,-0.412023;
6.14, -0.584787,-0.175957,0.136179,-2.07245,0.466735,-0.402386,-0.402386;
6.15, -0.593121,-0.1608,0.136431,-2.06929,0.481231,-0.392043,-0.392043;
6.16, -0.600971,-0.145395,0.136659,-2.06542,0.495283,-0.380996,-0.380996;
6.17, -0.608105,-0.129725,0.13687,-2.06085,0.508855,-0.369242,-0.369242;
6.18, -0.614353,-0.113879,0.137063,-2.05559,0.521904,-0.356782,-0.356782;
6.19, -0.619975,-0.0978582,0.137231,-2.04964,0.534404,-0.343633,-0.343633;
6.2, -0.625531,-0.081727,0.137377,-2.04305,0.546346,-0.329817,-0.329817;
6.21, -0.629742,-0.0654783,0.137497,-2.03583,0.557699,-0.315349,-0.315349;
6.22, -0.633348,-0.0491428,0.137592,-2.02798,0.568392,-0.30022,-0.30022;
6.23, -0.636244,-0.0327334,0.137663,-2.01956,0.578448,-0.28448,-0.28448;
6.24, -0.639237,-0.0163031,0.137712,-2.0106,0.587842,-0.268152,-0.268152;
6.25, -0.641079,7.58171e-05,0.137734,-2.00114,0.596548,-0.251268,-0.251268;
6.26, -0.642795,0.0166428,0.137728,-1.99121,0.604485,-0.233826,-0.233826;
6.27, -0.643273,0.0330446,0.1377,-1.98085,0.611668,-0.215875,-0.215875;
6.28, -0.64309,0.0493834,0.13764,-1.97011,0.61803,-0.197451,-0.197451;
6.29, -0.642418,0.0656564,0.137558,-1.95906,0.623598,-0.178611,-0.178611;
6.3, -0.641108,0.081835,0.137451,-1.94775,0.628355,-0.159398,-0.159398;
6.31, -0.639194,0.0978954,0.137317,-1.93625,0.632271,-0.139859,-0.139859;
6.32, -0.636292,0.113826,0.137161,-1.92462,0.635326,-0.120044,-0.120044;
6.33, -0.633437,0.129621,0.136974,-1.91293,0.637502,-0.100009,-0.100009;
6.34, -0.62917,0.145208,0.136762,-1.90124,0.638811,-0.0798252,-0.0798252;
6.35, -0.624947,0.160637,0.136525,-1.88963,0.639191,-0.0595308,-0.0595308;
6.36, -0.619121,0.175832,0.13626,-1.87818,0.63869,-0.0392091,-0.0392091;
6.37, -0.612689,0.190801,0.135968,-1.86696,0.637251,-0.0189067,-0.0189067;
6.38, -0.605736,0.205528,0.135649,-1.85604,0.63494,0.0012866,0.0012866;
6.39, -0.598237,0.219995,0.135308,-1.8455,0.631754,0.0213075,0.0213075;
6.4, -0.589645,0.234125,0.134941,-1.83542,0.627682,0.0410983,0.0410983;
6.41, -0.580932,0.247951,0.134553,-1.82585,0.622717,0.0606004,0.0606004;
6.42, -0.571087,0.261385,0.134144,-1.81686,0.616897,0.0797471,0.0797471;
6.43, -0.560877,0.274465,0.13371,-1.80851,0.610192,0.0984944,0.0984944;
6.44, -0.549849,0.287136,0.133252,-1.80087,0.602646,0.11678,0.11678;
6.45, -0.53804,0.299385,0.132777,-1.79397,0.594252,0.13456,0.13456;
6.46, -0.525422,0.311182,0.132289,-1.78786,0.585036,0.151785,0.151785;
6.47, -0.512263,0.322478,0.131774,-1.78259,0.575024,0.168407,0.168407;
6.48, -0.498635,0.333266,0.131245,-1.77819,0.564249,0.184381,0.184381;
6.49, -0.48394,0.34351,0.130693,-1.77467,0.552721,0.199678,0.199678;
6.5, -0.468858,0.353168,0.130135,-1.77207,0.540452,0.214268,0.214268;
6.51, -0.453718,0.362215,0.129555,-1.77038,0.527495,0.228116,0.228116;
6.52, -0.437468,0.370628,0.128968,-1.76961,0.51386,0.241202,0.241202;
6.53, -0.420343,0.378369,0.128359,-1.76977,0.499534,0.253518,0.253518;
6.54, -0.402961,0.385391,0.127741,-1.77083,0.484581,0.265034,0.265034;
6.55, -0.383991,0.391647,0.127114,-1.77278,0.469052,0.275728,0.275728;
6.56, -0.365425,0.397119,0.126488,-1.77558,0.452957,0.285596,0.285596;
6.57, -0.345683,0.401795,0.12585,-1.77918,0.436399,0.294603,0.294603;
6.58, -0.325816,0.405626,0.125201,-1.78356,0.41935,0.302765,0.302765;
6.59, -0.305496,0.408546,0.124553,-1.78865,0.401886,0.310057,0.310057;
6.6, -0.284882,0.410563,0.123909,-1.7944,0.384017,0.316484,0.316484;
6.61, -0.264385,0.411652,0.123265,-1.80074,0.365782,0.322043,0.322043;
6.62, -0.242853,0.411814,0.122608,-1.80761,0.347211,0.326734,0.326734;
6.63, -0.221431,0.410991,0.121962,-1.81495,0.328309,0.330564,0.330564;
6.64, -0.200153,0.409188,0.121327,-1.82267,0.309167,0.333512,0.333512;
6.65, -0.178753,0.406387,0.120699,-1.83069,0.289804,0.335584,0.335584;
6.66, -0.157179,0.402588,0.120072,-1.83893,0.270238,0.336785,0.336785;
6.67, -0.136033,0.397794,0.119445,-1.84732,0.250511,0.337115,0.337115;
6.68, -0.114859,0.391962,0.118824,-1.85576,0.230676,0.336567,0.336567;
6.69, -0.0936794,0.385096,0.118216,-1.86419,0.210747,0.335149,0.335149;
6.7, -0.0731883,0.37723,0.117618,-1.87253,0.190776,0.332857,0.332857;
6.71, -0.0530686,0.368356,0.11704,-1.88068,0.170824,0.329687,0.329687;
6.72, -0.0332584,0.358494,0.116474,-1.88858,0.150905,0.32565,0.32565;
6.73, -0.0144086,0.347691,0.115922,-1.89616,0.131062,0.320749,0.320749;
6.74, 0.00390291,0.335972,0.115387,-1.90337,0.111349,0.314983,0.314983;
6.75, 0.0211134,0.323342,0.114869,-1.91013,0.0917767,0.308366,0.308366;
6.76, 0.0378866,0.309838,0.11437,-1.91642,0.0723908,0.300898,0.300898;
6.77, 0.053987,0.295486,0.113888,-1.92218,0.0532024,0.292598,0.292598;
6.78, 0.0696912,0.280338,0.113428,-1.92737,0.0342792,0.283464,0.283464;
6.79, 0.0839996,0.264424,0.112986,-1.93196,0.0156769,0.2735,0.2735;
6.8, 0.0983758,0.24781,0.112567,-1.9359,-0.00252324,0.2627,0.2627;
6.81, 0.111658,0.230534,0.112171,-1.93918,-0.0203162,0.251092,0.251092;
6.82, 0.124154,0.212627,0.1118,-1.94179,-0.0375778,0.238659,0.238659;
6.83, 0.135126,0.194134,0.111452,-1.9437,-0.0542715,0.225418,0.225418;
6.84, 0.145347,0.175133,0.111131,-1.94493,-0.0703364,0.211384,0.211384;
6.85, 0.154871,0.155626,0.110835,-1.9455,-0.0857694,0.196596,0.196596;
6.86, 0.163191,0.135737,0.110562,-1.94541,-0.100504,0.18107,0.18107;
6.87, 0.170544,0.115464,0.110319,-1.94469,-0.114463,0.164824,0.164824;
6.88, 0.176988,0.0948818,0.110101,-1.94337,-0.127616,0.147893,0.147893;
6.89, 0.182522,0.074115,0.109912,-1.9415,-0.13991,0.130311,0.130311;
6.9, 0.186035,0.0531337,0.109751,-1.9391,-0.15129,0.112111,0.112111;
6.91, 0.189637,0.0319655,0.109616,-1.93624,-0.161702,0.0933274,0.0933274;
6.92, 0.191523,0.0107462,0.109507,-1.93297,-0.171187,0.0740361,0.0740361;
6.93, 0.192473,-0.0105441,0.109427,-1.92936,-0.179611,0.0542572,0.0542572;
6.94, 0.192657,-0.031765,0.10937,-1.92547,-0.186992,0.0340593,0.0340593;
6.95, 0.191764,-0.0529017,0.109342,-1.92137,-0.193289,0.0134997,0.0134997;
6.96, 0.1896,-0.073988,0.109343,-1.91714,-0.198452,-0.00737452,-0.00737452;
6.97, 0.186319,-0.094861,0.109364,-1.91286,-0.202459,-0.0285005,-0.0285005;
6.98, 0.182332,-0.115501,0.109413,-1.90861,-0.205308,-0.0497996,-0.0497996;
6.99, 0.176893,-0.135789,0.109487,-1.90446,-0.206994,-0.0712057,-0.0712057;
7, 0.170481,-0.155704,0.109583,-1.90052,-0.20748,-0.0926602,-0.0926602;
7.01, 0.162649,-0.175267,0.109704,-1.89685,-0.2068,-0.114088,-0.114088;
7.02, 0.154493,-0.194424,0.109856,-1.89353,-0.204954,-0.135428,-0.135428;
7.03, 0.144586,-0.213089,0.11002,-1.89063,-0.201979,-0.156596,-0.156596;
7.04, 0.134609,-0.231277,0.110203,-1.88824,-0.197832,-0.177542,-0.177542;
7.05, 0.122783,-0.248776,0.110403,-1.8864,-0.192589,-0.198187,-0.198187;
7.06, 0.109964,-0.265679,0.110638,-1.88521,-0.186199,-0.218491,-0.218491;
7.07, 0.0962162,-0.281993,0.110894,-1.88468,-0.17876,-0.238382,-0.238382;
7.08, 0.0816183,-0.297583,0.111166,-1.88487,-0.17031,-0.2578,-0.2578;
7.09, 0.0665178,-0.312412,0.111461,-1.8858,-0.160879,-0.27669,-0.27669;
7.1, 0.0501552,-0.326456,0.111761,-1.88752,-0.150501,-0.29501,-0.29501;
7.11, 0.0331955,-0.33963,0.112082,-1.89003,-0.139186,-0.31273,-0.31273;
7.12, 0.0153627,-0.351853,0.112427,-1.89334,-0.127009,-0.329806,-0.329806;
7.13, -0.00303745,-0.363172,0.112778,-1.89744,-0.113999,-0.346214,-0.346214;
7.14, -0.0228529,-0.373555,0.113154,-1.90231,-0.100216,-0.36193,-0.36193;
7.15, -0.0425882,-0.383011,0.113547,-1.90794,-0.0856955,-0.376937,-0.376937;
7.16, -0.0632744,-0.391505,0.113951,-1.91426,-0.0705436,-0.391189,-0.391189;
7.17, -0.0842495,-0.398955,0.114359,-1.92125,-0.0547557,-0.404691,-0.404691;
7.18, -0.106001,-0.40536,0.114783,-1.92885,-0.0384062,-0.417416,-0.417416;
7.19, -0.127824,-0.410706,0.115218,-1.93701,-0.0215276,-0.429364,-0.429364;
7.2, -0.149905,-0.415046,0.115666,-1.94563,-0.00419423,-0.440518,-0.440518;
7.21, -0.172393,-0.418256,0.116117,-1.95467,0.0135691,-0.450885,-0.450885;
7.22, -0.195252,-0.420425,0.116576,-1.96405,0.0317217,-0.460459,-0.460459;
7.23, -0.217803,-0.421496,0.117044,-1.97367,0.050204,-0.469238,-0.469238;
7.24, -0.240351,-0.42151,0.117511,-1.98345,0.0689558,-0.477212,-0.477212;
7.25, -0.262734,-0.420504,0.117985,-1.99332,0.0879631,-0.484399,-0.484399;
7.26, -0.285016,-0.418399,0.118458,-2.00319,0.107188,-0.490802,-0.490802;
7.27, -0.306895,-0.415344,0.118935,-2.013,0.126599,-0.496424,-0.496424;
7.28, -0.328764,-0.411267,0.119412,-2.02265,0.146153,-0.501272,-0.501272;
7.29, -0.350543,-0.406302,0.119883,-2.03208,0.165829,-0.50535,-0.50535;
7.3, -0.371546,-0.400251,0.120346,-2.04121,0.185569,-0.508653,-0.508653;
7.31, -0.392204,-0.39337,0.120814,-2.04995,0.205325,-0.511166,-0.511166;
7.32, -0.412437,-0.385651,0.121293,-2.05827,0.225086,-0.512919,-0.512919;
7.33, -0.431953,-0.377133,0.121752,-2.06609,0.244818,-0.513905,-0.513905;
7.34, -0.451168,-0.367926,0.12221,-2.07336,0.26448,-0.514117,-0.514117;
7.35, -0.469601,-0.357834,0.122675,-2.08004,0.284063,-0.513562,-0.513562;
7.36, -0.487128,-0.347101,0.123121,-2.08607,0.303519,-0.51222,-0.51222;
7.37, -0.504312,-0.335665,0.123555,-2.09143,0.322827,-0.510109,-0.510109;
7.38, -0.520947,-0.323574,0.123976,-2.0961,0.341983,-0.507234,-0.507234;
7.39, -0.536465,-0.310894,0.124389,-2.10002,0.360938,-0.503582,-0.503582;
7.4, -0.551321,-0.297667,0.124791,-2.10317,0.379651,-0.499146,-0.499146;
7.41, -0.565477,-0.283945,0.12517,-2.10556,0.39813,-0.493943,-0.493943;
7.42, -0.579234,-0.269762,0.125541,-2.10715,0.416346,-0.487969,-0.487969;
7.43, -0.59206,-0.255117,0.125893,-2.10793,0.434272,-0.481218,-0.481218;
7.44, -0.604198,-0.239965,0.126223,-2.10789,0.451856,-0.473671,-0.473671;
7.45, -0.615556,-0.224473,0.126544,-2.10702,0.469087,-0.465335,-0.465335;
7.46, -0.626096,-0.208644,0.126845,-2.10531,0.485932,-0.456216,-0.456216;
7.47, -0.635798,-0.192513,0.127134,-2.10278,0.502369,-0.446312,-0.446312;
7.48, -0.645128,-0.176177,0.127397,-2.09941,0.518377,-0.435628,-0.435628;
7.49, -0.653561,-0.15961,0.127631,-2.09523,0.533937,-0.424168,-0.424168;
7.5, -0.661486,-0.142751,0.127851,-2.09022,0.548997,-0.411913,-0.411913;
7.51, -0.669031,-0.12574,0.128049,-2.0844,0.563545,-0.398872,-0.398872;
7.52, -0.675492,-0.108564,0.128223,-2.07778,0.577531,-0.385047,-0.385047;
7.53, -0.681323,-0.0912724,0.12837,-2.07035,0.590903,-0.370431,-0.370431;
7.54, -0.686308,-0.0738437,0.128494,-2.06217,0.603661,-0.355051,-0.355051;
7.55, -0.690282,-0.0563431,0.128597,-2.05324,0.615773,-0.338918,-0.338918;
7.56, -0.693903,-0.0387964,0.128673,-2.0436,0.62722,-0.322061,-0.322061;
7.57, -0.697191,-0.021178,0.128723,-2.0333,0.637997,-0.304514,-0.304514;
7.58, -0.69938,-0.00357985,0.128748,-2.02236,0.648051,-0.286286,-0.286286;
7.59, -0.701229,0.0140359,0.128745,-2.01081,0.657321,-0.267393,-0.267393;
7.6, -0.702199,0.0316026,0.128716,-1.99871,0.665813,-0.247883,-0.247883;
7.61, -0.702661,0.0491335,0.128657,-1.98611,0.673472,-0.227786,-0.227786;
7.62, -0.7023,0.0665815,0.128569,-1.97307,0.680288,-0.207151,-0.207151;
7.63, -0.7015,0.083966,0.128455,-1.95965,0.686223,-0.186022,-0.186022;
7.64, -0.700008,0.10126,0.128314,-1.94592,0.691264,-0.164458,-0.164458;
7.65, -0.697678,0.118425,0.128141,-1.93195,0.695371,-0.142512,-0.142512;
7.66, -0.694942,0.135459,0.127942,-1.91782,0.698524,-0.12025,-0.12025;
7.67, -0.691117,0.152282,0.127716,-1.90363,0.700718,-0.0977444,-0.0977444;
7.68, -0.686753,0.168918,0.12746,-1.88945,0.701918,-0.07506,-0.07506;
7.69, -0.681432,0.185383,0.127171,-1.87537,0.702142,-0.0522803,-0.0522803;
7.7, -0.676208,0.201609,0.126856,-1.86149,0.70137,-0.0294762,-0.0294762;
7.71, -0.669487,0.21758,0.126517,-1.84791,0.699615,-0.00673491,-0.00673491;
7.72, -0.66233,0.233284,0.126147,-1.8347,0.696816,0.0158911,0.0158911;
7.73, -0.654239,0.248678,0.125755,-1.82197,0.693028,0.038302,0.038302;
7.74, -0.644927,0.263816,0.125338,-1.8098,0.688238,0.060429,0.060429;
7.75, -0.635871,0.278632,0.124889,-1.79828,0.682468,0.0821942,0.0821942;
7.76, -0.624862,0.293075,0.124418,-1.78749,0.675761,0.103509,0.103509;
7.77, -0.613895,0.307122,0.123922,-1.77751,0.668059,0.124332,0.124332;
7.78, -0.602071,0.320769,0.1234,-1.7684,0.659461,0.144574,0.144574;
7.79, -0.589337,0.334013,0.122858,-1.76023,0.649931,0.164196,0.164196;
7.8, -0.575572,0.346766,0.122295,-1.75306,0.639495,0.183144,0.183144;
7.81, -0.561567,0.359005,0.121715,-1.74693,0.628185,0.201362,0.201362;
7.82, -0.546034,0.370702,0.121116,-1.74188,0.616045,0.218805,0.218805;
7.83, -0.530405,0.381824,0.120491,-1.73794,0.603066,0.235446,0.235446;
7.84, -0.513855,0.392345,0.119855,-1.73512,0.589328,0.251239,0.251239;
7.85, -0.496261,0.402209,0.119199,-1.73344,0.574814,0.26617,0.26617;
7.86, -0.478026,0.411415,0.118536,-1.7329,0.559564,0.280214,0.280214;
7.87, -0.459574,0.419876,0.117857,-1.73349,0.543631,0.293345,0.293345;
7.88, -0.440037,0.427578,0.117166,-1.7352,0.527041,0.305548,0.305548;
7.89, -0.419266,0.434461,0.116476,-1.73799,0.509791,0.316824,0.316824;
7.9, -0.39815,0.440496,0.115769,-1.74184,0.491943,0.327155,0.327155;
7.91, -0.37683,0.445625,0.115056,-1.74668,0.473571,0.336521,0.336521;
7.92, -0.354316,0.449864,0.114343,-1.75247,0.454689,0.344924,0.344924;
7.93, -0.332084,0.453124,0.113623,-1.75914,0.435304,0.352374,0.352374;
7.94, -0.308582,0.45533,0.112893,-1.76661,0.415494,0.358849,0.358849;
7.95, -0.285447,0.456537,0.112166,-1.77483,0.395242,0.364368,0.364368;
7.96, -0.261434,0.456608,0.111453,-1.78368,0.374639,0.368917,0.368917;
7.97, -0.237438,0.455603,0.110741,-1.7931,0.353672,0.37251,0.37251;
7.98, -0.213306,0.453478,0.110031,-1.80296,0.33242,0.375139,0.375139;
7.99, -0.189425,0.450235,0.109327,-1.81318,0.310905,0.376808,0.376808;
8, -0.16578,0.44581,0.108627,-1.82365,0.289162,0.377518,0.377518;
8.01, -0.141953,0.440216,0.107935,-1.83428,0.267208,0.377278,0.377278;
8.02, -0.118213,0.433466,0.107255,-1.84497,0.245067,0.376094,0.376094;
8.03, -0.0950918,0.425508,0.106584,-1.85561,0.222802,0.373961,0.373961;
8.04, -0.0722756,0.41642,0.105931,-1.86609,0.200466,0.370872,0.370872;
8.05, -0.0498958,0.406169,0.10529,-1.87632,0.178078,0.366839,0.366839;
8.06, -0.0277572,0.394801,0.104671,-1.88621,0.15569,0.361859,0.361859;
8.07, -0.00622225,0.382327,0.104067,-1.89566,0.133351,0.355929,0.355929;
8.08, 0.0141225,0.368768,0.103478,-1.90459,0.111133,0.349041,0.349041;
8.09, 0.0344419,0.354134,0.102911,-1.91293,0.0890879,0.341193,0.341193;
8.1, 0.0541282,0.338485,0.102367,-1.92061,0.0672271,0.332402,0.332402;
8.11, 0.0722942,0.321866,0.101847,-1.92756,0.045662,0.322648,0.322648;
8.12, 0.0889745,0.30434,0.101354,-1.93373,0.0244657,0.311928,0.311928;
8.13, 0.105389,0.285938,0.100888,-1.93909,0.00364257,0.300267,0.300267;
8.14, 0.120338,0.26671,0.100445,-1.94363,-0.016796,0.28769,0.28769;
8.15, 0.135342,0.246717,0.100029,-1.9473,-0.0367318,0.274182,0.274182;
8.16, 0.148347,0.226041,0.0996395,-1.95012,-0.0561383,0.259769,0.259769;
8.17, 0.160276,0.204732,0.0992788,-1.95203,-0.0748619,0.244427,0.244427;
8.18, 0.171645,0.182843,0.0989489,-1.95309,-0.0929145,0.228203,0.228203;
8.19, 0.181729,0.160444,0.0986478,-1.95329,-0.110234,0.211116,0.211116;
8.2, 0.1911,0.137617,0.0983786,-1.95265,-0.126707,0.193173,0.193173;
8.21, 0.198958,0.114393,0.0981406,-1.95122,-0.142282,0.174408,0.174408;
8.22, 0.205627,0.0908406,0.0979321,-1.94902,-0.15686,0.154841,0.154841;
8.23, 0.211295,0.0670846,0.0977545,-1.94613,-0.17041,0.134525,0.134525;
8.24, 0.215337,0.0431321,0.097607,-1.9426,-0.182877,0.113507,0.113507;
8.25, 0.218598,0.0190651,0.0974905,-1.9385,-0.194192,0.0918313,0.0918313;
8.26, 0.220592,-0.0050447,0.0974088,-1.93391,-0.204341,0.069568,0.069568;
8.27, 0.221426,-0.0291364,0.0973573,-1.92893,-0.213242,0.0467673,0.0467673;
8.28, 0.220953,-0.0531235,0.0973326,-1.92363,-0.220856,0.0234997,0.0234997;
8.29, 0.218658,-0.0769539,0.0973382,-1.91813,-0.227146,-0.000163669,-0.000163669;
8.3, 0.215289,-0.100639,0.0973761,-1.91253,-0.23209,-0.0241455,-0.0241455;
8.31, 0.210893,-0.124054,0.0974425,-1.90693,-0.235717,-0.0483483,-0.0483483;
8.32, 0.205195,-0.147119,0.0975331,-1.90144,-0.237998,-0.0726874,-0.0726874;
8.33, 0.19839,-0.169822,0.0976494,-1.89617,-0.238905,-0.097084,-0.097084;
8.34, 0.190503,-0.192093,0.097795,-1.89123,-0.238441,-0.121454,-0.121454;
8.35, 0.18094,-0.213871,0.0979714,-1.88672,-0.236603,-0.145715,-0.145715;
8.36, 0.170644,-0.235085,0.0981719,-1.88275,-0.233391,-0.169783,-0.169783;
8.37, 0.158719,-0.255717,0.0983999,-1.87941,-0.228864,-0.193562,-0.193562;
8.38, 0.146214,-0.275646,0.0986428,-1.87679,-0.223012,-0.216987,-0.216987;
8.39, 0.132327,-0.294872,0.0989185,-1.87497,-0.215903,-0.239968,-0.239968;
8.4, 0.117284,-0.313287,0.0992142,-1.87403,-0.20753,-0.262457,-0.262457;
8.41, 0.100753,-0.330893,0.0995306,-1.87401,-0.197954,-0.28438,-0.28438;
8.42, 0.083384,-0.347653,0.0998722,-1.87498,-0.187231,-0.305682,-0.305682;
8.43, 0.0647979,-0.363462,0.100235,-1.87694,-0.175444,-0.326297,-0.326297;
8.44, 0.0455623,-0.378365,0.100616,-1.87993,-0.162632,-0.346183,-0.346183;
8.45, 0.025455,-0.392191,0.101018,-1.88394,-0.148867,-0.365298,-0.365298;
8.46, 0.00451136,-0.404994,0.101439,-1.88898,-0.134181,-0.383613,-0.383613;
8.47, -0.0173135,-0.416767,0.101877,-1.89502,-0.118633,-0.40111,-0.40111;
8.48, -0.0400271,-0.427276,0.102336,-1.90202,-0.102281,-0.417765,-0.417765;
8.49, -0.0630345,-0.436729,0.102802,-1.90993,-0.0851908,-0.433555,-0.433555;
8.5, -0.0873818,-0.444944,0.103272,-1.91869,-0.0674423,-0.448474,-0.448474;
8.51, -0.111891,-0.451967,0.103767,-1.92823,-0.0490624,-0.462519,-0.462519;
8.52, -0.136559,-0.457709,0.104273,-1.93845,-0.0301667,-0.475669,-0.475669;
8.53, -0.162078,-0.462316,0.104786,-1.94926,-0.01079,-0.48793,-0.48793;
8.54, -0.187185,-0.465641,0.105309,-1.96058,0.00903214,-0.499318,-0.499318;
8.55, -0.212785,-0.467809,0.105841,-1.97228,0.0292109,-0.509812,-0.509812;
8.56, -0.238319,-0.4687,0.106378,-1.98428,0.0497417,-0.519442,-0.519442;
8.57, -0.264035,-0.468443,0.106934,-1.99646,0.0705526,-0.528197,-0.528197;
8.58, -0.289338,-0.467021,0.107476,-2.00871,0.0916023,-0.53609,-0.53609;
8.59, -0.314451,-0.464373,0.108023,-2.02093,0.112829,-0.543114,-0.543114;
8.6, -0.339384,-0.460451,0.108579,-2.03302,0.134216,-0.549287,-0.549287;
8.61, -0.364176,-0.455595,0.109134,-2.04488,0.155719,-0.554618,-0.554618;
8.62, -0.387986,-0.449691,0.109688,-2.05641,0.177282,-0.559119,-0.559119;
8.63, -0.411965,-0.442793,0.110242,-2.06751,0.198859,-0.562771,-0.562771;
8.64, -0.435063,-0.434845,0.110798,-2.07813,0.220456,-0.5656,-0.5656;
8.65, -0.457435,-0.42594,0.111353,-2.08816,0.241992,-0.567577,-0.567577;
8.66, -0.478806,-0.416094,0.111874,-2.09756,0.263453,-0.568724,-0.568724;
8.67, -0.499895,-0.405324,0.112405,-2.10626,0.284818,-0.56905,-0.56905;
8.68, -0.519647,-0.393811,0.112942,-2.11423,0.306087,-0.568575,-0.568575;
8.69, -0.538606,-0.381518,0.113472,-2.12142,0.327194,-0.567285,-0.567285;
8.7, -0.55685,-0.368584,0.113985,-2.1278,0.348155,-0.565203,-0.565203;
8.71, -0.574427,-0.355037,0.114489,-2.13336,0.368945,-0.562331,-0.562331;
8.72, -0.590946,-0.340951,0.114976,-2.13805,0.389537,-0.558658,-0.558658;
8.73, -0.606973,-0.326182,0.115447,-2.14185,0.409895,-0.55417,-0.55417;
8.74, -0.622116,-0.310995,0.115905,-2.14474,0.430017,-0.548867,-0.548867;
8.75, -0.636634,-0.295298,0.116347,-2.14671,0.449846,-0.542738,-0.542738;
8.76, -0.650341,-0.279161,0.116778,-2.14774,0.469366,-0.535771,-0.535771;
8.77, -0.66292,-0.2626,0.117183,-2.1478,0.488536,-0.527954,-0.527954;
8.78, -0.67486,-0.245745,0.117574,-2.1469,0.507328,-0.519281,-0.519281;
8.79, -0.686517,-0.228449,0.117952,-2.14505,0.52574,-0.509764,-0.509764;
8.8, -0.69696,-0.210916,0.118306,-2.14223,0.543737,-0.499384,-0.499384;
8.81, -0.706458,-0.193125,0.118634,-2.13842,0.561245,-0.488119,-0.488119;
8.82, -0.715354,-0.17508,0.118945,-2.13366,0.578271,-0.475982,-0.475982;
8.83, -0.723089,-0.15678,0.119222,-2.12795,0.594803,-0.46298,-0.46298;
8.84, -0.730431,-0.138382,0.119485,-2.12129,0.610796,-0.449105,-0.449105;
8.85, -0.737244,-0.119822,0.119718,-2.11372,0.626251,-0.434382,-0.434382;
8.86, -0.743239,-0.101146,0.11993,-2.10523,0.64111,-0.41879,-0.41879;
8.87, -0.748479,-0.0823951,0.120115,-2.09583,0.655324,-0.402323,-0.402323;
8.88, -0.753526,-0.0635774,0.120273,-2.08554,0.668868,-0.384994,-0.384994;
8.89, -0.757368,-0.0447376,0.120407,-2.0744,0.681711,-0.366818,-0.366818;
8.9, -0.76072,-0.025871,0.120511,-2.06241,0.693782,-0.347785,-0.347785;
8.91, -0.763381,-0.00704432,0.120588,-2.04963,0.705086,-0.327941,-0.327941;
8.92, -0.76546,0.0117898,0.120636,-2.0361,0.715574,-0.307307,-0.307307;
8.93, -0.766944,0.0305643,0.120653,-2.02186,0.725215,-0.285912,-0.285912;
8.94, -0.767407,0.0492921,0.120644,-2.00697,0.733966,-0.263794,-0.263794;
8.95, -0.768011,0.0679154,0.120601,-1.9915,0.74179,-0.240995,-0.240995;
8.96, -0.767263,0.086422,0.120527,-1.97552,0.74868,-0.217587,-0.217587;
8.97, -0.765814,0.104807,0.120425,-1.95908,0.754548,-0.193592,-0.193592;
8.98, -0.7636,0.123085,0.120294,-1.9423,0.759416,-0.169105,-0.169105;
8.99, -0.761363,0.141221,0.120129,-1.92527,0.763262,-0.144204,-0.144204;
9, -0.75802,0.159103,0.11993,-1.90809,0.766067,-0.118973,-0.118973;
9.01, -0.753971,0.176835,0.119703,-1.89085,0.767762,-0.0934743,-0.0934743;
9.02, -0.748843,0.194352,0.119446,-1.87367,0.768362,-0.0678029,-0.0678029;
9.03, -0.742735,0.211665,0.119157,-1.85666,0.767855,-0.0420589,-0.0420589;
9.04, -0.735954,0.228746,0.118839,-1.83994,0.766259,-0.01635,-0.01635;
9.05, -0.728661,0.245569,0.11849,-1.82363,0.763588,0.00921835,0.00921835;
9.06, -0.720683,0.262122,0.118113,-1.80785,0.759834,0.0345523,0.0345523;
9.07, -0.712117,0.278376,0.117708,-1.7927,0.75498,0.0595672,0.0595672;
9.08, -0.702536,0.294345,0.117274,-1.7783,0.749028,0.0841745,0.0841745;
9.09, -0.692238,0.309955,0.116814,-1.76474,0.741975,0.108291,0.108291;
9.1, -0.680644,0.325222,0.116328,-1.75214,0.733851,0.131825,0.131825;
9.11, -0.667981,0.340108,0.115811,-1.74057,0.724672,0.154703,0.154703;
9.12, -0.654777,0.354555,0.115273,-1.73012,0.714491,0.17684,0.17684;
9.13, -0.640822,0.368554,0.11471,-1.72086,0.703351,0.198169,0.198169;
9.14, -0.625372,0.38205,0.114129,-1.71285,0.691258,0.218644,0.218644;
9.15, -0.609767,0.395026,0.113526,-1.70615,0.67823,0.23822,0.23822;
9.16, -0.593716,0.407446,0.112902,-1.70077,0.664342,0.256843,0.256843;
9.17, -0.57635,0.419277,0.112257,-1.69676,0.649579,0.274496,0.274496;
9.18, -0.557817,0.430483,0.111598,-1.69415,0.633942,0.291161,0.291161;
9.19, -0.53841,0.441006,0.110926,-1.69293,0.617496,0.306806,0.306806;
9.2, -0.518696,0.450788,0.110234,-1.69309,0.6003,0.321405,0.321405;
9.21, -0.497264,0.459824,0.109531,-1.69462,0.582389,0.334944,0.334944;
9.22, -0.475694,0.467994,0.108812,-1.6975,0.563764,0.347431,0.347431;
9.23, -0.45273,0.47532,0.108093,-1.70167,0.544518,0.35884,0.35884;
9.24, -0.429372,0.481668,0.107364,-1.7071,0.524643,0.369185,0.369185;
9.25, -0.405082,0.487021,0.106633,-1.71371,0.504216,0.378453,0.378453;
9.26, -0.380749,0.491394,0.105902,-1.72143,0.483252,0.386655,0.386655;
9.27, -0.355395,0.494645,0.10517,-1.73017,0.461804,0.393792,0.393792;
9.28, -0.330028,0.496731,0.104442,-1.73987,0.439867,0.399879,0.399879;
9.29, -0.303902,0.497709,0.103707,-1.7504,0.417509,0.404912,0.404912;
9.3, -0.277484,0.497417,0.102955,-1.76166,0.394736,0.408913,0.408913;
9.31, -0.250806,0.495954,0.102218,-1.77354,0.371606,0.411874,0.411874;
9.32, -0.224224,0.493221,0.101494,-1.78591,0.348151,0.413804,0.413804;
9.33, -0.196885,0.489189,0.100778,-1.79865,0.324412,0.414701,0.414701;
9.34, -0.169788,0.483805,0.100074,-1.81164,0.300415,0.414576,0.414576;
9.35, -0.142964,0.477154,0.0993752,-1.82472,0.276253,0.413411,0.413411;
9.36, -0.116632,0.469158,0.0986931,-1.83776,0.251958,0.411215,0.411215;
9.37, -0.0904028,0.459817,0.0980336,-1.85064,0.227561,0.407988,0.407988;
9.38, -0.0651333,0.449166,0.0973815,-1.86326,0.203093,0.403739,0.403739;
9.39, -0.040159,0.437221,0.0967517,-1.87546,0.178624,0.39846,0.39846;
9.4, -0.01562,0.424009,0.0961445,-1.88717,0.154167,0.392165,0.392165;
9.41, 0.00779319,0.409515,0.0955583,-1.89826,0.129794,0.384843,0.384843;
9.42, 0.0298517,0.393825,0.0949968,-1.90864,0.105581,0.376487,0.376487;
9.43, 0.0520122,0.376943,0.0944567,-1.91822,0.0815575,0.367108,0.367108;
9.44, 0.0728209,0.35898,0.0939378,-1.92696,0.0577412,0.356725,0.356725;
9.45, 0.0923007,0.339989,0.0934465,-1.93475,0.0342755,0.345304,0.345304;
9.46, 0.110828,0.320007,0.0929858,-1.94156,0.0111959,0.332858,0.332858;
9.47, 0.128592,0.299095,0.0925547,-1.94736,-0.0114568,0.319396,0.319396;
9.48, 0.145013,0.277275,0.0921527,-1.95211,-0.0336017,0.30492,0.30492;
9.49, 0.160486,0.254709,0.0917802,-1.9558,-0.0551356,0.289426,0.289426;
9.5, 0.173916,0.231427,0.0914407,-1.95841,-0.0759979,0.272933,0.272933;
9.51, 0.187038,0.207503,0.0911371,-1.95995,-0.0960955,0.255445,0.255445;
9.52, 0.198144,0.183014,0.0908653,-1.96046,-0.115423,0.237009,0.237009;
9.53, 0.208075,0.15804,0.0906246,-1.95994,-0.133824,0.217619,0.217619;
9.54, 0.216861,0.132627,0.0904172,-1.95846,-0.151286,0.197329,0.197329;
9.55, 0.224251,0.106861,0.0902443,-1.95607,-0.16773,0.176171,0.176171;
9.56, 0.230547,0.0808702,0.090109,-1.95281,-0.183067,0.154183,0.154183;
9.57, 0.235467,0.0546546,0.0900046,-1.94877,-0.197235,0.13142,0.13142;
9.58, 0.239019,0.0283632,0.0899294,-1.94402,-0.210148,0.107927,0.107927;
9.59, 0.241201,0.00213814,0.0898929,-1.93866,-0.221748,0.0837732,0.0837732;
9.6, 0.242123,-0.0243125,0.0898929,-1.93279,-0.231986,0.0590255,0.0590255;
9.61, 0.241668,-0.050483,0.0899253,-1.92653,-0.240817,0.0337556,0.0337556;
9.62, 0.239903,-0.0764837,0.0899915,-1.91998,-0.248183,0.00806739,0.00806739;
9.63, 0.236331,-0.102161,0.0900906,-1.91328,-0.254058,-0.017962,-0.017962;
9.64, 0.232646,-0.127597,0.0902222,-1.90655,-0.258411,-0.0442397,-0.0442397;
9.65, 0.227016,-0.152645,0.0903891,-1.89992,-0.261269,-0.07066,-0.07066;
9.66, 0.220011,-0.17721,0.0905786,-1.89353,-0.262514,-0.0971537,-0.0971537;
9.67, 0.211138,-0.201246,0.090801,-1.88751,-0.262198,-0.123602,-0.123602;
9.68, 0.202061,-0.224772,0.09105,-1.88198,-0.26034,-0.149906,-0.149906;
9.69, 0.190982,-0.247688,0.0913231,-1.87707,-0.257006,-0.175954,-0.175954;
9.7, 0.179078,-0.26983,0.0916194,-1.87291,-0.252128,-0.201677,-0.201677;
9.71, 0.165582,-0.291321,0.0919579,-1.8696,-0.245799,-0.226965,-0.226965;
9.72, 0.15052,-0.312027,0.0923062,-1.86723,-0.23803,-0.251753,-0.251753;
9.73, 0.134505,-0.331815,0.0926795,-1.86588,-0.228896,-0.275942,-0.275942;
9.74, 0.117391,-0.350678,0.0930811,-1.86563,-0.21848,-0.299453,-0.299453;
9.75, 0.098561,-0.368653,0.0934967,-1.86653,-0.206823,-0.322236,-0.322236;
9.76, 0.0782168,-0.385599,0.0939405,-1.8686,-0.193984,-0.34424,-0.34424;
9.77, 0.0574992,-0.401383,0.0944076,-1.87187,-0.180073,-0.365395,-0.365395;
9.78, 0.0353744,-0.416142,0.0948922,-1.87632,-0.165194,-0.38565,-0.38565;
9.79, 0.0123904,-0.429659,0.095395,-1.88194,-0.149367,-0.405003,-0.405003;
9.8, -0.0116799,-0.442016,0.0959174,-1.8887,-0.132688,-0.42341,-0.42341;
9.81, -0.0363386,-0.453091,0.096469,-1.89654,-0.115226,-0.440866,-0.440866;
9.82, -0.0614078,-0.462931,0.0970344,-1.9054,-0.0970646,-0.457346,-0.457346;
9.83, -0.087579,-0.471487,0.0975984,-1.91519,-0.0782615,-0.472854,-0.472854;
9.84, -0.113908,-0.478774,0.0981866,-1.92583,-0.0588577,-0.487396,-0.487396;
9.85, -0.140507,-0.484786,0.0987722,-1.93722,-0.038951,-0.500958,-0.500958;
9.86, -0.167217,-0.489314,0.0993787,-1.94925,-0.018578,-0.513554,-0.513554;
9.87, -0.194158,-0.492429,0.0999885,-1.96182,0.00221978,-0.525193,-0.525193;
9.88, -0.221118,-0.494292,0.100612,-1.9748,0.0233927,-0.535904,-0.535904;
9.89, -0.24856,-0.495076,0.101229,-1.98808,0.0448817,-0.545706,-0.545706;
9.9, -0.275454,-0.494466,0.101868,-2.00153,0.066641,-0.554605,-0.554605;
9.91, -0.3023,-0.492506,0.102501,-2.01502,0.0885961,-0.562573,-0.562573;
9.92, -0.328572,-0.489334,0.103147,-2.02845,0.110725,-0.569647,-0.569647;
9.93, -0.354577,-0.484934,0.103793,-2.04168,0.132972,-0.57584,-0.57584;
9.94, -0.379856,-0.479512,0.104432,-2.05463,0.155315,-0.58117,-0.58117;
9.95, -0.404756,-0.472861,0.105079,-2.06719,0.177704,-0.585645,-0.585645;
9.96, -0.429222,-0.465218,0.105729,-2.07929,0.20013,-0.589274,-0.589274;
9.97, -0.452955,-0.456691,0.106367,-2.09082,0.222538,-0.592064,-0.592064;
9.98, -0.475944,-0.447051,0.106982,-2.1017,0.244883,-0.594009,-0.594009;
9.99, -0.498178,-0.436497,0.107611,-2.11187,0.267146,-0.595105,-0.595105;
