0, 3.48773,69.1711,3.82805,0,0,0,0;
0.01, 6.53158,47.4867,3.76159,0,0,0,0;
0.02, 6.78259,-4.32406,4.76524,0,0,0,0;
0.03, 6.1478,-17.9879,4.47583,0,0,0,0;
0.04, 5.56129,-19.9034,2.88195,0,0,0,0;
0.05, 4.45307,-18.9456,1.27664,0,0,0,0;
0.06, 3.45046,-17.0415,0.196219,0,0,0,0;
0.07, 2.34599,-14.8518,-0.3965,0,0,0,0;
0.08, 1.09817,-12.7529,-0.626223,0,0,0,0;
0.09, 0.406675,-10.8661,-0.632486,0,0,0,0;
0.1, -0.301195,-9.26853,-0.525176,0,0,0,0;
0.11, -0.942213,-7.93842,-0.358228,0,0,0,0;
0.12, -1.29976,-6.82715,-0.176768,0,0,0,0;
0.13, -1.60997,-5.89651,0.0111296,0,0,0,0;
0.14, -1.82404,-5.10081,0.190543,0,0,0,0;
0.15, -2.00468,-4.43017,0.35613,0,0,0,0;
0.16, -2.1766,-3.83446,0.500689,0,0,0,0;
0.17, -2.35701,-3.31967,0.625717,0,0,0,0;
0.18, -2.30076,-2.85193,0.720792,0,0,0,0;
0.19, -2.42571,-2.45996,0.830097,0,0,0,0;
0.2, -2.48193,-2.10344,0.936074,0,0,0,0;
0.21, -2.51498,-1.77663,1.01288,0,0,0,0;
0.22, -2.54104,-1.467,1.07098,0,0,0,0;
0.23, -2.64199,-1.15983,1.1084,0,0,0,0;
0.24, -2.47205,-0.873968,1.14224,0,0,0,0;
0.25, -2.42431,-0.616286,1.1769,0,0,0,0;
0.26, -2.41651,-0.392893,1.20086,0,0,0,0;
0.27, -2.189,-0.187605,1.20511,0,0,0,0;
0.28, -2.32343,0.0101819,1.21208,0,0,0,0;
0.29, -2.2461,0.193789,1.22056,0,0,0,0;
0.3, -2.07802,0.364937,1.22356,0,0,0,0;
0.31, -2.05293,0.527958,1.22323,0,0,0,0;
0.32, -2.01643,0.663455,1.22464,0,0,0,0;
0.33, -1.74848,0.788664,1.22467,0,0,0,0;
0.34, -1.64531,0.921635,1.22033,0,0,0,0;
0.35, -1.55895,1.02768,1.21418,0,0,0,0;
0.36, -1.53372,1.13096,1.21978,0,0,0,0;
0.37, -1.42597,1.23006,1.21259,0,0,0,0;
0.38, -1.26699,1.28048,1.21499,0,0,0,0;
0.39, -1.16156,1.37311,1.22242,0,0,0,0;
0.4, -1.10021,1.46583,1.22387,0,0,0,0;
0.41, -0.953064,1.56099,1.21696,0,0,0,0;
0.42, -0.822922,1.6299,1.19851,0,0,0,0;
0.43, -0.759024,1.63138,1.18403,0,0,0,0;
0.44, -0.663217,1.65314,1.19733,0,0,0,0;
0.45, -0.615696,1.68051,1.2054,0,0,0,0;
0.46, -0.455243,1.6926,1.21101,0,0,0,0;
0.47, -0.27404,1.75489,1.19238,0,0,0,0;
0.48, -0.244826,1.77316,1.16914,0,0,0,0;
0.49, -0.172311,1.77182,1.15864,0,0,0,0;
0.5, -0.128904,1.77103,1.14896,0,0,0,0;
0.51, -0.0383317,1.79881,1.13437,0,0,0,0;
0.52, 0.181391,1.76853,1.1224,0,0,0,0;
0.53, 0.264848,1.78247,1.10156,0,0,0,0;
0.54, 0.32246,1.80638,1.07441,0,0,0,0;
0.55, 0.430679,1.69425,1.03689,0,0,0,0;
0.56, 0.479286,1.58361,1.00211,0,0,0,0;
0.57, 0.56513,1.56054,0.983538,0,0,0,0;
0.58, 0.66709,1.54208,0.95843,0,0,0,0;
0.59, 0.775286,1.4868,0.930135,0,0,0,0;
0.6, 0.753926,1.38087,0.907777,0,0,0,0;
0.61, 0.860337,1.30849,0.861762,0,0,0,0;
0.62, 0.916037,1.21936,0.824755,0,0,0,0;
0.63, 0.890806,1.13775,0.790446,0,0,0,0;
0.64, 1.03291,1.06187,0.759542,0,0,0,0;
0.65, 1.18078,0.978506,0.73295,0,0,0,0;
0.66, 1.12974,0.927231,0.706958,0,0,0,0;
0.67, 1.12382,0.859873,0.666179,0,0,0,0;
0.68, 1.21539,0.790199,0.641694,0,0,0,0;
0.69, 1.25292,0.747393,0.624176,0,0,0,0;
0.7, 1.23032,0.676883,0.592379,0,0,0,0;
0.71, 1.24778,0.579385,0.564934,0,0,0,0;
0.72, 1.31996,0.517611,0.540931,0,0,0,0;
0.73, 1.3789,0.483312,0.517717,0,0,0,0;
0.74, 1.43959,0.426864,0.494175,0,0,0,0;
0.75, 1.38351,0.361517,0.471613,0,0,0,0;
0.76, 1.35096,0.315997,0.44865,0,0,0,0;
0.77, 1.41539,0.263814,0.426687,0,0,0,0;
0.78, 1.47118,0.204214,0.406471,0,0,0,0;
0.79, 1.51084,0.157971,0.384581,0,0,0,0;
0.8, 1.50095,0.120908,0.366747,0,0,0,0;
0.81, 1.50073,0.075629,0.347633,0,0,0,0;
0.82, 1.49656,0.0322261,0.330256,0,0,0,0;
0.83, 1.54645,-0.0132089,0.309383,0,0,0,0;
0.84, 1.60875,-0.0542504,0.289826,0,0,0,0;
0.85, 1.53668,-0.0875562,0.278317,0,0,0,0;
0.86, 1.58901,-0.132109,0.269523,0,0,0,0;
0.87, 1.56624,-0.179412,0.252226,0,0,0,0;
0.88, 1.71346,-0.211403,0.231147,0,0,0,0;
0.89, 1.58551,-0.241956,0.227077,0,0,0,0;
0.9, 1.67018,-0.268182,0.210397,0,0,0,0;
0.91, 1.65122,-0.28523,0.194256,0,0,0,0;
0.92, 1.55566,-0.33041,0.18011,0,0,0,0;
0.93, 1.60607,-0.371596,0.163714,0,0,0,0;
0.94, 1.44803,-0.386066,0.156133,0,0,0,0;
0.95, 1.45815,-0.403583,0.158489,0,0,0,0;
0.96, 1.52506,-0.431297,0.161717,0,0,0,0;
0.97, 1.68146,-0.457151,0.151557,0,0,0,0;
0.98, 1.69024,-0.485959,0.14487,0,0,0,0;
0.99, 1.77466,-0.517838,0.139248,0,0,0,0;
1, 1.7739,-0.556412,0.132824,0,0,0,0;
1.01, 1.94643,-0.581187,0.128301,0,0,0,0;
1.02, 1.97747,-0.603237,0.131715,0,0,0,0;
1.03, 2.02277,-0.618127,0.14149,0,0,0,0;
1.04, 1.96692,-0.641194,0.15311,0,0,0,0;
1.05, 1.8658,-0.678214,0.161733,0,0,0,0;
1.06, 1.98771,-0.697331,0.169389,0,0,0,0;
1.07, 1.93572,-0.736306,0.173368,0,0,0,0;
1.08, 1.81739,-0.778616,0.193694,0,0,0,0;
1.09, 1.90829,-0.811947,0.205231,0,0,0,0;
1.1, 1.86841,-0.868798,0.213667,0,0,0,0;
1.11, 1.90054,-0.922358,0.233698,0,0,0,0;
1.12, 1.92953,-0.970223,0.241587,0,0,0,0;
1.13, 1.85785,-1.01679,0.243963,0,0,0,0;
1.14, 1.79197,-1.05096,0.275054,0,0,0,0;
1.15, 1.72462,-1.10914,0.296722,0,0,0,0;
1.16, 1.56322,-1.20434,0.306927,0,0,0,0;
1.17, 1.67243,-1.26789,0.317082,0,0,0,0;
1.18, 1.70464,-1.33527,0.331013,0,0,0,0;
1.19, 1.50351,-1.43595,0.344038,0,0,0,0;
1.2, 1.42857,-1.5092,0.346953,0,0,0,0;
1.21, 1.52726,-1.56114,0.360284,0,0,0,0;
1.22, 1.41554,-1.65317,0.382916,0,0,0,0;
1.23, 1.24642,-1.74383,0.410148,0,0,0,0;
1.24, 1.08969,-1.8282,0.430838,0,0,0,0;
1.25, 0.972854,-1.91538,0.447362,0,0,0,0;
1.26, 0.8867,-1.99663,0.463601,0,0,0,0;
1.27, 0.743514,-2.07958,0.481773,0,0,0,0;
1.28, 0.61351,-2.1595,0.50108,0,0,0,0;
1.29, 0.419094,-2.23058,0.510481,0,0,0,0;
1.3, 0.337418,-2.28073,0.527104,0,0,0,0;
1.31, 0.193487,-2.34572,0.552264,0,0,0,0;
1.32, -0.041834,-2.40768,0.57699,0,0,0,0;
1.33, -0.179259,-2.44303,0.599919,0,0,0,0;
1.34, -0.393193,-2.47973,0.62357,0,0,0,0;
1.35, -0.533122,-2.50144,0.649529,0,0,0,0;
1.36, -0.680802,-2.50094,0.675386,0,0,0,0;
1.37, -0.806547,-2.48332,0.699579,0,0,0,0;
1.38, -1.02987,-2.47462,0.730127,0,0,0,0;
1.39, -1.28054,-2.45061,0.754841,0,0,0,0;
1.4, -1.39641,-2.40274,0.783129,0,0,0,0;
1.41, -1.52518,-2.34672,0.813076,0,0,0,0;
1.42, -1.66233,-2.27499,0.844622,0,0,0,0;
1.43, -1.76458,-2.18355,0.86746,0,0,0,0;
1.44, -1.87615,-2.09158,0.882544,0,0,0,0;
1.45, -1.9614,-1.99286,0.910968,0,0,0,0;
1.46, -2.07722,-1.88048,0.94136,0,0,0,0;
1.47, -2.26016,-1.75496,0.95845,0,0,0,0;
1.48, -2.3,-1.62216,0.97764,0,0,0,0;
1.49, -2.26027,-1.48335,0.995857,0,0,0,0;
1.5, -2.20425,-1.34976,1.00874,0,0,0,0;
1.51, -2.40056,-1.20723,1.01802,0,0,0,0;
1.52, -2.50608,-1.05134,1.02867,0,0,0,0;
1.53, -2.54266,-0.893228,1.03215,0,0,0,0;
1.54, -2.4909,-0.740409,1.03257,0,0,0,0;
1.55, -2.48946,-0.597812,1.03916,0,0,0,0;
1.56, -2.43521,-0.440937,1.03869,0,0,0,0;
1.57, -2.26709,-0.283262,1.04091,0,0,0,0;
1.58, -2.2641,-0.143993,1.04037,0,0,0,0;
1.59, -2.24444,-0.0353534,1.04136,0,0,0,0;
1.6, -2.25043,0.107464,1.04019,0,0,0,0;
1.61, -2.12206,0.230705,1.04086,0,0,0,0;
1.62, -1.91938,0.335972,1.0396,0,0,0,0;
1.63, -1.80185,0.472688,1.03067,0,0,0,0;
1.64, -1.69591,0.577675,1.02455,0,0,0,0;
1.65, -1.61864,0.675899,1.01978,0,0,0,0;
1.66, -1.73613,0.789592,1.01228,0,0,0,0;
1.67, -1.71592,0.895906,1.01079,0,0,0,0;
1.68, -1.48962,0.960724,1.00521,0,0,0,0;
1.69, -1.42476,1.02519,0.999578,0,0,0,0;
1.7, -1.37001,1.09691,0.994225,0,0,0,0;
1.71, -1.26668,1.16972,0.993066,0,0,0,0;
1.72, -1.17637,1.24988,0.999985,0,0,0,0;
1.73, -1.13436,1.31882,1.00726,0,0,0,0;
1.74, -0.956161,1.37526,1.00787,0,0,0,0;
1.75, -0.777417,1.43751,1.01514,0,0,0,0;
1.76, -0.683963,1.47317,1.01235,0,0,0,0;
1.77, -0.643004,1.49334,1.00268,0,0,0,0;
1.78, -0.534535,1.51359,0.992276,0,0,0,0;
1.79, -0.456258,1.54525,0.9825,0,0,0,0;
1.8, -0.325833,1.56883,0.976168,0,0,0,0;
1.81, -0.239327,1.59402,0.963834,0,0,0,0;
1.82, -0.114156,1.62572,0.953205,0,0,0,0;
1.83, -0.0128428,1.63428,0.954781,0,0,0,0;
1.84, 0.0581892,1.62588,0.935995,0,0,0,0;
1.85, 0.157779,1.61108,0.906625,0,0,0,0;
1.86, 0.240801,1.58055,0.886928,0,0,0,0;
1.87, 0.328373,1.5631,0.8673,0,0,0,0;
1.88, 0.372167,1.52942,0.847287,0,0,0,0;
1.89, 0.406405,1.48204,0.825526,0,0,0,0;
1.9, 0.493425,1.43869,0.80531,0,0,0,0;
1.91, 0.534417,1.38852,0.780035,0,0,0,0;
1.92, 0.634152,1.34477,0.755182,0,0,0,0;
1.93, 0.683637,1.28013,0.734215,0,0,0,0;
1.94, 0.734656,1.22324,0.710624,0,0,0,0;
1.95, 0.831284,1.17665,0.687345,0,0,0,0;
1.96, 0.884696,1.11745,0.664093,0,0,0,0;
1.97, 0.895426,1.05531,0.639779,0,0,0,0;
1.98, 0.993669,0.994198,0.612632,0,0,0,0;
1.99, 1.05948,0.942326,0.580884,0,0,0,0;
2, 1.11097,0.859608,0.552712,0,0,0,0;
2.01, 1.15101,0.786308,0.530826,0,0,0,0;
2.02, 1.23573,0.728845,0.5071,0,0,0,0;
2.03, 1.25768,0.661588,0.480654,0,0,0,0;
2.04, 1.2822,0.604995,0.455362,0,0,0,0;
2.05, 1.27955,0.55209,0.435742,0,0,0,0;
2.06, 1.27824,0.510498,0.415358,0,0,0,0;
2.07, 1.34512,0.454016,0.388101,0,0,0,0;
2.08, 1.31292,0.400799,0.374762,0,0,0,0;
2.09, 1.3151,0.339462,0.35341,0,0,0,0;
2.1, 1.34136,0.277064,0.333184,0,0,0,0;
2.11, 1.41666,0.231764,0.31485,0,0,0,0;
2.12, 1.53071,0.193758,0.298256,0,0,0,0;
2.13, 1.54272,0.156859,0.282755,0,0,0,0;
2.14, 1.55698,0.105196,0.264747,0,0,0,0;
2.15, 1.46747,0.0681615,0.2486,0,0,0,0;
2.16, 1.49428,0.0235072,0.229884,0,0,0,0;
2.17, 1.49763,-0.0148227,0.215763,0,0,0,0;
2.18, 1.49649,-0.0521341,0.197525,0,0,0,0;
2.19, 1.45373,-0.101054,0.183583,0,0,0,0;
2.2, 1.39797,-0.134856,0.176956,0,0,0,0;
2.21, 1.53271,-0.163483,0.166322,0,0,0,0;
2.22, 1.57277,-0.201205,0.15532,0,0,0,0;
2.23, 1.65404,-0.244902,0.139194,0,0,0,0;
2.24, 1.63153,-0.272996,0.128854,0,0,0,0;
2.25, 1.62193,-0.310024,0.123437,0,0,0,0;
2.26, 1.73784,-0.350321,0.115698,0,0,0,0;
2.27, 1.78924,-0.382938,0.106271,0,0,0,0;
2.28, 1.62553,-0.407931,0.100098,0,0,0,0;
2.29, 1.57946,-0.445252,0.0945563,0,0,0,0;
2.3, 1.68112,-0.476166,0.0913529,0,0,0,0;
2.31, 1.60702,-0.500043,0.0905445,0,0,0,0;
2.32, 1.67398,-0.521402,0.0890565,0,0,0,0;
2.33, 1.81283,-0.552441,0.0842321,0,0,0,0;
2.34, 1.77071,-0.592399,0.0853169,0,0,0,0;
2.35, 1.70457,-0.628163,0.0917673,0,0,0,0;
2.36, 1.68185,-0.653585,0.0948675,0,0,0,0;
2.37, 1.69726,-0.68612,0.0954294,0,0,0,0;
2.38, 1.84465,-0.71699,0.0952575,0,0,0,0;
2.39, 1.80529,-0.752754,0.103307,0,0,0,0;
2.4, 1.68311,-0.794325,0.11504,0,0,0,0;
2.41, 1.62852,-0.838402,0.119437,0,0,0,0;
2.42, 1.78024,-0.873906,0.12124,0,0,0,0;
2.43, 1.71337,-0.921975,0.13315,0,0,0,0;
2.44, 1.56759,-0.978947,0.144711,0,0,0,0;
2.45, 1.5209,-1.0331,0.152779,0,0,0,0;
2.46, 1.60508,-1.0766,0.159728,0,0,0,0;
2.47, 1.60116,-1.12775,0.166836,0,0,0,0;
2.48, 1.53681,-1.18854,0.174643,0,0,0,0;
2.49, 1.48393,-1.24925,0.184945,0,0,0,0;
2.5, 1.4614,-1.30376,0.198206,0,0,0,0;
2.51, 1.46828,-1.36407,0.211973,0,0,0,0;
2.52, 1.34797,-1.43873,0.226039,0,0,0,0;
2.53, 1.22691,-1.51014,0.237323,0,0,0,0;
2.54, 1.20742,-1.56883,0.244735,0,0,0,0;
2.55, 1.07486,-1.64346,0.257671,0,0,0,0;
2.56, 1.08288,-1.69447,0.270632,0,0,0,0;
2.57, 0.975095,-1.75812,0.282651,0,0,0,0;
2.58, 0.812408,-1.82809,0.299319,0,0,0,0;
2.59, 0.810778,-1.87738,0.314927,0,0,0,0;
2.6, 0.586704,-1.94737,0.325035,0,0,0,0;
2.61, 0.412898,-2.0082,0.342907,0,0,0,0;
2.62, 0.42661,-2.03897,0.357147,0,0,0,0;
2.63, 0.290992,-2.08242,0.373202,0,0,0,0;
2.64, 0.0825421,-2.1235,0.392552,0,0,0,0;
2.65, -0.0528256,-2.15209,0.409699,0,0,0,0;
2.66, -0.169486,-2.17379,0.427972,0,0,0,0;
2.67, -0.359903,-2.19266,0.452238,0,0,0,0;
2.68, -0.480897,-2.19406,0.473817,0,0,0,0;
2.69, -0.659327,-2.19434,0.488333,0,0,0,0;
2.7, -0.835437,-2.18522,0.509636,0,0,0,0;
2.71, -1.05902,-2.15999,0.531798,0,0,0,0;
2.72, -1.13184,-2.11655,0.544816,0,0,0,0;
2.73, -1.21558,-2.07011,0.559292,0,0,0,0;
2.74, -1.38895,-2.02185,0.576258,0,0,0,0;
2.75, -1.39309,-1.94918,0.597144,0,0,0,0;
2.76, -1.53886,-1.88475,0.618225,0,0,0,0;
2.77, -1.61306,-1.80714,0.6361,0,0,0,0;
2.78, -1.73547,-1.72382,0.649796,0,0,0,0;
2.79, -1.73702,-1.62439,0.66829,0,0,0,0;
2.8, -1.91908,-1.51963,0.682135,0,0,0,0;
2.81, -1.97009,-1.41766,0.695821,0,0,0,0;
2.82, -1.92017,-1.30545,0.706547,0,0,0,0;
2.83, -1.9658,-1.19044,0.718124,0,0,0,0;
2.84, -2.04944,-1.07206,0.729379,0,0,0,0;
2.85, -1.99238,-0.948746,0.737768,0,0,0,0;
2.86, -1.95489,-0.828689,0.746041,0,0,0,0;
2.87, -2.03235,-0.704507,0.751805,0,0,0,0;
2.88, -2.05709,-0.585268,0.755453,0,0,0,0;
2.89, -2.03602,-0.46975,0.757592,0,0,0,0;
2.9, -2.0042,-0.353034,0.758057,0,0,0,0;
2.91, -1.9783,-0.243523,0.758647,0,0,0,0;
2.92, -1.8557,-0.127199,0.762588,0,0,0,0;
2.93, -1.79271,-0.00768058,0.765572,0,0,0,0;
2.94, -1.87622,0.0855796,0.767531,0,0,0,0;
2.95, -1.81291,0.191779,0.765991,0,0,0,0;
2.96, -1.79705,0.300677,0.760285,0,0,0,0;
2.97, -1.74452,0.397094,0.760937,0,0,0,0;
2.98, -1.55955,0.485678,0.761171,0,0,0,0;
2.99, -1.36183,0.569584,0.763262,0,0,0,0;
3, -1.31345,0.654792,0.761707,0,0,0,0;
3.01, -1.21581,0.738142,0.757491,0,0,0,0;
3.02, -1.20698,0.821729,0.758613,0,0,0,0;
3.03, -1.16792,0.893717,0.755181,0,0,0,0;
3.04, -1.08456,0.962311,0.751005,0,0,0,0;
3.05, -1.00124,1.0224,0.751937,0,0,0,0;
3.06, -0.888915,1.07152,0.74997,0,0,0,0;
3.07, -0.885482,1.11128,0.748552,0,0,0,0;
3.08, -0.808583,1.16915,0.744589,0,0,0,0;
3.09, -0.702027,1.20994,0.742379,0,0,0,0;
3.1, -0.636289,1.26408,0.743321,0,0,0,0;
3.11, -0.491035,1.29166,0.739908,0,0,0,0;
3.12, -0.475349,1.29551,0.735016,0,0,0,0;
3.13, -0.409936,1.32092,0.735986,0,0,0,0;
3.14, -0.279351,1.33418,0.732175,0,0,0,0;
3.15, -0.204508,1.36044,0.73093,0,0,0,0;
3.16, -0.132557,1.38023,0.721165,0,0,0,0;
3.17, -0.0681074,1.37306,0.710456,0,0,0,0;
3.18, 0.0404769,1.384,0.699745,0,0,0,0;
3.19, 0.111886,1.38578,0.687954,0,0,0,0;
3.2, 0.20559,1.37478,0.677387,0,0,0,0;
3.21, 0.275125,1.36254,0.663366,0,0,0,0;
3.22, 0.340699,1.34964,0.643523,0,0,0,0;
3.23, 0.40481,1.30568,0.626756,0,0,0,0;
3.24, 0.519429,1.26707,0.612175,0,0,0,0;
3.25, 0.570253,1.23064,0.596747,0,0,0,0;
3.26, 0.589001,1.20226,0.571782,0,0,0,0;
3.27, 0.669056,1.15667,0.555963,0,0,0,0;
3.28, 0.707186,1.10202,0.533599,0,0,0,0;
3.29, 0.744262,1.028,0.501312,0,0,0,0;
3.3, 0.78964,0.994912,0.484158,0,0,0,0;
3.31, 0.834174,0.950191,0.466213,0,0,0,0;
3.32, 0.837341,0.898987,0.447031,0,0,0,0;
3.33, 0.875403,0.845638,0.433878,0,0,0,0;
3.34, 1.00783,0.784653,0.415558,0,0,0,0;
3.35, 1.04608,0.733607,0.400114,0,0,0,0;
3.36, 1.0512,0.670998,0.380727,0,0,0,0;
3.37, 1.18721,0.630432,0.363207,0,0,0,0;
3.38, 1.2258,0.595923,0.338953,0,0,0,0;
3.39, 1.20748,0.553701,0.318517,0,0,0,0;
3.4, 1.20711,0.508115,0.30224,0,0,0,0;
3.41, 1.19184,0.454602,0.28318,0,0,0,0;
3.42, 1.18876,0.401934,0.266574,0,0,0,0;
3.43, 1.21061,0.345897,0.254086,0,0,0,0;
3.44, 1.28998,0.296166,0.23914,0,0,0,0;
3.45, 1.37324,0.253199,0.226535,0,0,0,0;
3.46, 1.38439,0.202702,0.208332,0,0,0,0;
3.47, 1.43163,0.154958,0.190766,0,0,0,0;
3.48, 1.47703,0.115643,0.175342,0,0,0,0;
3.49, 1.47012,0.0719082,0.161472,0,0,0,0;
3.5, 1.41671,0.0328859,0.149856,0,0,0,0;
3.51, 1.39404,-0.0118757,0.13476,0,0,0,0;
3.52, 1.50626,-0.0532289,0.122137,0,0,0,0;
3.53, 1.51862,-0.0913495,0.111744,0,0,0,0;
3.54, 1.52604,-0.125418,0.102014,0,0,0,0;
3.55, 1.56032,-0.159602,0.0897391,0,0,0,0;
3.56, 1.61991,-0.193334,0.0779285,0,0,0,0;
3.57, 1.57378,-0.230702,0.0705268,0,0,0,0;
3.58, 1.51822,-0.263818,0.0657003,0,0,0,0;
3.59, 1.57212,-0.297244,0.0581284,0,0,0,0;
3.6, 1.55297,-0.333772,0.0515351,0,0,0,0;
3.61, 1.58843,-0.368531,0.0447392,0,0,0,0;
3.62, 1.59513,-0.395666,0.0415297,0,0,0,0;
3.63, 1.56621,-0.433701,0.0367348,0,0,0,0;
3.64, 1.66565,-0.470237,0.030355,0,0,0,0;
3.65, 1.62389,-0.504239,0.0275247,0,0,0,0;
3.66, 1.68781,-0.54223,0.0263155,0,0,0,0;
3.67, 1.69876,-0.575391,0.028146,0,0,0,0;
3.68, 1.70826,-0.604778,0.0308542,0,0,0,0;
3.69, 1.69584,-0.638381,0.0314012,0,0,0,0;
3.7, 1.67419,-0.678821,0.0293889,0,0,0,0;
3.71, 1.52695,-0.720186,0.036032,0,0,0,0;
3.72, 1.57268,-0.755636,0.037823,0,0,0,0;
3.73, 1.62092,-0.796551,0.0408845,0,0,0,0;
3.74, 1.63761,-0.839932,0.0454037,0,0,0,0;
3.75, 1.57984,-0.883885,0.0491393,0,0,0,0;
3.76, 1.56067,-0.92168,0.0553308,0,0,0,0;
3.77, 1.61426,-0.966382,0.0588989,0,0,0,0;
3.78, 1.66241,-1.0087,0.066318,0,0,0,0;
3.79, 1.62822,-1.05557,0.0767787,0,0,0,0;
3.8, 1.52435,-1.11261,0.0910735,0,0,0,0;
3.81, 1.46578,-1.16531,0.105429,0,0,0,0;
3.82, 1.38815,-1.22359,0.116606,0,0,0,0;
3.83, 1.28246,-1.28562,0.122051,0,0,0,0;
3.84, 1.3028,-1.33538,0.121533,0,0,0,0;
3.85, 1.17196,-1.39373,0.125742,0,0,0,0;
3.86, 1.11247,-1.44613,0.140993,0,0,0,0;
3.87, 1.00937,-1.5043,0.158898,0,0,0,0;
3.88, 0.87502,-1.56449,0.167907,0,0,0,0;
3.89, 0.80833,-1.61987,0.16881,0,0,0,0;
3.9, 0.708649,-1.67029,0.170198,0,0,0,0;
3.91, 0.684561,-1.70716,0.184219,0,0,0,0;
3.92, 0.649183,-1.75008,0.19187,0,0,0,0;
3.93, 0.511477,-1.79941,0.206146,0,0,0,0;
3.94, 0.424729,-1.83751,0.213619,0,0,0,0;
3.95, 0.36755,-1.87292,0.226126,0,0,0,0;
3.96, 0.200671,-1.91005,0.247816,0,0,0,0;
3.97, 0.0859766,-1.93737,0.261328,0,0,0,0;
3.98, -0.0703727,-1.96928,0.274955,0,0,0,0;
3.99, -0.14541,-1.97896,0.293989,0,0,0,0;
4, -0.253909,-1.98084,0.31041,0,0,0,0;
4.01, -0.407329,-1.98592,0.328092,0,0,0,0;
4.02, -0.556959,-1.98445,0.339512,0,0,0,0;
4.03, -0.671716,-1.97073,0.353727,0,0,0,0;
4.04, -0.750984,-1.94583,0.372484,0,0,0,0;
4.05, -0.905032,-1.91994,0.390325,0,0,0,0;
4.06, -1.04395,-1.88516,0.407089,0,0,0,0;
4.07, -1.0914,-1.83564,0.422683,0,0,0,0;
4.08, -1.13692,-1.77978,0.438312,0,0,0,0;
4.09, -1.38708,-1.72614,0.453437,0,0,0,0;
4.1, -1.43435,-1.65679,0.470145,0,0,0,0;
4.11, -1.38885,-1.57775,0.483323,0,0,0,0;
4.12, -1.56331,-1.50513,0.495552,0,0,0,0;
4.13, -1.53249,-1.41846,0.50997,0,0,0,0;
4.14, -1.68857,-1.33344,0.519709,0,0,0,0;
4.15, -1.80063,-1.24492,0.530347,0,0,0,0;
4.16, -1.8427,-1.14795,0.541085,0,0,0,0;
4.17, -1.78576,-1.04696,0.551512,0,0,0,0;
4.18, -1.75598,-0.941151,0.559194,0,0,0,0;
4.19, -1.5811,-0.834036,0.570673,0,0,0,0;
4.2, -1.67955,-0.735126,0.578588,0,0,0,0;
4.21, -1.73672,-0.629904,0.586172,0,0,0,0;
4.22, -1.7516,-0.526766,0.59034,0,0,0,0;
4.23, -1.75636,-0.428743,0.596687,0,0,0,0;
4.24, -1.6898,-0.326122,0.599683,0,0,0,0;
4.25, -1.72817,-0.223911,0.599899,0,0,0,0;
4.26, -1.76604,-0.12125,0.603366,0,0,0,0;
4.27, -1.64948,-0.0261847,0.609443,0,0,0,0;
4.28, -1.6781,0.0612311,0.610111,0,0,0,0;
4.29, -1.53829,0.144908,0.610461,0,0,0,0;
4.3, -1.33034,0.244512,0.612556,0,0,0,0;
4.31, -1.40252,0.33055,0.612579,0,0,0,0;
4.32, -1.3959,0.410859,0.611161,0,0,0,0;
4.33, -1.33508,0.496775,0.609924,0,0,0,0;
4.34, -1.31168,0.569756,0.612046,0,0,0,0;
4.35, -1.214,0.626846,0.613811,0,0,0,0;
4.36, -1.16782,0.692581,0.617545,0,0,0,0;
4.37, -1.05434,0.762736,0.62708,0,0,0,0;
4.38, -0.915959,0.82347,0.628952,0,0,0,0;
4.39, -0.848513,0.891708,0.626604,0,0,0,0;
4.4, -0.807501,0.948581,0.632932,0,0,0,0;
4.41, -0.765614,1.00015,0.630048,0,0,0,0;
4.42, -0.646823,1.04473,0.619197,0,0,0,0;
4.43, -0.596651,1.08873,0.623916,0,0,0,0;
4.44, -0.534085,1.12382,0.622007,0,0,0,0;
4.45, -0.490635,1.1285,0.614896,0,0,0,0;
4.46, -0.357806,1.17125,0.610552,0,0,0,0;
4.47, -0.275144,1.22246,0.610099,0,0,0,0;
4.48, -0.210261,1.23173,0.608175,0,0,0,0;
4.49, -0.205723,1.23592,0.603018,0,0,0,0;
4.5, -0.150046,1.24388,0.592849,0,0,0,0;
4.51, -0.0832421,1.25281,0.582516,0,0,0,0;
4.52, -0.0287572,1.25574,0.581659,0,0,0,0;
4.53, 0.0209071,1.23223,0.573478,0,0,0,0;
4.54, 0.16459,1.22931,0.565959,0,0,0,0;
4.55, 0.227612,1.23073,0.556259,0,0,0,0;
4.56, 0.302105,1.20439,0.550689,0,0,0,0;
4.57, 0.447791,1.18875,0.545289,0,0,0,0;
4.58, 0.492071,1.15535,0.526972,0,0,0,0;
4.59, 0.532496,1.13377,0.507025,0,0,0,0;
4.6, 0.533213,1.09994,0.488658,0,0,0,0;
4.61, 0.552782,1.08325,0.470112,0,0,0,0;
4.62, 0.670855,1.04254,0.454559,0,0,0,0;
4.63, 0.726013,1.00633,0.438442,0,0,0,0;
4.64, 0.756851,0.972842,0.421496,0,0,0,0;
4.65, 0.784331,0.90604,0.404454,0,0,0,0;
4.66, 0.807219,0.83627,0.38332,0,0,0,0;
4.67, 0.896522,0.796133,0.370039,0,0,0,0;
4.68, 0.996679,0.76477,0.352824,0,0,0,0;
4.69, 0.963286,0.711426,0.331497,0,0,0,0;
4.7, 0.996377,0.674472,0.316854,0,0,0,0;
4.71, 1.07832,0.643613,0.301863,0,0,0,0;
4.72, 1.10421,0.580364,0.286966,0,0,0,0;
4.73, 1.12756,0.533756,0.268391,0,0,0,0;
4.74, 1.15587,0.477881,0.255963,0,0,0,0;
4.75, 1.23644,0.416706,0.240412,0,0,0,0;
4.76, 1.30537,0.362993,0.223383,0,0,0,0;
4.77, 1.28478,0.330504,0.206964,0,0,0,0;
4.78, 1.31184,0.290466,0.189364,0,0,0,0;
4.79, 1.31232,0.24253,0.175516,0,0,0,0;
4.8, 1.31383,0.20337,0.163831,0,0,0,0;
4.81, 1.40576,0.167215,0.151105,0,0,0,0;
4.82, 1.3769,0.132905,0.138921,0,0,0,0;
4.83, 1.44637,0.0941169,0.125107,0,0,0,0;
4.84, 1.52193,0.0497474,0.113864,0,0,0,0;
4.85, 1.44991,0.0127961,0.103122,0,0,0,0;
4.86, 1.44964,-0.0266197,0.0914812,0,0,0,0;
4.87, 1.48342,-0.067057,0.0791218,0,0,0,0;
4.88, 1.43783,-0.104953,0.0714862,0,0,0,0;
4.89, 1.47745,-0.145001,0.0624063,0,0,0,0;
4.9, 1.47849,-0.187481,0.0550447,0,0,0,0;
4.91, 1.48019,-0.222215,0.0460987,0,0,0,0;
4.92, 1.55029,-0.254275,0.0350327,0,0,0,0;
4.93, 1.5459,-0.292943,0.0303855,0,0,0,0;
4.94, 1.48234,-0.326336,0.028182,0,0,0,0;
4.95, 1.57601,-0.361536,0.0206838,0,0,0,0;
4.96, 1.55595,-0.394718,0.0145097,0,0,0,0;
4.97, 1.6,-0.425425,0.0122411,0,0,0,0;
4.98, 1.59288,-0.46206,0.0113721,0,0,0,0;
4.99, 1.60235,-0.49581,0.00815773,0,0,0,0;
5, 1.6175,-0.536352,0.00526619,0,0,0,0;
5.01, 1.55017,-0.56953,0.00969744,0,0,0,0;
5.02, 1.64573,-0.603034,0.00773025,0,0,0,0;
5.03, 1.59018,-0.641052,0.00824451,0,0,0,0;
5.04, 1.60758,-0.674576,0.00857925,0,0,0,0;
5.05, 1.62865,-0.715487,0.00608325,0,0,0,0;
5.06, 1.61025,-0.758728,0.0101411,0,0,0,0;
5.07, 1.59474,-0.803224,0.0143056,0,0,0,0;
5.08, 1.52278,-0.849341,0.0204401,0,0,0,0;
5.09, 1.56474,-0.885419,0.0266979,0,0,0,0;
5.1, 1.51236,-0.925658,0.032665,0,0,0,0;
5.11, 1.5097,-0.973828,0.0386281,0,0,0,0;
5.12, 1.59077,-1.0156,0.0440836,0,0,0,0;
5.13, 1.57207,-1.06375,0.0499861,0,0,0,0;
5.14, 1.48743,-1.11898,0.0575833,0,0,0,0;
5.15, 1.36548,-1.17467,0.0689673,0,0,0,0;
5.16, 1.25829,-1.23514,0.080801,0,0,0,0;
5.17, 1.25483,-1.28354,0.0896075,0,0,0,0;
5.18, 1.17876,-1.33585,0.095259,0,0,0,0;
5.19, 1.1243,-1.38679,0.103677,0,0,0,0;
5.2, 1.14815,-1.4368,0.110729,0,0,0,0;
5.21, 1.00238,-1.50035,0.119616,0,0,0,0;
5.22, 0.93929,-1.5522,0.129495,0,0,0,0;
5.23, 0.861458,-1.60165,0.138856,0,0,0,0;
5.24, 0.795023,-1.65135,0.144422,0,0,0,0;
5.25, 0.681182,-1.70267,0.156485,0,0,0,0;
5.26, 0.683155,-1.73933,0.170406,0,0,0,0;
5.27, 0.561353,-1.78187,0.182807,0,0,0,0;
5.28, 0.521201,-1.81301,0.201827,0,0,0,0;
5.29, 0.37104,-1.84809,0.221756,0,0,0,0;
5.3, 0.177355,-1.88587,0.240304,0,0,0,0;
5.31, -0.0349103,-1.92649,0.25162,0,0,0,0;
5.32, -0.189705,-1.94847,0.266078,0,0,0,0;
5.33, -0.25876,-1.95637,0.276487,0,0,0,0;
5.34, -0.339672,-1.95897,0.289129,0,0,0,0;
5.35, -0.441172,-1.94911,0.302013,0,0,0,0;
5.36, -0.596185,-1.94308,0.313998,0,0,0,0;
5.37, -0.637271,-1.92517,0.330982,0,0,0,0;
5.38, -0.747496,-1.90044,0.350615,0,0,0,0;
5.39, -0.901377,-1.87519,0.369548,0,0,0,0;
5.4, -1.00117,-1.83742,0.385414,0,0,0,0;
5.41, -1.1779,-1.79736,0.40134,0,0,0,0;
5.42, -1.29747,-1.74437,0.416668,0,0,0,0;
5.43, -1.29707,-1.67997,0.430559,0,0,0,0;
5.44, -1.40445,-1.62021,0.443521,0,0,0,0;
5.45, -1.44851,-1.54954,0.459173,0,0,0,0;
5.46, -1.54595,-1.4745,0.47314,0,0,0,0;
5.47, -1.60782,-1.39472,0.489367,0,0,0,0;
5.48, -1.62695,-1.30678,0.500804,0,0,0,0;
5.49, -1.56262,-1.21231,0.511942,0,0,0,0;
5.5, -1.68971,-1.12057,0.522299,0,0,0,0;
5.51, -1.74122,-1.02424,0.533644,0,0,0,0;
5.52, -1.60332,-0.924275,0.545482,0,0,0,0;
5.53, -1.69566,-0.825401,0.554684,0,0,0,0;
5.54, -1.8105,-0.725999,0.561396,0,0,0,0;
5.55, -1.86358,-0.626745,0.567539,0,0,0,0;
5.56, -1.8349,-0.520664,0.575135,0,0,0,0;
5.57, -1.80995,-0.415464,0.58225,0,0,0,0;
5.58, -1.64203,-0.321534,0.588275,0,0,0,0;
5.59, -1.49311,-0.244461,0.59326,0,0,0,0;
5.6, -1.54317,-0.111274,0.599619,0,0,0,0;
5.61, -1.6036,-0.00866756,0.600874,0,0,0,0;
5.62, -1.60746,0.0657857,0.600585,0,0,0,0;
5.63, -1.54029,0.145792,0.605164,0,0,0,0;
5.64, -1.49124,0.239285,0.609953,0,0,0,0;
5.65, -1.38796,0.328096,0.617541,0,0,0,0;
5.66, -1.35149,0.413144,0.623435,0,0,0,0;
5.67, -1.32586,0.48574,0.621307,0,0,0,0;
5.68, -1.29521,0.555692,0.621043,0,0,0,0;
5.69, -1.27809,0.622615,0.623256,0,0,0,0;
5.7, -1.16138,0.689354,0.634752,0,0,0,0;
5.71, -1.04368,0.765703,0.638741,0,0,0,0;
5.72, -0.987476,0.842036,0.640445,0,0,0,0;
5.73, -0.950517,0.894065,0.639914,0,0,0,0;
5.74, -0.90352,0.937581,0.642123,0,0,0,0;
5.75, -0.700872,0.989214,0.642163,0,0,0,0;
5.76, -0.615445,1.028,0.649014,0,0,0,0;
5.77, -0.479876,1.09744,0.658307,0,0,0,0;
5.78, -0.376785,1.14758,0.657878,0,0,0,0;
5.79, -0.405222,1.17428,0.646336,0,0,0,0;
5.8, -0.373262,1.19681,0.638038,0,0,0,0;
5.81, -0.310247,1.2178,0.637232,0,0,0,0;
5.82, -0.215551,1.24825,0.635065,0,0,0,0;
5.83, -0.147868,1.2429,0.622593,0,0,0,0;
5.84, -0.144882,1.24504,0.617224,0,0,0,0;
5.85, -0.0379717,1.24715,0.618688,0,0,0,0;
5.86, 0.0164215,1.24719,0.60581,0,0,0,0;
5.87, 0.068118,1.23654,0.595387,0,0,0,0;
5.88, 0.156602,1.24011,0.597354,0,0,0,0;
5.89, 0.301072,1.24305,0.587617,0,0,0,0;
5.9, 0.287333,1.21625,0.569427,0,0,0,0;
5.91, 0.322392,1.21142,0.553965,0,0,0,0;
5.92, 0.415789,1.18519,0.537903,0,0,0,0;
5.93, 0.493505,1.15752,0.531172,0,0,0,0;
5.94, 0.589302,1.11084,0.520103,0,0,0,0;
5.95, 0.661767,1.06704,0.504524,0,0,0,0;
5.96, 0.758526,1.02834,0.484426,0,0,0,0;
5.97, 0.758958,1.00116,0.466776,0,0,0,0;
5.98, 0.71559,0.948174,0.449427,0,0,0,0;
5.99, 0.823277,0.900035,0.429672,0,0,0,0;
6, 0.90947,0.846882,0.409217,0,0,0,0;
6.01, 0.891138,0.813423,0.387629,0,0,0,0;
6.02, 0.938711,0.790959,0.378768,0,0,0,0;
6.03, 1.05975,0.734546,0.363505,0,0,0,0;
6.04, 1.08194,0.672874,0.342783,0,0,0,0;
6.05, 1.11635,0.625646,0.326777,0,0,0,0;
6.06, 1.18147,0.569794,0.309764,0,0,0,0;
6.07, 1.17955,0.523089,0.294017,0,0,0,0;
6.08, 1.27203,0.481455,0.27189,0,0,0,0;
6.09, 1.27918,0.437073,0.252395,0,0,0,0;
6.1, 1.23158,0.396304,0.233895,0,0,0,0;
6.11, 1.25574,0.348439,0.220373,0,0,0,0;
6.12, 1.2878,0.292631,0.210535,0,0,0,0;
6.13, 1.28429,0.251702,0.201934,0,0,0,0;
6.14, 1.2927,0.215288,0.190782,0,0,0,0;
6.15, 1.33221,0.181358,0.174388,0,0,0,0;
6.16, 1.39537,0.14359,0.160901,0,0,0,0;
6.17, 1.42981,0.0932338,0.146802,0,0,0,0;
6.18, 1.40772,0.0474005,0.131853,0,0,0,0;
6.19, 1.40232,0.00495586,0.121029,0,0,0,0;
6.2, 1.51976,-0.0326388,0.109327,0,0,0,0;
6.21, 1.49066,-0.0694262,0.10115,0,0,0,0;
6.22, 1.44138,-0.10791,0.0932169,0,0,0,0;
6.23, 1.44024,-0.148119,0.0847211,0,0,0,0;
6.24, 1.57718,-0.184002,0.0735846,0,0,0,0;
6.25, 1.59805,-0.206881,0.0663066,0,0,0,0;
6.26, 1.65751,-0.26618,0.0579052,0,0,0,0;
6.27, 1.62801,-0.301046,0.0510385,0,0,0,0;
6.28, 1.5767,-0.320911,0.0488794,0,0,0,0;
6.29, 1.60793,-0.352558,0.0433614,0,0,0,0;
6.3, 1.64346,-0.38644,0.0364342,0,0,0,0;
6.31, 1.67143,-0.419211,0.0324619,0,0,0,0;
6.32, 1.63345,-0.454553,0.0288458,0,0,0,0;
6.33, 1.7298,-0.48974,0.0261204,0,0,0,0;
6.34, 1.69283,-0.521114,0.0273392,0,0,0,0;
6.35, 1.74728,-0.556701,0.0265465,0,0,0,0;
6.36, 1.66919,-0.595002,0.0300746,0,0,0,0;
6.37, 1.58345,-0.634085,0.0350015,0,0,0,0;
6.38, 1.60846,-0.674018,0.038511,0,0,0,0;
6.39, 1.65378,-0.716157,0.0399089,0,0,0,0;
6.4, 1.60379,-0.755396,0.0448244,0,0,0,0;
6.41, 1.65294,-0.794133,0.047276,0,0,0,0;
6.42, 1.63411,-0.833577,0.0506465,0,0,0,0;
6.43, 1.63807,-0.876238,0.0574775,0,0,0,0;
6.44, 1.63884,-0.921599,0.0666795,0,0,0,0;
6.45, 1.59755,-0.971902,0.0743291,0,0,0,0;
6.46, 1.54299,-1.02658,0.0773742,0,0,0,0;
6.47, 1.52674,-1.07604,0.0866117,0,0,0,0;
6.48, 1.54863,-1.12546,0.0953522,0,0,0,0;
6.49, 1.47462,-1.18473,0.108077,0,0,0,0;
6.5, 1.43624,-1.24086,0.115836,0,0,0,0;
6.51, 1.5178,-1.28706,0.125216,0,0,0,0;
6.52, 1.45937,-1.34801,0.135946,0,0,0,0;
6.53, 1.30957,-1.41741,0.154791,0,0,0,0;
6.54, 1.26149,-1.4756,0.171282,0,0,0,0;
6.55, 1.04445,-1.54725,0.184622,0,0,0,0;
6.56, 1.00047,-1.60144,0.191818,0,0,0,0;
6.57, 0.888777,-1.66681,0.201703,0,0,0,0;
6.58, 0.781214,-1.72858,0.219018,0,0,0,0;
6.59, 0.698498,-1.77812,0.230833,0,0,0,0;
6.6, 0.595633,-1.82786,0.238713,0,0,0,0;
6.61, 0.559229,-1.87022,0.248464,0,0,0,0;
6.62, 0.354184,-1.93072,0.269966,0,0,0,0;
6.63, 0.186027,-1.97872,0.285194,0,0,0,0;
6.64, 0.119513,-2.01032,0.291081,0,0,0,0;
6.65, 0.00554318,-2.04182,0.300785,0,0,0,0;
6.66, -0.170847,-2.07415,0.318242,0,0,0,0;
6.67, -0.273531,-2.09543,0.340425,0,0,0,0;
6.68, -0.40744,-2.10716,0.362721,0,0,0,0;
6.69, -0.610857,-2.11122,0.380643,0,0,0,0;
6.7, -0.714352,-2.10195,0.397408,0,0,0,0;
6.71, -0.807268,-2.08332,0.411255,0,0,0,0;
6.72, -0.957657,-2.05962,0.428293,0,0,0,0;
6.73, -1.01514,-2.02593,0.447821,0,0,0,0;
6.74, -1.08156,-1.98817,0.467122,0,0,0,0;
6.75, -1.09747,-1.93684,0.488721,0,0,0,0;
6.76, -1.18152,-1.88023,0.510392,0,0,0,0;
6.77, -1.31016,-1.8179,0.533929,0,0,0,0;
6.78, -1.4823,-1.75157,0.55486,0,0,0,0;
6.79, -1.50382,-1.67074,0.576529,0,0,0,0;
6.8, -1.68147,-1.59234,0.594615,0,0,0,0;
6.81, -1.82034,-1.50772,0.611258,0,0,0,0;
6.82, -1.88955,-1.41072,0.625093,0,0,0,0;
6.83, -1.83791,-1.30342,0.640658,0,0,0,0;
6.84, -1.83627,-1.19782,0.653989,0,0,0,0;
6.85, -1.93481,-1.08583,0.667075,0,0,0,0;
6.86, -1.95514,-0.976608,0.680162,0,0,0,0;
6.87, -1.95193,-0.862583,0.690067,0,0,0,0;
6.88, -1.97851,-0.745955,0.699497,0,0,0,0;
6.89, -2.012,-0.641648,0.705892,0,0,0,0;
6.9, -1.83376,-0.531294,0.713913,0,0,0,0;
6.91, -1.8983,-0.408631,0.720976,0,0,0,0;
6.92, -1.88007,-0.296525,0.728648,0,0,0,0;
6.93, -1.80334,-0.182038,0.734629,0,0,0,0;
6.94, -1.8241,-0.0776247,0.739932,0,0,0,0;
6.95, -1.81651,0.021944,0.744051,0,0,0,0;
6.96, -1.73503,0.138244,0.748021,0,0,0,0;
6.97, -1.64699,0.242325,0.754985,0,0,0,0;
6.98, -1.64056,0.33692,0.759087,0,0,0,0;
6.99, -1.55391,0.418734,0.762079,0,0,0,0;
7, -1.46216,0.492758,0.767512,0,0,0,0;
7.01, -1.33716,0.580179,0.772901,0,0,0,0;
7.02, -1.34133,0.672206,0.773077,0,0,0,0;
7.03, -1.23037,0.75393,0.780625,0,0,0,0;
7.04, -1.23799,0.834602,0.791483,0,0,0,0;
7.05, -1.12578,0.893096,0.799632,0,0,0,0;
7.06, -0.967149,0.955656,0.799204,0,0,0,0;
7.07, -0.88194,1.03775,0.79785,0,0,0,0;
7.08, -0.820155,1.10615,0.801645,0,0,0,0;
7.09, -0.811292,1.15893,0.801717,0,0,0,0;
7.1, -0.721128,1.21045,0.809453,0,0,0,0;
7.11, -0.643944,1.25041,0.815478,0,0,0,0;
7.12, -0.569866,1.27368,0.809744,0,0,0,0;
7.13, -0.510557,1.29782,0.812283,0,0,0,0;
7.14, -0.345892,1.33359,0.808999,0,0,0,0;
7.15, -0.297114,1.36526,0.802748,0,0,0,0;
7.16, -0.22806,1.39706,0.797721,0,0,0,0;
7.17, -0.154626,1.41077,0.798173,0,0,0,0;
7.18, -0.0483668,1.41719,0.790714,0,0,0,0;
7.19, 0.018599,1.41624,0.780294,0,0,0,0;
7.2, 0.0651484,1.42,0.767691,0,0,0,0;
7.21, 0.158533,1.40694,0.758003,0,0,0,0;
7.22, 0.281685,1.39332,0.74578,0,0,0,0;
7.23, 0.330324,1.36836,0.7288,0,0,0,0;
7.24, 0.370739,1.33773,0.714129,0,0,0,0;
7.25, 0.425388,1.30999,0.698829,0,0,0,0;
7.26, 0.494052,1.26589,0.682842,0,0,0,0;
7.27, 0.540191,1.22748,0.665444,0,0,0,0;
7.28, 0.627202,1.18527,0.646777,0,0,0,0;
7.29, 0.75081,1.15171,0.631359,0,0,0,0;
7.3, 0.791032,1.08441,0.6147,0,0,0,0;
7.31, 0.834307,1.02724,0.590662,0,0,0,0;
7.32, 0.910574,0.983666,0.558017,0,0,0,0;
7.33, 0.946849,0.939373,0.539346,0,0,0,0;
7.34, 1.01953,0.908639,0.52073,0,0,0,0;
7.35, 1.07264,0.842072,0.487842,0,0,0,0;
7.36, 1.06321,0.783896,0.4662,0,0,0,0;
7.37, 1.1202,0.732156,0.450568,0,0,0,0;
7.38, 1.20882,0.672618,0.432248,0,0,0,0;
7.39, 1.19899,0.61629,0.411186,0,0,0,0;
7.4, 1.19481,0.564601,0.389324,0,0,0,0;
7.41, 1.22315,0.518736,0.375314,0,0,0,0;
7.42, 1.30241,0.474115,0.357168,0,0,0,0;
7.43, 1.33168,0.424284,0.339493,0,0,0,0;
7.44, 1.34315,0.357772,0.324363,0,0,0,0;
7.45, 1.35732,0.302767,0.30415,0,0,0,0;
7.46, 1.35473,0.258585,0.285827,0,0,0,0;
7.47, 1.33993,0.213942,0.266365,0,0,0,0;
7.48, 1.39631,0.182573,0.252514,0,0,0,0;
7.49, 1.41776,0.152485,0.24544,0,0,0,0;
7.5, 1.45005,0.100813,0.230103,0,0,0,0;
7.51, 1.54156,0.0554504,0.212014,0,0,0,0;
7.52, 1.5324,0.0177384,0.198918,0,0,0,0;
7.53, 1.51582,-0.0173079,0.188406,0,0,0,0;
7.54, 1.50244,-0.0582624,0.177177,0,0,0,0;
7.55, 1.43832,-0.097174,0.164871,0,0,0,0;
7.56, 1.46394,-0.130945,0.152982,0,0,0,0;
7.57, 1.57186,-0.171074,0.142009,0,0,0,0;
7.58, 1.56034,-0.204486,0.132416,0,0,0,0;
7.59, 1.58862,-0.239153,0.122765,0,0,0,0;
7.6, 1.60274,-0.271962,0.114211,0,0,0,0;
7.61, 1.62752,-0.304592,0.107606,0,0,0,0;
7.62, 1.63555,-0.335613,0.102979,0,0,0,0;
7.63, 1.67892,-0.370046,0.0959547,0,0,0,0;
7.64, 1.72173,-0.407343,0.0890403,0,0,0,0;
7.65, 1.71484,-0.440384,0.0870976,0,0,0,0;
7.66, 1.76326,-0.473178,0.083009,0,0,0,0;
7.67, 1.74273,-0.499548,0.0805731,0,0,0,0;
7.68, 1.74291,-0.525192,0.0818541,0,0,0,0;
7.69, 1.72773,-0.56118,0.0861487,0,0,0,0;
7.7, 1.8557,-0.589837,0.0866227,0,0,0,0;
7.71, 1.82957,-0.621597,0.0885923,0,0,0,0;
7.72, 1.81025,-0.654268,0.0950234,0,0,0,0;
7.73, 1.80847,-0.686159,0.0993142,0,0,0,0;
7.74, 1.70999,-0.735306,0.104618,0,0,0,0;
7.75, 1.82707,-0.774986,0.11256,0,0,0,0;
7.76, 1.73628,-0.822011,0.122801,0,0,0,0;
7.77, 1.74328,-0.861784,0.131923,0,0,0,0;
7.78, 1.8016,-0.904023,0.141461,0,0,0,0;
7.79, 1.76957,-0.962075,0.152464,0,0,0,0;
7.8, 1.69407,-1.02053,0.163826,0,0,0,0;
7.81, 1.73162,-1.06778,0.172551,0,0,0,0;
7.82, 1.63726,-1.13083,0.183378,0,0,0,0;
7.83, 1.64004,-1.18713,0.200815,0,0,0,0;
7.84, 1.64539,-1.2481,0.213351,0,0,0,0;
7.85, 1.54395,-1.3198,0.229187,0,0,0,0;
7.86, 1.47126,-1.39554,0.240573,0,0,0,0;
7.87, 1.50396,-1.45706,0.25393,0,0,0,0;
7.88, 1.43388,-1.52982,0.270542,0,0,0,0;
7.89, 1.22196,-1.61998,0.282208,0,0,0,0;
7.9, 1.11146,-1.69825,0.298479,0,0,0,0;
7.91, 1.10846,-1.7617,0.315059,0,0,0,0;
7.92, 0.945058,-1.85053,0.327749,0,0,0,0;
7.93, 0.896103,-1.92031,0.34413,0,0,0,0;
7.94, 0.717802,-1.99237,0.366898,0,0,0,0;
7.95, 0.628355,-2.05868,0.387859,0,0,0,0;
7.96, 0.463907,-2.12197,0.397523,0,0,0,0;
7.97, 0.299865,-2.18232,0.412914,0,0,0,0;
7.98, 0.17276,-2.23754,0.433413,0,0,0,0;
7.99, 0.0787524,-2.2838,0.455573,0,0,0,0;
8, 0.000971317,-2.31509,0.481547,0,0,0,0;
8.01, -0.177505,-2.34696,0.508982,0,0,0,0;
8.02, -0.393113,-2.37773,0.535608,0,0,0,0;
8.03, -0.514066,-2.38248,0.564157,0,0,0,0;
8.04, -0.647262,-2.38364,0.590209,0,0,0,0;
8.05, -0.811508,-2.37754,0.619266,0,0,0,0;
8.06, -1.02641,-2.36406,0.644592,0,0,0,0;
8.07, -1.21931,-2.33845,0.671899,0,0,0,0;
8.08, -1.27165,-2.28944,0.704149,0,0,0,0;
8.09, -1.47988,-2.23486,0.73187,0,0,0,0;
8.1, -1.73446,-2.17142,0.756621,0,0,0,0;
8.11, -1.76614,-2.08672,0.781366,0,0,0,0;
8.12, -1.67709,-1.98957,0.805571,0,0,0,0;
8.13, -1.81777,-1.8942,0.82792,0,0,0,0;
8.14, -1.89322,-1.78663,0.855398,0,0,0,0;
8.15, -2.13182,-1.67656,0.876983,0,0,0,0;
8.16, -2.15622,-1.55683,0.898884,0,0,0,0;
8.17, -2.10163,-1.43017,0.917724,0,0,0,0;
8.18, -2.23755,-1.30054,0.933057,0,0,0,0;
8.19, -2.31318,-1.16519,0.947606,0,0,0,0;
8.2, -2.40881,-1.0292,0.958012,0,0,0,0;
8.21, -2.40769,-0.886423,0.967712,0,0,0,0;
8.22, -2.3622,-0.739262,0.977455,0,0,0,0;
8.23, -2.37646,-0.60336,0.984952,0,0,0,0;
8.24, -2.29444,-0.465114,0.992677,0,0,0,0;
8.25, -2.28799,-0.325912,0.998559,0,0,0,0;
8.26, -2.28438,-0.189734,1.00094,0,0,0,0;
8.27, -2.24473,-0.0581427,1.00381,0,0,0,0;
8.28, -2.17869,0.063833,1.00952,0,0,0,0;
8.29, -1.99607,0.180883,1.01529,0,0,0,0;
8.3, -1.87662,0.309049,1.01812,0,0,0,0;
8.31, -1.84619,0.431394,1.02039,0,0,0,0;
8.32, -1.78154,0.53588,1.02517,0,0,0,0;
8.33, -1.71453,0.64006,1.03117,0,0,0,0;
8.34, -1.6654,0.743213,1.03489,0,0,0,0;
8.35, -1.51782,0.843186,1.03578,0,0,0,0;
8.36, -1.45235,0.932316,1.03882,0,0,0,0;
8.37, -1.33669,1.02297,1.04127,0,0,0,0;
8.38, -1.29557,1.0965,1.04996,0,0,0,0;
8.39, -1.22507,1.17026,1.0522,0,0,0,0;
8.4, -1.10982,1.23454,1.05577,0,0,0,0;
8.41, -0.953119,1.29985,1.06087,0,0,0,0;
8.42, -0.852307,1.36762,1.0627,0,0,0,0;
8.43, -0.749611,1.42364,1.06116,0,0,0,0;
8.44, -0.690263,1.48023,1.06243,0,0,0,0;
8.45, -0.638272,1.51816,1.06066,0,0,0,0;
8.46, -0.56285,1.55308,1.05803,0,0,0,0;
8.47, -0.470078,1.59756,1.05735,0,0,0,0;
8.48, -0.352029,1.60644,1.04991,0,0,0,0;
8.49, -0.300253,1.62185,1.04782,0,0,0,0;
8.5, -0.14729,1.63658,1.04828,0,0,0,0;
8.51, -0.0372297,1.63709,1.03637,0,0,0,0;
8.52, -0.0033918,1.61888,1.01897,0,0,0,0;
8.53, 0.124902,1.61998,1.00646,0,0,0,0;
8.54, 0.171342,1.59986,0.992856,0,0,0,0;
8.55, 0.250229,1.58281,0.973875,0,0,0,0;
8.56, 0.346334,1.54916,0.956564,0,0,0,0;
8.57, 0.456769,1.51799,0.928385,0,0,0,0;
8.58, 0.520485,1.48539,0.911728,0,0,0,0;
8.59, 0.581453,1.42948,0.892775,0,0,0,0;
8.6, 0.682223,1.344,0.861949,0,0,0,0;
8.61, 0.804142,1.30143,0.833235,0,0,0,0;
8.62, 0.827745,1.26213,0.808283,0,0,0,0;
8.63, 0.944824,1.21405,0.778148,0,0,0,0;
8.64, 1.0326,1.14305,0.744466,0,0,0,0;
8.65, 1.06309,1.06578,0.709433,0,0,0,0;
8.66, 1.0568,0.989593,0.695412,0,0,0,0;
8.67, 1.13815,0.903743,0.666383,0,0,0,0;
8.68, 1.14168,0.832664,0.627377,0,0,0,0;
8.69, 1.12557,0.764995,0.593287,0,0,0,0;
8.7, 1.16012,0.708888,0.571173,0,0,0,0;
8.71, 1.21789,0.66248,0.549827,0,0,0,0;
8.72, 1.22207,0.621769,0.531422,0,0,0,0;
8.73, 1.27339,0.552872,0.511214,0,0,0,0;
8.74, 1.31771,0.500955,0.490221,0,0,0,0;
8.75, 1.36618,0.451771,0.468554,0,0,0,0;
8.76, 1.40697,0.395217,0.444067,0,0,0,0;
8.77, 1.37382,0.339875,0.425845,0,0,0,0;
8.78, 1.37519,0.299256,0.407781,0,0,0,0;
8.79, 1.48595,0.236282,0.381628,0,0,0,0;
8.8, 1.4879,0.186163,0.362555,0,0,0,0;
8.81, 1.42497,0.147742,0.348699,0,0,0,0;
8.82, 1.43171,0.0995917,0.330044,0,0,0,0;
8.83, 1.38242,0.0459917,0.319145,0,0,0,0;
8.84, 1.40006,0.00866206,0.303057,0,0,0,0;
8.85, 1.47747,-0.0286535,0.2869,0,0,0,0;
8.86, 1.49976,-0.0702208,0.270692,0,0,0,0;
8.87, 1.49388,-0.10632,0.255991,0,0,0,0;
8.88, 1.58774,-0.14289,0.24055,0,0,0,0;
8.89, 1.57327,-0.175979,0.226596,0,0,0,0;
8.9, 1.56783,-0.209833,0.21353,0,0,0,0;
8.91, 1.59833,-0.238554,0.201272,0,0,0,0;
8.92, 1.63478,-0.27272,0.188753,0,0,0,0;
8.93, 1.68129,-0.304387,0.179142,0,0,0,0;
8.94, 1.65262,-0.337295,0.168557,0,0,0,0;
8.95, 1.77996,-0.363956,0.159096,0,0,0,0;
8.96, 1.78208,-0.386642,0.154385,0,0,0,0;
8.97, 1.73268,-0.412322,0.149271,0,0,0,0;
8.98, 1.73035,-0.444461,0.142332,0,0,0,0;
8.99, 1.86501,-0.472492,0.137822,0,0,0,0;
9, 1.90423,-0.483961,0.139744,0,0,0,0;
9.01, 1.89312,-0.505558,0.140912,0,0,0,0;
9.02, 1.84972,-0.533552,0.142744,0,0,0,0;
9.03, 1.78393,-0.563623,0.147975,0,0,0,0;
9.04, 1.78044,-0.594191,0.151495,0,0,0,0;
9.05, 1.84812,-0.620639,0.156434,0,0,0,0;
9.06, 1.91383,-0.647837,0.162897,0,0,0,0;
9.07, 1.97983,-0.675904,0.169974,0,0,0,0;
9.08, 1.98189,-0.714351,0.180488,0,0,0,0;
9.09, 1.98482,-0.750769,0.19241,0,0,0,0;
9.1, 1.91706,-0.797126,0.205266,0,0,0,0;
9.11, 1.82227,-0.85117,0.222832,0,0,0,0;
9.12, 1.83454,-0.895959,0.236029,0,0,0,0;
9.13, 1.87718,-0.942633,0.249216,0,0,0,0;
9.14, 1.77437,-1.00568,0.262197,0,0,0,0;
9.15, 1.80348,-1.05918,0.27582,0,0,0,0;
9.16, 1.92745,-1.10767,0.290679,0,0,0,0;
9.17, 1.88686,-1.17788,0.311102,0,0,0,0;
9.18, 1.75569,-1.26435,0.330605,0,0,0,0;
9.19, 1.66512,-1.34908,0.346252,0,0,0,0;
9.2, 1.69546,-1.41772,0.365503,0,0,0,0;
9.21, 1.549,-1.51745,0.385112,0,0,0,0;
9.22, 1.49449,-1.59895,0.407713,0,0,0,0;
9.23, 1.37224,-1.69778,0.421614,0,0,0,0;
9.24, 1.27237,-1.78655,0.439017,0,0,0,0;
9.25, 1.15731,-1.87468,0.454908,0,0,0,0;
9.26, 1.11809,-1.96203,0.470802,0,0,0,0;
9.27, 0.983595,-2.05336,0.488605,0,0,0,0;
9.28, 0.885777,-2.12515,0.509338,0,0,0,0;
9.29, 0.737229,-2.21581,0.535359,0,0,0,0;
9.3, 0.564248,-2.29639,0.576728,0,0,0,0;
9.31, 0.398546,-2.3784,0.604815,0,0,0,0;
9.32, 0.263633,-2.44966,0.62531,0,0,0,0;
9.33, -0.0153804,-2.52487,0.649572,0,0,0,0;
9.34, -0.258659,-2.57702,0.677117,0,0,0,0;
9.35, -0.419774,-2.61994,0.707278,0,0,0,0;
9.36, -0.557056,-2.64521,0.737626,0,0,0,0;
9.37, -0.77413,-2.65784,0.763317,0,0,0,0;
9.38, -0.905413,-2.65138,0.799335,0,0,0,0;
9.39, -1.08631,-2.63936,0.83327,0,0,0,0;
9.4, -1.34469,-2.61882,0.863843,0,0,0,0;
9.41, -1.48671,-2.56586,0.897125,0,0,0,0;
9.42, -1.50523,-2.49163,0.931776,0,0,0,0;
9.43, -1.78015,-2.42268,0.964984,0,0,0,0;
9.44, -1.9787,-2.34213,1.00129,0,0,0,0;
9.45, -2.01767,-2.24491,1.03333,0,0,0,0;
9.46, -2.11537,-2.13488,1.06141,0,0,0,0;
9.47, -2.30619,-2.01564,1.08719,0,0,0,0;
9.48, -2.41608,-1.87489,1.11338,0,0,0,0;
9.49, -2.52698,-1.73583,1.1359,0,0,0,0;
9.5, -2.45515,-1.58695,1.15804,0,0,0,0;
9.51, -2.58146,-1.43248,1.17225,0,0,0,0;
9.52, -2.58019,-1.27177,1.18888,0,0,0,0;
9.53, -2.53035,-1.10974,1.20447,0,0,0,0;
9.54, -2.56706,-0.940959,1.21734,0,0,0,0;
9.55, -2.56346,-0.768482,1.2268,0,0,0,0;
9.56, -2.57935,-0.605583,1.23039,0,0,0,0;
9.57, -2.56732,-0.438276,1.23488,0,0,0,0;
9.58, -2.51447,-0.280708,1.2409,0,0,0,0;
9.59, -2.44994,-0.146035,1.23993,0,0,0,0;
9.6, -2.39817,0.0436458,1.23809,0,0,0,0;
9.61, -2.33098,0.192996,1.23603,0,0,0,0;
9.62, -2.25636,0.318312,1.23142,0,0,0,0;
9.63, -2.09161,0.437678,1.22757,0,0,0,0;
9.64, -2.16452,0.56841,1.22362,0,0,0,0;
9.65, -2.10774,0.696972,1.21903,0,0,0,0;
9.66, -1.94676,0.801556,1.22134,0,0,0,0;
9.67, -1.73918,0.899697,1.22115,0,0,0,0;
9.68, -1.75547,1.00451,1.22199,0,0,0,0;
9.69, -1.65623,1.10784,1.22555,0,0,0,0;
9.7, -1.56139,1.17851,1.23229,0,0,0,0;
9.71, -1.44369,1.26987,1.22792,0,0,0,0;
9.72, -1.25934,1.36128,1.23476,0,0,0,0;
9.73, -1.1568,1.42223,1.24162,0,0,0,0;
9.74, -1.08713,1.47679,1.24056,0,0,0,0;
9.75, -0.915767,1.55098,1.24536,0,0,0,0;
9.76, -0.700302,1.62109,1.24345,0,0,0,0;
9.77, -0.646668,1.65201,1.23449,0,0,0,0;
9.78, -0.553758,1.70134,1.22702,0,0,0,0;
9.79, -0.436422,1.73332,1.22073,0,0,0,0;
9.8, -0.31278,1.76369,1.20885,0,0,0,0;
9.81, -0.219671,1.78198,1.18789,0,0,0,0;
9.82, -0.17801,1.79279,1.1692,0,0,0,0;
9.83, -0.0517984,1.8049,1.16145,0,0,0,0;
9.84, 0.0359746,1.81031,1.14487,0,0,0,0;
9.85, 0.0799239,1.81064,1.13103,0,0,0,0;
9.86, 0.132212,1.765,1.10934,0,0,0,0;
9.87, 0.211637,1.69907,1.08664,0,0,0,0;
9.88, 0.293295,1.65904,1.06406,0,0,0,0;
9.89, 0.432721,1.6709,1.04917,0,0,0,0;
9.9, 0.509239,1.63159,1.02004,0,0,0,0;
9.91, 0.586499,1.55082,0.989412,0,0,0,0;
9.92, 0.646349,1.47814,0.958272,0,0,0,0;
9.93, 0.721566,1.40666,0.925852,0,0,0,0;
9.94, 0.768119,1.35706,0.903244,0,0,0,0;
9.95, 0.842343,1.28004,0.870508,0,0,0,0;
9.96, 0.951123,1.20714,0.834269,0,0,0,0;
9.97, 1.02266,1.16538,0.807823,0,0,0,0;
9.98, 1.07364,1.08555,0.789619,0,0,0,0;
9.99, 1.13074,0.99263,0.753067,0,0,0,0;
