0, -0.190564,0.342958,3.69329,0,0,0,0;
0.01, -0.095731,0.0750722,0.360022,0,0,0,0;
0.02, 0.363722,-124.601,9.6483,0,0,0,0;
0.03, -4.63694,5.69092,-17.3202,0,0,0,0;
0.04, -5.28041,20.4162,-3.12819,0,0,0,0;
0.05, -6.77734,20.6365,-1.015,0,0,0,0;
0.06, -4.90408,19.5681,0.0558403,0,0,0,0;
0.07, -4.19539,17.6565,0.460979,0,0,0,0;
0.08, -4.3627,15.1148,0.732408,0,0,0,0;
0.09, -3.01509,12.9522,0.721047,0,0,0,0;
0.1, -1.04699,10.8208,0.835506,0,0,0,0;
0.11, -0.568589,9.26542,0.657446,0,0,0,0;
0.12, 0.203353,7.82831,0.553642,0,0,0,0;
0.13, 1.23756,6.76745,0.42942,0,0,0,0;
0.14, 1.59582,5.94473,0.409928,0,0,0,0;
0.15, 1.29164,5.09507,0.180248,0,0,0,0;
0.16, 1.33949,4.68233,0.0400137,0,0,0,0;
0.17, 1.44944,3.99589,-0.0627157,0,0,0,0;
0.18, 3.1255,3.4686,-0.158163,0,0,0,0;
0.19, 2.08693,2.92677,-0.110856,0,0,0,0;
0.2, 2.01679,2.61653,-0.361258,0,0,0,0;
0.21, 1.50222,2.4234,-0.389678,0,0,0,0;
0.22, 2.07085,2.10035,-0.230949,0,0,0,0;
0.23, 2.13852,1.69653,-0.614859,0,0,0,0;
0.24, 2.46895,1.54096,-0.525834,0,0,0,0;
0.25, 3.5386,1.18326,-0.620205,0,0,0,0;
0.26, 1.48673,0.773725,-0.639147,0,0,0,0;
0.27, 1.75958,0.484082,-0.711438,0,0,0,0;
0.28, 2.79269,0.468885,-0.555557,0,0,0,0;
0.29, 1.47763,0.0826606,-0.717861,0,0,0,0;
0.3, 2.15198,0.0569865,-0.695096,0,0,0,0;
0.31, 2.24412,-0.178737,-0.700395,0,0,0,0;
0.32, 1.97178,-0.388621,-0.687353,0,0,0,0;
0.33, 2.03627,-0.579493,-0.634387,0,0,0,0;
0.34, 2.53972,-0.650948,-0.717038,0,0,0,0;
0.35, 0.985206,-0.761115,-0.758025,0,0,0,0;
0.36, 0.818847,-0.778108,-0.728442,0,0,0,0;
0.37, 1.36891,-1.04183,-0.761604,0,0,0,0;
0.38, 2.2532,-1.58253,-0.527692,0,0,0,0;
0.39, 1.28869,-0.729223,-0.795304,0,0,0,0;
0.4, 0.585698,-1.26449,-0.718356,0,0,0,0;
0.41, 0.792952,-1.54465,-0.748951,0,0,0,0;
0.42, 1.17992,-1.71342,-0.558759,0,0,0,0;
0.43, 1.1975,-2.30402,-0.867868,0,0,0,0;
0.44, 0.721523,-1.47635,-0.667846,0,0,0,0;
0.45, 0.996427,-2.24,-0.690772,0,0,0,0;
0.46, 0.137694,-1.73691,-0.526713,0,0,0,0;
0.47, 1.10311,-1.78509,-0.793059,0,0,0,0;
0.48, 0.46538,-1.82642,-0.884015,0,0,0,0;
0.49, -0.0644122,-2.00167,-0.615647,0,0,0,0;
0.5, 0.817269,-2.00851,-0.761305,0,0,0,0;
0.51, 0.110554,-1.29331,-0.498324,0,0,0,0;
0.52, 0.708769,-2.14281,-0.65849,0,0,0,0;
0.53, 0.180625,-1.32989,-0.837394,0,0,0,0;
0.54, 0.156299,-1.07316,-0.544003,0,0,0,0;
0.55, -0.269138,-1.79157,-0.773915,0,0,0,0;
0.56, -0.273395,-1.94847,-0.541946,0,0,0,0;
0.57, -0.32378,-0.605815,-0.58927,0,0,0,0;
0.58, 0.238508,-0.764055,-0.567543,0,0,0,0;
0.59, 0.38198,-0.765127,-0.646655,0,0,0,0;
0.6, -0.927321,-0.67805,-0.571504,0,0,0,0;
0.61, -0.885694,-1.43905,-0.653733,0,0,0,0;
0.62, 0.0645547,-0.42648,-0.544846,0,0,0,0;
0.63, -0.508102,-0.802476,-0.373692,0,0,0,0;
0.64, -0.223351,-0.54125,-0.640431,0,0,0,0;
0.65, -0.360492,-0.616609,-0.419368,0,0,0,0;
0.66, -0.658459,-0.270087,-0.431398,0,0,0,0;
0.67, -0.834802,-0.629102,-0.487107,0,0,0,0;
0.68, -0.474037,-0.224528,-0.282445,0,0,0,0;
0.69, -0.111367,-0.266285,-0.361288,0,0,0,0;
0.7, -0.816247,-0.640584,-0.403377,0,0,0,0;
0.71, -0.714346,-0.54435,-0.272023,0,0,0,0;
0.72, -0.817875,-0.245444,-0.376399,0,0,0,0;
0.73, -0.30554,-0.177052,-0.182817,0,0,0,0;
0.74, -0.434371,-0.384469,-0.258305,0,0,0,0;
0.75, -1.0231,-0.297345,-0.265887,0,0,0,0;
0.76, -1.19186,-0.263381,-0.274328,0,0,0,0;
0.77, -0.483874,-0.230118,-0.153581,0,0,0,0;
0.78, -0.55373,-0.333977,-0.194765,0,0,0,0;
0.79, -0.305775,-0.191002,-0.137961,0,0,0,0;
0.8, -1.06253,-0.101994,-0.217213,0,0,0,0;
0.81, -1.10635,-0.178701,-0.143499,0,0,0,0;
0.82, -1.05068,-0.121147,-0.1475,0,0,0,0;
0.83, -0.916014,-0.150889,-0.111058,0,0,0,0;
0.84, 0.0942353,-0.1072,-0.0553281,0,0,0,0;
0.85, -0.973143,0.0362685,-0.167639,0,0,0,0;
0.86, -1.07809,-0.271241,-0.0526563,0,0,0,0;
0.87, -1.18901,0.147524,-0.0759391,0,0,0,0;
0.88, -0.977615,0.000919014,-0.0176801,0,0,0,0;
0.89, -0.564604,-0.0692932,-0.103951,0,0,0,0;
0.9, -1.71943,0.088215,-0.0940525,0,0,0,0;
0.91, -0.499787,0.180764,0.0141293,0,0,0,0;
0.92, -1.44221,0.112615,-0.0589612,0,0,0,0;
0.93, -1.64535,-0.207719,-0.0563524,0,0,0,0;
0.94, -1.2796,0.499448,-0.0255661,0,0,0,0;
0.95, -1.58121,0.253889,0.100152,0,0,0,0;
0.96, -0.525075,0.173451,0.0447632,0,0,0,0;
0.97, -0.611279,0.192926,-0.021369,0,0,0,0;
0.98, -0.161896,0.337299,0.0904697,0,0,0,0;
0.99, -1.12748,0.16037,-0.00833416,0,0,0,0;
1, -1.59216,0.293495,0.0653412,0,0,0,0;
1.01, -1.2105,0.465832,0.0021576,0,0,0,0;
1.02, -0.295139,0.418413,0.175913,0,0,0,0;
1.03, -1.9177,0.50363,0.0132675,0,0,0,0;
1.04, -0.727408,0.566883,0.0823584,0,0,0,0;
1.05, -1.93547,0.453857,0.0916352,0,0,0,0;
1.06, -1.68345,0.642328,0.0893945,0,0,0,0;
1.07, -1.33263,0.50621,0.114413,0,0,0,0;
1.08, -1.37177,0.706985,0.0652148,0,0,0,0;
1.09, -0.272367,0.636008,0.189955,0,0,0,0;
1.1, -2.09473,0.605293,0.0531751,0,0,0,0;
1.11, -1.80586,0.656657,0.0629585,0,0,0,0;
1.12, -0.859824,0.770208,-0.0737969,0,0,0,0;
1.13, -1.44826,0.878294,0.139521,0,0,0,0;
1.14, -1.10231,1.03309,0.146778,0,0,0,0;
1.15, -1.52643,0.888814,0.0229604,0,0,0,0;
1.16, -1.67882,0.728879,-0.00450945,0,0,0,0;
1.17, -2.14855,0.858453,0.112138,0,0,0,0;
1.18, -0.301148,1.15539,-0.0817495,0,0,0,0;
1.19, -0.239338,0.865313,0.271287,0,0,0,0;
1.2, -2.04314,1.12033,-0.154378,0,0,0,0;
1.21, -0.817801,1.25678,0.0278383,0,0,0,0;
1.22, -0.327519,1.19366,0.0939546,0,0,0,0;
1.23, -1.46444,1.35292,-0.0464128,0,0,0,0;
1.24, -1.65004,1.48143,0.032812,0,0,0,0;
1.25, -1.15928,1.40644,-0.0324702,0,0,0,0;
1.26, -0.363572,1.54798,-0.0623794,0,0,0,0;
1.27, -0.593508,1.67169,-0.0667658,0,0,0,0;
1.28, -0.420374,1.70269,0.0226258,0,0,0,0;
1.29, -0.709851,1.89285,-0.197563,0,0,0,0;
1.3, -0.360295,1.98079,-0.0716334,0,0,0,0;
1.31, 0.0174426,1.86198,-0.053477,0,0,0,0;
1.32, 0.243789,2.09009,-0.144512,0,0,0,0;
1.33, 0.444077,2.21638,-0.100431,0,0,0,0;
1.34, -0.149133,2.1296,-0.141849,0,0,0,0;
1.35, -0.410873,2.12445,-0.203567,0,0,0,0;
1.36, 1.11327,2.25637,-0.12754,0,0,0,0;
1.37, 1.38855,2.24019,-0.262531,0,0,0,0;
1.38, 1.38897,2.27322,-0.235509,0,0,0,0;
1.39, -0.0842339,2.16512,-0.251596,0,0,0,0;
1.4, 0.761949,2.10928,-0.251495,0,0,0,0;
1.41, 1.74522,2.13249,-0.265165,0,0,0,0;
1.42, 1.29401,1.96783,-0.360765,0,0,0,0;
1.43, 1.98918,2.02915,-0.365218,0,0,0,0;
1.44, 1.36504,1.77219,-0.358102,0,0,0,0;
1.45, 2.39553,1.7715,-0.335931,0,0,0,0;
1.46, 1.54591,1.66543,-0.43333,0,0,0,0;
1.47, 1.76366,1.56222,-0.425936,0,0,0,0;
1.48, 1.57961,1.46474,-0.450092,0,0,0,0;
1.49, 2.22322,1.22165,-0.419137,0,0,0,0;
1.5, 2.89738,1.12085,-0.482821,0,0,0,0;
1.51, 2.30426,1.09759,-0.532849,0,0,0,0;
1.52, 1.40759,0.895659,-0.506072,0,0,0,0;
1.53, 1.92771,0.830947,-0.520633,0,0,0,0;
1.54, 2.35143,0.588151,-0.547809,0,0,0,0;
1.55, 2.36874,0.569136,-0.492874,0,0,0,0;
1.56, 2.88936,0.357316,-0.567531,0,0,0,0;
1.57, 2.48869,0.317992,-0.518713,0,0,0,0;
1.58, 2.15149,-0.0115564,-0.566626,0,0,0,0;
1.59, 1.22847,-0.119323,-0.567224,0,0,0,0;
1.6, 2.65641,-0.0464395,-0.527088,0,0,0,0;
1.61, 1.88193,-0.343435,-0.562939,0,0,0,0;
1.62, 2.90494,-0.299924,-0.490171,0,0,0,0;
1.63, 2.82429,-0.467514,-0.54576,0,0,0,0;
1.64, 1.42361,-0.682369,-0.655356,0,0,0,0;
1.65, 1.32899,-0.691752,-0.497721,0,0,0,0;
1.66, 1.03894,-0.472344,-0.645884,0,0,0,0;
1.67, 1.07668,-0.893521,-0.517196,0,0,0,0;
1.68, 1.81114,-1.07306,-0.461864,0,0,0,0;
1.69, 2.00517,-1.27891,-0.670034,0,0,0,0;
1.7, 0.948233,-1.00102,-0.551524,0,0,0,0;
1.71, 1.18397,-1.06042,-0.604337,0,0,0,0;
1.72, 1.40814,-1.04108,-0.534493,0,0,0,0;
1.73, 0.990026,-1.1149,-0.551932,0,0,0,0;
1.74, 0.648903,-1.31522,-0.619814,0,0,0,0;
1.75, 1.97872,-1.1761,-0.408294,0,0,0,0;
1.76, 0.898285,-1.25649,-0.591477,0,0,0,0;
1.77, 0.529813,-1.31303,-0.623481,0,0,0,0;
1.78, 0.519039,-1.41655,-0.612375,0,0,0,0;
1.79, 0.611753,-1.13299,-0.587949,0,0,0,0;
1.8, 0.744826,-1.07441,-0.529158,0,0,0,0;
1.81, 0.590135,-1.24397,-0.603051,0,0,0,0;
1.82, 0.274754,-1.03442,-0.58738,0,0,0,0;
1.83, 0.742847,-1.09458,-0.537887,0,0,0,0;
1.84, 0.0400028,-1.25784,-0.549791,0,0,0,0;
1.85, 0.402869,-1.17596,-0.67093,0,0,0,0;
1.86, -0.012688,-1.1762,-0.585088,0,0,0,0;
1.87, 0.106557,-1.12971,-0.482854,0,0,0,0;
1.88, -0.00512394,-1.17116,-0.586364,0,0,0,0;
1.89, -0.192601,-1.12804,-0.539008,0,0,0,0;
1.9, -0.0293439,-1.17738,-0.473031,0,0,0,0;
1.91, 0.0570875,-1.10446,-0.560329,0,0,0,0;
1.92, -0.642122,-1.06322,-0.525694,0,0,0,0;
1.93, 0.0775044,-1.18995,-0.346925,0,0,0,0;
1.94, -0.428533,-1.18169,-0.463517,0,0,0,0;
1.95, -0.182595,-0.743483,-0.497018,0,0,0,0;
1.96, -0.0579738,-1.06032,-0.369235,0,0,0,0;
1.97, -0.512916,-0.947743,-0.397249,0,0,0,0;
1.98, -0.638264,-0.748663,-0.345896,0,0,0,0;
1.99, -0.522194,-0.781561,-0.425978,0,0,0,0;
2, -0.538856,-0.896702,-0.317482,0,0,0,0;
2.01, 0.370535,-0.838369,-0.280526,0,0,0,0;
2.02, -0.552623,-0.429134,-0.331939,0,0,0,0;
2.03, -0.771335,-0.621843,-0.328798,0,0,0,0;
2.04, -0.652671,-0.383309,-0.20798,0,0,0,0;
2.05, -0.991853,-0.301514,-0.247618,0,0,0,0;
2.06, -0.708411,-0.428482,-0.202936,0,0,0,0;
2.07, -0.463089,-0.27878,-0.144122,0,0,0,0;
2.08, -0.778419,-0.285189,-0.183831,0,0,0,0;
2.09, -1.22272,-0.244587,-0.21717,0,0,0,0;
2.1, -0.193577,-0.26235,-0.0598775,0,0,0,0;
2.11, -0.150921,-0.12751,-0.0951451,0,0,0,0;
2.12, -0.67282,-0.12607,-0.117684,0,0,0,0;
2.13, -0.817045,0.00923219,-0.0980176,0,0,0,0;
2.14, -1.08991,-0.0574336,-0.0678605,0,0,0,0;
2.15, -0.901757,0.0796111,-0.0903479,0,0,0,0;
2.16, -1.31787,-0.0368304,-0.0452495,0,0,0,0;
2.17, -0.714883,0.0711021,-0.0107869,0,0,0,0;
2.18, -1.37447,0.11648,-0.0649608,0,0,0,0;
2.19, -0.584493,-0.0410876,0.0530147,0,0,0,0;
2.2, -1.06026,0.157707,-0.0342464,0,0,0,0;
2.21, -1.11861,0.0777517,0.0615925,0,0,0,0;
2.22, -0.444105,0.219951,0.0405648,0,0,0,0;
2.23, -0.783591,0.134646,0.037897,0,0,0,0;
2.24, -0.493004,0.247756,0.0533637,0,0,0,0;
2.25, -1.20022,0.176015,0.0521347,0,0,0,0;
2.26, -0.827187,0.241132,0.0931045,0,0,0,0;
2.27, -1.1868,0.289943,0.031063,0,0,0,0;
2.28, -1.40881,0.373758,0.102917,0,0,0,0;
2.29, -1.57092,0.22778,0.0257353,0,0,0,0;
2.3, -0.856423,0.382234,0.141987,0,0,0,0;
2.31, -0.979946,0.383984,0.083327,0,0,0,0;
2.32, -1.53395,0.501543,0.0792864,0,0,0,0;
2.33, -0.541603,0.340598,0.149337,0,0,0,0;
2.34, -1.1582,0.383632,0.0602211,0,0,0,0;
2.35, -0.915867,0.422602,0.137225,0,0,0,0;
2.36, -1.6659,0.532078,0.0775779,0,0,0,0;
2.37, -1.66904,0.464568,0.0849262,0,0,0,0;
2.38, -0.42759,0.487242,0.0928095,0,0,0,0;
2.39, -1.44934,0.51731,0.0973867,0,0,0,0;
2.4, -1.51163,0.589155,0.130009,0,0,0,0;
2.41, -1.42414,0.586061,0.0620359,0,0,0,0;
2.42, -1.14026,0.611306,0.118835,0,0,0,0;
2.43, -0.476505,0.656228,0.0956416,0,0,0,0;
2.44, -2.07002,0.627311,0.0557279,0,0,0,0;
2.45, -1.80314,0.736227,0.104,0,0,0,0;
2.46, -0.947686,0.770167,0.0453663,0,0,0,0;
2.47, -0.84099,0.802358,0.0906522,0,0,0,0;
2.48, -0.886512,0.84992,0.0849438,0,0,0,0;
2.49, -0.76527,0.901614,0.0833345,0,0,0,0;
2.5, -1.238,0.996987,0.0654326,0,0,0,0;
2.51, -1.32425,0.972179,0.0695929,0,0,0,0;
2.52, -0.906069,1.04621,0.0459014,0,0,0,0;
2.53, -1.6995,1.13793,0.0494498,0,0,0,0;
2.54, -0.782,1.16166,0.0384065,0,0,0,0;
2.55, -0.128786,1.27884,0.0892696,0,0,0,0;
2.56, -0.998695,1.32177,-0.0525633,0,0,0,0;
2.57, -0.29375,1.35158,0.124317,0,0,0,0;
2.58, -0.724371,1.41021,0.0036782,0,0,0,0;
2.59, -0.684119,1.43877,0.0382098,0,0,0,0;
2.6, -0.580138,1.54382,0.00833169,0,0,0,0;
2.61, -0.723001,1.52106,-0.00473949,0,0,0,0;
2.62, 0.0259086,1.59873,0.00179916,0,0,0,0;
2.63, 0.128879,1.67696,-0.0236507,0,0,0,0;
2.64, -0.250576,1.65021,-0.0282309,0,0,0,0;
2.65, 0.0629568,1.69504,-0.0426895,0,0,0,0;
2.66, -0.0295129,1.65345,-0.0150401,0,0,0,0;
2.67, 0.443645,1.7253,0.00249581,0,0,0,0;
2.68, 0.572623,1.77519,-0.0906407,0,0,0,0;
2.69, 0.409007,1.68674,-0.132775,0,0,0,0;
2.7, 0.730987,1.68937,-0.0400946,0,0,0,0;
2.71, 0.525549,1.87256,-0.0868244,0,0,0,0;
2.72, 0.83671,1.60706,-0.174143,0,0,0,0;
2.73, 1.50033,1.69045,-0.11894,0,0,0,0;
2.74, 1.50556,1.64085,-0.181915,0,0,0,0;
2.75, 1.09792,1.62189,-0.182195,0,0,0,0;
2.76, 1.16633,1.50243,-0.177431,0,0,0,0;
2.77, 1.72354,1.52767,-0.202564,0,0,0,0;
2.78, 1.52782,1.42172,-0.236517,0,0,0,0;
2.79, 1.64583,1.38112,-0.243949,0,0,0,0;
2.8, 1.73473,1.37251,-0.242928,0,0,0,0;
2.81, 1.13125,1.17551,-0.331748,0,0,0,0;
2.82, 1.96617,1.14065,-0.261433,0,0,0,0;
2.83, 2.74733,1.06881,-0.283007,0,0,0,0;
2.84, 1.36904,0.977501,-0.364953,0,0,0,0;
2.85, 2.19344,0.909983,-0.301603,0,0,0,0;
2.86, 2.10325,0.725839,-0.337147,0,0,0,0;
2.87, 1.6111,0.700223,-0.392907,0,0,0,0;
2.88, 1.72324,0.582504,-0.358444,0,0,0,0;
2.89, 1.81753,0.423442,-0.327305,0,0,0,0;
2.9, 1.41,0.388106,-0.443033,0,0,0,0;
2.91, 2.68085,0.154493,-0.335708,0,0,0,0;
2.92, 2.40305,0.235478,-0.391079,0,0,0,0;
2.93, 1.61616,0.082576,-0.430731,0,0,0,0;
2.94, 1.46388,-0.0712832,-0.330526,0,0,0,0;
2.95, 1.28696,-0.0504843,-0.470093,0,0,0,0;
2.96, 1.58248,-0.170113,-0.401766,0,0,0,0;
2.97, 1.67473,-0.25765,-0.354721,0,0,0,0;
2.98, 1.64956,-0.409548,-0.449064,0,0,0,0;
2.99, 2.49871,-0.523394,-0.340504,0,0,0,0;
3, 2.2498,-0.488662,-0.443227,0,0,0,0;
3.01, 0.994665,-0.501705,-0.424223,0,0,0,0;
3.02, 0.987891,-0.630659,-0.436838,0,0,0,0;
3.03, 0.702814,-0.706745,-0.424935,0,0,0,0;
3.04, 1.03291,-0.650061,-0.395713,0,0,0,0;
3.05, 1.35482,-0.849049,-0.395101,0,0,0,0;
3.06, 1.22926,-1.06483,-0.39353,0,0,0,0;
3.07, 0.951008,-0.896365,-0.437269,0,0,0,0;
3.08, 0.709414,-0.94254,-0.479935,0,0,0,0;
3.09, 0.807374,-1.01129,-0.3716,0,0,0,0;
3.1, 0.769316,-1.0054,-0.336407,0,0,0,0;
3.11, 0.929809,-1.27474,-0.441947,0,0,0,0;
3.12, 0.559552,-1.16163,-0.428853,0,0,0,0;
3.13, 0.353293,-0.904631,-0.454014,0,0,0,0;
3.14, 0.487777,-1.38209,-0.382516,0,0,0,0;
3.15, 0.684469,-1.08752,-0.369588,0,0,0,0;
3.16, 0.662455,-1.24285,-0.401213,0,0,0,0;
3.17, 0.180233,-1.26271,-0.421183,0,0,0,0;
3.18, 0.0582459,-0.910918,-0.493425,0,0,0,0;
3.19, 0.290082,-1.1873,-0.280093,0,0,0,0;
3.2, 0.30751,-1.25279,-0.398572,0,0,0,0;
3.21, 0.182944,-1.03481,-0.256148,0,0,0,0;
3.22, -0.0104775,-1.03852,-0.555416,0,0,0,0;
3.23, -0.0121491,-1.08455,-0.329862,0,0,0,0;
3.24, 0.0530546,-1.21179,-0.283868,0,0,0,0;
3.25, 0.0402613,-1.00672,-0.406849,0,0,0,0;
3.26, -0.34802,-0.800798,-0.356284,0,0,0,0;
3.27, -0.140509,-0.998719,-0.256259,0,0,0,0;
3.28, -0.347392,-0.850068,-0.37905,0,0,0,0;
3.29, -0.213828,-0.957622,-0.258331,0,0,0,0;
3.3, -0.587898,-0.725844,-0.333763,0,0,0,0;
3.31, -0.0187593,-0.795199,-0.247353,0,0,0,0;
3.32, -0.651721,-0.531328,-0.346243,0,0,0,0;
3.33, -0.476696,-0.808778,-0.0639454,0,0,0,0;
3.34, -0.310023,-0.651975,-0.263605,0,0,0,0;
3.35, -0.128588,-0.575431,-0.156892,0,0,0,0;
3.36, -0.817565,-0.567347,-0.201338,0,0,0,0;
3.37, -0.177173,-0.244885,-0.149526,0,0,0,0;
3.38, -0.0863249,-0.422962,-0.14239,0,0,0,0;
3.39, -0.750588,-0.533124,-0.204688,0,0,0,0;
3.4, -1.04257,-0.202679,-0.0878479,0,0,0,0;
3.41, -1.20367,-0.263746,-0.122952,0,0,0,0;
3.42, -0.655836,-0.368206,-0.0114548,0,0,0,0;
3.43, -0.551238,-0.282146,-0.0960119,0,0,0,0;
3.44, -0.507157,-0.158686,-0.0165837,0,0,0,0;
3.45, -0.036135,-0.279282,-0.048969,0,0,0,0;
3.46, -0.84972,-0.279099,-0.0552121,0,0,0,0;
3.47, -0.827969,-0.0550593,0.0040611,0,0,0,0;
3.48, -0.877538,-0.0170723,-0.079608,0,0,0,0;
3.49, -0.740015,-0.15478,0.0537202,0,0,0,0;
3.5, -1.01872,0.0116841,-0.0349443,0,0,0,0;
3.51, -1.11989,-0.0741347,0.0325376,0,0,0,0;
3.52, -0.567877,0.0402057,0.037799,0,0,0,0;
3.53, -0.499081,0.0130208,0.0770227,0,0,0,0;
3.54, -1.11604,0.133035,-0.0192872,0,0,0,0;
3.55, -1.22091,0.0368348,0.0325464,0,0,0,0;
3.56, -1.08911,0.17333,0.0916055,0,0,0,0;
3.57, -0.353624,0.112315,0.136262,0,0,0,0;
3.58, -1.63274,0.181037,0.0103419,0,0,0,0;
3.59, -1.22097,0.207071,0.151259,0,0,0,0;
3.6, -0.360062,0.123467,0.101824,0,0,0,0;
3.61, -1.53974,0.246291,0.0511407,0,0,0,0;
3.62, -0.905942,0.303017,0.150271,0,0,0,0;
3.63, -0.978838,0.23859,0.0786519,0,0,0,0;
3.64, -1.06054,0.297243,0.109236,0,0,0,0;
3.65, -0.781743,0.339909,0.153126,0,0,0,0;
3.66, -1.3566,0.284873,0.068097,0,0,0,0;
3.67, -0.928576,0.410139,0.164633,0,0,0,0;
3.68, -0.869584,0.445663,0.119027,0,0,0,0;
3.69, -1.27731,0.500045,0.138259,0,0,0,0;
3.7, -0.840243,0.345492,0.108201,0,0,0,0;
3.71, -1.77409,0.576803,0.137532,0,0,0,0;
3.72, -1.91948,0.511978,0.0768903,0,0,0,0;
3.73, -0.945582,0.584682,0.186613,0,0,0,0;
3.74, -0.955544,0.574218,0.156087,0,0,0,0;
3.75, -0.575933,0.655962,0.0870756,0,0,0,0;
3.76, -0.868274,0.65185,0.154611,0,0,0,0;
3.77, -1.5054,0.724608,0.0708258,0,0,0,0;
3.78, -0.826781,0.690467,0.166295,0,0,0,0;
3.79, -1.00156,0.884719,0.120478,0,0,0,0;
3.8, -1.03221,0.800975,0.173289,0,0,0,0;
3.81, -1.78606,0.795401,0.0899704,0,0,0,0;
3.82, -0.425656,0.929959,0.137767,0,0,0,0;
3.83, -1.18291,0.936029,0.0815334,0,0,0,0;
3.84, -1.60375,0.998411,0.0986797,0,0,0,0;
3.85, -0.685067,1.05641,0.100957,0,0,0,0;
3.86, -1.25625,1.07804,0.0953287,0,0,0,0;
3.87, -0.338359,1.14188,0.155856,0,0,0,0;
3.88, -1.27717,1.1663,0.0694494,0,0,0,0;
3.89, -0.967157,1.18654,0.119278,0,0,0,0;
3.9, -0.448007,1.31106,0.0192143,0,0,0,0;
3.91, -0.279317,1.35942,0.107397,0,0,0,0;
3.92, 0.385082,1.36427,0.048295,0,0,0,0;
3.93, 0.0453565,1.42498,0.105659,0,0,0,0;
3.94, -0.906386,1.37082,0.00161311,0,0,0,0;
3.95, -0.51107,1.50944,0.127757,0,0,0,0;
3.96, -0.0792461,1.51513,0.047073,0,0,0,0;
3.97, -0.0227169,1.49831,0.0248575,0,0,0,0;
3.98, 0.640726,1.50391,0.0440727,0,0,0,0;
3.99, -0.0848707,1.66764,-0.0132032,0,0,0,0;
4, 0.231077,1.65181,0.0328182,0,0,0,0;
4.01, -0.0291415,1.57992,-0.0190319,0,0,0,0;
4.02, 0.558546,1.60229,-0.0371274,0,0,0,0;
4.03, 1.07454,1.58904,0.00693205,0,0,0,0;
4.04, 0.630582,1.67079,-0.0918564,0,0,0,0;
4.05, 0.736898,1.56734,-0.0382809,0,0,0,0;
4.06, 0.949477,1.55083,-0.0618948,0,0,0,0;
4.07, 1.04634,1.56112,-0.0899452,0,0,0,0;
4.08, 1.41534,1.54924,-0.0925206,0,0,0,0;
4.09, 0.800432,1.47337,-0.127289,0,0,0,0;
4.1, 0.854945,1.39504,-0.148259,0,0,0,0;
4.11, 1.89435,1.38946,-0.100305,0,0,0,0;
4.12, 1.35483,1.28959,-0.177196,0,0,0,0;
4.13, 1.52849,1.22829,-0.16965,0,0,0,0;
4.14, 1.59777,1.14599,-0.184102,0,0,0,0;
4.15, 1.2624,1.08166,-0.22987,0,0,0,0;
4.16, 1.09677,1.0292,-0.212573,0,0,0,0;
4.17, 1.52914,0.880302,-0.219623,0,0,0,0;
4.18, 2.58318,0.900746,-0.174453,0,0,0,0;
4.19, 2.44481,0.772351,-0.240335,0,0,0,0;
4.2, 2.21392,0.652299,-0.256288,0,0,0,0;
4.21, 1.04269,0.569802,-0.29557,0,0,0,0;
4.22, 1.33367,0.517399,-0.244031,0,0,0,0;
4.23, 1.56704,0.379751,-0.26344,0,0,0,0;
4.24, 1.81031,0.31672,-0.240471,0,0,0,0;
4.25, 1.5836,0.203992,-0.296276,0,0,0,0;
4.26, 1.16083,0.239468,-0.304762,0,0,0,0;
4.27, 1.97958,-0.0423927,-0.255734,0,0,0,0;
4.28, 1.57936,-0.0435434,-0.253736,0,0,0,0;
4.29, 1.61315,-0.0750393,-0.310177,0,0,0,0;
4.3, 2.46531,-0.251831,-0.267832,0,0,0,0;
4.31, 0.952387,-0.204411,-0.371221,0,0,0,0;
4.32, 1.17229,-0.328515,-0.287644,0,0,0,0;
4.33, 1.39607,-0.389405,-0.277887,0,0,0,0;
4.34, 0.756438,-0.475611,-0.33291,0,0,0,0;
4.35, 1.601,-0.725334,-0.255966,0,0,0,0;
4.36, 1.65838,-0.54438,-0.295725,0,0,0,0;
4.37, 0.758294,-0.568901,-0.30139,0,0,0,0;
4.38, 1.46553,-0.768528,-0.309432,0,0,0,0;
4.39, 1.36262,-0.662345,-0.32718,0,0,0,0;
4.4, 0.778381,-0.806276,-0.287466,0,0,0,0;
4.41, 0.604092,-0.843874,-0.404326,0,0,0,0;
4.42, 0.861035,-0.895507,-0.263673,0,0,0,0;
4.43, 0.795493,-0.928304,-0.307514,0,0,0,0;
4.44, 0.71199,-0.890997,-0.347947,0,0,0,0;
4.45, 0.613108,-1.13898,-0.328091,0,0,0,0;
4.46, 0.833598,-0.956275,-0.293216,0,0,0,0;
4.47, 0.81043,-0.826744,-0.392093,0,0,0,0;
4.48, 0.298432,-1.21994,-0.323987,0,0,0,0;
4.49, 0.23476,-0.940501,-0.283157,0,0,0,0;
4.5, 0.286652,-0.915505,-0.354637,0,0,0,0;
4.51, 0.0849068,-1.00691,-0.338305,0,0,0,0;
4.52, -0.0245573,-1.20039,-0.295216,0,0,0,0;
4.53, 0.393742,-0.948348,-0.300684,0,0,0,0;
4.54, 0.486178,-1.11649,-0.297283,0,0,0,0;
4.55, 0.506196,-0.723511,-0.345281,0,0,0,0;
4.56, 0.0135699,-1.29106,-0.21735,0,0,0,0;
4.57, 0.21591,-0.903524,-0.293144,0,0,0,0;
4.58, -0.0017806,-1.05557,-0.30859,0,0,0,0;
4.59, -0.370653,-0.640882,-0.311364,0,0,0,0;
4.6, -0.122643,-1.06624,-0.259073,0,0,0,0;
4.61, -0.541218,-0.645599,-0.242799,0,0,0,0;
4.62, -0.314994,-1.00691,-0.249754,0,0,0,0;
4.63, 0.409198,-0.666565,-0.131997,0,0,0,0;
4.64, -0.323918,-0.713117,-0.335959,0,0,0,0;
4.65, -0.494115,-0.906541,-0.126991,0,0,0,0;
4.66, -0.562811,-0.748833,-0.292988,0,0,0,0;
4.67, -0.172537,-0.753196,-0.13163,0,0,0,0;
4.68, -0.148661,-0.478544,-0.187318,0,0,0,0;
4.69, -0.330126,-0.712144,-0.127631,0,0,0,0;
4.7, -0.878375,-0.214074,-0.198959,0,0,0,0;
4.71, -0.268152,-0.643893,-0.0728983,0,0,0,0;
4.72, -0.55661,-0.575369,-0.113595,0,0,0,0;
4.73, -0.559474,-0.28832,-0.117627,0,0,0,0;
4.74, -0.872622,-0.485825,-0.0532799,0,0,0,0;
4.75, -0.788433,-0.460273,-0.0744295,0,0,0,0;
4.76, 0.068454,-0.456218,-0.0286477,0,0,0,0;
4.77, -0.528158,-0.0212384,-0.072665,0,0,0,0;
4.78, -1.14633,-0.32326,-0.0363655,0,0,0,0;
4.79, -0.197356,-0.193014,0.0310982,0,0,0,0;
4.8, -1.32055,-0.0830492,-0.0668712,0,0,0,0;
4.81, -0.440281,-0.102586,0.108786,0,0,0,0;
4.82, -0.540056,-0.0754633,0.0124202,0,0,0,0;
4.83, -1.16635,-0.187463,0.0118274,0,0,0,0;
4.84, -0.27809,-0.0339081,0.0466208,0,0,0,0;
4.85, -1.25228,-0.0191977,0.00841719,0,0,0,0;
4.86, -1.09878,-0.0063412,0.0518563,0,0,0,0;
4.87, -0.591305,0.0815135,0.0856056,0,0,0,0;
4.88, -1.13778,0.0540242,0.053794,0,0,0,0;
4.89, -1.19802,0.0471604,0.109147,0,0,0,0;
4.9, -0.781612,0.0490183,0.102817,0,0,0,0;
4.91, -0.645686,0.139923,0.0708078,0,0,0,0;
4.92, -0.921424,0.175822,0.101349,0,0,0,0;
4.93, -1.49234,0.0982774,0.0983139,0,0,0,0;
4.94, -1.08776,0.290162,0.113588,0,0,0,0;
4.95, -0.929032,0.217267,0.134323,0,0,0,0;
4.96, -0.462747,0.256827,0.112943,0,0,0,0;
4.97, -0.92938,0.349098,0.11899,0,0,0,0;
4.98, -1.1093,0.240871,0.167489,0,0,0,0;
4.99, -1.46789,0.352008,0.081453,0,0,0,0;
5, -1.2916,0.405954,0.155085,0,0,0,0;
5.01, -1.28435,0.365656,0.14256,0,0,0,0;
5.02, -1.08622,0.487539,0.132504,0,0,0,0;
5.03, -0.224889,0.365122,0.186716,0,0,0,0;
5.04, -1.27955,0.535632,0.10554,0,0,0,0;
5.05, -1.45627,0.489069,0.141947,0,0,0,0;
5.06, -0.840805,0.506594,0.15549,0,0,0,0;
5.07, -1.68066,0.535066,0.114674,0,0,0,0;
5.08, -1.02322,0.60545,0.150566,0,0,0,0;
5.09, -0.923329,0.666602,0.167575,0,0,0,0;
5.1, -1.21888,0.751493,0.134695,0,0,0,0;
5.11, -1.09256,0.670454,0.128024,0,0,0,0;
5.12, -0.603521,0.676774,0.191149,0,0,0,0;
5.13, -0.548172,0.802001,0.104503,0,0,0,0;
5.14, -1.16917,0.83684,0.161104,0,0,0,0;
5.15, -1.52452,0.861207,0.0753175,0,0,0,0;
5.16, -1.98081,0.879206,0.0851207,0,0,0,0;
5.17, -0.762893,0.944346,0.182861,0,0,0,0;
5.18, -0.977157,1.06457,0.105278,0,0,0,0;
5.19, -0.767562,0.992392,0.154087,0,0,0,0;
5.2, -0.214246,1.0826,0.12273,0,0,0,0;
5.21, -0.799369,1.14665,0.0778854,0,0,0,0;
5.22, -0.937232,1.16941,0.0913847,0,0,0,0;
5.23, -0.709403,1.2639,0.114594,0,0,0,0;
5.24, -0.620777,1.19926,0.0798213,0,0,0,0;
5.25, -0.210919,1.36589,0.0743726,0,0,0,0;
5.26, -0.0521085,1.28239,0.0916206,0,0,0,0;
5.27, 0.0551697,1.45137,0.0954195,0,0,0,0;
5.28, -0.403601,1.43307,0.0254813,0,0,0,0;
5.29, -0.395679,1.47281,0.118713,0,0,0,0;
5.3, -0.675376,1.46325,0.0726463,0,0,0,0;
5.31, -0.55603,1.53284,0.0185226,0,0,0,0;
5.32, 0.0792659,1.49785,0.0398431,0,0,0,0;
5.33, 0.441577,1.60295,0.0436206,0,0,0,0;
5.34, 0.572433,1.54121,0.0163483,0,0,0,0;
5.35, 0.77207,1.59352,-0.0289713,0,0,0,0;
5.36, 0.652446,1.64782,-0.00314645,0,0,0,0;
5.37, 0.225611,1.53178,-0.0178813,0,0,0,0;
5.38, 0.898239,1.58016,-0.0329373,0,0,0,0;
5.39, 0.989852,1.52132,-0.0504493,0,0,0,0;
5.4, 0.924762,1.54171,-0.0422526,0,0,0,0;
5.41, 0.490805,1.4811,-0.0764385,0,0,0,0;
5.42, 1.02182,1.43886,-0.0702127,0,0,0,0;
5.43, 1.24107,1.45805,-0.104359,0,0,0,0;
5.44, 1.33454,1.3142,-0.119355,0,0,0,0;
5.45, 1.58201,1.29958,-0.106438,0,0,0,0;
5.46, 1.42518,1.25985,-0.147068,0,0,0,0;
5.47, 1.2309,1.18426,-0.169305,0,0,0,0;
5.48, 1.49699,1.17444,-0.16544,0,0,0,0;
5.49, 2.1452,1.03431,-0.148396,0,0,0,0;
5.5, 1.86176,1.03176,-0.195991,0,0,0,0;
5.51, 0.880085,0.875202,-0.258703,0,0,0,0;
5.52, 1.85725,0.855264,-0.185206,0,0,0,0;
5.53, 1.99593,0.720616,-0.199563,0,0,0,0;
5.54, 0.982777,0.644795,-0.278766,0,0,0,0;
5.55, 1.57147,0.590385,-0.203532,0,0,0,0;
5.56, 1.33513,0.539359,-0.283013,0,0,0,0;
5.57, 2.28602,0.40548,-0.201036,0,0,0,0;
5.58, 1.98919,0.266368,-0.276848,0,0,0,0;
5.59, 2.57975,0.217622,-0.277133,0,0,0,0;
5.6, 1.51187,0.218065,-0.291045,0,0,0,0;
5.61, 0.820491,0.0868361,-0.289424,0,0,0,0;
5.62, 0.915207,-0.0639081,-0.305479,0,0,0,0;
5.63, 1.66094,-0.206259,-0.275429,0,0,0,0;
5.64, 2.25224,-0.109318,-0.227477,0,0,0,0;
5.65, 1.33395,-0.130986,-0.305044,0,0,0,0;
5.66, 1.26845,-0.372775,-0.307473,0,0,0,0;
5.67, 1.01787,-0.343327,-0.324809,0,0,0,0;
5.68, 0.989448,-0.462068,-0.339451,0,0,0,0;
5.69, 1.67671,-0.624439,-0.208761,0,0,0,0;
5.7, 1.36983,-0.550754,-0.345077,0,0,0,0;
5.71, 1.21871,-0.516338,-0.285862,0,0,0,0;
5.72, 0.786016,-0.650993,-0.3874,0,0,0,0;
5.73, 1.04003,-0.770959,-0.301558,0,0,0,0;
5.74, 0.758903,-0.793343,-0.292158,0,0,0,0;
5.75, 1.20927,-0.931792,-0.336184,0,0,0,0;
5.76, 1.83534,-0.926452,-0.252159,0,0,0,0;
5.77, 0.569556,-0.729946,-0.360054,0,0,0,0;
5.78, 0.952885,-0.979788,-0.347373,0,0,0,0;
5.79, 0.318127,-0.928579,-0.392421,0,0,0,0;
5.8, -0.0878397,-0.84007,-0.363282,0,0,0,0;
5.81, 0.737544,-1.0784,-0.318676,0,0,0,0;
5.82, 0.372197,-1.152,-0.356633,0,0,0,0;
5.83, 0.417294,-1.10004,-0.389166,0,0,0,0;
5.84, 0.511231,-1.04746,-0.307827,0,0,0,0;
5.85, -0.0173837,-1.03526,-0.358376,0,0,0,0;
5.86, 0.559255,-1.02265,-0.31456,0,0,0,0;
5.87, -0.0561939,-1.08618,-0.32346,0,0,0,0;
5.88, 0.457585,-0.988193,-0.313262,0,0,0,0;
5.89, 0.0848342,-1.07981,-0.320822,0,0,0,0;
5.9, 0.232182,-1.00539,-0.314992,0,0,0,0;
5.91, -0.191018,-0.765225,-0.432322,0,0,0,0;
5.92, 0.0253129,-1.01601,-0.196859,0,0,0,0;
5.93, -0.23649,-0.767766,-0.29325,0,0,0,0;
5.94, 0.0509306,-1.22281,-0.274844,0,0,0,0;
5.95, 0.242762,-1.0862,-0.244711,0,0,0,0;
5.96, -0.264186,-0.797109,-0.299039,0,0,0,0;
5.97, -0.398627,-0.383943,-0.281474,0,0,0,0;
5.98, -0.421917,-1.04718,-0.141755,0,0,0,0;
5.99, -0.327389,-0.662917,-0.328867,0,0,0,0;
6, -0.118685,-0.8137,-0.211135,0,0,0,0;
6.01, -0.660594,-0.469466,-0.195723,0,0,0,0;
6.02, -0.479042,-0.477408,-0.140005,0,0,0,0;
6.03, -0.104078,-0.628966,-0.10908,0,0,0,0;
6.04, -0.129553,-0.642131,-0.155292,0,0,0,0;
6.05, -0.94634,-0.477998,-0.172055,0,0,0,0;
6.06, -0.170004,-0.558617,-0.180653,0,0,0,0;
6.07, -0.874768,-0.369319,-0.0470777,0,0,0,0;
6.08, -0.438768,-0.331942,-0.155869,0,0,0,0;
6.09, -0.575707,-0.344228,-0.0192608,0,0,0,0;
6.1, -1.21597,-0.198599,-0.147997,0,0,0,0;
6.11, -0.466105,-0.395117,-0.00529915,0,0,0,0;
6.12, -0.929631,-0.303387,-0.0625598,0,0,0,0;
6.13, -0.688005,-0.12526,0.0150959,0,0,0,0;
6.14, -0.488432,-0.183284,-0.0453738,0,0,0,0;
6.15, -0.883562,-0.06973,0.0157723,0,0,0,0;
6.16, -0.589298,-0.0777288,-0.00890213,0,0,0,0;
6.17, -0.620918,-0.240881,0.0450693,0,0,0,0;
6.18, -0.980955,-0.0147789,-0.00929075,0,0,0,0;
6.19, -0.951637,-0.0472533,0.036873,0,0,0,0;
6.2, -0.872182,0.0148617,0.0765862,0,0,0,0;
6.21, -0.527186,-0.0157881,0.0527114,0,0,0,0;
6.22, -1.37039,0.00783915,0.0138727,0,0,0,0;
6.23, -1.2164,0.102385,0.100571,0,0,0,0;
6.24, -0.268361,0.0560583,0.0744195,0,0,0,0;
6.25, -0.420457,0.0503063,0.0651127,0,0,0,0;
6.26, -0.792602,0.161936,0.122892,0,0,0,0;
6.27, -1.82751,0.220153,0.0222339,0,0,0,0;
6.28, -1.25751,0.230545,0.156479,0,0,0,0;
6.29, -0.875183,0.191408,0.11865,0,0,0,0;
6.3, -1.45871,0.272115,0.0564877,0,0,0,0;
6.31, -0.231288,0.231304,0.176904,0,0,0,0;
6.32, -1.24217,0.313456,0.075268,0,0,0,0;
6.33, -0.844598,0.300245,0.152963,0,0,0,0;
6.34, -1.25261,0.39274,0.0844154,0,0,0,0;
6.35, -1.64958,0.326626,0.129785,0,0,0,0;
6.36, -0.653385,0.354986,0.142651,0,0,0,0;
6.37, -2.0639,0.521923,0.0986588,0,0,0,0;
6.38, -1.08277,0.385705,0.158786,0,0,0,0;
6.39, -1.25727,0.474909,0.116439,0,0,0,0;
6.4, -1.20512,0.562946,0.115988,0,0,0,0;
6.41, -0.492758,0.525378,0.156708,0,0,0,0;
6.42, -1.05167,0.650053,0.13147,0,0,0,0;
6.43, -1.54894,0.613029,0.120838,0,0,0,0;
6.44, -0.976927,0.659975,0.140738,0,0,0,0;
6.45, -0.818518,0.690407,0.124265,0,0,0,0;
6.46, -1.69744,0.71742,0.0586052,0,0,0,0;
6.47, -1.70549,0.825461,0.135324,0,0,0,0;
6.48, -0.179572,0.777878,0.152154,0,0,0,0;
6.49, -0.679473,0.892037,0.107372,0,0,0,0;
6.5, -1.5642,0.884589,0.103452,0,0,0,0;
6.51, -0.913455,0.929408,0.151467,0,0,0,0;
6.52, -0.150268,1.02458,0.0584388,0,0,0,0;
6.53, -1.3984,1.04669,0.164228,0,0,0,0;
6.54, -1.11334,1.10425,0.090335,0,0,0,0;
6.55, -1.04412,1.17511,0.0689075,0,0,0,0;
6.56, -1.82249,1.2622,0.0842657,0,0,0,0;
6.57, -0.55967,1.20446,0.0992453,0,0,0,0;
6.58, -0.67014,1.34913,0.109187,0,0,0,0;
6.59, -0.128459,1.39708,0.0971389,0,0,0,0;
6.6, -0.508927,1.41046,-0.0205157,0,0,0,0;
6.61, -0.0659793,1.47773,0.0897147,0,0,0,0;
6.62, -0.243951,1.42072,0.0570026,0,0,0,0;
6.63, -0.883816,1.57231,0.000249263,0,0,0,0;
6.64, -0.622391,1.56177,0.0162062,0,0,0,0;
6.65, 0.803612,1.61276,0.0174212,0,0,0,0;
6.66, 0.350326,1.6294,0.027541,0,0,0,0;
6.67, -0.103134,1.65075,-0.0533272,0,0,0,0;
6.68, 0.234223,1.67018,0.0576478,0,0,0,0;
6.69, 0.261947,1.75511,-0.0728046,0,0,0,0;
6.7, 0.104365,1.69891,-0.0252104,0,0,0,0;
6.71, 1.19744,1.69154,-0.0618207,0,0,0,0;
6.72, 0.999722,1.76003,-0.0821297,0,0,0,0;
6.73, 1.05288,1.70328,-0.0751752,0,0,0,0;
6.74, 1.27871,1.54865,-0.112639,0,0,0,0;
6.75, 1.50864,1.67996,-0.0926074,0,0,0,0;
6.76, 1.51101,1.59659,-0.150035,0,0,0,0;
6.77, 1.01759,1.54012,-0.151377,0,0,0,0;
6.78, 1.26337,1.5254,-0.165822,0,0,0,0;
6.79, 0.871008,1.45302,-0.209546,0,0,0,0;
6.8, 1.72408,1.34815,-0.149915,0,0,0,0;
6.81, 0.926637,1.28133,-0.281328,0,0,0,0;
6.82, 1.28776,1.28235,-0.232929,0,0,0,0;
6.83, 1.78806,1.1733,-0.251236,0,0,0,0;
6.84, 2.4824,1.02318,-0.243244,0,0,0,0;
6.85, 1.85299,1.07396,-0.291299,0,0,0,0;
6.86, 1.7416,0.835171,-0.276996,0,0,0,0;
6.87, 1.48511,0.840794,-0.335353,0,0,0,0;
6.88, 1.93394,0.703985,-0.299643,0,0,0,0;
6.89, 1.8776,0.55168,-0.341716,0,0,0,0;
6.9, 1.83982,0.464345,-0.317234,0,0,0,0;
6.91, 2.33661,0.502709,-0.313182,0,0,0,0;
6.92, 1.54089,0.334502,-0.399809,0,0,0,0;
6.93, 1.73602,0.201037,-0.349598,0,0,0,0;
6.94, 1.89227,0.0888916,-0.372919,0,0,0,0;
6.95, 1.2961,0.0300384,-0.378508,0,0,0,0;
6.96, 2.01085,-0.0212734,-0.37432,0,0,0,0;
6.97, 1.89035,-0.0739453,-0.376042,0,0,0,0;
6.98, 1.57685,-0.328317,-0.401312,0,0,0,0;
6.99, 1.16375,-0.319569,-0.384024,0,0,0,0;
7, 1.70255,-0.530574,-0.335976,0,0,0,0;
7.01, 1.96189,-0.359521,-0.385653,0,0,0,0;
7.02, 1.26829,-0.519808,-0.503624,0,0,0,0;
7.03, 0.722064,-0.610419,-0.365194,0,0,0,0;
7.04, 1.29794,-0.653217,-0.360686,0,0,0,0;
7.05, 1.50713,-0.906443,-0.359235,0,0,0,0;
7.06, 1.59521,-0.804816,-0.490714,0,0,0,0;
7.07, 1.12313,-0.635754,-0.432954,0,0,0,0;
7.08, 0.657721,-0.901833,-0.426897,0,0,0,0;
7.09, 0.738982,-0.986688,-0.458583,0,0,0,0;
7.1, 0.713703,-1.03174,-0.380902,0,0,0,0;
7.11, 1.09746,-1.10493,-0.38488,0,0,0,0;
7.12, 0.493057,-1.07349,-0.467827,0,0,0,0;
7.13, 0.560515,-1.22587,-0.389908,0,0,0,0;
7.14, 0.983891,-1.10065,-0.499653,0,0,0,0;
7.15, 0.563064,-1.20226,-0.477968,0,0,0,0;
7.16, 0.342292,-0.904865,-0.43062,0,0,0,0;
7.17, 0.365363,-1.14385,-0.472191,0,0,0,0;
7.18, 0.180586,-1.32692,-0.44277,0,0,0,0;
7.19, 0.566389,-1.26018,-0.436744,0,0,0,0;
7.2, 0.196884,-0.833377,-0.475239,0,0,0,0;
7.21, 0.14076,-1.26341,-0.463438,0,0,0,0;
7.22, 0.302728,-1.17132,-0.33136,0,0,0,0;
7.23, 0.182189,-1.26054,-0.545993,0,0,0,0;
7.24, -0.142382,-0.881521,-0.363051,0,0,0,0;
7.25, -0.226687,-1.07787,-0.452908,0,0,0,0;
7.26, -0.116818,-1.21588,-0.408032,0,0,0,0;
7.27, -0.169378,-0.824534,-0.438863,0,0,0,0;
7.28, 0.108936,-0.969238,-0.349271,0,0,0,0;
7.29, -0.107476,-0.994072,-0.312183,0,0,0,0;
7.3, 0.0351405,-0.955159,-0.402112,0,0,0,0;
7.31, -0.833032,-0.749507,-0.403357,0,0,0,0;
7.32, 0.146113,-0.926047,-0.249692,0,0,0,0;
7.33, -0.619201,-0.625087,-0.321535,0,0,0,0;
7.34, -0.446334,-0.499413,-0.306058,0,0,0,0;
7.35, 0.00577068,-0.755233,-0.299384,0,0,0,0;
7.36, -0.826758,-0.66696,-0.270827,0,0,0,0;
7.37, -0.471955,-0.473391,-0.225126,0,0,0,0;
7.38, -0.402275,-0.612689,-0.152833,0,0,0,0;
7.39, -0.6328,-0.57521,-0.229884,0,0,0,0;
7.4, -0.708743,-0.325205,-0.248753,0,0,0,0;
7.41, -0.817565,-0.354392,-0.105256,0,0,0,0;
7.42, -0.45943,-0.351583,-0.162321,0,0,0,0;
7.43, -0.0900347,-0.2714,-0.187132,0,0,0,0;
7.44, -1.17705,-0.355846,-0.0351338,0,0,0,0;
7.45, -1.10017,-0.354075,-0.143837,0,0,0,0;
7.46, -0.244666,-0.171041,-0.0671775,0,0,0,0;
7.47, -0.525508,-0.0257618,-0.135733,0,0,0,0;
7.48, -1.27417,-0.221893,-0.0488555,0,0,0,0;
7.49, -0.648704,-0.000284135,-0.00598353,0,0,0,0;
7.5, -0.979712,-0.164862,-0.0833004,0,0,0,0;
7.51, -0.61529,-0.0619743,0.0407,0,0,0,0;
7.52, -0.430364,-0.0521762,-0.0456299,0,0,0,0;
7.53, -0.889396,0.0522385,-0.0176157,0,0,0,0;
7.54, -1.28181,0.0134752,-0.0335109,0,0,0,0;
7.55, -1.35045,0.033194,0.0210426,0,0,0,0;
7.56, -1.26217,0.0988224,-0.0130598,0,0,0,0;
7.57, -0.454658,-0.0184466,0.104127,0,0,0,0;
7.58, -0.530952,0.18952,0.0295492,0,0,0,0;
7.59, -1.36331,0.0799272,-0.0178382,0,0,0,0;
7.6, -0.653785,0.196783,0.106998,0,0,0,0;
7.61, -1.09021,0.147568,0.0569668,0,0,0,0;
7.62, -1.46398,0.19563,0.0169492,0,0,0,0;
7.63, -1.36194,0.284897,0.0696694,0,0,0,0;
7.64, -0.199637,0.142214,0.181314,0,0,0,0;
7.65, -0.776752,0.257264,0.0347869,0,0,0,0;
7.66, -1.70304,0.283442,0.056774,0,0,0,0;
7.67, -1.15457,0.365412,0.0706246,0,0,0,0;
7.68, -1.44098,0.371768,0.0716783,0,0,0,0;
7.69, -1.23125,0.323501,0.183255,0,0,0,0;
7.7, -0.878437,0.375078,0.0708112,0,0,0,0;
7.71, -1.07964,0.472968,0.0686902,0,0,0,0;
7.72, -1.60108,0.386622,0.108878,0,0,0,0;
7.73, -1.03773,0.512175,0.11761,0,0,0,0;
7.74, -1.29278,0.490487,0.0944628,0,0,0,0;
7.75, -1.36568,0.510693,0.0732401,0,0,0,0;
7.76, -1.03645,0.535177,0.176166,0,0,0,0;
7.77, -1.95538,0.654536,0.0477893,0,0,0,0;
7.78, -1.44839,0.60929,0.0661408,0,0,0,0;
7.79, -0.309804,0.646111,0.169626,0,0,0,0;
7.8, -1.19054,0.747,0.0388384,0,0,0,0;
7.81, -2.3286,0.789847,0.0402392,0,0,0,0;
7.82, -0.64404,0.812044,0.130956,0,0,0,0;
7.83, -1.49465,0.880373,0.0464236,0,0,0,0;
7.84, -1.16957,0.954837,0.0728408,0,0,0,0;
7.85, -0.385597,0.870887,0.131921,0,0,0,0;
7.86, -1.44359,1.04698,0.0228525,0,0,0,0;
7.87, -1.23067,1.05998,0.0631274,0,0,0,0;
7.88, -1.18174,1.12343,0.0463731,0,0,0,0;
7.89, -0.86144,1.25326,0.0544615,0,0,0,0;
7.9, -1.40331,1.20987,0.0119934,0,0,0,0;
7.91, -0.696326,1.43895,0.0877845,0,0,0,0;
7.92, -0.392073,1.26799,-0.000296872,0,0,0,0;
7.93, -1.40725,1.46508,0.0193609,0,0,0,0;
7.94, -0.228443,1.57855,0.0316518,0,0,0,0;
7.95, -0.84535,1.48051,-0.00299402,0,0,0,0;
7.96, -0.0712419,1.76301,-0.0377921,0,0,0,0;
7.97, -0.243203,1.65869,-0.0529936,0,0,0,0;
7.98, -0.436925,1.75029,-0.0141169,0,0,0,0;
7.99, -0.134697,1.71356,-0.0503647,0,0,0,0;
8, 0.686316,1.90183,-0.0340393,0,0,0,0;
8.01, 0.595862,1.88998,-0.0604923,0,0,0,0;
8.02, -0.0133106,1.83779,-0.0664355,0,0,0,0;
8.03, 0.126092,2.05962,-0.148602,0,0,0,0;
8.04, 0.991778,1.87409,-0.0953887,0,0,0,0;
8.05, 0.72838,1.93837,-0.1555,0,0,0,0;
8.06, 0.936789,1.96513,-0.150998,0,0,0,0;
8.07, 0.597319,1.89297,-0.185109,0,0,0,0;
8.08, 1.11101,1.907,-0.207203,0,0,0,0;
8.09, 1.29307,1.95427,-0.237126,0,0,0,0;
8.1, 0.867681,1.83572,-0.26462,0,0,0,0;
8.11, 1.23047,1.79139,-0.290594,0,0,0,0;
8.12, 2.72973,1.67959,-0.272025,0,0,0,0;
8.13, 2.26578,1.74596,-0.33189,0,0,0,0;
8.14, 1.55237,1.53897,-0.329464,0,0,0,0;
8.15, 1.33312,1.53131,-0.376629,0,0,0,0;
8.16, 0.973643,1.40163,-0.402335,0,0,0,0;
8.17, 2.91453,1.28044,-0.361117,0,0,0,0;
8.18, 1.92758,1.18626,-0.439674,0,0,0,0;
8.19, 1.8222,1.10476,-0.444215,0,0,0,0;
8.2, 1.55825,0.955118,-0.494297,0,0,0,0;
8.21, 2.17266,0.868779,-0.436503,0,0,0,0;
8.22, 2.17875,0.749717,-0.503299,0,0,0,0;
8.23, 2.66061,0.584718,-0.470612,0,0,0,0;
8.24, 2.34031,0.511972,-0.516973,0,0,0,0;
8.25, 2.27669,0.328733,-0.504773,0,0,0,0;
8.26, 1.14588,0.302847,-0.613924,0,0,0,0;
8.27, 2.07713,0.114157,-0.486406,0,0,0,0;
8.28, 2.01056,-0.00278905,-0.513691,0,0,0,0;
8.29, 2.40281,-0.0968031,-0.536553,0,0,0,0;
8.3, 2.83355,-0.144909,-0.581983,0,0,0,0;
8.31, 2.42427,-0.278697,-0.501479,0,0,0,0;
8.32, 1.37275,-0.469716,-0.627204,0,0,0,0;
8.33, 1.2272,-0.423738,-0.555255,0,0,0,0;
8.34, 0.958252,-0.449355,-0.562744,0,0,0,0;
8.35, 1.84057,-0.754577,-0.535368,0,0,0,0;
8.36, 2.34553,-0.835323,-0.53876,0,0,0,0;
8.37, 1.27582,-0.692523,-0.651349,0,0,0,0;
8.38, 1.1093,-1.10347,-0.566307,0,0,0,0;
8.39, 1.29795,-0.864247,-0.534629,0,0,0,0;
8.4, 0.827998,-1.04079,-0.687781,0,0,0,0;
8.41, 1.10509,-1.05235,-0.527656,0,0,0,0;
8.42, 1.40579,-1.1177,-0.599158,0,0,0,0;
8.43, 1.36029,-1.34357,-0.57175,0,0,0,0;
8.44, 0.385882,-1.24658,-0.735394,0,0,0,0;
8.45, 0.409305,-1.26065,-0.548787,0,0,0,0;
8.46, 0.659158,-1.24008,-0.653957,0,0,0,0;
8.47, 0.636644,-1.13016,-0.615773,0,0,0,0;
8.48, 0.848501,-1.6672,-0.557611,0,0,0,0;
8.49, 0.411001,-1.41106,-0.646539,0,0,0,0;
8.5, -0.00672969,-1.24548,-0.671044,0,0,0,0;
8.51, 1.28785,-1.49904,-0.459758,0,0,0,0;
8.52, -0.0817895,-1.37284,-0.750981,0,0,0,0;
8.53, 0.0845482,-1.14607,-0.676692,0,0,0,0;
8.54, 0.0427592,-1.15482,-0.620036,0,0,0,0;
8.55, 0.0475122,-1.48635,-0.530783,0,0,0,0;
8.56, 0.263119,-1.3838,-0.567194,0,0,0,0;
8.57, -0.00432801,-1.06317,-0.658282,0,0,0,0;
8.58, -0.18454,-0.955872,-0.501864,0,0,0,0;
8.59, -0.208642,-1.3587,-0.61946,0,0,0,0;
8.6, 0.508314,-1.33143,-0.453989,0,0,0,0;
8.61, -0.200306,-0.853044,-0.644145,0,0,0,0;
8.62, -0.82885,-0.809855,-0.492297,0,0,0,0;
8.63, 0.0511271,-0.794045,-0.426288,0,0,0,0;
8.64, -0.126783,-1.11152,-0.488197,0,0,0,0;
8.65, -0.532519,-0.938819,-0.505477,0,0,0,0;
8.66, -0.411773,-0.830132,-0.307064,0,0,0,0;
8.67, -0.643407,-0.783106,-0.495352,0,0,0,0;
8.68, -0.775369,-0.506078,-0.462206,0,0,0,0;
8.69, -0.384722,-0.601758,-0.334618,0,0,0,0;
8.7, -0.834206,-0.587806,-0.386898,0,0,0,0;
8.71, -0.515187,-0.356531,-0.297627,0,0,0,0;
8.72, -0.665786,-0.238575,-0.284503,0,0,0,0;
8.73, -0.443392,-0.498298,-0.247143,0,0,0,0;
8.74, -0.549893,-0.167436,-0.260378,0,0,0,0;
8.75, -0.495325,-0.463403,-0.204798,0,0,0,0;
8.76, -0.716738,-0.213413,-0.212494,0,0,0,0;
8.77, -0.629714,-0.376894,-0.182837,0,0,0,0;
8.78, -1.16937,0.171796,-0.203644,0,0,0,0;
8.79, 0.209893,-0.445132,-0.128587,0,0,0,0;
8.8, -1.01869,-0.098249,-0.174959,0,0,0,0;
8.81, -1.28343,-3.03537e-05,-0.156695,0,0,0,0;
8.82, -1.42743,-0.106963,-0.0799159,0,0,0,0;
8.83, -1.05175,-0.142097,-0.167216,0,0,0,0;
8.84, -0.351035,0.118741,0.0150256,0,0,0,0;
8.85, -0.472811,-0.0266703,-0.0927544,0,0,0,0;
8.86, -0.575951,-0.0318708,-0.0621692,0,0,0,0;
8.87, -1.51995,0.0845241,-0.0657423,0,0,0,0;
8.88, -0.848933,0.134054,-0.0358781,0,0,0,0;
8.89, -0.851496,0.0541096,-0.00325793,0,0,0,0;
8.9, -0.451516,0.10455,-0.0300311,0,0,0,0;
8.91, -1.28492,0.17051,-0.0207871,0,0,0,0;
8.92, -0.762353,0.119497,0.0235659,0,0,0,0;
8.93, -1.17285,0.190709,-0.0363145,0,0,0,0;
8.94, -1.00595,0.188348,0.0883447,0,0,0,0;
8.95, -0.932869,0.172693,-0.0336614,0,0,0,0;
8.96, -0.938024,0.303906,0.0478987,0,0,0,0;
8.97, -1.17377,0.218675,0.0512401,0,0,0,0;
8.98, -1.29125,0.262927,-0.000118524,0,0,0,0;
8.99, -0.87124,0.19436,0.129277,0,0,0,0;
9, -0.77227,0.509436,-0.00520536,0,0,0,0;
9.01, -1.06551,0.21173,0.127053,0,0,0,0;
9.02, -1.96281,0.420886,-0.051243,0,0,0,0;
9.03, -2.16383,0.312025,0.117298,0,0,0,0;
9.04, -1.2937,0.42014,0.068469,0,0,0,0;
9.05, -0.84784,0.376288,0.0316963,0,0,0,0;
9.06, -0.766086,0.430706,0.0823628,0,0,0,0;
9.07, -1.26994,0.443265,0.0676099,0,0,0,0;
9.08, -0.60763,0.441898,0.0890841,0,0,0,0;
9.09, -2.11003,0.56673,-0.0138104,0,0,0,0;
9.1, -1.67514,0.508446,0.103565,0,0,0,0;
9.11, -1.90782,0.572925,0.0612463,0,0,0,0;
9.12, -0.932619,0.644984,0.0464805,0,0,0,0;
9.13, -1.05195,0.665973,0.0784388,0,0,0,0;
9.14, -1.75343,0.684989,0.0144875,0,0,0,0;
9.15, -1.56691,0.77423,0.0151072,0,0,0,0;
9.16, -0.769653,0.806604,0.0618067,0,0,0,0;
9.17, -1.09163,0.854235,0.0224641,0,0,0,0;
9.18, -1.32386,0.853611,0.0483148,0,0,0,0;
9.19, -2.16799,0.905257,-0.00373815,0,0,0,0;
9.2, -0.912256,1.04363,0.0424331,0,0,0,0;
9.21, -1.11992,1.11282,0.0473172,0,0,0,0;
9.22, -1.32942,1.15896,-0.046733,0,0,0,0;
9.23, -1.23295,1.15693,-0.01202,0,0,0,0;
9.24, -1.36352,1.39067,0.00657206,0,0,0,0;
9.25, -0.46978,1.4242,-0.0369832,0,0,0,0;
9.26, -1.26811,1.44084,-0.0589577,0,0,0,0;
9.27, -0.249687,1.56457,-0.0187159,0,0,0,0;
9.28, -0.333301,1.70883,-0.160831,0,0,0,0;
9.29, -0.854564,1.75087,-0.0509093,0,0,0,0;
9.3, -0.931723,1.67087,-0.0275156,0,0,0,0;
9.31, 0.206567,1.89705,-0.101018,0,0,0,0;
9.32, -0.173504,1.87207,-0.089809,0,0,0,0;
9.33, -0.343247,1.97557,-0.181779,0,0,0,0;
9.34, -0.586698,2.07809,-0.0865474,0,0,0,0;
9.35, 0.0728615,2.06482,-0.188983,0,0,0,0;
9.36, 0.452425,2.08426,-0.175623,0,0,0,0;
9.37, 1.06283,2.19638,-0.181413,0,0,0,0;
9.38, 1.17272,2.20094,-0.208243,0,0,0,0;
9.39, 1.06578,2.20831,-0.247825,0,0,0,0;
9.4, 1.08993,2.12701,-0.296627,0,0,0,0;
9.41, 0.83788,2.23278,-0.317222,0,0,0,0;
9.42, 1.38909,2.15183,-0.315675,0,0,0,0;
9.43, 1.8966,2.08276,-0.355828,0,0,0,0;
9.44, 1.16415,2.02056,-0.382053,0,0,0,0;
9.45, 1.3195,1.92071,-0.431248,0,0,0,0;
9.46, 2.40573,1.93162,-0.408806,0,0,0,0;
9.47, 1.805,1.71015,-0.491606,0,0,0,0;
9.48, 1.67672,1.75767,-0.507482,0,0,0,0;
9.49, 1.80669,1.51881,-0.507294,0,0,0,0;
9.5, 2.79875,1.47227,-0.53752,0,0,0,0;
9.51, 2.51636,1.33135,-0.580624,0,0,0,0;
9.52, 2.39899,1.23509,-0.593599,0,0,0,0;
9.53, 2.74704,1.06454,-0.588637,0,0,0,0;
9.54, 2.52916,0.924027,-0.63125,0,0,0,0;
9.55, 1.96761,0.836532,-0.689018,0,0,0,0;
9.56, 1.87436,0.647644,-0.633056,0,0,0,0;
9.57, 2.35273,0.522512,-0.65658,0,0,0,0;
9.58, 2.39446,0.355691,-0.637647,0,0,0,0;
9.59, 3.01217,0.299657,-0.678665,0,0,0,0;
9.6, 2.68093,0.103259,-0.70592,0,0,0,0;
9.61, 1.80168,-0.0517484,-0.700854,0,0,0,0;
9.62, 1.96717,-0.17651,-0.709612,0,0,0,0;
9.63, 1.95664,-0.393361,-0.704202,0,0,0,0;
9.64, 2.17356,-0.259675,-0.680259,0,0,0,0;
9.65, 1.47652,-0.552356,-0.742771,0,0,0,0;
9.66, 1.7001,-0.773112,-0.672822,0,0,0,0;
9.67, 2.36595,-0.73072,-0.658533,0,0,0,0;
9.68, 2.32396,-0.606137,-0.701654,0,0,0,0;
9.69, 1.04895,-0.921554,-0.759318,0,0,0,0;
9.7, 1.50394,-1.19007,-0.671034,0,0,0,0;
9.71, 1.12206,-0.949716,-0.730199,0,0,0,0;
9.72, 1.51055,-1.05072,-0.636929,0,0,0,0;
9.73, 1.72758,-1.33656,-0.73935,0,0,0,0;
9.74, 0.76167,-1.35785,-0.773724,0,0,0,0;
9.75, 1.13812,-1.19294,-0.714395,0,0,0,0;
9.76, 1.70724,-1.55173,-0.650913,0,0,0,0;
9.77, 1.01212,-1.43387,-0.816842,0,0,0,0;
9.78, 0.36924,-1.46817,-0.743955,0,0,0,0;
9.79, 0.602952,-1.33991,-0.809411,0,0,0,0;
9.8, 0.687221,-1.65491,-0.579786,0,0,0,0;
9.81, 0.695552,-1.40819,-0.891914,0,0,0,0;
9.82, -0.12513,-1.67684,-0.732701,0,0,0,0;
9.83, 0.630438,-1.14651,-0.748157,0,0,0,0;
9.84, 0.382594,-1.80979,-0.771742,0,0,0,0;
9.85, 0.161492,-1.07306,-0.762332,0,0,0,0;
9.86, -0.155911,-1.87917,-0.705502,0,0,0,0;
9.87, -0.104898,-1.43497,-0.684009,0,0,0,0;
9.88, 0.198256,-1.278,-0.704343,0,0,0,0;
9.89, 0.185025,-1.09278,-0.550495,0,0,0,0;
9.9, -0.0475736,-1.35463,-0.767729,0,0,0,0;
9.91, -0.341383,-1.10972,-0.692604,0,0,0,0;
9.92, -0.0423063,-1.26512,-0.642851,0,0,0,0;
9.93, -0.460314,-1.36648,-0.661964,0,0,0,0;
9.94, -0.293652,-0.861427,-0.578274,0,0,0,0;
9.95, -0.250727,-0.812554,-0.462906,0,0,0,0;
9.96, -0.132356,-1.00752,-0.600773,0,0,0,0;
9.97, -0.224804,-0.75496,-0.565084,0,0,0,0;
9.98, -0.299334,-0.839788,-0.402199,0,0,0,0;
9.99, -0.888621,-1.02408,-0.565187,0,0,0,0;
