0, 0.274174,-0.252527,-0.128386,0,0,0,0;
0.01, 0.274156,-0.252521,-0.128386,0,0,0,0;
0.02, 0.270678,-0.24767,-0.128301,0,0,0,0;
0.03, 0.261304,-0.242149,-0.127554,0,0,0,0;
0.04, 0.251077,-0.236729,-0.126197,0,0,0,0;
0.05, 0.239389,-0.230235,-0.124214,0,0,0,0;
0.06, 0.227842,-0.223599,-0.121945,0,0,0,0;
0.07, 0.217612,-0.21758,-0.119746,0,0,0,0;
0.08, 0.20856,-0.212303,-0.117676,0,0,0,0;
0.09, 0.201663,-0.208219,-0.116039,0,0,0,0;
0.1, 0.196747,-0.205128,-0.114855,0,0,0,0;
0.11, 0.193087,-0.202747,-0.113968,0,0,0,0;
0.12, 0.190744,-0.201151,-0.113403,0,0,0,0;
0.13, 0.189086,-0.199992,-0.113004,0,0,0,0;
0.14, 0.187944,-0.199152,-0.112734,0,0,0,0;
0.15, 0.187249,-0.198592,-0.112574,0,0,0,0;
0.16, 0.18655,-0.198079,-0.112409,0,0,0,0;
0.17, 0.186189,-0.197776,-0.112328,0,0,0,0;
0.18, 0.18595,-0.197576,-0.112275,0,0,0,0;
0.19, 0.18569,-0.197377,-0.112215,0,0,0,0;
0.2, 0.185404,-0.197202,-0.112145,0,0,0,0;
0.21, 0.185073,-0.197003,-0.112062,0,0,0,0;
0.22, 0.184775,-0.196817,-0.111989,0,0,0,0;
0.23, 0.184525,-0.196668,-0.111925,0,0,0,0;
0.24, 0.184398,-0.196626,-0.111891,0,0,0,0;
0.25, 0.184181,-0.196546,-0.111832,0,0,0,0;
0.26, 0.184118,-0.196548,-0.111814,0,0,0,0;
0.27, 0.183927,-0.196545,-0.111757,0,0,0,0;
0.28, 0.183701,-0.19646,-0.111695,0,0,0,0;
0.29, 0.183785,-0.196536,-0.111715,0,0,0,0;
0.3, 0.183589,-0.196476,-0.11166,0,0,0,0;
0.31, 0.183284,-0.196352,-0.111576,0,0,0,0;
0.32, 0.183127,-0.196309,-0.111531,0,0,0,0;
0.33, 0.182741,-0.196167,-0.111424,0,0,0,0;
0.34, 0.182571,-0.196131,-0.111375,0,0,0,0;
0.35, 0.182439,-0.196131,-0.111334,0,0,0,0;
0.36, 0.182229,-0.196084,-0.111273,0,0,0,0;
0.37, 0.182121,-0.196073,-0.11124,0,0,0,0;
0.38, 0.181977,-0.196071,-0.111196,0,0,0,0;
0.39, 0.181868,-0.196075,-0.111161,0,0,0,0;
0.4, 0.181717,-0.196058,-0.111115,0,0,0,0;
0.41, 0.181657,-0.196133,-0.11109,0,0,0,0;
0.42, 0.181473,-0.196112,-0.111035,0,0,0,0;
0.43, 0.18149,-0.196166,-0.111036,0,0,0,0;
0.44, 0.1814,-0.196183,-0.111005,0,0,0,0;
0.45, 0.181108,-0.196095,-0.110921,0,0,0,0;
0.46, 0.181,-0.19608,-0.110889,0,0,0,0;
0.47, 0.180769,-0.196028,-0.110821,0,0,0,0;
0.48, 0.180536,-0.195967,-0.110752,0,0,0,0;
0.49, 0.180463,-0.195985,-0.110727,0,0,0,0;
0.5, 0.180202,-0.195923,-0.11065,0,0,0,0;
0.51, 0.180052,-0.195901,-0.110604,0,0,0,0;
0.52, 0.179936,-0.195894,-0.110568,0,0,0,0;
0.53, 0.179736,-0.195906,-0.110503,0,0,0,0;
0.54, 0.179639,-0.195916,-0.110471,0,0,0,0;
0.55, 0.17959,-0.195962,-0.110452,0,0,0,0;
0.56, 0.17924,-0.195876,-0.110348,0,0,0,0;
0.57, 0.179109,-0.195877,-0.110305,0,0,0,0;
0.58, 0.178887,-0.195834,-0.110238,0,0,0,0;
0.59, 0.178634,-0.195752,-0.110164,0,0,0,0;
0.6, 0.178588,-0.195795,-0.110145,0,0,0,0;
0.61, 0.178418,-0.195788,-0.110091,0,0,0,0;
0.62, 0.178207,-0.195749,-0.110027,0,0,0,0;
0.63, 0.17817,-0.195801,-0.11001,0,0,0,0;
0.64, 0.178161,-0.195867,-0.11,0,0,0,0;
0.65, 0.177974,-0.195839,-0.109942,0,0,0,0;
0.66, 0.177853,-0.195851,-0.109902,0,0,0,0;
0.67, 0.177688,-0.195838,-0.109849,0,0,0,0;
0.68, 0.17756,-0.195857,-0.109805,0,0,0,0;
0.69, 0.177337,-0.19581,-0.109737,0,0,0,0;
0.7, 0.177088,-0.195755,-0.10966,0,0,0,0;
0.71, 0.176919,-0.195744,-0.109606,0,0,0,0;
0.72, 0.176812,-0.195775,-0.109567,0,0,0,0;
0.73, 0.176642,-0.195767,-0.109512,0,0,0,0;
0.74, 0.176549,-0.195764,-0.109481,0,0,0,0;
0.75, 0.17637,-0.195761,-0.109422,0,0,0,0;
0.76, 0.176297,-0.195786,-0.109395,0,0,0,0;
0.77, 0.176104,-0.195749,-0.109335,0,0,0,0;
0.78, 0.176007,-0.195764,-0.109301,0,0,0,0;
0.79, 0.175784,-0.195696,-0.109233,0,0,0,0;
0.8, 0.175539,-0.195659,-0.109155,0,0,0,0;
0.81, 0.175383,-0.195648,-0.109104,0,0,0,0;
0.82, 0.175143,-0.195595,-0.109029,0,0,0,0;
0.83, 0.174973,-0.195576,-0.108974,0,0,0,0;
0.84, 0.174766,-0.195535,-0.108909,0,0,0,0;
0.85, 0.174659,-0.195539,-0.108872,0,0,0,0;
0.86, 0.174393,-0.195473,-0.108789,0,0,0,0;
0.87, 0.174289,-0.195486,-0.108752,0,0,0,0;
0.88, 0.174151,-0.195472,-0.108707,0,0,0,0;
0.89, 0.174016,-0.195467,-0.108661,0,0,0,0;
0.9, 0.173893,-0.19548,-0.108618,0,0,0,0;
0.91, 0.17369,-0.19544,-0.108553,0,0,0,0;
0.92, 0.173504,-0.195398,-0.108494,0,0,0,0;
0.93, 0.173301,-0.195339,-0.108431,0,0,0,0;
0.94, 0.173146,-0.19535,-0.108376,0,0,0,0;
0.95, 0.172921,-0.195312,-0.108303,0,0,0,0;
0.96, 0.172678,-0.195258,-0.108225,0,0,0,0;
0.97, 0.172506,-0.195276,-0.108163,0,0,0,0;
0.98, 0.172409,-0.195262,-0.108131,0,0,0,0;
0.99, 0.172236,-0.195213,-0.108077,0,0,0,0;
1, 0.1722,-0.195279,-0.108057,0,0,0,0;
1.01, 0.171936,-0.195213,-0.107973,0,0,0,0;
1.02, 0.171798,-0.195194,-0.107927,0,0,0,0;
1.03, 0.171575,-0.195117,-0.107858,0,0,0,0;
1.04, 0.171447,-0.195106,-0.107814,0,0,0,0;
1.05, 0.171292,-0.195105,-0.10776,0,0,0,0;
1.06, 0.17123,-0.195161,-0.107732,0,0,0,0;
1.07, 0.171065,-0.195157,-0.107674,0,0,0,0;
1.08, 0.17081,-0.195071,-0.107594,0,0,0,0;
1.09, 0.170758,-0.195086,-0.107574,0,0,0,0;
1.1, 0.170491,-0.195008,-0.107489,0,0,0,0;
1.11, 0.170311,-0.194972,-0.107429,0,0,0,0;
1.12, 0.170226,-0.194992,-0.107396,0,0,0,0;
1.13, 0.170012,-0.194934,-0.107327,0,0,0,0;
1.14, 0.169921,-0.194961,-0.107291,0,0,0,0;
1.15, 0.169656,-0.194881,-0.107206,0,0,0,0;
1.16, 0.169487,-0.194853,-0.107149,0,0,0,0;
1.17, 0.169304,-0.194821,-0.107088,0,0,0,0;
1.18, 0.169122,-0.194784,-0.107027,0,0,0,0;
1.19, 0.168981,-0.194778,-0.106976,0,0,0,0;
1.2, 0.168866,-0.194785,-0.106934,0,0,0,0;
1.21, 0.168785,-0.194807,-0.106902,0,0,0,0;
1.22, 0.168697,-0.194827,-0.106867,0,0,0,0;
1.23, 0.168541,-0.194822,-0.106811,0,0,0,0;
1.24, 0.16843,-0.194822,-0.10677,0,0,0,0;
1.25, 0.168107,-0.19472,-0.106666,0,0,0,0;
1.26, 0.167844,-0.194624,-0.106583,0,0,0,0;
1.27, 0.167668,-0.194596,-0.106522,0,0,0,0;
1.28, 0.167531,-0.194602,-0.106471,0,0,0,0;
1.29, 0.167378,-0.194579,-0.106418,0,0,0,0;
1.3, 0.1672,-0.194533,-0.106358,0,0,0,0;
1.31, 0.167099,-0.19454,-0.10632,0,0,0,0;
1.32, 0.166898,-0.194486,-0.106253,0,0,0,0;
1.33, 0.166794,-0.19449,-0.106214,0,0,0,0;
1.34, 0.166726,-0.194514,-0.106185,0,0,0,0;
1.35, 0.166521,-0.194466,-0.106116,0,0,0,0;
1.36, 0.166334,-0.194417,-0.106053,0,0,0,0;
1.37, 0.166244,-0.194431,-0.106017,0,0,0,0;
1.38, 0.166064,-0.194399,-0.105954,0,0,0,0;
1.39, 0.165775,-0.194302,-0.10586,0,0,0,0;
1.4, 0.165688,-0.194318,-0.105825,0,0,0,0;
1.41, 0.165465,-0.194253,-0.10575,0,0,0,0;
1.42, 0.165294,-0.19422,-0.10569,0,0,0,0;
1.43, 0.165263,-0.194269,-0.105671,0,0,0,0;
1.44, 0.165141,-0.194248,-0.105628,0,0,0,0;
1.45, 0.164994,-0.194231,-0.105575,0,0,0,0;
1.46, 0.164881,-0.19423,-0.105532,0,0,0,0;
1.47, 0.164635,-0.194168,-0.105447,0,0,0,0;
1.48, 0.16441,-0.194084,-0.105374,0,0,0,0;
1.49, 0.164149,-0.193979,-0.105289,0,0,0,0;
1.5, 0.164018,-0.193964,-0.105242,0,0,0,0;
1.51, 0.163753,-0.193893,-0.10515,0,0,0,0;
1.52, 0.163491,-0.193824,-0.10506,0,0,0,0;
1.53, 0.163304,-0.193797,-0.104992,0,0,0,0;
1.54, 0.163273,-0.193852,-0.104972,0,0,0,0;
1.55, 0.163072,-0.193802,-0.104901,0,0,0,0;
1.56, 0.162788,-0.193688,-0.104809,0,0,0,0;
1.57, 0.162793,-0.193784,-0.104796,0,0,0,0;
1.58, 0.162685,-0.193789,-0.104753,0,0,0,0;
1.59, 0.162723,-0.193869,-0.104755,0,0,0,0;
1.6, 0.162618,-0.193871,-0.104714,0,0,0,0;
1.61, 0.162582,-0.19391,-0.104693,0,0,0,0;
1.62, 0.162376,-0.193828,-0.104625,0,0,0,0;
1.63, 0.162222,-0.193786,-0.104572,0,0,0,0;
1.64, 0.162058,-0.193763,-0.104511,0,0,0,0;
1.65, 0.161851,-0.193714,-0.104437,0,0,0,0;
1.66, 0.161606,-0.193623,-0.104355,0,0,0,0;
1.67, 0.16146,-0.193597,-0.104301,0,0,0,0;
1.68, 0.161317,-0.193572,-0.104249,0,0,0,0;
1.69, 0.16114,-0.193526,-0.104185,0,0,0,0;
1.7, 0.160835,-0.193411,-0.104083,0,0,0,0;
1.71, 0.160651,-0.193366,-0.104017,0,0,0,0;
1.72, 0.160465,-0.193317,-0.10395,0,0,0,0;
1.73, 0.160308,-0.193285,-0.103893,0,0,0,0;
1.74, 0.160125,-0.193238,-0.103827,0,0,0,0;
1.75, 0.15998,-0.193212,-0.103773,0,0,0,0;
1.76, 0.159844,-0.193197,-0.10372,0,0,0,0;
1.77, 0.159627,-0.193132,-0.103644,0,0,0,0;
1.78, 0.159464,-0.193101,-0.103583,0,0,0,0;
1.79, 0.159407,-0.193136,-0.103554,0,0,0,0;
1.8, 0.159307,-0.193144,-0.103512,0,0,0,0;
1.81, 0.159134,-0.193096,-0.103449,0,0,0,0;
1.82, 0.158968,-0.193054,-0.103389,0,0,0,0;
1.83, 0.15877,-0.192993,-0.103318,0,0,0,0;
1.84, 0.158561,-0.192928,-0.103244,0,0,0,0;
1.85, 0.158289,-0.192826,-0.10315,0,0,0,0;
1.86, 0.158153,-0.192804,-0.103098,0,0,0,0;
1.87, 0.157903,-0.192712,-0.103011,0,0,0,0;
1.88, 0.157713,-0.192653,-0.102943,0,0,0,0;
1.89, 0.157514,-0.192588,-0.102872,0,0,0,0;
1.9, 0.157336,-0.192544,-0.102806,0,0,0,0;
1.91, 0.157287,-0.192577,-0.102779,0,0,0,0;
1.92, 0.157013,-0.19247,-0.102684,0,0,0,0;
1.93, 0.156915,-0.192465,-0.102644,0,0,0,0;
1.94, 0.156773,-0.192435,-0.10259,0,0,0,0;
1.95, 0.156595,-0.19239,-0.102523,0,0,0,0;
1.96, 0.156369,-0.192317,-0.102442,0,0,0,0;
1.97, 0.156278,-0.192321,-0.102403,0,0,0,0;
1.98, 0.156153,-0.1923,-0.102353,0,0,0,0;
1.99, 0.156053,-0.192286,-0.102313,0,0,0,0;
2, 0.15593,-0.19229,-0.102261,0,0,0,0;
2.01, 0.155727,-0.192226,-0.102187,0,0,0,0;
2.02, 0.155645,-0.192229,-0.102151,0,0,0,0;
2.03, 0.155486,-0.192191,-0.102091,0,0,0,0;
2.04, 0.155336,-0.192154,-0.102034,0,0,0,0;
2.05, 0.155283,-0.192183,-0.102005,0,0,0,0;
2.06, 0.155047,-0.192081,-0.101924,0,0,0,0;
2.07, 0.154744,-0.191963,-0.101817,0,0,0,0;
2.08, 0.154739,-0.192015,-0.101804,0,0,0,0;
2.09, 0.15447,-0.191907,-0.101709,0,0,0,0;
2.1, 0.154389,-0.191892,-0.101677,0,0,0,0;
2.11, 0.154143,-0.191807,-0.101587,0,0,0,0;
2.12, 0.154019,-0.19178,-0.101538,0,0,0,0;
2.13, 0.153835,-0.191743,-0.101465,0,0,0,0;
2.14, 0.153699,-0.191729,-0.101409,0,0,0,0;
2.15, 0.15347,-0.191633,-0.101328,0,0,0,0;
2.16, 0.153298,-0.191561,-0.101267,0,0,0,0;
2.17, 0.153156,-0.191529,-0.101211,0,0,0,0;
2.18, 0.152931,-0.191448,-0.101129,0,0,0,0;
2.19, 0.152781,-0.191413,-0.10107,0,0,0,0;
2.2, 0.152731,-0.19145,-0.10104,0,0,0,0;
2.21, 0.152549,-0.191389,-0.100972,0,0,0,0;
2.22, 0.152397,-0.191353,-0.100911,0,0,0,0;
2.23, 0.152186,-0.191274,-0.100834,0,0,0,0;
2.24, 0.152175,-0.191325,-0.100818,0,0,0,0;
2.25, 0.15204,-0.191304,-0.100762,0,0,0,0;
2.26, 0.151834,-0.191225,-0.100686,0,0,0,0;
2.27, 0.151742,-0.191223,-0.100646,0,0,0,0;
2.28, 0.151565,-0.191166,-0.100578,0,0,0,0;
2.29, 0.151433,-0.19114,-0.100524,0,0,0,0;
2.3, 0.151188,-0.191043,-0.100434,0,0,0,0;
2.31, 0.151008,-0.190983,-0.100366,0,0,0,0;
2.32, 0.150786,-0.190897,-0.100284,0,0,0,0;
2.33, 0.150504,-0.190779,-0.100181,0,0,0,0;
2.34, 0.150243,-0.190674,-0.100086,0,0,0,0;
2.35, 0.150203,-0.190707,-0.10006,0,0,0,0;
2.36, 0.150027,-0.190648,-0.0999923,0,0,0,0;
2.37, 0.149854,-0.190598,-0.0999241,0,0,0,0;
2.38, 0.149765,-0.190593,-0.0998838,0,0,0,0;
2.39, 0.149636,-0.190562,-0.099831,0,0,0,0;
2.4, 0.149433,-0.190489,-0.0997537,0,0,0,0;
2.41, 0.149324,-0.190472,-0.0997068,0,0,0,0;
2.42, 0.149183,-0.190434,-0.0996496,0,0,0,0;
2.43, 0.149069,-0.19041,-0.0996018,0,0,0,0;
2.44, 0.148877,-0.190341,-0.0995286,0,0,0,0;
2.45, 0.148634,-0.190241,-0.0994382,0,0,0,0;
2.46, 0.148381,-0.190135,-0.0993446,0,0,0,0;
2.47, 0.148148,-0.190041,-0.0992569,0,0,0,0;
2.48, 0.148027,-0.190023,-0.099204,0,0,0,0;
2.49, 0.147877,-0.18998,-0.0991433,0,0,0,0;
2.5, 0.147808,-0.189988,-0.0991087,0,0,0,0;
2.51, 0.147549,-0.189875,-0.0990131,0,0,0,0;
2.52, 0.147407,-0.189842,-0.0989535,0,0,0,0;
2.53, 0.147155,-0.189729,-0.0988603,0,0,0,0;
2.54, 0.147008,-0.189693,-0.0987986,0,0,0,0;
2.55, 0.146803,-0.189614,-0.0987192,0,0,0,0;
2.56, 0.146672,-0.189577,-0.0986654,0,0,0,0;
2.57, 0.146482,-0.1895,-0.0985932,0,0,0,0;
2.58, 0.146308,-0.189439,-0.0985246,0,0,0,0;
2.59, 0.146146,-0.18937,-0.0984628,0,0,0,0;
2.6, 0.14605,-0.189369,-0.0984165,0,0,0,0;
2.61, 0.146016,-0.189402,-0.098391,0,0,0,0;
2.62, 0.145788,-0.189297,-0.0983065,0,0,0,0;
2.63, 0.145573,-0.189208,-0.098224,0,0,0,0;
2.64, 0.145448,-0.189187,-0.0981686,0,0,0,0;
2.65, 0.145295,-0.189156,-0.0981013,0,0,0,0;
2.66, 0.145169,-0.189127,-0.0980459,0,0,0,0;
2.67, 0.145033,-0.189083,-0.0979896,0,0,0,0;
2.68, 0.144927,-0.189051,-0.0979459,0,0,0,0;
2.69, 0.144702,-0.18894,-0.0978636,0,0,0,0;
2.7, 0.14463,-0.188944,-0.097827,0,0,0,0;
2.71, 0.144536,-0.188939,-0.097781,0,0,0,0;
2.72, 0.144452,-0.188931,-0.0977415,0,0,0,0;
2.73, 0.144299,-0.188885,-0.0976772,0,0,0,0;
2.74, 0.143981,-0.18873,-0.09756,0,0,0,0;
2.75, 0.143851,-0.188702,-0.0975022,0,0,0,0;
2.76, 0.143582,-0.188579,-0.0973998,0,0,0,0;
2.77, 0.143378,-0.188497,-0.0973194,0,0,0,0;
2.78, 0.143254,-0.188464,-0.0972653,0,0,0,0;
2.79, 0.142982,-0.188337,-0.0971618,0,0,0,0;
2.8, 0.142738,-0.188218,-0.0970707,0,0,0,0;
2.81, 0.142437,-0.188063,-0.0969605,0,0,0,0;
2.82, 0.142222,-0.187971,-0.0968759,0,0,0,0;
2.83, 0.142132,-0.187958,-0.0968331,0,0,0,0;
2.84, 0.142019,-0.187931,-0.0967825,0,0,0,0;
2.85, 0.141907,-0.187902,-0.0967327,0,0,0,0;
2.86, 0.141804,-0.187877,-0.0966861,0,0,0,0;
2.87, 0.141764,-0.18789,-0.0966618,0,0,0,0;
2.88, 0.141576,-0.187806,-0.0965879,0,0,0,0;
2.89, 0.141382,-0.187722,-0.0965115,0,0,0,0;
2.9, 0.141245,-0.187681,-0.0964519,0,0,0,0;
2.91, 0.14116,-0.187673,-0.0964095,0,0,0,0;
2.92, 0.140992,-0.18761,-0.09634,0,0,0,0;
2.93, 0.140813,-0.187536,-0.0962679,0,0,0,0;
2.94, 0.140554,-0.187404,-0.0961706,0,0,0,0;
2.95, 0.140364,-0.18733,-0.0960923,0,0,0,0;
2.96, 0.140228,-0.187286,-0.0960326,0,0,0,0;
2.97, 0.140073,-0.18723,-0.0959673,0,0,0,0;
2.98, 0.139852,-0.187123,-0.0958815,0,0,0,0;
2.99, 0.139664,-0.187038,-0.0958069,0,0,0,0;
3, 0.13954,-0.187009,-0.0957493,0,0,0,0;
3.01, 0.139354,-0.186932,-0.0956729,0,0,0,0;
3.02, 0.13927,-0.186922,-0.0956302,0,0,0,0;
3.03, 0.139079,-0.186836,-0.0955537,0,0,0,0;
3.04, 0.138761,-0.186652,-0.0954397,0,0,0,0;
3.05, 0.138577,-0.18658,-0.0953619,0,0,0,0;
3.06, 0.138481,-0.186575,-0.0953108,0,0,0,0;
3.07, 0.138344,-0.186532,-0.0952496,0,0,0,0;
3.08, 0.138173,-0.18645,-0.0951821,0,0,0,0;
3.09, 0.137961,-0.186344,-0.0950998,0,0,0,0;
3.1, 0.137924,-0.18638,-0.0950671,0,0,0,0;
3.11, 0.137838,-0.18637,-0.0950224,0,0,0,0;
3.12, 0.137722,-0.186334,-0.0949696,0,0,0,0;
3.13, 0.137619,-0.186298,-0.0949243,0,0,0,0;
3.14, 0.137546,-0.186306,-0.0948811,0,0,0,0;
3.15, 0.137258,-0.186104,-0.0947881,0,0,0,0;
3.16, 0.137143,-0.186102,-0.0947235,0,0,0,0;
3.17, 0.137045,-0.186121,-0.0946616,0,0,0,0;
3.18, 0.136816,-0.186051,-0.0945562,0,0,0,0;
3.19, 0.136558,-0.185944,-0.0944463,0,0,0,0;
3.2, 0.136272,-0.185771,-0.0943429,0,0,0,0;
3.21, 0.136122,-0.185641,-0.0943037,0,0,0,0;
3.22, 0.135935,-0.185533,-0.0942336,0,0,0,0;
3.23, 0.135885,-0.185535,-0.0942037,0,0,0,0;
3.24, 0.135738,-0.185485,-0.0941367,0,0,0,0;
3.25, 0.135486,-0.185404,-0.0940193,0,0,0,0;
3.26, 0.135347,-0.185328,-0.0939658,0,0,0,0;
3.27, 0.135267,-0.18529,-0.0939334,0,0,0,0;
3.28, 0.135016,-0.18517,-0.09383,0,0,0,0;
3.29, 0.134868,-0.185105,-0.0937679,0,0,0,0;
3.3, 0.134585,-0.184962,-0.093654,0,0,0,0;
3.31, 0.134321,-0.18482,-0.0935511,0,0,0,0;
3.32, 0.134153,-0.184728,-0.0934851,0,0,0,0;
3.33, 0.134014,-0.184667,-0.0934255,0,0,0,0;
3.34, 0.13394,-0.184654,-0.0933864,0,0,0,0;
3.35, 0.133697,-0.184532,-0.093287,0,0,0,0;
3.36, 0.133587,-0.18449,-0.0932373,0,0,0,0;
3.37, 0.133394,-0.184397,-0.0931574,0,0,0,0;
3.38, 0.133286,-0.184361,-0.0931062,0,0,0,0;
3.39, 0.133119,-0.184287,-0.0930338,0,0,0,0;
3.4, 0.132943,-0.184212,-0.0929561,0,0,0,0;
3.41, 0.132772,-0.184138,-0.0928815,0,0,0,0;
3.42, 0.132614,-0.184068,-0.0928124,0,0,0,0;
3.43, 0.132444,-0.183993,-0.0927384,0,0,0,0;
3.44, 0.132279,-0.183909,-0.0926708,0,0,0,0;
3.45, 0.132104,-0.183828,-0.0925957,0,0,0,0;
3.46, 0.131927,-0.183745,-0.0925193,0,0,0,0;
3.47, 0.131692,-0.183625,-0.092422,0,0,0,0;
3.48, 0.131508,-0.183538,-0.0923426,0,0,0,0;
3.49, 0.131338,-0.183458,-0.0922696,0,0,0,0;
3.5, 0.131244,-0.183428,-0.0922228,0,0,0,0;
3.51, 0.131159,-0.183407,-0.0921782,0,0,0,0;
3.52, 0.131018,-0.183344,-0.0921158,0,0,0,0;
3.53, 0.130883,-0.183288,-0.0920539,0,0,0,0;
3.54, 0.130843,-0.183302,-0.0920232,0,0,0,0;
3.55, 0.130635,-0.183198,-0.091935,0,0,0,0;
3.56, 0.130543,-0.183166,-0.0918895,0,0,0,0;
3.57, 0.130416,-0.183115,-0.0918306,0,0,0,0;
3.58, 0.130241,-0.18303,-0.0917556,0,0,0,0;
3.59, 0.130094,-0.182967,-0.091688,0,0,0,0;
3.6, 0.129853,-0.182832,-0.0915912,0,0,0,0;
3.61, 0.129719,-0.182782,-0.0915268,0,0,0,0;
3.62, 0.129572,-0.182713,-0.0914613,0,0,0,0;
3.63, 0.129202,-0.182499,-0.091314,0,0,0,0;
3.64, 0.129078,-0.182444,-0.091257,0,0,0,0;
3.65, 0.128854,-0.18232,-0.0911647,0,0,0,0;
3.66, 0.128593,-0.182175,-0.0910577,0,0,0,0;
3.67, 0.128537,-0.182164,-0.0910258,0,0,0,0;
3.68, 0.128374,-0.182082,-0.0909558,0,0,0,0;
3.69, 0.128117,-0.181933,-0.0908521,0,0,0,0;
3.7, 0.128078,-0.181933,-0.0908264,0,0,0,0;
3.71, 0.127948,-0.18188,-0.0907638,0,0,0,0;
3.72, 0.127891,-0.181878,-0.0907271,0,0,0,0;
3.73, 0.127705,-0.181785,-0.0906453,0,0,0,0;
3.74, 0.127581,-0.181746,-0.0905803,0,0,0,0;
3.75, 0.127347,-0.181614,-0.0904834,0,0,0,0;
3.76, 0.127296,-0.181611,-0.0904502,0,0,0,0;
3.77, 0.127126,-0.181521,-0.0903764,0,0,0,0;
3.78, 0.127016,-0.181481,-0.0903211,0,0,0,0;
3.79, 0.12677,-0.181337,-0.0902203,0,0,0,0;
3.8, 0.126559,-0.181217,-0.0901326,0,0,0,0;
3.81, 0.126514,-0.181213,-0.0901036,0,0,0,0;
3.82, 0.126394,-0.181154,-0.0900491,0,0,0,0;
3.83, 0.126273,-0.1811,-0.0899921,0,0,0,0;
3.84, 0.126216,-0.18109,-0.0899577,0,0,0,0;
3.85, 0.125994,-0.180961,-0.0898655,0,0,0,0;
3.86, 0.125886,-0.180925,-0.0898081,0,0,0,0;
3.87, 0.125723,-0.180845,-0.0897338,0,0,0,0;
3.88, 0.125452,-0.180686,-0.0896222,0,0,0,0;
3.89, 0.125345,-0.18064,-0.0895694,0,0,0,0;
3.9, 0.125124,-0.180515,-0.0894755,0,0,0,0;
3.91, 0.124873,-0.180368,-0.0893703,0,0,0,0;
3.92, 0.124663,-0.180245,-0.0892831,0,0,0,0;
3.93, 0.124517,-0.18017,-0.0892166,0,0,0,0;
3.94, 0.124413,-0.18013,-0.0891623,0,0,0,0;
3.95, 0.124317,-0.180092,-0.0891126,0,0,0,0;
3.96, 0.124226,-0.180057,-0.0890652,0,0,0,0;
3.97, 0.123998,-0.179922,-0.0889697,0,0,0,0;
3.98, 0.123844,-0.179841,-0.0889001,0,0,0,0;
3.99, 0.123645,-0.179727,-0.0888143,0,0,0,0;
4, 0.123412,-0.179587,-0.0887176,0,0,0,0;
4.01, 0.123286,-0.179527,-0.0886574,0,0,0,0;
4.02, 0.123178,-0.179479,-0.088603,0,0,0,0;
4.03, 0.122749,-0.179199,-0.0884359,0,0,0,0;
4.04, 0.122555,-0.179087,-0.0883516,0,0,0,0;
4.05, 0.122414,-0.179014,-0.0882855,0,0,0,0;
4.06, 0.122214,-0.1789,-0.0881974,0,0,0,0;
4.07, 0.122219,-0.178933,-0.0881832,0,0,0,0;
4.08, 0.122027,-0.178824,-0.0880982,0,0,0,0;
4.09, 0.121817,-0.178705,-0.0880057,0,0,0,0;
4.1, 0.1217,-0.178648,-0.087948,0,0,0,0;
4.11, 0.121508,-0.178534,-0.0878653,0,0,0,0;
4.12, 0.121288,-0.178404,-0.0877699,0,0,0,0;
4.13, 0.121189,-0.17836,-0.0877186,0,0,0,0;
4.14, 0.121012,-0.178259,-0.087639,0,0,0,0;
4.15, 0.120882,-0.178199,-0.0875731,0,0,0,0;
4.16, 0.120578,-0.178006,-0.0874479,0,0,0,0;
4.17, 0.12049,-0.17797,-0.0874003,0,0,0,0;
4.18, 0.120436,-0.177957,-0.0873654,0,0,0,0;
4.19, 0.120178,-0.177802,-0.0872531,0,0,0,0;
4.2, 0.119923,-0.177642,-0.0871457,0,0,0,0;
4.21, 0.119761,-0.177549,-0.0870727,0,0,0,0;
4.22, 0.119672,-0.177514,-0.0870226,0,0,0,0;
4.23, 0.119559,-0.177452,-0.0869699,0,0,0,0;
4.24, 0.119296,-0.177288,-0.0868579,0,0,0,0;
4.25, 0.119185,-0.177237,-0.0867987,0,0,0,0;
4.26, 0.119123,-0.177214,-0.0867627,0,0,0,0;
4.27, 0.118988,-0.177137,-0.0867016,0,0,0,0;
4.28, 0.118872,-0.177076,-0.086646,0,0,0,0;
4.29, 0.118657,-0.176945,-0.0865509,0,0,0,0;
4.3, 0.118518,-0.17687,-0.0864838,0,0,0,0;
4.31, 0.118364,-0.176783,-0.0864111,0,0,0,0;
4.32, 0.118168,-0.176669,-0.0863213,0,0,0,0;
4.33, 0.118063,-0.176618,-0.0862664,0,0,0,0;
4.34, 0.117956,-0.176558,-0.0862152,0,0,0,0;
4.35, 0.117737,-0.176421,-0.08612,0,0,0,0;
4.36, 0.117523,-0.176286,-0.0860282,0,0,0,0;
4.37, 0.117383,-0.176208,-0.0859608,0,0,0,0;
4.38, 0.117174,-0.176074,-0.0858715,0,0,0,0;
4.39, 0.116961,-0.175942,-0.085777,0,0,0,0;
4.4, 0.116838,-0.175881,-0.0857125,0,0,0,0;
4.41, 0.116673,-0.175783,-0.0856358,0,0,0,0;
4.42, 0.116551,-0.175715,-0.0855756,0,0,0,0;
4.43, 0.116176,-0.17546,-0.0854234,0,0,0,0;
4.44, 0.116174,-0.175481,-0.0854071,0,0,0,0;
4.45, 0.115817,-0.175241,-0.0852597,0,0,0,0;
4.46, 0.11577,-0.175229,-0.0852258,0,0,0,0;
4.47, 0.115605,-0.175131,-0.0851484,0,0,0,0;
4.48, 0.115449,-0.175042,-0.0850715,0,0,0,0;
4.49, 0.115132,-0.174833,-0.0849352,0,0,0,0;
4.5, 0.11513,-0.17486,-0.0849149,0,0,0,0;
4.51, 0.115058,-0.174829,-0.0848722,0,0,0,0;
4.52, 0.114981,-0.174796,-0.0848262,0,0,0,0;
4.53, 0.114954,-0.174799,-0.0847992,0,0,0,0;
4.54, 0.114833,-0.174733,-0.0847371,0,0,0,0;
4.55, 0.114746,-0.174691,-0.0846881,0,0,0,0;
4.56, 0.114595,-0.174599,-0.084617,0,0,0,0;
4.57, 0.11436,-0.174443,-0.0845157,0,0,0,0;
4.58, 0.114322,-0.174437,-0.084486,0,0,0,0;
4.59, 0.11412,-0.174307,-0.0843954,0,0,0,0;
4.6, 0.113956,-0.174207,-0.0843168,0,0,0,0;
4.61, 0.113878,-0.174169,-0.084273,0,0,0,0;
4.62, 0.113667,-0.174031,-0.0841807,0,0,0,0;
4.63, 0.113593,-0.173994,-0.0841379,0,0,0,0;
4.64, 0.113443,-0.173901,-0.0840677,0,0,0,0;
4.65, 0.113486,-0.173956,-0.0840663,0,0,0,0;
4.66, 0.113215,-0.17377,-0.0839522,0,0,0,0;
4.67, 0.113049,-0.173668,-0.0838725,0,0,0,0;
4.68, 0.112887,-0.173568,-0.083795,0,0,0,0;
4.69, 0.112683,-0.173435,-0.0837028,0,0,0,0;
4.7, 0.112464,-0.173288,-0.0836069,0,0,0,0;
4.71, 0.112424,-0.17328,-0.0835741,0,0,0,0;
4.72, 0.112156,-0.173097,-0.0834587,0,0,0,0;
4.73, 0.111882,-0.172909,-0.0833413,0,0,0,0;
4.74, 0.11154,-0.172667,-0.0831984,0,0,0,0;
4.75, 0.111475,-0.172639,-0.0831567,0,0,0,0;
4.76, 0.111352,-0.172564,-0.0830951,0,0,0,0;
4.77, 0.111116,-0.172405,-0.0829893,0,0,0,0;
4.78, 0.110982,-0.172322,-0.0829225,0,0,0,0;
4.79, 0.110972,-0.172334,-0.0829029,0,0,0,0;
4.8, 0.110878,-0.172285,-0.0828474,0,0,0,0;
4.81, 0.110575,-0.172071,-0.08272,0,0,0,0;
4.82, 0.110459,-0.172003,-0.0826584,0,0,0,0;
4.83, 0.110247,-0.171856,-0.0825668,0,0,0,0;
4.84, 0.11012,-0.171777,-0.0825029,0,0,0,0;
4.85, 0.109968,-0.171683,-0.0824261,0,0,0,0;
4.86, 0.109888,-0.171638,-0.0823807,0,0,0,0;
4.87, 0.109606,-0.171441,-0.0822582,0,0,0,0;
4.88, 0.109516,-0.171389,-0.0822085,0,0,0,0;
4.89, 0.109348,-0.171275,-0.0821331,0,0,0,0;
4.9, 0.109362,-0.171307,-0.0821181,0,0,0,0;
4.91, 0.109023,-0.171067,-0.0819716,0,0,0,0;
4.92, 0.10903,-0.171095,-0.0819533,0,0,0,0;
4.93, 0.108929,-0.171038,-0.0818963,0,0,0,0;
4.94, 0.108766,-0.170931,-0.0818174,0,0,0,0;
4.95, 0.108559,-0.170786,-0.0817263,0,0,0,0;
4.96, 0.108329,-0.170627,-0.0816211,0,0,0,0;
4.97, 0.108268,-0.170599,-0.0815784,0,0,0,0;
4.98, 0.108094,-0.170477,-0.0815007,0,0,0,0;
4.99, 0.108017,-0.170433,-0.0814578,0,0,0,0;
5, 0.107825,-0.170299,-0.0813706,0,0,0,0;
5.01, 0.107719,-0.170229,-0.0813193,0,0,0,0;
5.02, 0.10762,-0.170168,-0.0812663,0,0,0,0;
5.03, 0.107464,-0.170063,-0.0811921,0,0,0,0;
5.04, 0.107152,-0.169833,-0.0810625,0,0,0,0;
5.05, 0.106964,-0.169703,-0.0809753,0,0,0,0;
5.06, 0.10664,-0.169465,-0.0808387,0,0,0,0;
5.07, 0.106417,-0.16931,-0.080735,0,0,0,0;
5.08, 0.106238,-0.169188,-0.0806482,0,0,0,0;
5.09, 0.105971,-0.168997,-0.0805278,0,0,0,0;
5.1, 0.105715,-0.168812,-0.0804152,0,0,0,0;
5.11, 0.105601,-0.168738,-0.0803563,0,0,0,0;
5.12, 0.105359,-0.168563,-0.0802486,0,0,0,0;
5.13, 0.105333,-0.168558,-0.0802212,0,0,0,0;
5.14, 0.105212,-0.168478,-0.0801578,0,0,0,0;
5.15, 0.10512,-0.168423,-0.0801031,0,0,0,0;
5.16, 0.105058,-0.168391,-0.0800593,0,0,0,0;
5.17, 0.104713,-0.168135,-0.0799112,0,0,0,0;
5.18, 0.104573,-0.16804,-0.0798419,0,0,0,0;
5.19, 0.104336,-0.167868,-0.0797346,0,0,0,0;
5.2, 0.104127,-0.16772,-0.079635,0,0,0,0;
5.21, 0.104045,-0.167671,-0.0795846,0,0,0,0;
5.22, 0.104064,-0.167699,-0.0795758,0,0,0,0;
5.23, 0.103895,-0.167581,-0.0794913,0,0,0,0;
5.24, 0.103764,-0.167492,-0.0794246,0,0,0,0;
5.25, 0.103613,-0.167386,-0.0793519,0,0,0,0;
5.26, 0.103284,-0.167141,-0.0792084,0,0,0,0;
5.27, 0.103266,-0.167139,-0.079186,0,0,0,0;
5.28, 0.103172,-0.167076,-0.0791365,0,0,0,0;
5.29, 0.102947,-0.166911,-0.0790334,0,0,0,0;
5.3, 0.102893,-0.16688,-0.0789995,0,0,0,0;
5.31, 0.102769,-0.166793,-0.0789373,0,0,0,0;
5.32, 0.102603,-0.166673,-0.0788582,0,0,0,0;
5.33, 0.1024,-0.166527,-0.0787611,0,0,0,0;
5.34, 0.102218,-0.166396,-0.0786737,0,0,0,0;
5.35, 0.102038,-0.166264,-0.0785903,0,0,0,0;
5.36, 0.101914,-0.166177,-0.0785272,0,0,0,0;
5.37, 0.101726,-0.166041,-0.0784367,0,0,0,0;
5.38, 0.101696,-0.166034,-0.0784013,0,0,0,0;
5.39, 0.1015,-0.16589,-0.0783061,0,0,0,0;
5.4, 0.101423,-0.165843,-0.0782579,0,0,0,0;
5.41, 0.101259,-0.165724,-0.078179,0,0,0,0;
5.42, 0.101044,-0.165562,-0.0780798,0,0,0,0;
5.43, 0.100905,-0.165465,-0.0780075,0,0,0,0;
5.44, 0.100714,-0.165324,-0.0779167,0,0,0,0;
5.45, 0.100614,-0.165254,-0.077862,0,0,0,0;
5.46, 0.1005,-0.165174,-0.0778014,0,0,0,0;
5.47, 0.100434,-0.165136,-0.0777534,0,0,0,0;
5.48, 0.100301,-0.16504,-0.0776847,0,0,0,0;
5.49, 0.100288,-0.16504,-0.0776648,0,0,0,0;
5.5, 0.100174,-0.164958,-0.0776076,0,0,0,0;
5.51, 0.099966,-0.164805,-0.0775044,0,0,0,0;
5.52, 0.0996912,-0.164595,-0.0773814,0,0,0,0;
5.53, 0.099604,-0.164534,-0.0773332,0,0,0,0;
5.54, 0.0994426,-0.164413,-0.0772552,0,0,0,0;
5.55, 0.0993237,-0.164328,-0.0771922,0,0,0,0;
5.56, 0.0992795,-0.164304,-0.0771562,0,0,0,0;
5.57, 0.0991199,-0.164186,-0.0770775,0,0,0,0;
5.58, 0.0987922,-0.16393,-0.0769342,0,0,0,0;
5.59, 0.0986752,-0.163847,-0.0768709,0,0,0,0;
5.6, 0.0985973,-0.163794,-0.0768222,0,0,0,0;
5.61, 0.0983978,-0.163643,-0.0767256,0,0,0,0;
5.62, 0.0981525,-0.163454,-0.0766144,0,0,0,0;
5.63, 0.0980422,-0.163374,-0.0765536,0,0,0,0;
5.64, 0.0978827,-0.163255,-0.0764743,0,0,0,0;
5.65, 0.0976162,-0.163048,-0.0763526,0,0,0,0;
5.66, 0.097435,-0.162911,-0.0762623,0,0,0,0;
5.67, 0.0972527,-0.162771,-0.0761763,0,0,0,0;
5.68, 0.0970631,-0.162626,-0.0760846,0,0,0,0;
5.69, 0.0969161,-0.162515,-0.0760079,0,0,0,0;
5.7, 0.0968364,-0.162459,-0.07596,0,0,0,0;
5.71, 0.0966021,-0.162277,-0.0758516,0,0,0,0;
5.72, 0.0964882,-0.162192,-0.0757905,0,0,0,0;
5.73, 0.0962978,-0.162046,-0.0756978,0,0,0,0;
5.74, 0.0962917,-0.16205,-0.0756765,0,0,0,0;
5.75, 0.0961898,-0.161975,-0.0756202,0,0,0,0;
5.76, 0.0961342,-0.161938,-0.0755798,0,0,0,0;
5.77, 0.0957843,-0.161659,-0.075426,0,0,0,0;
5.78, 0.095676,-0.161578,-0.0753663,0,0,0,0;
5.79, 0.0955657,-0.161497,-0.0753028,0,0,0,0;
5.8, 0.0954126,-0.16138,-0.0752241,0,0,0,0;
5.81, 0.0953172,-0.161309,-0.0751695,0,0,0,0;
5.82, 0.095271,-0.16128,-0.075131,0,0,0,0;
5.83, 0.0950094,-0.161072,-0.0750134,0,0,0,0;
5.84, 0.0949109,-0.160998,-0.0749598,0,0,0,0;
5.85, 0.0947823,-0.160899,-0.0748925,0,0,0,0;
5.86, 0.0946314,-0.160782,-0.0748156,0,0,0,0;
5.87, 0.0943992,-0.160596,-0.0747109,0,0,0,0;
5.88, 0.094306,-0.160526,-0.0746575,0,0,0,0;
5.89, 0.0941872,-0.160435,-0.0745904,0,0,0,0;
5.9, 0.0938756,-0.160183,-0.0744538,0,0,0,0;
5.91, 0.0937689,-0.160102,-0.0743966,0,0,0,0;
5.92, 0.0935294,-0.159912,-0.0742785,0,0,0,0;
5.93, 0.0934786,-0.159875,-0.0742445,0,0,0,0;
5.94, 0.0931267,-0.159589,-0.0740896,0,0,0,0;
5.95, 0.0929388,-0.15944,-0.073995,0,0,0,0;
5.96, 0.0928471,-0.159371,-0.0739359,0,0,0,0;
5.97, 0.0926956,-0.159252,-0.0738592,0,0,0,0;
5.98, 0.0925778,-0.159159,-0.0737984,0,0,0,0;
5.99, 0.0924883,-0.159091,-0.0737461,0,0,0,0;
6, 0.0923473,-0.158979,-0.0736722,0,0,0,0;
6.01, 0.0921701,-0.158837,-0.0735844,0,0,0,0;
6.02, 0.0920887,-0.158775,-0.073537,0,0,0,0;
6.03, 0.092015,-0.158719,-0.0734889,0,0,0,0;
6.04, 0.0918543,-0.158591,-0.0734053,0,0,0,0;
6.05, 0.0916912,-0.15846,-0.0733263,0,0,0,0;
6.06, 0.0914702,-0.158279,-0.0732245,0,0,0,0;
6.07, 0.0911217,-0.157992,-0.0730701,0,0,0,0;
6.08, 0.0910974,-0.157977,-0.0730396,0,0,0,0;
6.09, 0.0908959,-0.157813,-0.0729402,0,0,0,0;
6.1, 0.0907182,-0.157668,-0.0728517,0,0,0,0;
6.11, 0.0906761,-0.157638,-0.0728148,0,0,0,0;
6.12, 0.0906175,-0.157594,-0.0727735,0,0,0,0;
6.13, 0.0906507,-0.157628,-0.0727626,0,0,0,0;
6.14, 0.0905666,-0.157561,-0.0727146,0,0,0,0;
6.15, 0.0904924,-0.157504,-0.0726679,0,0,0,0;
6.16, 0.0903277,-0.15737,-0.0725869,0,0,0,0;
6.17, 0.0900123,-0.157108,-0.072447,0,0,0,0;
6.18, 0.089935,-0.157047,-0.072398,0,0,0,0;
6.19, 0.0896363,-0.156799,-0.072266,0,0,0,0;
6.2, 0.0894966,-0.156685,-0.0721949,0,0,0,0;
6.21, 0.089205,-0.156442,-0.0720619,0,0,0,0;
6.22, 0.0889949,-0.156268,-0.0719603,0,0,0,0;
6.23, 0.0888189,-0.156122,-0.0718687,0,0,0,0;
6.24, 0.0883558,-0.155732,-0.0716657,0,0,0,0;
6.25, 0.0882559,-0.155651,-0.0716107,0,0,0,0;
6.26, 0.0881691,-0.155581,-0.0715581,0,0,0,0;
6.27, 0.0880836,-0.155512,-0.0715054,0,0,0,0;
6.28, 0.088006,-0.155449,-0.0714583,0,0,0,0;
6.29, 0.0879472,-0.155402,-0.0714176,0,0,0,0;
6.3, 0.08771,-0.155203,-0.0713068,0,0,0,0;
6.31, 0.0875588,-0.155078,-0.0712288,0,0,0,0;
6.32, 0.0875167,-0.155045,-0.0711931,0,0,0,0;
6.33, 0.0875294,-0.155059,-0.0711753,0,0,0,0;
6.34, 0.0871146,-0.154707,-0.0709915,0,0,0,0;
6.35, 0.0872113,-0.154793,-0.0710109,0,0,0,0;
6.36, 0.0872057,-0.154791,-0.0709894,0,0,0,0;
6.37, 0.0868516,-0.154491,-0.0708324,0,0,0,0;
6.38, 0.0868752,-0.154514,-0.070821,0,0,0,0;
6.39, 0.0867121,-0.154376,-0.0707378,0,0,0,0;
6.4, 0.0865567,-0.154246,-0.0706562,0,0,0,0;
6.41, 0.086455,-0.154161,-0.0705987,0,0,0,0;
6.42, 0.0862844,-0.154016,-0.0705086,0,0,0,0;
6.43, 0.0860905,-0.153851,-0.0704129,0,0,0,0;
6.44, 0.0860275,-0.1538,-0.0703732,0,0,0,0;
6.45, 0.0858949,-0.153687,-0.0703023,0,0,0,0;
6.46, 0.0856657,-0.153492,-0.0701944,0,0,0,0;
6.47, 0.0855918,-0.153429,-0.0701446,0,0,0,0;
6.48, 0.0853899,-0.153257,-0.0700467,0,0,0,0;
6.49, 0.0853192,-0.153198,-0.0700023,0,0,0,0;
6.5, 0.0852647,-0.153152,-0.0699607,0,0,0,0;
6.51, 0.0850444,-0.152964,-0.0698528,0,0,0,0;
6.52, 0.0849475,-0.152881,-0.0697953,0,0,0,0;
6.53, 0.0848221,-0.152774,-0.0697313,0,0,0,0;
6.54, 0.0845228,-0.152517,-0.0695987,0,0,0,0;
6.55, 0.0842943,-0.152321,-0.0694905,0,0,0,0;
6.56, 0.0841768,-0.15222,-0.0694256,0,0,0,0;
6.57, 0.0839059,-0.151985,-0.0693006,0,0,0,0;
6.58, 0.0836978,-0.151805,-0.0691975,0,0,0,0;
6.59, 0.0834954,-0.15163,-0.0690987,0,0,0,0;
6.6, 0.0835124,-0.151645,-0.0690831,0,0,0,0;
6.61, 0.0833381,-0.151493,-0.0689902,0,0,0,0;
6.62, 0.0831613,-0.15134,-0.0689048,0,0,0,0;
6.63, 0.0830115,-0.15121,-0.0688258,0,0,0,0;
6.64, 0.0829772,-0.15118,-0.0687937,0,0,0,0;
6.65, 0.0829368,-0.151144,-0.0687563,0,0,0,0;
6.66, 0.0828032,-0.151027,-0.0686831,0,0,0,0;
6.67, 0.082713,-0.150949,-0.0686294,0,0,0,0;
6.68, 0.0826376,-0.150883,-0.0685808,0,0,0,0;
6.69, 0.0825581,-0.150813,-0.0685301,0,0,0,0;
6.7, 0.082284,-0.150573,-0.0684021,0,0,0,0;
6.71, 0.0822472,-0.150541,-0.0683725,0,0,0,0;
6.72, 0.0820569,-0.150375,-0.068279,0,0,0,0;
6.73, 0.0819433,-0.150276,-0.0682197,0,0,0,0;
6.74, 0.0818192,-0.150166,-0.0681493,0,0,0,0;
6.75, 0.081719,-0.150077,-0.0680868,0,0,0,0;
6.76, 0.0815931,-0.149965,-0.0680177,0,0,0,0;
6.77, 0.0814228,-0.149815,-0.0679303,0,0,0,0;
6.78, 0.0811867,-0.149607,-0.0678185,0,0,0,0;
6.79, 0.0810569,-0.149492,-0.067748,0,0,0,0;
6.8, 0.0809337,-0.149383,-0.0676801,0,0,0,0;
6.81, 0.0808657,-0.149322,-0.067636,0,0,0,0;
6.82, 0.0805978,-0.149084,-0.0675095,0,0,0,0;
6.83, 0.0803962,-0.148905,-0.0674071,0,0,0,0;
6.84, 0.0802644,-0.148788,-0.0673345,0,0,0,0;
6.85, 0.0801067,-0.148647,-0.0672512,0,0,0,0;
6.86, 0.0798987,-0.148461,-0.0671493,0,0,0,0;
6.87, 0.0798327,-0.148401,-0.0671047,0,0,0,0;
6.88, 0.0794723,-0.148081,-0.0669438,0,0,0,0;
6.89, 0.0792481,-0.147881,-0.0668342,0,0,0,0;
6.9, 0.079187,-0.147824,-0.0667902,0,0,0,0;
6.91, 0.0790956,-0.147741,-0.0667328,0,0,0,0;
6.92, 0.0791051,-0.147747,-0.0667184,0,0,0,0;
6.93, 0.0790288,-0.147676,-0.0666677,0,0,0,0;
6.94, 0.0789068,-0.147566,-0.0666011,0,0,0,0;
6.95, 0.0787879,-0.147458,-0.0665337,0,0,0,0;
6.96, 0.0786512,-0.147333,-0.0664571,0,0,0,0;
6.97, 0.0785789,-0.147265,-0.0664076,0,0,0,0;
6.98, 0.0782785,-0.146996,-0.0662692,0,0,0,0;
6.99, 0.078098,-0.146834,-0.0661789,0,0,0,0;
7, 0.077959,-0.146708,-0.066105,0,0,0,0;
7.01, 0.0777156,-0.146488,-0.0659891,0,0,0,0;
7.02, 0.0775248,-0.146315,-0.0658957,0,0,0,0;
7.03, 0.0773758,-0.146179,-0.065817,0,0,0,0;
7.04, 0.0772214,-0.146037,-0.0657322,0,0,0,0;
7.05, 0.0771757,-0.145993,-0.0656962,0,0,0,0;
7.06, 0.0770144,-0.145844,-0.0656091,0,0,0,0;
7.07, 0.0769609,-0.145792,-0.0655643,0,0,0,0;
7.08, 0.0769334,-0.145764,-0.0655362,0,0,0,0;
7.09, 0.0768185,-0.145659,-0.0654737,0,0,0,0;
7.1, 0.0767969,-0.145637,-0.0654486,0,0,0,0;
7.11, 0.0766684,-0.145516,-0.0653716,0,0,0,0;
7.12, 0.0766383,-0.145486,-0.0653412,0,0,0,0;
7.13, 0.0764537,-0.145318,-0.0652504,0,0,0,0;
7.14, 0.0763932,-0.145261,-0.0652123,0,0,0,0;
7.15, 0.0760619,-0.144961,-0.0650628,0,0,0,0;
7.16, 0.0759496,-0.144857,-0.0650023,0,0,0,0;
7.17, 0.0758082,-0.144727,-0.0649284,0,0,0,0;
7.18, 0.0757199,-0.144643,-0.0648742,0,0,0,0;
7.19, 0.0754578,-0.144401,-0.064745,0,0,0,0;
7.2, 0.075275,-0.144231,-0.0646507,0,0,0,0;
7.21, 0.075089,-0.144057,-0.0645527,0,0,0,0;
7.22, 0.0748025,-0.143794,-0.0644168,0,0,0,0;
7.23, 0.0748989,-0.143876,-0.0644361,0,0,0,0;
7.24, 0.0746683,-0.143662,-0.0643213,0,0,0,0;
7.25, 0.0746756,-0.143664,-0.0643071,0,0,0,0;
7.26, 0.0745384,-0.143535,-0.0642312,0,0,0,0;
7.27, 0.0743936,-0.1434,-0.0641552,0,0,0,0;
7.28, 0.0741966,-0.143219,-0.0640597,0,0,0,0;
7.29, 0.0740692,-0.143097,-0.0639878,0,0,0,0;
7.3, 0.0737887,-0.142837,-0.0638519,0,0,0,0;
7.31, 0.0737064,-0.142758,-0.0638037,0,0,0,0;
7.32, 0.0734256,-0.142499,-0.0636727,0,0,0,0;
7.33, 0.0734276,-0.142495,-0.0636559,0,0,0,0;
7.34, 0.0732773,-0.142354,-0.0635765,0,0,0,0;
7.35, 0.0731663,-0.142248,-0.063513,0,0,0,0;
7.36, 0.0730411,-0.142127,-0.0634396,0,0,0,0;
7.37, 0.0728471,-0.141944,-0.0633411,0,0,0,0;
7.38, 0.0726899,-0.141796,-0.0632601,0,0,0,0;
7.39, 0.0726752,-0.141774,-0.0632303,0,0,0,0;
7.4, 0.0726793,-0.14177,-0.0632083,0,0,0,0;
7.41, 0.0726432,-0.141732,-0.0631774,0,0,0,0;
7.42, 0.0724704,-0.141568,-0.063086,0,0,0,0;
7.43, 0.0723405,-0.141443,-0.0630148,0,0,0,0;
7.44, 0.0723028,-0.141403,-0.0629809,0,0,0,0;
7.45, 0.0721842,-0.141288,-0.062913,0,0,0,0;
7.46, 0.0719322,-0.141053,-0.0627947,0,0,0,0;
7.47, 0.071847,-0.140968,-0.0627394,0,0,0,0;
7.48, 0.0716322,-0.140764,-0.0626321,0,0,0,0;
7.49, 0.071567,-0.140698,-0.0625879,0,0,0,0;
7.5, 0.0713976,-0.140538,-0.0625016,0,0,0,0;
7.51, 0.071335,-0.140474,-0.0624586,0,0,0,0;
7.52, 0.071212,-0.140356,-0.0623927,0,0,0,0;
7.53, 0.0711102,-0.140257,-0.0623331,0,0,0,0;
7.54, 0.0709815,-0.140131,-0.0622607,0,0,0,0;
7.55, 0.0708904,-0.140041,-0.0622053,0,0,0,0;
7.56, 0.0706659,-0.139829,-0.0620964,0,0,0,0;
7.57, 0.0706022,-0.139765,-0.0620543,0,0,0,0;
7.58, 0.0703712,-0.139546,-0.061943,0,0,0,0;
7.59, 0.0701505,-0.139337,-0.0618345,0,0,0,0;
7.6, 0.0700914,-0.139274,-0.0617902,0,0,0,0;
7.61, 0.0700014,-0.139185,-0.0617369,0,0,0,0;
7.62, 0.0698391,-0.13903,-0.0616558,0,0,0,0;
7.63, 0.0698332,-0.139018,-0.0616365,0,0,0,0;
7.64, 0.0697246,-0.13891,-0.061573,0,0,0,0;
7.65, 0.0696082,-0.138795,-0.0615062,0,0,0,0;
7.66, 0.0693396,-0.138538,-0.0613751,0,0,0,0;
7.67, 0.0690947,-0.138304,-0.0612541,0,0,0,0;
7.68, 0.068955,-0.138165,-0.0611754,0,0,0,0;
7.69, 0.0686942,-0.137916,-0.0610499,0,0,0,0;
7.7, 0.0685652,-0.137785,-0.0609729,0,0,0,0;
7.71, 0.0683184,-0.137552,-0.0608576,0,0,0,0;
7.72, 0.0682905,-0.137517,-0.0608274,0,0,0,0;
7.73, 0.0681814,-0.137406,-0.0607616,0,0,0,0;
7.74, 0.0681056,-0.137328,-0.0607127,0,0,0,0;
7.75, 0.0680459,-0.137266,-0.0606714,0,0,0,0;
7.76, 0.0679814,-0.137194,-0.0606216,0,0,0,0;
7.77, 0.0678768,-0.13709,-0.0605623,0,0,0,0;
7.78, 0.0675399,-0.136766,-0.0603998,0,0,0,0;
7.79, 0.0673934,-0.136619,-0.0603176,0,0,0,0;
7.8, 0.0673397,-0.136559,-0.0602752,0,0,0,0;
7.81, 0.0671069,-0.136334,-0.0601614,0,0,0,0;
7.82, 0.0670589,-0.13628,-0.0601225,0,0,0,0;
7.83, 0.0668415,-0.136065,-0.0600087,0,0,0,0;
7.84, 0.0667619,-0.135981,-0.0599558,0,0,0,0;
7.85, 0.0667499,-0.13596,-0.059931,0,0,0,0;
7.86, 0.0666472,-0.135856,-0.0598717,0,0,0,0;
7.87, 0.0665839,-0.135789,-0.0598293,0,0,0,0;
7.88, 0.0664858,-0.13569,-0.0597738,0,0,0,0;
7.89, 0.0663356,-0.13554,-0.0596925,0,0,0,0;
7.9, 0.0661278,-0.135339,-0.0595907,0,0,0,0;
7.91, 0.0659469,-0.135161,-0.0594995,0,0,0,0;
7.92, 0.0657274,-0.134946,-0.0593885,0,0,0,0;
7.93, 0.0655783,-0.134798,-0.0593104,0,0,0,0;
7.94, 0.0653065,-0.134536,-0.0591824,0,0,0,0;
7.95, 0.0651654,-0.134392,-0.0591029,0,0,0,0;
7.96, 0.0650757,-0.134298,-0.0590477,0,0,0,0;
7.97, 0.0649042,-0.134125,-0.0589558,0,0,0,0;
7.98, 0.0647424,-0.133963,-0.0588703,0,0,0,0;
7.99, 0.0646377,-0.13385,-0.0588031,0,0,0,0;
8, 0.0646165,-0.13382,-0.0587757,0,0,0,0;
8.01, 0.0644688,-0.133672,-0.0586968,0,0,0,0;
8.02, 0.0644191,-0.133614,-0.0586566,0,0,0,0;
8.03, 0.0641278,-0.133331,-0.058521,0,0,0,0;
8.04, 0.0638938,-0.1331,-0.058404,0,0,0,0;
8.05, 0.0639324,-0.133125,-0.0583996,0,0,0,0;
8.06, 0.063793,-0.13298,-0.0583197,0,0,0,0;
8.07, 0.0636572,-0.132838,-0.0582398,0,0,0,0;
8.08, 0.0635258,-0.132702,-0.0581647,0,0,0,0;
8.09, 0.0634633,-0.132633,-0.0581212,0,0,0,0;
8.1, 0.0634309,-0.132588,-0.0580857,0,0,0,0;
8.11, 0.0633593,-0.132509,-0.0580364,0,0,0,0;
8.12, 0.063052,-0.132208,-0.0578912,0,0,0,0;
8.13, 0.0630255,-0.132171,-0.0578595,0,0,0,0;
8.14, 0.0628423,-0.131985,-0.0577634,0,0,0,0;
8.15, 0.0626272,-0.131774,-0.0576605,0,0,0,0;
8.16, 0.0625521,-0.13169,-0.0576083,0,0,0,0;
8.17, 0.0623162,-0.131457,-0.0574939,0,0,0,0;
8.18, 0.0621176,-0.131261,-0.0573971,0,0,0,0;
8.19, 0.0621454,-0.131276,-0.0573904,0,0,0,0;
8.2, 0.0619969,-0.131123,-0.0573095,0,0,0,0;
8.21, 0.0619334,-0.131052,-0.0572665,0,0,0,0;
8.22, 0.0617495,-0.130868,-0.0571739,0,0,0,0;
8.23, 0.061713,-0.13082,-0.0571382,0,0,0,0;
8.24, 0.0616514,-0.130749,-0.0570934,0,0,0,0;
8.25, 0.0615364,-0.130626,-0.0570245,0,0,0,0;
8.26, 0.0613717,-0.130457,-0.0569357,0,0,0,0;
8.27, 0.0613732,-0.130444,-0.0569157,0,0,0,0;
8.28, 0.0613148,-0.130377,-0.056873,0,0,0,0;
8.29, 0.0612343,-0.130289,-0.056822,0,0,0,0;
8.3, 0.0611272,-0.130176,-0.0567591,0,0,0,0;
8.31, 0.0609392,-0.129987,-0.0566657,0,0,0,0;
8.32, 0.0608804,-0.129925,-0.0566298,0,0,0,0;
8.33, 0.0605576,-0.129605,-0.0564758,0,0,0,0;
8.34, 0.0605579,-0.129593,-0.0564577,0,0,0,0;
8.35, 0.0603779,-0.129412,-0.0563679,0,0,0,0;
8.36, 0.0602242,-0.129252,-0.0562843,0,0,0,0;
8.37, 0.0601048,-0.129124,-0.0562141,0,0,0,0;
8.38, 0.0600474,-0.129054,-0.0561691,0,0,0,0;
8.39, 0.0597013,-0.128711,-0.0560059,0,0,0,0;
8.4, 0.0594992,-0.128506,-0.0559048,0,0,0,0;
8.41, 0.0594505,-0.128447,-0.055866,0,0,0,0;
8.42, 0.0592198,-0.12821,-0.0557481,0,0,0,0;
8.43, 0.0591674,-0.128144,-0.055704,0,0,0,0;
8.44, 0.0591345,-0.128098,-0.0556704,0,0,0,0;
8.45, 0.0590035,-0.127958,-0.055596,0,0,0,0;
8.46, 0.0588984,-0.127844,-0.0555336,0,0,0,0;
8.47, 0.0586765,-0.127615,-0.0554188,0,0,0,0;
8.48, 0.0587576,-0.127681,-0.0554352,0,0,0,0;
8.49, 0.0586841,-0.127593,-0.0553824,0,0,0,0;
8.5, 0.0585382,-0.127441,-0.0553041,0,0,0,0;
8.51, 0.0585674,-0.127455,-0.0552967,0,0,0,0;
8.52, 0.0584201,-0.127302,-0.0552183,0,0,0,0;
8.53, 0.0583123,-0.127188,-0.0551588,0,0,0,0;
8.54, 0.05825,-0.127113,-0.055112,0,0,0,0;
8.55, 0.0582092,-0.127063,-0.05508,0,0,0,0;
8.56, 0.0581105,-0.126956,-0.055022,0,0,0,0;
8.57, 0.0579639,-0.126802,-0.0549434,0,0,0,0;
8.58, 0.0578458,-0.126675,-0.0548755,0,0,0,0;
8.59, 0.0577197,-0.126538,-0.0548028,0,0,0,0;
8.6, 0.0574883,-0.126304,-0.0546898,0,0,0,0;
8.61, 0.0573071,-0.126115,-0.0545952,0,0,0,0;
8.62, 0.0571843,-0.125982,-0.0545252,0,0,0,0;
8.63, 0.0569964,-0.125787,-0.0544282,0,0,0,0;
8.64, 0.0570658,-0.125838,-0.0544366,0,0,0,0;
8.65, 0.0567345,-0.125506,-0.0542812,0,0,0,0;
8.66, 0.0564504,-0.125218,-0.0541456,0,0,0,0;
8.67, 0.0563437,-0.125099,-0.0540804,0,0,0,0;
8.68, 0.0561229,-0.124872,-0.053971,0,0,0,0;
8.69, 0.0559388,-0.124681,-0.053877,0,0,0,0;
8.7, 0.0557627,-0.124495,-0.0537838,0,0,0,0;
8.71, 0.0556614,-0.124377,-0.053718,0,0,0,0;
8.72, 0.0556384,-0.12434,-0.0536893,0,0,0,0;
8.73, 0.0555023,-0.124195,-0.0536158,0,0,0,0;
8.74, 0.0552858,-0.123969,-0.0535059,0,0,0,0;
8.75, 0.0551092,-0.123787,-0.0534172,0,0,0,0;
8.76, 0.0550862,-0.12375,-0.0533903,0,0,0,0;
8.77, 0.0547575,-0.123416,-0.0532339,0,0,0,0;
8.78, 0.054846,-0.123487,-0.0532531,0,0,0,0;
8.79, 0.0546767,-0.123312,-0.0531689,0,0,0,0;
8.8, 0.0546537,-0.123275,-0.0531418,0,0,0,0;
8.81, 0.0546404,-0.123248,-0.0531184,0,0,0,0;
8.82, 0.0545855,-0.123183,-0.0530807,0,0,0,0;
8.83, 0.0544625,-0.123053,-0.0530152,0,0,0,0;
8.84, 0.0542728,-0.122858,-0.0529226,0,0,0,0;
8.85, 0.0540523,-0.122635,-0.0528186,0,0,0,0;
8.86, 0.0539808,-0.122552,-0.0527726,0,0,0,0;
8.87, 0.0538617,-0.122422,-0.0527061,0,0,0,0;
8.88, 0.0535852,-0.122144,-0.052578,0,0,0,0;
8.89, 0.0534779,-0.122029,-0.0525195,0,0,0,0;
8.9, 0.0534551,-0.121991,-0.0524918,0,0,0,0;
8.91, 0.0532949,-0.121822,-0.0524083,0,0,0,0;
8.92, 0.0532522,-0.121767,-0.052375,0,0,0,0;
8.93, 0.0532624,-0.121762,-0.0523612,0,0,0,0;
8.94, 0.0531772,-0.121666,-0.05231,0,0,0,0;
8.95, 0.0529769,-0.121461,-0.0522141,0,0,0,0;
8.96, 0.0528973,-0.121367,-0.052162,0,0,0,0;
8.97, 0.0527841,-0.121246,-0.0521015,0,0,0,0;
8.98, 0.0527187,-0.121164,-0.0520535,0,0,0,0;
8.99, 0.0526539,-0.121086,-0.0520098,0,0,0,0;
9, 0.0525933,-0.121014,-0.0519689,0,0,0,0;
9.01, 0.0523548,-0.120769,-0.0518547,0,0,0,0;
9.02, 0.0520376,-0.120447,-0.0517077,0,0,0,0;
9.03, 0.0519063,-0.120313,-0.0516448,0,0,0,0;
9.04, 0.0518359,-0.120233,-0.0516015,0,0,0,0;
9.05, 0.0516373,-0.120033,-0.0515102,0,0,0,0;
9.06, 0.0515717,-0.119952,-0.0514647,0,0,0,0;
9.07, 0.0515318,-0.1199,-0.0514328,0,0,0,0;
9.08, 0.0514381,-0.119797,-0.0513806,0,0,0,0;
9.09, 0.0511486,-0.1195,-0.0512437,0,0,0,0;
9.1, 0.0512615,-0.119598,-0.0512758,0,0,0,0;
9.11, 0.0510365,-0.119362,-0.0511646,0,0,0,0;
9.12, 0.0508072,-0.119124,-0.0510531,0,0,0,0;
9.13, 0.0506359,-0.118942,-0.0509663,0,0,0,0;
9.14, 0.0504529,-0.11875,-0.0508751,0,0,0,0;
9.15, 0.0501809,-0.118469,-0.050746,0,0,0,0;
9.16, 0.0500262,-0.118304,-0.0506659,0,0,0,0;
9.17, 0.0498499,-0.118115,-0.0505755,0,0,0,0;
9.18, 0.0497088,-0.117964,-0.050502,0,0,0,0;
9.19, 0.0496137,-0.117857,-0.0504473,0,0,0,0;
9.2, 0.0494715,-0.117702,-0.0503705,0,0,0,0;
9.21, 0.0493206,-0.117535,-0.0502878,0,0,0,0;
9.22, 0.0491833,-0.117381,-0.0502109,0,0,0,0;
9.23, 0.04912,-0.117304,-0.0501692,0,0,0,0;
9.24, 0.0491015,-0.117272,-0.0501456,0,0,0,0;
9.25, 0.0489301,-0.117089,-0.0500585,0,0,0,0;
9.26, 0.0488762,-0.117024,-0.0500229,0,0,0,0;
9.27, 0.0486102,-0.116745,-0.049893,0,0,0,0;
9.28, 0.0483389,-0.116461,-0.0497619,0,0,0,0;
9.29, 0.0482679,-0.116381,-0.0497206,0,0,0,0;
9.3, 0.0480736,-0.116172,-0.0496206,0,0,0,0;
9.31, 0.0480629,-0.116149,-0.0496027,0,0,0,0;
9.32, 0.0480545,-0.116125,-0.049583,0,0,0,0;
9.33, 0.0479993,-0.11606,-0.0495477,0,0,0,0;
9.34, 0.047997,-0.116045,-0.0495334,0,0,0,0;
9.35, 0.0479741,-0.116004,-0.0495048,0,0,0,0;
9.36, 0.0478313,-0.11585,-0.0494315,0,0,0,0;
9.37, 0.0476376,-0.115642,-0.0493325,0,0,0,0;
9.38, 0.0474741,-0.115464,-0.0492472,0,0,0,0;
9.39, 0.0472051,-0.115185,-0.0491202,0,0,0,0;
9.4, 0.0470155,-0.114981,-0.0490236,0,0,0,0;
9.41, 0.0470029,-0.114953,-0.0490028,0,0,0,0;
9.42, 0.0466833,-0.114613,-0.0488456,0,0,0,0;
9.43, 0.0465633,-0.114473,-0.0487749,0,0,0,0;
9.44, 0.0465339,-0.114432,-0.0487495,0,0,0,0;
9.45, 0.0464729,-0.114359,-0.0487107,0,0,0,0;
9.46, 0.0462418,-0.114111,-0.048595,0,0,0,0;
9.47, 0.0461355,-0.113995,-0.0485387,0,0,0,0;
9.48, 0.0457728,-0.113622,-0.0483722,0,0,0,0;
9.49, 0.0456036,-0.113444,-0.04829,0,0,0,0;
9.5, 0.0456192,-0.113441,-0.0482788,0,0,0,0;
9.51, 0.0452569,-0.11306,-0.0481059,0,0,0,0;
9.52, 0.045258,-0.113041,-0.0480871,0,0,0,0;
9.53, 0.0451575,-0.112929,-0.0480323,0,0,0,0;
9.54, 0.0451638,-0.11292,-0.0480196,0,0,0,0;
9.55, 0.0450451,-0.112783,-0.0479518,0,0,0,0;
9.56, 0.0447813,-0.112505,-0.0478253,0,0,0,0;
9.57, 0.0447975,-0.112506,-0.0478168,0,0,0,0;
9.58, 0.0447224,-0.112416,-0.0477704,0,0,0,0;
9.59, 0.044701,-0.112375,-0.0477422,0,0,0,0;
9.6, 0.0445754,-0.112236,-0.0476759,0,0,0,0;
9.61, 0.0443913,-0.112036,-0.0475817,0,0,0,0;
9.62, 0.0443916,-0.112022,-0.0475674,0,0,0,0;
9.63, 0.0440586,-0.111675,-0.0474126,0,0,0,0;
9.64, 0.0438633,-0.111462,-0.0473129,0,0,0,0;
9.65, 0.0436873,-0.111268,-0.0472215,0,0,0,0;
9.66, 0.0436325,-0.111198,-0.0471833,0,0,0,0;
9.67, 0.0435399,-0.111087,-0.0471265,0,0,0,0;
9.68, 0.0433978,-0.110928,-0.0470509,0,0,0,0;
9.69, 0.0432546,-0.110768,-0.0469746,0,0,0,0;
9.7, 0.0430475,-0.110548,-0.0468736,0,0,0,0;
9.71, 0.042883,-0.110366,-0.0467874,0,0,0,0;
9.72, 0.0427856,-0.110258,-0.0467356,0,0,0,0;
9.73, 0.0427479,-0.110205,-0.0467053,0,0,0,0;
9.74, 0.0428235,-0.110267,-0.0467236,0,0,0,0;
9.75, 0.0426405,-0.110064,-0.0466284,0,0,0,0;
9.76, 0.0426022,-0.110011,-0.0465986,0,0,0,0;
9.77, 0.0424025,-0.1098,-0.0465027,0,0,0,0;
9.78, 0.042323,-0.109705,-0.0464553,0,0,0,0;
9.79, 0.0422992,-0.109653,-0.0464204,0,0,0,0;
9.8, 0.0421288,-0.109463,-0.0463307,0,0,0,0;
9.81, 0.0420363,-0.109354,-0.0462762,0,0,0,0;
9.82, 0.0419086,-0.109213,-0.0462096,0,0,0,0;
9.83, 0.0419709,-0.109259,-0.0462205,0,0,0,0;
9.84, 0.0418475,-0.109118,-0.0461524,0,0,0,0;
9.85, 0.0417421,-0.109003,-0.0460984,0,0,0,0;
9.86, 0.0417047,-0.108956,-0.0460731,0,0,0,0;
9.87, 0.0415034,-0.108744,-0.0459778,0,0,0,0;
9.88, 0.04137,-0.108595,-0.0459074,0,0,0,0;
9.89, 0.0412065,-0.108414,-0.0458233,0,0,0,0;
9.9, 0.0412807,-0.108473,-0.0458403,0,0,0,0;
9.91, 0.0410177,-0.108195,-0.0457162,0,0,0,0;
9.92, 0.040781,-0.107938,-0.0455986,0,0,0,0;
9.93, 0.0406056,-0.107747,-0.0455108,0,0,0,0;
9.94, 0.0405472,-0.107673,-0.0454727,0,0,0,0;
9.95, 0.0400764,-0.10718,-0.0452566,0,0,0,0;
9.96, 0.0400043,-0.107098,-0.0452167,0,0,0,0;
9.97, 0.0397525,-0.106822,-0.0450906,0,0,0,0;
9.98, 0.0396771,-0.106726,-0.0450403,0,0,0,0;
9.99, 0.0396792,-0.106711,-0.0450264,0,0,0,0;
