0, -1.539, -0.18781, 0.714751; 
0.01, -1.53905, -0.18786, 0.714801; 
0.02, -1.5391, -0.18791, 0.714851; 
0.03, -1.53915, -0.18796, 0.714901; 
0.04, -1.5392, -0.18801, 0.714951; 
0.05, -1.53925, -0.18806, 0.715001; 
0.06, -1.5393, -0.18811, 0.715051; 
0.07, -1.53935, -0.18816, 0.715101; 
0.08, -1.5394, -0.18821, 0.715151; 
0.09, -1.53945, -0.18826, 0.715201; 
0.1, -1.5395, -0.18831, 0.715251; 
0.11, -1.53955, -0.18836, 0.715301; 
0.12, -1.5396, -0.18841, 0.715351; 
0.13, -1.53965, -0.18846, 0.715401; 
0.14, -1.5397, -0.18851, 0.715451; 
0.15, -1.53975, -0.18856, 0.715501; 
0.16, -1.5398, -0.18861, 0.715551; 
0.17, -1.53985, -0.18866, 0.715601; 
0.18, -1.5399, -0.18871, 0.715651; 
0.19, -1.53995, -0.18876, 0.715701; 
0.2, -1.54, -0.18881, 0.715751; 
0.21, -1.54005, -0.18886, 0.715801; 
0.22, -1.5401, -0.18891, 0.715851; 
0.23, -1.54015, -0.18896, 0.715901; 
0.24, -1.5402, -0.18901, 0.715951; 
0.25, -1.54025, -0.18906, 0.716001; 
0.26, -1.5403, -0.18911, 0.716051; 
0.27, -1.54035, -0.18916, 0.716101; 
0.28, -1.5404, -0.18921, 0.716151; 
0.29, -1.54045, -0.18926, 0.716201; 
0.3, -1.5405, -0.18931, 0.716251; 
0.31, -1.54055, -0.18936, 0.716301; 
0.32, -1.5406, -0.18941, 0.716351; 
0.33, -1.54065, -0.18946, 0.716401; 
0.34, -1.5407, -0.18951, 0.716451; 
0.35, -1.54075, -0.18956, 0.716501; 
0.36, -1.5408, -0.18961, 0.716551; 
0.37, -1.54085, -0.18966, 0.716601; 
0.38, -1.5409, -0.18971, 0.716651; 
0.39, -1.54095, -0.18976, 0.716701; 
0.4, -1.541, -0.18981, 0.716751; 
0.41, -1.54105, -0.18986, 0.716801; 
0.42, -1.5411, -0.18991, 0.716851; 
0.43, -1.54115, -0.18996, 0.716901; 
0.44, -1.5412, -0.19001, 0.716951; 
0.45, -1.54125, -0.19006, 0.717001; 
0.46, -1.5413, -0.19011, 0.717051; 
0.47, -1.54135, -0.19016, 0.717101; 
0.48, -1.5414, -0.19021, 0.717151; 
0.49, -1.54145, -0.19026, 0.717201; 
0.5, -1.5415, -0.19031, 0.717251; 
0.51, -1.54155, -0.19036, 0.717301; 
0.52, -1.5416, -0.19041, 0.717351; 
0.53, -1.54165, -0.19046, 0.717401; 
0.54, -1.5417, -0.19051, 0.717451; 
0.55, -1.54175, -0.19056, 0.717501; 
0.56, -1.5418, -0.19061, 0.717551; 
0.57, -1.54185, -0.19066, 0.717601; 
0.58, -1.5419, -0.19071, 0.717651; 
0.59, -1.54195, -0.19076, 0.717701; 
0.6, -1.542, -0.19081, 0.717751; 
0.61, -1.54205, -0.19086, 0.717801; 
0.62, -1.5421, -0.19091, 0.717851; 
0.63, -1.54215, -0.19096, 0.717901; 
0.64, -1.5422, -0.19101, 0.717951; 
0.65, -1.54225, -0.19106, 0.718001; 
0.66, -1.5423, -0.19111, 0.718051; 
0.67, -1.54235, -0.19116, 0.718101; 
0.68, -1.5424, -0.19121, 0.718151; 
0.69, -1.54245, -0.19126, 0.718201; 
0.7, -1.5425, -0.19131, 0.718251; 
0.71, -1.54255, -0.19136, 0.718301; 
0.72, -1.5426, -0.19141, 0.718351; 
0.73, -1.54265, -0.19146, 0.718401; 
0.74, -1.5427, -0.19151, 0.718451; 
0.75, -1.54275, -0.19156, 0.718501; 
0.76, -1.5428, -0.19161, 0.718551; 
0.77, -1.54285, -0.19166, 0.718601; 
0.78, -1.5429, -0.19171, 0.718651; 
0.79, -1.54295, -0.19176, 0.718701; 
0.8, -1.543, -0.19181, 0.718751; 
0.81, -1.54305, -0.19186, 0.718801; 
0.82, -1.5431, -0.19191, 0.718851; 
0.83, -1.54315, -0.19196, 0.718901; 
0.84, -1.5432, -0.19201, 0.718951; 
0.85, -1.54325, -0.19206, 0.719001; 
0.86, -1.5433, -0.19211, 0.719051; 
0.87, -1.54335, -0.19216, 0.719101; 
0.88, -1.5434, -0.19221, 0.719151; 
0.89, -1.54345, -0.19226, 0.719201; 
0.9, -1.5435, -0.19231, 0.719251; 
0.91, -1.54355, -0.19236, 0.719301; 
0.92, -1.5436, -0.19241, 0.719351; 
0.93, -1.54365, -0.19246, 0.719401; 
0.94, -1.5437, -0.19251, 0.719451; 
0.95, -1.54375, -0.19256, 0.719501; 
0.96, -1.5438, -0.19261, 0.719551; 
0.97, -1.54385, -0.19266, 0.719601; 
0.98, -1.5439, -0.19271, 0.719651; 
0.99, -1.54395, -0.19276, 0.719701; 
1, -1.544, -0.19281, 0.719751; 
1.01, -1.54405, -0.19286, 0.719801; 
1.02, -1.5441, -0.19291, 0.719851; 
1.03, -1.54415, -0.19296, 0.719901; 
1.04, -1.5442, -0.19301, 0.719951; 
1.05, -1.54425, -0.19306, 0.720001; 
1.06, -1.5443, -0.19311, 0.720051; 
1.07, -1.54435, -0.19316, 0.720101; 
1.08, -1.5444, -0.19321, 0.720151; 
1.09, -1.54445, -0.19326, 0.720201; 
1.1, -1.5445, -0.19331, 0.720251; 
1.11, -1.54455, -0.19336, 0.720301; 
1.12, -1.5446, -0.19341, 0.720351; 
1.13, -1.54465, -0.19346, 0.720401; 
1.14, -1.5447, -0.19351, 0.720451; 
1.15, -1.54475, -0.19356, 0.720501; 
1.16, -1.5448, -0.19361, 0.720551; 
1.17, -1.54485, -0.19366, 0.720601; 
1.18, -1.5449, -0.19371, 0.720651; 
1.19, -1.54495, -0.19376, 0.720701; 
1.2, -1.545, -0.19381, 0.720751; 
1.21, -1.54505, -0.19386, 0.720801; 
1.22, -1.5451, -0.19391, 0.720851; 
1.23, -1.54515, -0.19396, 0.720901; 
1.24, -1.5452, -0.19401, 0.720951; 
1.25, -1.54525, -0.19406, 0.721001; 
1.26, -1.5453, -0.19411, 0.721051; 
1.27, -1.54535, -0.19416, 0.721101; 
1.28, -1.5454, -0.19421, 0.721151; 
1.29, -1.54545, -0.19426, 0.721201; 
1.3, -1.5455, -0.19431, 0.721251; 
1.31, -1.54555, -0.19436, 0.721301; 
1.32, -1.5456, -0.19441, 0.721351; 
1.33, -1.54565, -0.19446, 0.721401; 
1.34, -1.5457, -0.19451, 0.721451; 
1.35, -1.54575, -0.19456, 0.721501; 
1.36, -1.5458, -0.19461, 0.721551; 
1.37, -1.54585, -0.19466, 0.721601; 
1.38, -1.5459, -0.19471, 0.721651; 
1.39, -1.54595, -0.19476, 0.721701; 
1.4, -1.546, -0.19481, 0.721751; 
1.41, -1.54605, -0.19486, 0.721801; 
1.42, -1.5461, -0.19491, 0.721851; 
1.43, -1.54615, -0.19496, 0.721901; 
1.44, -1.5462, -0.19501, 0.721951; 
1.45, -1.54625, -0.19506, 0.722001; 
1.46, -1.5463, -0.19511, 0.722051; 
1.47, -1.54635, -0.19516, 0.722101; 
1.48, -1.5464, -0.19521, 0.722151; 
1.49, -1.54645, -0.19526, 0.722201; 
1.5, -1.5465, -0.19531, 0.722251; 
1.51, -1.54655, -0.19536, 0.722301; 
1.52, -1.5466, -0.19541, 0.722351; 
1.53, -1.54665, -0.19546, 0.722401; 
1.54, -1.5467, -0.19551, 0.722451; 
1.55, -1.54675, -0.19556, 0.722501; 
1.56, -1.5468, -0.19561, 0.722551; 
1.57, -1.54685, -0.19566, 0.722601; 
1.58, -1.5469, -0.19571, 0.722651; 
1.59, -1.54695, -0.19576, 0.722701; 
1.6, -1.547, -0.19581, 0.722751; 
1.61, -1.54705, -0.19586, 0.722801; 
1.62, -1.5471, -0.19591, 0.722851; 
1.63, -1.54715, -0.19596, 0.722901; 
1.64, -1.5472, -0.19601, 0.722951; 
1.65, -1.54725, -0.19606, 0.723001; 
1.66, -1.5473, -0.19611, 0.723051; 
1.67, -1.54735, -0.19616, 0.723101; 
1.68, -1.5474, -0.19621, 0.723151; 
1.69, -1.54745, -0.19626, 0.723201; 
1.7, -1.5475, -0.19631, 0.723251; 
1.71, -1.54755, -0.19636, 0.723301; 
1.72, -1.5476, -0.19641, 0.723351; 
1.73, -1.54765, -0.19646, 0.723401; 
1.74, -1.5477, -0.19651, 0.723451; 
1.75, -1.54775, -0.19656, 0.723501; 
1.76, -1.5478, -0.19661, 0.723551; 
1.77, -1.54785, -0.19666, 0.723601; 
1.78, -1.5479, -0.19671, 0.723651; 
1.79, -1.54795, -0.19676, 0.723701; 
1.8, -1.548, -0.19681, 0.723751; 
1.81, -1.54805, -0.19686, 0.723801; 
1.82, -1.5481, -0.19691, 0.723851; 
1.83, -1.54815, -0.19696, 0.723901; 
1.84, -1.5482, -0.19701, 0.723951; 
1.85, -1.54825, -0.19706, 0.724001; 
1.86, -1.5483, -0.19711, 0.724051; 
1.87, -1.54835, -0.19716, 0.724101; 
1.88, -1.5484, -0.19721, 0.724151; 
1.89, -1.54845, -0.19726, 0.724201; 
1.9, -1.5485, -0.19731, 0.724251; 
1.91, -1.54855, -0.19736, 0.724301; 
1.92, -1.5486, -0.19741, 0.724351; 
1.93, -1.54865, -0.19746, 0.724401; 
1.94, -1.5487, -0.19751, 0.724451; 
1.95, -1.54875, -0.19756, 0.724501; 
1.96, -1.5488, -0.19761, 0.724551; 
1.97, -1.54885, -0.19766, 0.724601; 
1.98, -1.5489, -0.19771, 0.724651; 
1.99, -1.54895, -0.19776, 0.724701; 
2, -1.549, -0.19781, 0.724751; 
2.01, -1.54905, -0.19786, 0.724801; 
2.02, -1.5491, -0.19791, 0.724851; 
2.03, -1.54915, -0.19796, 0.724901; 
2.04, -1.5492, -0.19801, 0.724951; 
2.05, -1.54925, -0.19806, 0.725001; 
2.06, -1.5493, -0.19811, 0.725051; 
2.07, -1.54935, -0.19816, 0.725101; 
2.08, -1.5494, -0.19821, 0.725151; 
2.09, -1.54945, -0.19826, 0.725201; 
2.1, -1.5495, -0.19831, 0.725251; 
2.11, -1.54955, -0.19836, 0.725301; 
2.12, -1.5496, -0.19841, 0.725351; 
2.13, -1.54965, -0.19846, 0.725401; 
2.14, -1.5497, -0.19851, 0.725451; 
2.15, -1.54975, -0.19856, 0.725501; 
2.16, -1.5498, -0.19861, 0.725551; 
2.17, -1.54985, -0.19866, 0.725601; 
2.18, -1.5499, -0.19871, 0.725651; 
2.19, -1.54995, -0.19876, 0.725701; 
2.2, -1.55, -0.19881, 0.725751; 
2.21, -1.55005, -0.19886, 0.725801; 
2.22, -1.5501, -0.19891, 0.725851; 
2.23, -1.55015, -0.19896, 0.725901; 
2.24, -1.5502, -0.19901, 0.725951; 
2.25, -1.55025, -0.19906, 0.726001; 
2.26, -1.5503, -0.19911, 0.726051; 
2.27, -1.55035, -0.19916, 0.726101; 
2.28, -1.5504, -0.19921, 0.726151; 
2.29, -1.55045, -0.19926, 0.726201; 
2.3, -1.5505, -0.19931, 0.726251; 
2.31, -1.55055, -0.19936, 0.726301; 
2.32, -1.5506, -0.19941, 0.726351; 
2.33, -1.55065, -0.19946, 0.726401; 
2.34, -1.5507, -0.19951, 0.726451; 
2.35, -1.55075, -0.19956, 0.726501; 
2.36, -1.5508, -0.19961, 0.726551; 
2.37, -1.55085, -0.19966, 0.726601; 
2.38, -1.5509, -0.19971, 0.726651; 
2.39, -1.55095, -0.19976, 0.726701; 
2.4, -1.551, -0.19981, 0.726751; 
2.41, -1.55105, -0.19986, 0.726801; 
2.42, -1.5511, -0.19991, 0.726851; 
2.43, -1.55115, -0.19996, 0.726901; 
2.44, -1.5512, -0.20001, 0.726951; 
2.45, -1.55125, -0.20006, 0.727001; 
2.46, -1.5513, -0.20011, 0.727051; 
2.47, -1.55135, -0.20016, 0.727101; 
2.48, -1.5514, -0.20021, 0.727151; 
2.49, -1.55145, -0.20026, 0.727201; 
2.5, -1.5515, -0.20031, 0.727251; 
2.51, -1.55155, -0.20036, 0.727301; 
2.52, -1.5516, -0.20041, 0.727351; 
2.53, -1.55165, -0.20046, 0.727401; 
2.54, -1.5517, -0.20051, 0.727451; 
2.55, -1.55175, -0.20056, 0.727501; 
2.56, -1.5518, -0.20061, 0.727551; 
2.57, -1.55185, -0.20066, 0.727601; 
2.58, -1.5519, -0.20071, 0.727651; 
2.59, -1.55195, -0.20076, 0.727701; 
2.6, -1.552, -0.20081, 0.727751; 
2.61, -1.55205, -0.20086, 0.727801; 
2.62, -1.5521, -0.20091, 0.727851; 
2.63, -1.55215, -0.20096, 0.727901; 
2.64, -1.5522, -0.20101, 0.727951; 
2.65, -1.55225, -0.20106, 0.728001; 
2.66, -1.5523, -0.20111, 0.728051; 
2.67, -1.55235, -0.20116, 0.728101; 
2.68, -1.5524, -0.20121, 0.728151; 
2.69, -1.55245, -0.20126, 0.728201; 
2.7, -1.5525, -0.20131, 0.728251; 
2.71, -1.55255, -0.20136, 0.728301; 
2.72, -1.5526, -0.20141, 0.728351; 
2.73, -1.55265, -0.20146, 0.728401; 
2.74, -1.5527, -0.20151, 0.728451; 
2.75, -1.55275, -0.20156, 0.728501; 
2.76, -1.5528, -0.20161, 0.728551; 
2.77, -1.55285, -0.20166, 0.728601; 
2.78, -1.5529, -0.20171, 0.728651; 
2.79, -1.55295, -0.20176, 0.728701; 
2.8, -1.553, -0.20181, 0.728751; 
2.81, -1.55305, -0.20186, 0.728801; 
2.82, -1.5531, -0.20191, 0.728851; 
2.83, -1.55315, -0.20196, 0.728901; 
2.84, -1.5532, -0.20201, 0.728951; 
2.85, -1.55325, -0.20206, 0.729001; 
2.86, -1.5533, -0.20211, 0.729051; 
2.87, -1.55335, -0.20216, 0.729101; 
2.88, -1.5534, -0.20221, 0.729151; 
2.89, -1.55345, -0.20226, 0.729201; 
2.9, -1.5535, -0.20231, 0.729251; 
2.91, -1.55355, -0.20236, 0.729301; 
2.92, -1.5536, -0.20241, 0.729351; 
2.93, -1.55365, -0.20246, 0.729401; 
2.94, -1.5537, -0.20251, 0.729451; 
2.95, -1.55375, -0.20256, 0.729501; 
2.96, -1.5538, -0.20261, 0.729551; 
2.97, -1.55385, -0.20266, 0.729601; 
2.98, -1.5539, -0.20271, 0.729651; 
2.99, -1.55395, -0.20276, 0.729701; 
3, -1.554, -0.20281, 0.729751; 
3.01, -1.55405, -0.20286, 0.729801; 
3.02, -1.5541, -0.20291, 0.729851; 
3.03, -1.55415, -0.20296, 0.729901; 
3.04, -1.5542, -0.20301, 0.729951; 
3.05, -1.55425, -0.20306, 0.730001; 
3.06, -1.5543, -0.20311, 0.730051; 
3.07, -1.55435, -0.20316, 0.730101; 
3.08, -1.5544, -0.20321, 0.730151; 
3.09, -1.55445, -0.20326, 0.730201; 
3.1, -1.5545, -0.20331, 0.730251; 
3.11, -1.55455, -0.20336, 0.730301; 
3.12, -1.5546, -0.20341, 0.730351; 
3.13, -1.55465, -0.20346, 0.730401; 
3.14, -1.5547, -0.20351, 0.730451; 
3.15, -1.55475, -0.20356, 0.730501; 
3.16, -1.5548, -0.20361, 0.730551; 
3.17, -1.55485, -0.20366, 0.730601; 
3.18, -1.5549, -0.20371, 0.730651; 
3.19, -1.55495, -0.20376, 0.730701; 
3.2, -1.555, -0.20381, 0.730751; 
3.21, -1.55505, -0.20386, 0.730801; 
3.22, -1.5551, -0.20391, 0.730851; 
3.23, -1.55515, -0.20396, 0.730901; 
3.24, -1.5552, -0.20401, 0.730951; 
3.25, -1.55525, -0.20406, 0.731001; 
3.26, -1.5553, -0.20411, 0.731051; 
3.27, -1.55535, -0.20416, 0.731101; 
3.28, -1.5554, -0.20421, 0.731151; 
3.29, -1.55545, -0.20426, 0.731201; 
3.3, -1.5555, -0.20431, 0.731251; 
3.31, -1.55555, -0.20436, 0.731301; 
3.32, -1.5556, -0.20441, 0.731351; 
3.33, -1.55565, -0.20446, 0.731401; 
3.34, -1.5557, -0.20451, 0.731451; 
3.35, -1.55575, -0.20456, 0.731501; 
3.36, -1.5558, -0.20461, 0.731551; 
3.37, -1.55585, -0.20466, 0.731601; 
3.38, -1.5559, -0.20471, 0.731651; 
3.39, -1.55595, -0.20476, 0.731701; 
3.4, -1.556, -0.20481, 0.731751; 
3.41, -1.55605, -0.20486, 0.731801; 
3.42, -1.5561, -0.20491, 0.731851; 
3.43, -1.55615, -0.20496, 0.731901; 
3.44, -1.5562, -0.20501, 0.731951; 
3.45, -1.55625, -0.20506, 0.732001; 
3.46, -1.5563, -0.20511, 0.732051; 
3.47, -1.55635, -0.20516, 0.732101; 
3.48, -1.5564, -0.20521, 0.732151; 
3.49, -1.55645, -0.20526, 0.732201; 
3.5, -1.5565, -0.20531, 0.732251; 
3.51, -1.55655, -0.20536, 0.732301; 
3.52, -1.5566, -0.20541, 0.732351; 
3.53, -1.55665, -0.20546, 0.732401; 
3.54, -1.5567, -0.20551, 0.732451; 
3.55, -1.55675, -0.20556, 0.732501; 
3.56, -1.5568, -0.20561, 0.732551; 
3.57, -1.55685, -0.20566, 0.732601; 
3.58, -1.5569, -0.20571, 0.732651; 
3.59, -1.55695, -0.20576, 0.732701; 
3.6, -1.557, -0.20581, 0.732751; 
3.61, -1.55705, -0.20586, 0.732801; 
3.62, -1.5571, -0.20591, 0.732851; 
3.63, -1.55715, -0.20596, 0.732901; 
3.64, -1.5572, -0.20601, 0.732951; 
3.65, -1.55725, -0.20606, 0.733001; 
3.66, -1.5573, -0.20611, 0.733051; 
3.67, -1.55735, -0.20616, 0.733101; 
3.68, -1.5574, -0.20621, 0.733151; 
3.69, -1.55745, -0.20626, 0.733201; 
3.7, -1.5575, -0.20631, 0.733251; 
3.71, -1.55755, -0.20636, 0.733301; 
3.72, -1.5576, -0.20641, 0.733351; 
3.73, -1.55765, -0.20646, 0.733401; 
3.74, -1.5577, -0.20651, 0.733451; 
3.75, -1.55775, -0.20656, 0.733501; 
3.76, -1.5578, -0.20661, 0.733551; 
3.77, -1.55785, -0.20666, 0.733601; 
3.78, -1.5579, -0.20671, 0.733651; 
3.79, -1.55795, -0.20676, 0.733701; 
3.8, -1.558, -0.20681, 0.733751; 
3.81, -1.55805, -0.20686, 0.733801; 
3.82, -1.5581, -0.20691, 0.733851; 
3.83, -1.55815, -0.20696, 0.733901; 
3.84, -1.5582, -0.20701, 0.733951; 
3.85, -1.55825, -0.20706, 0.734001; 
3.86, -1.5583, -0.20711, 0.734051; 
3.87, -1.55835, -0.20716, 0.734101; 
3.88, -1.5584, -0.20721, 0.734151; 
3.89, -1.55845, -0.20726, 0.734201; 
3.9, -1.5585, -0.20731, 0.734251; 
3.91, -1.55855, -0.20736, 0.734301; 
3.92, -1.5586, -0.20741, 0.734351; 
3.93, -1.55865, -0.20746, 0.734401; 
3.94, -1.5587, -0.20751, 0.734451; 
3.95, -1.55875, -0.20756, 0.734501; 
3.96, -1.5588, -0.20761, 0.734551; 
3.97, -1.55885, -0.20766, 0.734601; 
3.98, -1.5589, -0.20771, 0.734651; 
3.99, -1.55895, -0.20776, 0.734701; 
4, -1.559, -0.20781, 0.734751; 
4.01, -1.55905, -0.20786, 0.734801; 
4.02, -1.5591, -0.20791, 0.734851; 
4.03, -1.55915, -0.20796, 0.734901; 
4.04, -1.5592, -0.20801, 0.734951; 
4.05, -1.55925, -0.20806, 0.735001; 
4.06, -1.5593, -0.20811, 0.735051; 
4.07, -1.55935, -0.20816, 0.735101; 
4.08, -1.5594, -0.20821, 0.735151; 
4.09, -1.55945, -0.20826, 0.735201; 
4.1, -1.5595, -0.20831, 0.735251; 
4.11, -1.55955, -0.20836, 0.735301; 
4.12, -1.5596, -0.20841, 0.735351; 
4.13, -1.55965, -0.20846, 0.735401; 
4.14, -1.5597, -0.20851, 0.735451; 
4.15, -1.55975, -0.20856, 0.735501; 
4.16, -1.5598, -0.20861, 0.735551; 
4.17, -1.55985, -0.20866, 0.735601; 
4.18, -1.5599, -0.20871, 0.735651; 
4.19, -1.55995, -0.20876, 0.735701; 
4.2, -1.56, -0.20881, 0.735751; 
4.21, -1.56005, -0.20886, 0.735801; 
4.22, -1.5601, -0.20891, 0.735851; 
4.23, -1.56015, -0.20896, 0.735901; 
4.24, -1.5602, -0.20901, 0.735951; 
4.25, -1.56025, -0.20906, 0.736001; 
4.26, -1.5603, -0.20911, 0.736051; 
4.27, -1.56035, -0.20916, 0.736101; 
4.28, -1.5604, -0.20921, 0.736151; 
4.29, -1.56045, -0.20926, 0.736201; 
4.3, -1.5605, -0.20931, 0.736251; 
4.31, -1.56055, -0.20936, 0.736301; 
4.32, -1.5606, -0.20941, 0.736351; 
4.33, -1.56065, -0.20946, 0.736401; 
4.34, -1.5607, -0.20951, 0.736451; 
4.35, -1.56075, -0.20956, 0.736501; 
4.36, -1.5608, -0.20961, 0.736551; 
4.37, -1.56085, -0.20966, 0.736601; 
4.38, -1.5609, -0.20971, 0.736651; 
4.39, -1.56095, -0.20976, 0.736701; 
4.4, -1.561, -0.20981, 0.736751; 
4.41, -1.56105, -0.20986, 0.736801; 
4.42, -1.5611, -0.20991, 0.736851; 
4.43, -1.56115, -0.20996, 0.736901; 
4.44, -1.5612, -0.21001, 0.736951; 
4.45, -1.56125, -0.21006, 0.737001; 
4.46, -1.5613, -0.21011, 0.737051; 
4.47, -1.56135, -0.21016, 0.737101; 
4.48, -1.5614, -0.21021, 0.737151; 
4.49, -1.56145, -0.21026, 0.737201; 
4.5, -1.5615, -0.21031, 0.737251; 
4.51, -1.56155, -0.21036, 0.737301; 
4.52, -1.5616, -0.21041, 0.737351; 
4.53, -1.56165, -0.21046, 0.737401; 
4.54, -1.5617, -0.21051, 0.737451; 
4.55, -1.56175, -0.21056, 0.737501; 
4.56, -1.5618, -0.21061, 0.737551; 
4.57, -1.56185, -0.21066, 0.737601; 
4.58, -1.5619, -0.21071, 0.737651; 
4.59, -1.56195, -0.21076, 0.737701; 
4.6, -1.562, -0.21081, 0.737751; 
4.61, -1.56205, -0.21086, 0.737801; 
4.62, -1.5621, -0.21091, 0.737851; 
4.63, -1.56215, -0.21096, 0.737901; 
4.64, -1.5622, -0.21101, 0.737951; 
4.65, -1.56225, -0.21106, 0.738001; 
4.66, -1.5623, -0.21111, 0.738051; 
4.67, -1.56235, -0.21116, 0.738101; 
4.68, -1.5624, -0.21121, 0.738151; 
4.69, -1.56245, -0.21126, 0.738201; 
4.7, -1.5625, -0.21131, 0.738251; 
4.71, -1.56255, -0.21136, 0.738301; 
4.72, -1.5626, -0.21141, 0.738351; 
4.73, -1.56265, -0.21146, 0.738401; 
4.74, -1.5627, -0.21151, 0.738451; 
4.75, -1.56275, -0.21156, 0.738501; 
4.76, -1.5628, -0.21161, 0.738551; 
4.77, -1.56285, -0.21166, 0.738601; 
4.78, -1.5629, -0.21171, 0.738651; 
4.79, -1.56295, -0.21176, 0.738701; 
4.8, -1.563, -0.21181, 0.738751; 
4.81, -1.56305, -0.21186, 0.738801; 
4.82, -1.5631, -0.21191, 0.738851; 
4.83, -1.56315, -0.21196, 0.738901; 
4.84, -1.5632, -0.21201, 0.738951; 
4.85, -1.56325, -0.21206, 0.739001; 
4.86, -1.5633, -0.21211, 0.739051; 
4.87, -1.56335, -0.21216, 0.739101; 
4.88, -1.5634, -0.21221, 0.739151; 
4.89, -1.56345, -0.21226, 0.739201; 
4.9, -1.5635, -0.21231, 0.739251; 
4.91, -1.56355, -0.21236, 0.739301; 
4.92, -1.5636, -0.21241, 0.739351; 
4.93, -1.56365, -0.21246, 0.739401; 
4.94, -1.5637, -0.21251, 0.739451; 
4.95, -1.56375, -0.21256, 0.739501; 
4.96, -1.5638, -0.21261, 0.739551; 
4.97, -1.56385, -0.21266, 0.739601; 
4.98, -1.5639, -0.21271, 0.739651; 
4.99, -1.56395, -0.21276, 0.739701; 
5, -1.564, -0.21281, 0.739751; 
5.01, -1.56405, -0.21286, 0.739801; 
5.02, -1.5641, -0.21291, 0.739851; 
5.03, -1.56415, -0.21296, 0.739901; 
5.04, -1.5642, -0.21301, 0.739951; 
5.05, -1.56425, -0.21306, 0.740001; 
5.06, -1.5643, -0.21311, 0.740051; 
5.07, -1.56435, -0.21316, 0.740101; 
5.08, -1.5644, -0.21321, 0.740151; 
5.09, -1.56445, -0.21326, 0.740201; 
5.1, -1.5645, -0.21331, 0.740251; 
5.11, -1.56455, -0.21336, 0.740301; 
5.12, -1.5646, -0.21341, 0.740351; 
5.13, -1.56465, -0.21346, 0.740401; 
5.14, -1.5647, -0.21351, 0.740451; 
5.15, -1.56475, -0.21356, 0.740501; 
5.16, -1.5648, -0.21361, 0.740551; 
5.17, -1.56485, -0.21366, 0.740601; 
5.18, -1.5649, -0.21371, 0.740651; 
5.19, -1.56495, -0.21376, 0.740701; 
5.2, -1.565, -0.21381, 0.740751; 
5.21, -1.56505, -0.21386, 0.740801; 
5.22, -1.5651, -0.21391, 0.740851; 
5.23, -1.56515, -0.21396, 0.740901; 
5.24, -1.5652, -0.21401, 0.740951; 
5.25, -1.56525, -0.21406, 0.741001; 
5.26, -1.5653, -0.21411, 0.741051; 
5.27, -1.56535, -0.21416, 0.741101; 
5.28, -1.5654, -0.21421, 0.741151; 
5.29, -1.56545, -0.21426, 0.741201; 
5.3, -1.5655, -0.21431, 0.741251; 
5.31, -1.56555, -0.21436, 0.741301; 
5.32, -1.5656, -0.21441, 0.741351; 
5.33, -1.56565, -0.21446, 0.741401; 
5.34, -1.5657, -0.21451, 0.741451; 
5.35, -1.56575, -0.21456, 0.741501; 
5.36, -1.5658, -0.21461, 0.741551; 
5.37, -1.56585, -0.21466, 0.741601; 
5.38, -1.5659, -0.21471, 0.741651; 
5.39, -1.56595, -0.21476, 0.741701; 
5.4, -1.566, -0.21481, 0.741751; 
5.41, -1.56605, -0.21486, 0.741801; 
5.42, -1.5661, -0.21491, 0.741851; 
5.43, -1.56615, -0.21496, 0.741901; 
5.44, -1.5662, -0.21501, 0.741951; 
5.45, -1.56625, -0.21506, 0.742001; 
5.46, -1.5663, -0.21511, 0.742051; 
5.47, -1.56635, -0.21516, 0.742101; 
5.48, -1.5664, -0.21521, 0.742151; 
5.49, -1.56645, -0.21526, 0.742201; 
5.5, -1.5665, -0.21531, 0.742251; 
5.51, -1.56655, -0.21536, 0.742301; 
5.52, -1.5666, -0.21541, 0.742351; 
5.53, -1.56665, -0.21546, 0.742401; 
5.54, -1.5667, -0.21551, 0.742451; 
5.55, -1.56675, -0.21556, 0.742501; 
5.56, -1.5668, -0.21561, 0.742551; 
5.57, -1.56685, -0.21566, 0.742601; 
5.58, -1.5669, -0.21571, 0.742651; 
5.59, -1.56695, -0.21576, 0.742701; 
5.6, -1.567, -0.21581, 0.742751; 
5.61, -1.56705, -0.21586, 0.742801; 
5.62, -1.5671, -0.21591, 0.742851; 
5.63, -1.56715, -0.21596, 0.742901; 
5.64, -1.5672, -0.21601, 0.742951; 
5.65, -1.56725, -0.21606, 0.743001; 
5.66, -1.5673, -0.21611, 0.743051; 
5.67, -1.56735, -0.21616, 0.743101; 
5.68, -1.5674, -0.21621, 0.743151; 
5.69, -1.56745, -0.21626, 0.743201; 
5.7, -1.5675, -0.21631, 0.743251; 
5.71, -1.56755, -0.21636, 0.743301; 
5.72, -1.5676, -0.21641, 0.743351; 
5.73, -1.56765, -0.21646, 0.743401; 
5.74, -1.5677, -0.21651, 0.743451; 
5.75, -1.56775, -0.21656, 0.743501; 
5.76, -1.5678, -0.21661, 0.743551; 
5.77, -1.56785, -0.21666, 0.743601; 
5.78, -1.5679, -0.21671, 0.743651; 
5.79, -1.56795, -0.21676, 0.743701; 
5.8, -1.568, -0.21681, 0.743751; 
5.81, -1.56805, -0.21686, 0.743801; 
5.82, -1.5681, -0.21691, 0.743851; 
5.83, -1.56815, -0.21696, 0.743901; 
5.84, -1.5682, -0.21701, 0.743951; 
5.85, -1.56825, -0.21706, 0.744001; 
5.86, -1.5683, -0.21711, 0.744051; 
5.87, -1.56835, -0.21716, 0.744101; 
5.88, -1.5684, -0.21721, 0.744151; 
5.89, -1.56845, -0.21726, 0.744201; 
5.9, -1.5685, -0.21731, 0.744251; 
5.91, -1.56855, -0.21736, 0.744301; 
5.92, -1.5686, -0.21741, 0.744351; 
5.93, -1.56865, -0.21746, 0.744401; 
5.94, -1.5687, -0.21751, 0.744451; 
5.95, -1.56875, -0.21756, 0.744501; 
5.96, -1.5688, -0.21761, 0.744551; 
5.97, -1.56885, -0.21766, 0.744601; 
5.98, -1.5689, -0.21771, 0.744651; 
5.99, -1.56895, -0.21776, 0.744701; 
6, -1.569, -0.21781, 0.744751; 
6.01, -1.56905, -0.21786, 0.744801; 
6.02, -1.5691, -0.21791, 0.744851; 
6.03, -1.56915, -0.21796, 0.744901; 
6.04, -1.5692, -0.21801, 0.744951; 
6.05, -1.56925, -0.21806, 0.745001; 
6.06, -1.5693, -0.21811, 0.745051; 
6.07, -1.56935, -0.21816, 0.745101; 
6.08, -1.5694, -0.21821, 0.745151; 
6.09, -1.56945, -0.21826, 0.745201; 
6.1, -1.5695, -0.21831, 0.745251; 
6.11, -1.56955, -0.21836, 0.745301; 
6.12, -1.5696, -0.21841, 0.745351; 
6.13, -1.56965, -0.21846, 0.745401; 
6.14, -1.5697, -0.21851, 0.745451; 
6.15, -1.56975, -0.21856, 0.745501; 
6.16, -1.5698, -0.21861, 0.745551; 
6.17, -1.56985, -0.21866, 0.745601; 
6.18, -1.5699, -0.21871, 0.745651; 
6.19, -1.56995, -0.21876, 0.745701; 
6.2, -1.57, -0.21881, 0.745751; 
6.21, -1.57005, -0.21886, 0.745801; 
6.22, -1.5701, -0.21891, 0.745851; 
6.23, -1.57015, -0.21896, 0.745901; 
6.24, -1.5702, -0.21901, 0.745951; 
6.25, -1.57025, -0.21906, 0.746001; 
6.26, -1.5703, -0.21911, 0.746051; 
6.27, -1.57035, -0.21916, 0.746101; 
6.28, -1.5704, -0.21921, 0.746151; 
6.29, -1.57045, -0.21926, 0.746201; 
6.3, -1.5705, -0.21931, 0.746251; 
6.31, -1.57055, -0.21936, 0.746301; 
6.32, -1.5706, -0.21941, 0.746351; 
6.33, -1.57065, -0.21946, 0.746401; 
6.34, -1.5707, -0.21951, 0.746451; 
6.35, -1.57075, -0.21956, 0.746501; 
6.36, -1.5708, -0.21961, 0.746551; 
6.37, -1.57085, -0.21966, 0.746601; 
6.38, -1.5709, -0.21971, 0.746651; 
6.39, -1.57095, -0.21976, 0.746701; 
6.4, -1.571, -0.21981, 0.746751; 
6.41, -1.57105, -0.21986, 0.746801; 
6.42, -1.5711, -0.21991, 0.746851; 
6.43, -1.57115, -0.21996, 0.746901; 
6.44, -1.5712, -0.22001, 0.746951; 
6.45, -1.57125, -0.22006, 0.747001; 
6.46, -1.5713, -0.22011, 0.747051; 
6.47, -1.57135, -0.22016, 0.747101; 
6.48, -1.5714, -0.22021, 0.747151; 
6.49, -1.57145, -0.22026, 0.747201; 
6.5, -1.5715, -0.22031, 0.747251; 
6.51, -1.57155, -0.22036, 0.747301; 
6.52, -1.5716, -0.22041, 0.747351; 
6.53, -1.57165, -0.22046, 0.747401; 
6.54, -1.5717, -0.22051, 0.747451; 
6.55, -1.57175, -0.22056, 0.747501; 
6.56, -1.5718, -0.22061, 0.747551; 
6.57, -1.57185, -0.22066, 0.747601; 
6.58, -1.5719, -0.22071, 0.747651; 
6.59, -1.57195, -0.22076, 0.747701; 
6.6, -1.572, -0.22081, 0.747751; 
6.61, -1.57205, -0.22086, 0.747801; 
6.62, -1.5721, -0.22091, 0.747851; 
6.63, -1.57215, -0.22096, 0.747901; 
6.64, -1.5722, -0.22101, 0.747951; 
6.65, -1.57225, -0.22106, 0.748001; 
6.66, -1.5723, -0.22111, 0.748051; 
6.67, -1.57235, -0.22116, 0.748101; 
6.68, -1.5724, -0.22121, 0.748151; 
6.69, -1.57245, -0.22126, 0.748201; 
6.7, -1.5725, -0.22131, 0.748251; 
6.71, -1.57255, -0.22136, 0.748301; 
6.72, -1.5726, -0.22141, 0.748351; 
6.73, -1.57265, -0.22146, 0.748401; 
6.74, -1.5727, -0.22151, 0.748451; 
6.75, -1.57275, -0.22156, 0.748501; 
6.76, -1.5728, -0.22161, 0.748551; 
6.77, -1.57285, -0.22166, 0.748601; 
6.78, -1.5729, -0.22171, 0.748651; 
6.79, -1.57295, -0.22176, 0.748701; 
6.8, -1.573, -0.22181, 0.748751; 
6.81, -1.57305, -0.22186, 0.748801; 
6.82, -1.5731, -0.22191, 0.748851; 
6.83, -1.57315, -0.22196, 0.748901; 
6.84, -1.5732, -0.22201, 0.748951; 
6.85, -1.57325, -0.22206, 0.749001; 
6.86, -1.5733, -0.22211, 0.749051; 
6.87, -1.57335, -0.22216, 0.749101; 
6.88, -1.5734, -0.22221, 0.749151; 
6.89, -1.57345, -0.22226, 0.749201; 
6.9, -1.5735, -0.22231, 0.749251; 
6.91, -1.57355, -0.22236, 0.749301; 
6.92, -1.5736, -0.22241, 0.749351; 
6.93, -1.57365, -0.22246, 0.749401; 
6.94, -1.5737, -0.22251, 0.749451; 
6.95, -1.57375, -0.22256, 0.749501; 
6.96, -1.5738, -0.22261, 0.749551; 
6.97, -1.57385, -0.22266, 0.749601; 
6.98, -1.5739, -0.22271, 0.749651; 
6.99, -1.57395, -0.22276, 0.749701; 
7, -1.574, -0.22281, 0.749751; 
7.01, -1.57405, -0.22286, 0.749801; 
7.02, -1.5741, -0.22291, 0.749851; 
7.03, -1.57415, -0.22296, 0.749901; 
7.04, -1.5742, -0.22301, 0.749951; 
7.05, -1.57425, -0.22306, 0.750001; 
7.06, -1.5743, -0.22311, 0.750051; 
7.07, -1.57435, -0.22316, 0.750101; 
7.08, -1.5744, -0.22321, 0.750151; 
7.09, -1.57445, -0.22326, 0.750201; 
7.1, -1.5745, -0.22331, 0.750251; 
7.11, -1.57455, -0.22336, 0.750301; 
7.12, -1.5746, -0.22341, 0.750351; 
7.13, -1.57465, -0.22346, 0.750401; 
7.14, -1.5747, -0.22351, 0.750451; 
7.15, -1.57475, -0.22356, 0.750501; 
7.16, -1.5748, -0.22361, 0.750551; 
7.17, -1.57485, -0.22366, 0.750601; 
7.18, -1.5749, -0.22371, 0.750651; 
7.19, -1.57495, -0.22376, 0.750701; 
7.2, -1.575, -0.22381, 0.750751; 
7.21, -1.57505, -0.22386, 0.750801; 
7.22, -1.5751, -0.22391, 0.750851; 
7.23, -1.57515, -0.22396, 0.750901; 
7.24, -1.5752, -0.22401, 0.750951; 
7.25, -1.57525, -0.22406, 0.751001; 
7.26, -1.5753, -0.22411, 0.751051; 
7.27, -1.57535, -0.22416, 0.751101; 
7.28, -1.5754, -0.22421, 0.751151; 
7.29, -1.57545, -0.22426, 0.751201; 
7.3, -1.5755, -0.22431, 0.751251; 
7.31, -1.57555, -0.22436, 0.751301; 
7.32, -1.5756, -0.22441, 0.751351; 
7.33, -1.57565, -0.22446, 0.751401; 
7.34, -1.5757, -0.22451, 0.751451; 
7.35, -1.57575, -0.22456, 0.751501; 
7.36, -1.5758, -0.22461, 0.751551; 
7.37, -1.57585, -0.22466, 0.751601; 
7.38, -1.5759, -0.22471, 0.751651; 
7.39, -1.57595, -0.22476, 0.751701; 
7.4, -1.576, -0.22481, 0.751751; 
7.41, -1.57605, -0.22486, 0.751801; 
7.42, -1.5761, -0.22491, 0.751851; 
7.43, -1.57615, -0.22496, 0.751901; 
7.44, -1.5762, -0.22501, 0.751951; 
7.45, -1.57625, -0.22506, 0.752001; 
7.46, -1.5763, -0.22511, 0.752051; 
7.47, -1.57635, -0.22516, 0.752101; 
7.48, -1.5764, -0.22521, 0.752151; 
7.49, -1.57645, -0.22526, 0.752201; 
7.5, -1.5765, -0.22531, 0.752251; 
7.51, -1.57655, -0.22536, 0.752301; 
7.52, -1.5766, -0.22541, 0.752351; 
7.53, -1.57665, -0.22546, 0.752401; 
7.54, -1.5767, -0.22551, 0.752451; 
7.55, -1.57675, -0.22556, 0.752501; 
7.56, -1.5768, -0.22561, 0.752551; 
7.57, -1.57685, -0.22566, 0.752601; 
7.58, -1.5769, -0.22571, 0.752651; 
7.59, -1.57695, -0.22576, 0.752701; 
7.6, -1.577, -0.22581, 0.752751; 
7.61, -1.57705, -0.22586, 0.752801; 
7.62, -1.5771, -0.22591, 0.752851; 
7.63, -1.57715, -0.22596, 0.752901; 
7.64, -1.5772, -0.22601, 0.752951; 
7.65, -1.57725, -0.22606, 0.753001; 
7.66, -1.5773, -0.22611, 0.753051; 
7.67, -1.57735, -0.22616, 0.753101; 
7.68, -1.5774, -0.22621, 0.753151; 
7.69, -1.57745, -0.22626, 0.753201; 
7.7, -1.5775, -0.22631, 0.753251; 
7.71, -1.57755, -0.22636, 0.753301; 
7.72, -1.5776, -0.22641, 0.753351; 
7.73, -1.57765, -0.22646, 0.753401; 
7.74, -1.5777, -0.22651, 0.753451; 
7.75, -1.57775, -0.22656, 0.753501; 
7.76, -1.5778, -0.22661, 0.753551; 
7.77, -1.57785, -0.22666, 0.753601; 
7.78, -1.5779, -0.22671, 0.753651; 
7.79, -1.57795, -0.22676, 0.753701; 
7.8, -1.578, -0.22681, 0.753751; 
7.81, -1.57805, -0.22686, 0.753801; 
7.82, -1.5781, -0.22691, 0.753851; 
7.83, -1.57815, -0.22696, 0.753901; 
7.84, -1.5782, -0.22701, 0.753951; 
7.85, -1.57825, -0.22706, 0.754001; 
7.86, -1.5783, -0.22711, 0.754051; 
7.87, -1.57835, -0.22716, 0.754101; 
7.88, -1.5784, -0.22721, 0.754151; 
7.89, -1.57845, -0.22726, 0.754201; 
7.9, -1.5785, -0.22731, 0.754251; 
7.91, -1.57855, -0.22736, 0.754301; 
7.92, -1.5786, -0.22741, 0.754351; 
7.93, -1.57865, -0.22746, 0.754401; 
7.94, -1.5787, -0.22751, 0.754451; 
7.95, -1.57875, -0.22756, 0.754501; 
7.96, -1.5788, -0.22761, 0.754551; 
7.97, -1.57885, -0.22766, 0.754601; 
7.98, -1.5789, -0.22771, 0.754651; 
7.99, -1.57895, -0.22776, 0.754701; 
8, -1.579, -0.22781, 0.754751; 
8.01, -1.57905, -0.22786, 0.754801; 
8.02, -1.5791, -0.22791, 0.754851; 
8.03, -1.57915, -0.22796, 0.754901; 
8.04, -1.5792, -0.22801, 0.754951; 
8.05, -1.57925, -0.22806, 0.755001; 
8.06, -1.5793, -0.22811, 0.755051; 
8.07, -1.57935, -0.22816, 0.755101; 
8.08, -1.5794, -0.22821, 0.755151; 
8.09, -1.57945, -0.22826, 0.755201; 
8.1, -1.5795, -0.22831, 0.755251; 
8.11, -1.57955, -0.22836, 0.755301; 
8.12, -1.5796, -0.22841, 0.755351; 
8.13, -1.57965, -0.22846, 0.755401; 
8.14, -1.5797, -0.22851, 0.755451; 
8.15, -1.57975, -0.22856, 0.755501; 
8.16, -1.5798, -0.22861, 0.755551; 
8.17, -1.57985, -0.22866, 0.755601; 
8.18, -1.5799, -0.22871, 0.755651; 
8.19, -1.57995, -0.22876, 0.755701; 
8.2, -1.58, -0.22881, 0.755751; 
8.21, -1.58005, -0.22886, 0.755801; 
8.22, -1.5801, -0.22891, 0.755851; 
8.23, -1.58015, -0.22896, 0.755901; 
8.24, -1.5802, -0.22901, 0.755951; 
8.25, -1.58025, -0.22906, 0.756001; 
8.26, -1.5803, -0.22911, 0.756051; 
8.27, -1.58035, -0.22916, 0.756101; 
8.28, -1.5804, -0.22921, 0.756151; 
8.29, -1.58045, -0.22926, 0.756201; 
8.3, -1.5805, -0.22931, 0.756251; 
8.31, -1.58055, -0.22936, 0.756301; 
8.32, -1.5806, -0.22941, 0.756351; 
8.33, -1.58065, -0.22946, 0.756401; 
8.34, -1.5807, -0.22951, 0.756451; 
8.35, -1.58075, -0.22956, 0.756501; 
8.36, -1.5808, -0.22961, 0.756551; 
8.37, -1.58085, -0.22966, 0.756601; 
8.38, -1.5809, -0.22971, 0.756651; 
8.39, -1.58095, -0.22976, 0.756701; 
8.4, -1.581, -0.22981, 0.756751; 
8.41, -1.58105, -0.22986, 0.756801; 
8.42, -1.5811, -0.22991, 0.756851; 
8.43, -1.58115, -0.22996, 0.756901; 
8.44, -1.5812, -0.23001, 0.756951; 
8.45, -1.58125, -0.23006, 0.757001; 
8.46, -1.5813, -0.23011, 0.757051; 
8.47, -1.58135, -0.23016, 0.757101; 
8.48, -1.5814, -0.23021, 0.757151; 
8.49, -1.58145, -0.23026, 0.757201; 
8.5, -1.5815, -0.23031, 0.757251; 
8.51, -1.58155, -0.23036, 0.757301; 
8.52, -1.5816, -0.23041, 0.757351; 
8.53, -1.58165, -0.23046, 0.757401; 
8.54, -1.5817, -0.23051, 0.757451; 
8.55, -1.58175, -0.23056, 0.757501; 
8.56, -1.5818, -0.23061, 0.757551; 
8.57, -1.58185, -0.23066, 0.757601; 
8.58, -1.5819, -0.23071, 0.757651; 
8.59, -1.58195, -0.23076, 0.757701; 
8.6, -1.582, -0.23081, 0.757751; 
8.61, -1.58205, -0.23086, 0.757801; 
8.62, -1.5821, -0.23091, 0.757851; 
8.63, -1.58215, -0.23096, 0.757901; 
8.64, -1.5822, -0.23101, 0.757951; 
8.65, -1.58225, -0.23106, 0.758001; 
8.66, -1.5823, -0.23111, 0.758051; 
8.67, -1.58235, -0.23116, 0.758101; 
8.68, -1.5824, -0.23121, 0.758151; 
8.69, -1.58245, -0.23126, 0.758201; 
8.7, -1.5825, -0.23131, 0.758251; 
8.71, -1.58255, -0.23136, 0.758301; 
8.72, -1.5826, -0.23141, 0.758351; 
8.73, -1.58265, -0.23146, 0.758401; 
8.74, -1.5827, -0.23151, 0.758451; 
8.75, -1.58275, -0.23156, 0.758501; 
8.76, -1.5828, -0.23161, 0.758551; 
8.77, -1.58285, -0.23166, 0.758601; 
8.78, -1.5829, -0.23171, 0.758651; 
8.79, -1.58295, -0.23176, 0.758701; 
8.8, -1.583, -0.23181, 0.758751; 
8.81, -1.58305, -0.23186, 0.758801; 
8.82, -1.5831, -0.23191, 0.758851; 
8.83, -1.58315, -0.23196, 0.758901; 
8.84, -1.5832, -0.23201, 0.758951; 
8.85, -1.58325, -0.23206, 0.759001; 
8.86, -1.5833, -0.23211, 0.759051; 
8.87, -1.58335, -0.23216, 0.759101; 
8.88, -1.5834, -0.23221, 0.759151; 
8.89, -1.58345, -0.23226, 0.759201; 
8.9, -1.5835, -0.23231, 0.759251; 
8.91, -1.58355, -0.23236, 0.759301; 
8.92, -1.5836, -0.23241, 0.759351; 
8.93, -1.58365, -0.23246, 0.759401; 
8.94, -1.5837, -0.23251, 0.759451; 
8.95, -1.58375, -0.23256, 0.759501; 
8.96, -1.5838, -0.23261, 0.759551; 
8.97, -1.58385, -0.23266, 0.759601; 
8.98, -1.5839, -0.23271, 0.759651; 
8.99, -1.58395, -0.23276, 0.759701; 
9, -1.584, -0.23281, 0.759751; 
9.01, -1.58405, -0.23286, 0.759801; 
9.02, -1.5841, -0.23291, 0.759851; 
9.03, -1.58415, -0.23296, 0.759901; 
9.04, -1.5842, -0.23301, 0.759951; 
9.05, -1.58425, -0.23306, 0.760001; 
9.06, -1.5843, -0.23311, 0.760051; 
9.07, -1.58435, -0.23316, 0.760101; 
9.08, -1.5844, -0.23321, 0.760151; 
9.09, -1.58445, -0.23326, 0.760201; 
9.1, -1.5845, -0.23331, 0.760251; 
9.11, -1.58455, -0.23336, 0.760301; 
9.12, -1.5846, -0.23341, 0.760351; 
9.13, -1.58465, -0.23346, 0.760401; 
9.14, -1.5847, -0.23351, 0.760451; 
9.15, -1.58475, -0.23356, 0.760501; 
9.16, -1.5848, -0.23361, 0.760551; 
9.17, -1.58485, -0.23366, 0.760601; 
9.18, -1.5849, -0.23371, 0.760651; 
9.19, -1.58495, -0.23376, 0.760701; 
9.2, -1.585, -0.23381, 0.760751; 
9.21, -1.58505, -0.23386, 0.760801; 
9.22, -1.5851, -0.23391, 0.760851; 
9.23, -1.58515, -0.23396, 0.760901; 
9.24, -1.5852, -0.23401, 0.760951; 
9.25, -1.58525, -0.23406, 0.761001; 
9.26, -1.5853, -0.23411, 0.761051; 
9.27, -1.58535, -0.23416, 0.761101; 
9.28, -1.5854, -0.23421, 0.761151; 
9.29, -1.58545, -0.23426, 0.761201; 
9.3, -1.5855, -0.23431, 0.761251; 
9.31, -1.58555, -0.23436, 0.761301; 
9.32, -1.5856, -0.23441, 0.761351; 
9.33, -1.58565, -0.23446, 0.761401; 
9.34, -1.5857, -0.23451, 0.761451; 
9.35, -1.58575, -0.23456, 0.761501; 
9.36, -1.5858, -0.23461, 0.761551; 
9.37, -1.58585, -0.23466, 0.761601; 
9.38, -1.5859, -0.23471, 0.761651; 
9.39, -1.58595, -0.23476, 0.761701; 
9.4, -1.586, -0.23481, 0.761751; 
9.41, -1.58605, -0.23486, 0.761801; 
9.42, -1.5861, -0.23491, 0.761851; 
9.43, -1.58615, -0.23496, 0.761901; 
9.44, -1.5862, -0.23501, 0.761951; 
9.45, -1.58625, -0.23506, 0.762001; 
9.46, -1.5863, -0.23511, 0.762051; 
9.47, -1.58635, -0.23516, 0.762101; 
9.48, -1.5864, -0.23521, 0.762151; 
9.49, -1.58645, -0.23526, 0.762201; 
9.5, -1.5865, -0.23531, 0.762251; 
9.51, -1.58655, -0.23536, 0.762301; 
9.52, -1.5866, -0.23541, 0.762351; 
9.53, -1.58665, -0.23546, 0.762401; 
9.54, -1.5867, -0.23551, 0.762451; 
9.55, -1.58675, -0.23556, 0.762501; 
9.56, -1.5868, -0.23561, 0.762551; 
9.57, -1.58685, -0.23566, 0.762601; 
9.58, -1.5869, -0.23571, 0.762651; 
9.59, -1.58695, -0.23576, 0.762701; 
9.6, -1.587, -0.23581, 0.762751; 
9.61, -1.58705, -0.23586, 0.762801; 
9.62, -1.5871, -0.23591, 0.762851; 
9.63, -1.58715, -0.23596, 0.762901; 
9.64, -1.5872, -0.23601, 0.762951; 
9.65, -1.58725, -0.23606, 0.763001; 
9.66, -1.5873, -0.23611, 0.763051; 
9.67, -1.58735, -0.23616, 0.763101; 
9.68, -1.5874, -0.23621, 0.763151; 
9.69, -1.58745, -0.23626, 0.763201; 
9.7, -1.5875, -0.23631, 0.763251; 
9.71, -1.58755, -0.23636, 0.763301; 
9.72, -1.5876, -0.23641, 0.763351; 
9.73, -1.58765, -0.23646, 0.763401; 
9.74, -1.5877, -0.23651, 0.763451; 
9.75, -1.58775, -0.23656, 0.763501; 
9.76, -1.5878, -0.23661, 0.763551; 
9.77, -1.58785, -0.23666, 0.763601; 
9.78, -1.5879, -0.23671, 0.763651; 
9.79, -1.58795, -0.23676, 0.763701; 
9.8, -1.588, -0.23681, 0.763751; 
9.81, -1.58805, -0.23686, 0.763801; 
9.82, -1.5881, -0.23691, 0.763851; 
9.83, -1.58815, -0.23696, 0.763901; 
9.84, -1.5882, -0.23701, 0.763951; 
9.85, -1.58825, -0.23706, 0.764001; 
9.86, -1.5883, -0.23711, 0.764051; 
9.87, -1.58835, -0.23716, 0.764101; 
9.88, -1.5884, -0.23721, 0.764151; 
9.89, -1.58845, -0.23726, 0.764201; 
9.9, -1.5885, -0.23731, 0.764251; 
9.91, -1.58855, -0.23736, 0.764301; 
9.92, -1.5886, -0.23741, 0.764351; 
9.93, -1.58865, -0.23746, 0.764401; 
9.94, -1.5887, -0.23751, 0.764451; 
9.95, -1.58875, -0.23756, 0.764501; 
9.96, -1.5888, -0.23761, 0.764551; 
9.97, -1.58885, -0.23766, 0.764601; 
9.98, -1.5889, -0.23771, 0.764651; 
9.99, -1.58895, -0.23776, 0.764701; 
