0, -1.52956, -0.141467, 0.717739; 
0.01, -1.52957, -0.141485, 0.717722; 
0.02, -1.52917, -0.143723, 0.717514; 
0.03, -1.53052, -0.150083, 0.717763; 
0.04, -1.53201, -0.155858, 0.718276; 
0.05, -1.53357, -0.161906, 0.718754; 
0.06, -1.53499, -0.167474, 0.719126; 
0.07, -1.5362, -0.172238, 0.719268; 
0.08, -1.53729, -0.176407, 0.719359; 
0.09, -1.53812, -0.179615, 0.719241; 
0.1, -1.53868, -0.18197, 0.718962; 
0.11, -1.53908, -0.183782, 0.718652; 
0.12, -1.53933, -0.185013, 0.718279; 
0.13, -1.53951, -0.185933, 0.71792; 
0.14, -1.53964, -0.186604, 0.71759; 
0.15, -1.53972, -0.187056, 0.717278; 
0.16, -1.5398, -0.18748, 0.717058; 
0.17, -1.53985, -0.187741, 0.716833; 
0.18, -1.5399, -0.187925, 0.716651; 
0.19, -1.53994, -0.188114, 0.716489; 
0.2, -1.54, -0.188289, 0.716393; 
0.21, -1.54006, -0.188471, 0.716331; 
0.22, -1.54012, -0.188633, 0.716278; 
0.23, -1.54016, -0.188761, 0.71625; 
0.24, -1.54021, -0.188825, 0.716227; 
0.25, -1.54026, -0.188929, 0.716221; 
0.26, -1.5403, -0.188968, 0.716188; 
0.27, -1.54038, -0.189043, 0.716223; 
0.28, -1.54043, -0.189139, 0.716244; 
0.29, -1.54044, -0.189098, 0.716215; 
0.3, -1.54049, -0.189171, 0.716256; 
0.31, -1.54056, -0.189283, 0.716324; 
0.32, -1.5406, -0.189337, 0.716359; 
0.33, -1.54068, -0.189485, 0.716445; 
0.34, -1.54073, -0.189542, 0.716491; 
0.35, -1.54078, -0.189584, 0.716531; 
0.36, -1.54083, -0.189659, 0.716584; 
0.37, -1.54087, -0.189689, 0.716621; 
0.38, -1.54092, -0.189734, 0.716668; 
0.39, -1.54096, -0.189765, 0.716706; 
0.4, -1.54101, -0.189812, 0.716754; 
0.41, -1.54106, -0.189821, 0.716787; 
0.42, -1.54112, -0.189879, 0.716848; 
0.43, -1.54113, -0.189857, 0.716855; 
0.44, -1.54117, -0.189871, 0.716904; 
0.45, -1.54124, -0.189979, 0.716973; 
0.46, -1.54127, -0.190006, 0.717008; 
0.47, -1.54133, -0.190091, 0.717061; 
0.48, -1.54138, -0.19017, 0.717124; 
0.49, -1.54141, -0.190183, 0.717157; 
0.5, -1.54148, -0.190273, 0.717232; 
0.51, -1.54152, -0.190316, 0.717283; 
0.52, -1.54155, -0.190348, 0.717322; 
0.53, -1.54163, -0.190411, 0.717393; 
0.54, -1.54167, -0.19044, 0.717421; 
0.55, -1.5417, -0.190449, 0.717438; 
0.56, -1.54179, -0.190575, 0.717535; 
0.57, -1.54183, -0.190616, 0.717573; 
0.58, -1.54189, -0.190697, 0.717626; 
0.59, -1.54195, -0.190785, 0.717692; 
0.6, -1.54198, -0.190788, 0.717719; 
0.61, -1.54204, -0.190848, 0.717765; 
0.62, -1.54209, -0.190916, 0.717829; 
0.63, -1.54213, -0.190919, 0.717849; 
0.64, -1.54216, -0.190906, 0.717871; 
0.65, -1.54221, -0.190966, 0.717928; 
0.66, -1.54225, -0.191, 0.717968; 
0.67, -1.54231, -0.191052, 0.718019; 
0.68, -1.54236, -0.191089, 0.718063; 
0.69, -1.54241, -0.191159, 0.718133; 
0.7, -1.54248, -0.191245, 0.718201; 
0.71, -1.54253, -0.191292, 0.718263; 
0.72, -1.54258, -0.191318, 0.71831; 
0.73, -1.54264, -0.191368, 0.71837; 
0.74, -1.54267, -0.191392, 0.7184; 
0.75, -1.54273, -0.19145, 0.718455; 
0.76, -1.54276, -0.191463, 0.718487; 
0.77, -1.54281, -0.191529, 0.718537; 
0.78, -1.54285, -0.191554, 0.71857; 
0.79, -1.5429, -0.191626, 0.718635; 
0.8, -1.54297, -0.19171, 0.718704; 
0.81, -1.54302, -0.191756, 0.718756; 
0.82, -1.54309, -0.191839, 0.71882; 
0.83, -1.54314, -0.191891, 0.718876; 
0.84, -1.54319, -0.191964, 0.718928; 
0.85, -1.54323, -0.191993, 0.718965; 
0.86, -1.5433, -0.192086, 0.719038; 
0.87, -1.54334, -0.192115, 0.719073; 
0.88, -1.54338, -0.192155, 0.719119; 
0.89, -1.54343, -0.192191, 0.719171; 
0.9, -1.54348, -0.19223, 0.719208; 
0.91, -1.54353, -0.192299, 0.719262; 
0.92, -1.54358, -0.192357, 0.71932; 
0.93, -1.54363, -0.192424, 0.719375; 
0.94, -1.54369, -0.192461, 0.719446; 
0.95, -1.54375, -0.192537, 0.719513; 
0.96, -1.54382, -0.192622, 0.719577; 
0.97, -1.54389, -0.192678, 0.719634; 
0.98, -1.54391, -0.192703, 0.719667; 
0.99, -1.54396, -0.192762, 0.719711; 
1, -1.544, -0.192762, 0.719737; 
1.01, -1.54407, -0.19286, 0.719801; 
1.02, -1.54411, -0.192903, 0.71984; 
1.03, -1.54416, -0.192988, 0.71988; 
1.04, -1.5442, -0.193021, 0.719928; 
1.05, -1.54425, -0.193069, 0.719979; 
1.06, -1.5443, -0.19308, 0.720012; 
1.07, -1.54436, -0.193127, 0.720073; 
1.08, -1.54441, -0.193212, 0.720144; 
1.09, -1.54444, -0.193223, 0.720158; 
1.1, -1.5445, -0.193313, 0.720232; 
1.11, -1.54455, -0.193369, 0.720288; 
1.12, -1.54459, -0.193388, 0.720323; 
1.13, -1.54464, -0.193461, 0.720379; 
1.14, -1.54469, -0.193483, 0.720416; 
1.15, -1.54475, -0.193572, 0.72049; 
1.16, -1.5448, -0.193623, 0.720544; 
1.17, -1.54485, -0.193679, 0.720603; 
1.18, -1.54491, -0.193737, 0.720656; 
1.19, -1.54495, -0.193778, 0.720705; 
1.2, -1.545, -0.19381, 0.720746; 
1.21, -1.54504, -0.193829, 0.720777; 
1.22, -1.54508, -0.19385, 0.720812; 
1.23, -1.54514, -0.193896, 0.720866; 
1.24, -1.54518, -0.193922, 0.720909; 
1.25, -1.54525, -0.194032, 0.720997; 
1.26, -1.54531, -0.194121, 0.721065; 
1.27, -1.54536, -0.194178, 0.721116; 
1.28, -1.54542, -0.194224, 0.721154; 
1.29, -1.54547, -0.194271, 0.721201; 
1.3, -1.54551, -0.194324, 0.721258; 
1.31, -1.54555, -0.194352, 0.721293; 
1.32, -1.5456, -0.194413, 0.721356; 
1.33, -1.54565, -0.194442, 0.72139; 
1.34, -1.54568, -0.194458, 0.721414; 
1.35, -1.54574, -0.194524, 0.721475; 
1.36, -1.54579, -0.19458, 0.721532; 
1.37, -1.54583, -0.194601, 0.721567; 
1.38, -1.54588, -0.194657, 0.721622; 
1.39, -1.54595, -0.194756, 0.721698; 
1.4, -1.54599, -0.194777, 0.721731; 
1.41, -1.54604, -0.194847, 0.721797; 
1.42, -1.5461, -0.1949, 0.72185; 
1.43, -1.54613, -0.194896, 0.721876; 
1.44, -1.54617, -0.194932, 0.721912; 
1.45, -1.54622, -0.194979, 0.721952; 
1.46, -1.54626, -0.19501, 0.72199; 
1.47, -1.54633, -0.195086, 0.722068; 
1.48, -1.54637, -0.195159, 0.722128; 
1.49, -1.54643, -0.195242, 0.722201; 
1.5, -1.54647, -0.195279, 0.722243; 
1.51, -1.54654, -0.195367, 0.722321; 
1.52, -1.54661, -0.195453, 0.722399; 
1.53, -1.54667, -0.195517, 0.722452; 
1.54, -1.54671, -0.19552, 0.722472; 
1.55, -1.54677, -0.195585, 0.722531; 
1.56, -1.54683, -0.195685, 0.722599; 
1.57, -1.54687, -0.195677, 0.722611; 
1.58, -1.54692, -0.195708, 0.722649; 
1.59, -1.54694, -0.195683, 0.722651; 
1.6, -1.54699, -0.19571, 0.72269; 
1.61, -1.54702, -0.19571, 0.722712; 
1.62, -1.54706, -0.195769, 0.722775; 
1.63, -1.5471, -0.195812, 0.722821; 
1.64, -1.54716, -0.195863, 0.722869; 
1.65, -1.54722, -0.195929, 0.722928; 
1.66, -1.54727, -0.196007, 0.722997; 
1.67, -1.54732, -0.196048, 0.723043; 
1.68, -1.54736, -0.19609, 0.723086; 
1.69, -1.54741, -0.196145, 0.723138; 
1.7, -1.54748, -0.196248, 0.723218; 
1.71, -1.54753, -0.196303, 0.723276; 
1.72, -1.54759, -0.196361, 0.723332; 
1.73, -1.54763, -0.196409, 0.723379; 
1.74, -1.54769, -0.196467, 0.723433; 
1.75, -1.54773, -0.196512, 0.723476; 
1.76, -1.54778, -0.196551, 0.723522; 
1.77, -1.54784, -0.196622, 0.723584; 
1.78, -1.54789, -0.196674, 0.72363; 
1.79, -1.54793, -0.196682, 0.723662; 
1.8, -1.54798, -0.196711, 0.723697; 
1.81, -1.54803, -0.196761, 0.723751; 
1.82, -1.54807, -0.196811, 0.723802; 
1.83, -1.54813, -0.196875, 0.723856; 
1.84, -1.54818, -0.19694, 0.723917; 
1.85, -1.54825, -0.197031, 0.723989; 
1.86, -1.54829, -0.197071, 0.724033; 
1.87, -1.54835, -0.197154, 0.724101; 
1.88, -1.5484, -0.197218, 0.72415; 
1.89, -1.54846, -0.197279, 0.724211; 
1.9, -1.54851, -0.197334, 0.724266; 
1.91, -1.54855, -0.197343, 0.72429; 
1.92, -1.54861, -0.19743, 0.724372; 
1.93, -1.54865, -0.197456, 0.724406; 
1.94, -1.54869, -0.197499, 0.724451; 
1.95, -1.54875, -0.197556, 0.724502; 
1.96, -1.54881, -0.19763, 0.724566; 
1.97, -1.54885, -0.197655, 0.724596; 
1.98, -1.54889, -0.197689, 0.724641; 
1.99, -1.54893, -0.197711, 0.724681; 
2, -1.54898, -0.197748, 0.724724; 
2.01, -1.54904, -0.197812, 0.724781; 
2.02, -1.54908, -0.197835, 0.724806; 
2.03, -1.54913, -0.197889, 0.724845; 
2.04, -1.54917, -0.197929, 0.724896; 
2.05, -1.54921, -0.197947, 0.724909; 
2.06, -1.54926, -0.19802, 0.724975; 
2.07, -1.54934, -0.198119, 0.725058; 
2.08, -1.54936, -0.198111, 0.725071; 
2.09, -1.54943, -0.198197, 0.725148; 
2.1, -1.54945, -0.198213, 0.725177; 
2.11, -1.54952, -0.19829, 0.725252; 
2.12, -1.54956, -0.198322, 0.725294; 
2.13, -1.54962, -0.19838, 0.725352; 
2.14, -1.54968, -0.198423, 0.725394; 
2.15, -1.54973, -0.198496, 0.725455; 
2.16, -1.54976, -0.198548, 0.725501; 
2.17, -1.54981, -0.198589, 0.725547; 
2.18, -1.54987, -0.19866, 0.725613; 
2.19, -1.54992, -0.198708, 0.725655; 
2.2, -1.54996, -0.198721, 0.725677; 
2.21, -1.55001, -0.198777, 0.72573; 
2.22, -1.55006, -0.19882, 0.725781; 
2.23, -1.55012, -0.198885, 0.725843; 
2.24, -1.55015, -0.19888, 0.725856; 
2.25, -1.5502, -0.19892, 0.725901; 
2.26, -1.55025, -0.198982, 0.725962; 
2.27, -1.55029, -0.199005, 0.725994; 
2.28, -1.55034, -0.199059, 0.726047; 
2.29, -1.55039, -0.199097, 0.726088; 
2.3, -1.55045, -0.199175, 0.726158; 
2.31, -1.5505, -0.199228, 0.726212; 
2.32, -1.55056, -0.199298, 0.726275; 
2.33, -1.55062, -0.19939, 0.726354; 
2.34, -1.55069, -0.199472, 0.726431; 
2.35, -1.55073, -0.199479, 0.726452; 
2.36, -1.55078, -0.199536, 0.726501; 
2.37, -1.55083, -0.199591, 0.726552; 
2.38, -1.55087, -0.199614, 0.726585; 
2.39, -1.55092, -0.199652, 0.726625; 
2.4, -1.55097, -0.199715, 0.726687; 
2.41, -1.55101, -0.199743, 0.726726; 
2.42, -1.55106, -0.199783, 0.726772; 
2.43, -1.5511, -0.199814, 0.72681; 
2.44, -1.55115, -0.199873, 0.726867; 
2.45, -1.55121, -0.199951, 0.726935; 
2.46, -1.55127, -0.20003, 0.727007; 
2.47, -1.55133, -0.200106, 0.727072; 
2.48, -1.55138, -0.200143, 0.727112; 
2.49, -1.55143, -0.200189, 0.727159; 
2.5, -1.55147, -0.200209, 0.727181; 
2.51, -1.55153, -0.200294, 0.727252; 
2.52, -1.55158, -0.200337, 0.727298; 
2.53, -1.55164, -0.200413, 0.727375; 
2.54, -1.55169, -0.200456, 0.727423; 
2.55, -1.55175, -0.200521, 0.727485; 
2.56, -1.55179, -0.20056, 0.727524; 
2.57, -1.55184, -0.200621, 0.727577; 
2.58, -1.55189, -0.200677, 0.727626; 
2.59, -1.55193, -0.200722, 0.727677; 
2.6, -1.55198, -0.200749, 0.727714; 
2.61, -1.55202, -0.200755, 0.727733; 
2.62, -1.55207, -0.200822, 0.727803; 
2.63, -1.55213, -0.20089, 0.727863; 
2.64, -1.55218, -0.20093, 0.727902; 
2.65, -1.55224, -0.200977, 0.727953; 
2.66, -1.55228, -0.201008, 0.728003; 
2.67, -1.55233, -0.201043, 0.728052; 
2.68, -1.55236, -0.201074, 0.728081; 
2.69, -1.55241, -0.201145, 0.72814; 
2.7, -1.55245, -0.201165, 0.728165; 
2.71, -1.5525, -0.201192, 0.728198; 
2.72, -1.55254, -0.201215, 0.728225; 
2.73, -1.55259, -0.20126, 0.728273; 
2.74, -1.55266, -0.201363, 0.728359; 
2.75, -1.55271, -0.201405, 0.728396; 
2.76, -1.55277, -0.20149, 0.728474; 
2.77, -1.55283, -0.201553, 0.728534; 
2.78, -1.55288, -0.20159, 0.728574; 
2.79, -1.55294, -0.201677, 0.728652; 
2.8, -1.553, -0.201754, 0.72872; 
2.81, -1.55306, -0.20185, 0.728802; 
2.82, -1.55311, -0.201918, 0.728866; 
2.83, -1.55316, -0.201945, 0.728896; 
2.84, -1.5532, -0.20198, 0.728933; 
2.85, -1.55324, -0.202013, 0.72897; 
2.86, -1.55328, -0.202042, 0.729006; 
2.87, -1.55331, -0.202052, 0.72902; 
2.88, -1.55336, -0.202108, 0.729076; 
2.89, -1.55341, -0.202169, 0.729131; 
2.9, -1.55346, -0.20221, 0.729175; 
2.91, -1.55351, -0.202235, 0.729202; 
2.92, -1.55356, -0.202287, 0.729253; 
2.93, -1.55361, -0.202342, 0.729305; 
2.94, -1.55366, -0.202423, 0.729376; 
2.95, -1.55372, -0.202482, 0.729434; 
2.96, -1.55377, -0.202522, 0.729479; 
2.97, -1.55382, -0.202568, 0.729528; 
2.98, -1.55387, -0.202636, 0.729592; 
2.99, -1.55392, -0.202693, 0.729648; 
3, -1.55397, -0.202733, 0.729687; 
3.01, -1.55403, -0.20279, 0.729744; 
3.02, -1.55407, -0.202815, 0.729773; 
3.03, -1.55412, -0.202874, 0.729829; 
3.04, -1.55418, -0.202975, 0.729912; 
3.05, -1.55423, -0.203034, 0.729967; 
3.06, -1.55429, -0.203063, 0.730005; 
3.07, -1.55434, -0.203107, 0.730048; 
3.08, -1.55438, -0.203158, 0.730097; 
3.09, -1.55443, -0.203223, 0.730158; 
3.1, -1.55448, -0.20323, 0.730184; 
3.11, -1.55452, -0.203253, 0.730218; 
3.12, -1.55457, -0.203289, 0.730254; 
3.13, -1.5546, -0.203317, 0.730285; 
3.14, -1.55465, -0.203342, 0.730311; 
3.15, -1.55468, -0.203426, 0.73038; 
3.16, -1.55475, -0.203461, 0.730427; 
3.17, -1.55482, -0.203494, 0.73047; 
3.18, -1.55491, -0.203576, 0.73054; 
3.19, -1.55499, -0.203661, 0.730619; 
3.2, -1.55504, -0.203747, 0.730696; 
3.21, -1.55504, -0.203789, 0.730718; 
3.22, -1.55507, -0.203838, 0.730777; 
3.23, -1.5551, -0.203847, 0.730801; 
3.24, -1.55516, -0.203889, 0.730853; 
3.25, -1.55525, -0.20397, 0.730944; 
3.26, -1.55528, -0.204008, 0.730983; 
3.27, -1.55531, -0.204032, 0.730999; 
3.28, -1.55537, -0.20411, 0.731078; 
3.29, -1.55542, -0.204158, 0.731118; 
3.3, -1.55549, -0.204248, 0.731201; 
3.31, -1.55555, -0.204332, 0.731275; 
3.32, -1.55559, -0.204379, 0.731326; 
3.33, -1.55563, -0.204418, 0.731372; 
3.34, -1.55567, -0.204442, 0.731396; 
3.35, -1.55573, -0.204517, 0.731471; 
3.36, -1.55577, -0.204549, 0.731506; 
3.37, -1.55582, -0.20461, 0.731563; 
3.38, -1.55586, -0.204643, 0.731597; 
3.39, -1.55591, -0.204696, 0.731648; 
3.4, -1.55597, -0.204752, 0.731703; 
3.41, -1.55603, -0.204804, 0.731757; 
3.42, -1.55608, -0.204855, 0.731804; 
3.43, -1.55613, -0.204908, 0.731856; 
3.44, -1.55617, -0.20496, 0.731901; 
3.45, -1.55623, -0.205015, 0.731954; 
3.46, -1.55628, -0.20507, 0.732009; 
3.47, -1.55634, -0.205143, 0.732081; 
3.48, -1.5564, -0.2052, 0.732138; 
3.49, -1.55644, -0.20525, 0.732192; 
3.5, -1.55649, -0.205278, 0.732225; 
3.51, -1.55653, -0.205303, 0.732256; 
3.52, -1.55657, -0.205348, 0.732297; 
3.53, -1.55662, -0.205389, 0.73234; 
3.54, -1.55666, -0.2054, 0.73236; 
3.55, -1.55672, -0.205464, 0.732423; 
3.56, -1.55676, -0.20549, 0.732454; 
3.57, -1.5568, -0.205529, 0.732493; 
3.58, -1.55686, -0.205587, 0.732541; 
3.59, -1.55691, -0.205632, 0.732587; 
3.6, -1.55696, -0.205707, 0.732656; 
3.61, -1.55702, -0.20575, 0.732698; 
3.62, -1.55706, -0.205794, 0.732744; 
3.63, -1.55715, -0.205908, 0.732855; 
3.64, -1.55719, -0.20594, 0.732899; 
3.65, -1.55724, -0.206011, 0.732965; 
3.66, -1.55731, -0.206093, 0.733042; 
3.67, -1.55734, -0.206108, 0.733063; 
3.68, -1.55739, -0.206165, 0.733105; 
3.69, -1.55744, -0.206244, 0.73318; 
3.7, -1.55747, -0.206252, 0.733197; 
3.71, -1.55752, -0.206293, 0.733241; 
3.72, -1.55756, -0.20631, 0.733264; 
3.73, -1.55762, -0.206375, 0.733315; 
3.74, -1.55768, -0.206418, 0.733355; 
3.75, -1.55774, -0.206489, 0.733426; 
3.76, -1.55778, -0.206501, 0.733448; 
3.77, -1.55783, -0.206556, 0.733497; 
3.78, -1.55787, -0.206589, 0.733535; 
3.79, -1.55793, -0.206664, 0.733608; 
3.8, -1.55798, -0.206725, 0.733673; 
3.81, -1.55801, -0.206738, 0.733689; 
3.82, -1.55805, -0.206772, 0.733728; 
3.83, -1.5581, -0.206809, 0.733765; 
3.84, -1.55813, -0.206824, 0.733787; 
3.85, -1.55819, -0.206892, 0.733852; 
3.86, -1.55824, -0.20693, 0.733885; 
3.87, -1.55829, -0.206982, 0.733934; 
3.88, -1.55836, -0.207064, 0.734016; 
3.89, -1.5584, -0.207097, 0.73405; 
3.9, -1.55846, -0.207164, 0.734118; 
3.91, -1.55852, -0.207238, 0.734197; 
3.92, -1.55857, -0.207304, 0.734256; 
3.93, -1.55862, -0.207348, 0.734302; 
3.94, -1.55866, -0.207381, 0.734339; 
3.95, -1.5587, -0.207411, 0.73437; 
3.96, -1.55875, -0.207443, 0.734398; 
3.97, -1.5588, -0.20751, 0.734468; 
3.98, -1.55885, -0.207556, 0.734517; 
3.99, -1.5589, -0.207616, 0.734578; 
4, -1.55896, -0.20769, 0.734645; 
4.01, -1.559, -0.20773, 0.734683; 
4.02, -1.55905, -0.207765, 0.734718; 
4.03, -1.55913, -0.207897, 0.734842; 
4.04, -1.55918, -0.207957, 0.734901; 
4.05, -1.55923, -0.208, 0.734948; 
4.06, -1.55928, -0.208063, 0.73501; 
4.07, -1.55931, -0.208062, 0.735015; 
4.08, -1.55937, -0.208124, 0.735074; 
4.09, -1.55943, -0.20819, 0.735139; 
4.1, -1.55947, -0.208225, 0.735179; 
4.11, -1.55952, -0.208285, 0.735236; 
4.12, -1.55958, -0.208352, 0.735305; 
4.13, -1.55962, -0.208382, 0.735341; 
4.14, -1.55967, -0.208436, 0.735397; 
4.15, -1.55972, -0.20848, 0.73544; 
4.16, -1.55979, -0.208577, 0.735527; 
4.17, -1.55983, -0.208607, 0.735556; 
4.18, -1.55987, -0.208625, 0.735576; 
4.19, -1.55994, -0.208706, 0.735656; 
4.2, -1.56, -0.208786, 0.735732; 
4.21, -1.56005, -0.208835, 0.735783; 
4.22, -1.56009, -0.208865, 0.735815; 
4.23, -1.56013, -0.208901, 0.735848; 
4.24, -1.56019, -0.208983, 0.735929; 
4.25, -1.56024, -0.209018, 0.735968; 
4.26, -1.56028, -0.20904, 0.735988; 
4.27, -1.56032, -0.209087, 0.736022; 
4.28, -1.56036, -0.209126, 0.736055; 
4.29, -1.56042, -0.209194, 0.736121; 
4.3, -1.56047, -0.209239, 0.736164; 
4.31, -1.56052, -0.209286, 0.736215; 
4.32, -1.56058, -0.209346, 0.736279; 
4.33, -1.56062, -0.209377, 0.736317; 
4.34, -1.56066, -0.209409, 0.73635; 
4.35, -1.56072, -0.20948, 0.736414; 
4.36, -1.56077, -0.209546, 0.736477; 
4.37, -1.56082, -0.209591, 0.736521; 
4.38, -1.56087, -0.209658, 0.73658; 
4.39, -1.56093, -0.209722, 0.736649; 
4.4, -1.56098, -0.209762, 0.736692; 
4.41, -1.56103, -0.209813, 0.736745; 
4.42, -1.56107, -0.209852, 0.736784; 
4.43, -1.56114, -0.209964, 0.736898; 
4.44, -1.56118, -0.209969, 0.736901; 
4.45, -1.56125, -0.210079, 0.737009; 
4.46, -1.56129, -0.210097, 0.737026; 
4.47, -1.56134, -0.210149, 0.73708; 
4.48, -1.56139, -0.210198, 0.737134; 
4.49, -1.56147, -0.210295, 0.737234; 
4.5, -1.5615, -0.210299, 0.737243; 
4.51, -1.56154, -0.210325, 0.737268; 
4.52, -1.56159, -0.210353, 0.737294; 
4.53, -1.56162, -0.210363, 0.737308; 
4.54, -1.56167, -0.210403, 0.737347; 
4.55, -1.56171, -0.210429, 0.737379; 
4.56, -1.56176, -0.210476, 0.737427; 
4.57, -1.56182, -0.210548, 0.737496; 
4.58, -1.56185, -0.210562, 0.73751; 
4.59, -1.56191, -0.210625, 0.737572; 
4.6, -1.56196, -0.210677, 0.737624; 
4.61, -1.562, -0.210705, 0.737647; 
4.62, -1.56206, -0.210771, 0.73771; 
4.63, -1.56209, -0.210792, 0.737737; 
4.64, -1.56214, -0.210837, 0.737785; 
4.65, -1.56217, -0.210826, 0.737778; 
4.66, -1.56223, -0.21091, 0.737857; 
4.67, -1.56228, -0.210961, 0.737911; 
4.68, -1.56234, -0.211011, 0.737963; 
4.69, -1.56239, -0.211076, 0.738024; 
4.7, -1.56245, -0.211145, 0.738089; 
4.71, -1.56249, -0.211165, 0.738101; 
4.72, -1.56255, -0.211247, 0.738183; 
4.73, -1.56261, -0.211328, 0.738268; 
4.74, -1.56268, -0.21143, 0.738373; 
4.75, -1.56272, -0.211455, 0.738396; 
4.76, -1.56276, -0.211491, 0.738441; 
4.77, -1.56282, -0.211563, 0.738517; 
4.78, -1.56287, -0.211604, 0.738563; 
4.79, -1.5629, -0.211613, 0.738569; 
4.8, -1.56295, -0.211648, 0.738601; 
4.81, -1.56302, -0.211742, 0.738691; 
4.82, -1.56306, -0.211779, 0.738731; 
4.83, -1.56311, -0.211845, 0.738794; 
4.84, -1.56316, -0.211886, 0.738836; 
4.85, -1.56321, -0.211935, 0.738888; 
4.86, -1.56325, -0.211961, 0.738915; 
4.87, -1.56332, -0.21205, 0.739001; 
4.88, -1.56336, -0.212079, 0.739032; 
4.89, -1.5634, -0.212135, 0.73908; 
4.9, -1.56344, -0.212135, 0.739084; 
4.91, -1.56352, -0.21224, 0.739189; 
4.92, -1.56356, -0.212247, 0.73919; 
4.93, -1.5636, -0.212279, 0.739229; 
4.94, -1.56366, -0.212333, 0.73928; 
4.95, -1.56371, -0.212398, 0.739341; 
4.96, -1.56377, -0.212466, 0.739417; 
4.97, -1.56381, -0.21249, 0.739441; 
4.98, -1.56386, -0.212543, 0.739494; 
4.99, -1.56389, -0.212569, 0.739518; 
5, -1.56394, -0.212628, 0.739579; 
5.01, -1.56398, -0.212664, 0.739608; 
5.02, -1.56402, -0.212698, 0.73964; 
5.03, -1.56407, -0.21275, 0.739686; 
5.04, -1.56413, -0.212844, 0.739778; 
5.05, -1.56419, -0.212905, 0.739835; 
5.06, -1.56425, -0.213006, 0.739931; 
5.07, -1.56431, -0.213074, 0.740005; 
5.08, -1.56437, -0.213135, 0.740062; 
5.09, -1.56443, -0.213217, 0.740149; 
5.1, -1.56449, -0.213299, 0.740227; 
5.11, -1.56454, -0.213337, 0.740265; 
5.12, -1.56459, -0.213413, 0.740341; 
5.13, -1.56463, -0.213429, 0.740353; 
5.14, -1.56468, -0.21347, 0.740394; 
5.15, -1.56472, -0.213498, 0.740434; 
5.16, -1.56476, -0.213521, 0.740461; 
5.17, -1.56483, -0.213626, 0.740568; 
5.18, -1.56488, -0.213673, 0.740612; 
5.19, -1.56494, -0.213748, 0.740687; 
5.2, -1.565, -0.213814, 0.740757; 
5.21, -1.56505, -0.213845, 0.740787; 
5.22, -1.56507, -0.213843, 0.740789; 
5.23, -1.56513, -0.213897, 0.740847; 
5.24, -1.56518, -0.213944, 0.740887; 
5.25, -1.56523, -0.213996, 0.740932; 
5.26, -1.56529, -0.214093, 0.741038; 
5.27, -1.56533, -0.214104, 0.741046; 
5.28, -1.56537, -0.21414, 0.741074; 
5.29, -1.56542, -0.21421, 0.741146; 
5.3, -1.56546, -0.214233, 0.74116; 
5.31, -1.5655, -0.214277, 0.741198; 
5.32, -1.56555, -0.21433, 0.741251; 
5.33, -1.56561, -0.214394, 0.741318; 
5.34, -1.56566, -0.214453, 0.741376; 
5.35, -1.56571, -0.214512, 0.741431; 
5.36, -1.56576, -0.214554, 0.74147; 
5.37, -1.56582, -0.214615, 0.741532; 
5.38, -1.56586, -0.21463, 0.741551; 
5.39, -1.56592, -0.214689, 0.74162; 
5.4, -1.56596, -0.214721, 0.741645; 
5.41, -1.56601, -0.214776, 0.741696; 
5.42, -1.56607, -0.214841, 0.741766; 
5.43, -1.56612, -0.214887, 0.741814; 
5.44, -1.56617, -0.214948, 0.741875; 
5.45, -1.56622, -0.214983, 0.741909; 
5.46, -1.56626, -0.215022, 0.741947; 
5.47, -1.56631, -0.215049, 0.741974; 
5.48, -1.56636, -0.215095, 0.742018; 
5.49, -1.56639, -0.215106, 0.742023; 
5.5, -1.56643, -0.215142, 0.74206; 
5.51, -1.5665, -0.215212, 0.742128; 
5.52, -1.56656, -0.215297, 0.742214; 
5.53, -1.5666, -0.215322, 0.742246; 
5.54, -1.56664, -0.215372, 0.7423; 
5.55, -1.56669, -0.215413, 0.742339; 
5.56, -1.56673, -0.215437, 0.742354; 
5.57, -1.56678, -0.215487, 0.742407; 
5.58, -1.56685, -0.215585, 0.742511; 
5.59, -1.5669, -0.215625, 0.74255; 
5.6, -1.56694, -0.215655, 0.742579; 
5.61, -1.567, -0.215715, 0.742648; 
5.62, -1.56706, -0.215793, 0.742725; 
5.63, -1.5671, -0.215833, 0.742761; 
5.64, -1.56716, -0.21589, 0.74281; 
5.65, -1.56722, -0.21597, 0.742899; 
5.66, -1.56728, -0.216027, 0.742962; 
5.67, -1.56733, -0.216086, 0.74302; 
5.68, -1.56738, -0.216148, 0.743082; 
5.69, -1.56743, -0.216195, 0.743135; 
5.7, -1.56747, -0.216227, 0.743162; 
5.71, -1.56753, -0.216302, 0.743238; 
5.72, -1.56758, -0.216343, 0.743275; 
5.73, -1.56763, -0.216406, 0.743338; 
5.74, -1.56767, -0.216419, 0.743343; 
5.75, -1.56771, -0.216456, 0.743378; 
5.76, -1.56775, -0.216478, 0.743401; 
5.77, -1.56783, -0.216582, 0.743514; 
5.78, -1.56787, -0.21662, 0.743551; 
5.79, -1.56792, -0.216662, 0.74359; 
5.8, -1.56797, -0.216713, 0.743642; 
5.81, -1.56802, -0.216748, 0.743675; 
5.82, -1.56806, -0.216768, 0.743697; 
5.83, -1.56812, -0.216851, 0.743778; 
5.84, -1.56816, -0.21689, 0.743807; 
5.85, -1.56821, -0.216933, 0.743851; 
5.86, -1.56826, -0.216983, 0.743902; 
5.87, -1.56831, -0.217053, 0.743976; 
5.88, -1.56835, -0.217087, 0.744009; 
5.89, -1.5684, -0.217125, 0.744056; 
5.9, -1.56847, -0.217218, 0.744154; 
5.91, -1.56851, -0.217257, 0.744188; 
5.92, -1.56858, -0.217334, 0.744272; 
5.93, -1.56861, -0.217354, 0.744291; 
5.94, -1.56868, -0.217459, 0.744404; 
5.95, -1.56874, -0.217522, 0.744469; 
5.96, -1.56879, -0.217558, 0.744505; 
5.97, -1.56884, -0.217613, 0.744554; 
5.98, -1.56888, -0.217657, 0.74459; 
5.99, -1.56893, -0.217692, 0.744621; 
6, -1.56898, -0.217739, 0.744671; 
6.01, -1.56903, -0.217798, 0.74473; 
6.02, -1.56907, -0.217832, 0.744756; 
6.03, -1.56911, -0.217861, 0.744784; 
6.04, -1.56917, -0.217918, 0.744839; 
6.05, -1.56922, -0.217971, 0.744891; 
6.06, -1.56927, -0.218036, 0.744965; 
6.07, -1.56934, -0.218137, 0.74508; 
6.08, -1.56938, -0.218155, 0.745094; 
6.09, -1.56943, -0.218216, 0.745166; 
6.1, -1.56949, -0.218273, 0.745228; 
6.11, -1.56953, -0.218295, 0.745248; 
6.12, -1.56957, -0.218326, 0.745267; 
6.13, -1.56961, -0.218328, 0.745266; 
6.14, -1.56965, -0.218358, 0.745295; 
6.15, -1.56969, -0.218393, 0.745318; 
6.16, -1.56974, -0.218448, 0.745371; 
6.17, -1.56981, -0.218542, 0.745472; 
6.18, -1.56985, -0.218574, 0.745499; 
6.19, -1.56991, -0.218665, 0.745594; 
6.2, -1.56996, -0.218712, 0.74564; 
6.21, -1.57002, -0.218801, 0.745736; 
6.22, -1.57008, -0.218866, 0.745808; 
6.23, -1.57014, -0.218921, 0.745874; 
6.24, -1.57022, -0.219053, 0.74603; 
6.25, -1.57026, -0.219091, 0.746063; 
6.26, -1.57031, -0.219129, 0.746093; 
6.27, -1.57035, -0.219169, 0.746122; 
6.28, -1.57039, -0.219202, 0.746149; 
6.29, -1.57043, -0.21923, 0.746171; 
6.3, -1.57049, -0.219305, 0.746249; 
6.31, -1.57054, -0.219361, 0.746298; 
6.32, -1.57058, -0.219385, 0.746315; 
6.33, -1.57062, -0.219395, 0.746318; 
6.34, -1.5707, -0.219515, 0.746457; 
6.35, -1.57073, -0.219506, 0.746427; 
6.36, -1.57077, -0.219521, 0.746432; 
6.37, -1.57083, -0.219622, 0.74655; 
6.38, -1.57087, -0.219632, 0.746545; 
6.39, -1.57092, -0.219682, 0.746605; 
6.4, -1.57098, -0.219739, 0.746656; 
6.41, -1.57102, -0.219778, 0.746691; 
6.42, -1.57108, -0.219832, 0.746755; 
6.43, -1.57113, -0.219896, 0.746821; 
6.44, -1.57117, -0.219925, 0.74684; 
6.45, -1.57122, -0.21997, 0.746888; 
6.46, -1.57128, -0.220041, 0.746965; 
6.47, -1.57132, -0.220069, 0.746997; 
6.48, -1.57137, -0.220132, 0.747066; 
6.49, -1.57142, -0.220166, 0.747088; 
6.5, -1.57146, -0.220196, 0.747108; 
6.51, -1.57152, -0.220267, 0.747183; 
6.52, -1.57157, -0.220304, 0.74722; 
6.53, -1.57161, -0.220349, 0.74726; 
6.54, -1.57167, -0.220438, 0.747356; 
6.55, -1.57173, -0.220512, 0.747431; 
6.56, -1.57177, -0.220555, 0.747473; 
6.57, -1.57183, -0.220633, 0.747567; 
6.58, -1.57189, -0.220701, 0.747639; 
6.59, -1.57195, -0.220767, 0.747708; 
6.6, -1.57199, -0.220781, 0.747707; 
6.61, -1.57205, -0.22084, 0.747772; 
6.62, -1.57209, -0.220899, 0.74783; 
6.63, -1.57214, -0.22095, 0.747884; 
6.64, -1.57218, -0.220973, 0.747899; 
6.65, -1.57222, -0.220993, 0.747921; 
6.66, -1.57228, -0.221043, 0.747968; 
6.67, -1.57232, -0.221081, 0.747999; 
6.68, -1.57237, -0.221115, 0.748027; 
6.69, -1.57241, -0.221147, 0.748058; 
6.7, -1.57247, -0.221229, 0.748152; 
6.71, -1.57251, -0.221253, 0.748163; 
6.72, -1.57256, -0.221316, 0.748228; 
6.73, -1.5726, -0.221357, 0.748265; 
6.74, -1.57265, -0.2214, 0.748313; 
6.75, -1.5727, -0.221442, 0.748351; 
6.76, -1.57275, -0.221486, 0.748397; 
6.77, -1.57281, -0.221545, 0.748456; 
6.78, -1.57287, -0.221621, 0.748534; 
6.79, -1.57291, -0.221667, 0.748581; 
6.8, -1.57296, -0.22171, 0.748626; 
6.81, -1.573, -0.221739, 0.748653; 
6.82, -1.57306, -0.221822, 0.748744; 
6.83, -1.57313, -0.22189, 0.748815; 
6.84, -1.57318, -0.221943, 0.748859; 
6.85, -1.57323, -0.221997, 0.748917; 
6.86, -1.57329, -0.222064, 0.748989; 
6.87, -1.57333, -0.222097, 0.749013; 
6.88, -1.5734, -0.222199, 0.749137; 
6.89, -1.57345, -0.222268, 0.749217; 
6.9, -1.5735, -0.2223, 0.749241; 
6.91, -1.57354, -0.222341, 0.749276; 
6.92, -1.57358, -0.222355, 0.749275; 
6.93, -1.57362, -0.222384, 0.749309; 
6.94, -1.57367, -0.222432, 0.74935; 
6.95, -1.57372, -0.222479, 0.749393; 
6.96, -1.57377, -0.222529, 0.749444; 
6.97, -1.57382, -0.222558, 0.749476; 
6.98, -1.57388, -0.222647, 0.749579; 
6.99, -1.57394, -0.222713, 0.749638; 
7, -1.57399, -0.222764, 0.749686; 
7.01, -1.57404, -0.222839, 0.749771; 
7.02, -1.57409, -0.2229, 0.749838; 
7.03, -1.57415, -0.222955, 0.74989; 
7.04, -1.5742, -0.22301, 0.749949; 
7.05, -1.57424, -0.223038, 0.749967; 
7.06, -1.5743, -0.223091, 0.750029; 
7.07, -1.57434, -0.223122, 0.750054; 
7.08, -1.57438, -0.223149, 0.750063; 
7.09, -1.57443, -0.223195, 0.750101; 
7.1, -1.57446, -0.223215, 0.750111; 
7.11, -1.57452, -0.223265, 0.750161; 
7.12, -1.57456, -0.223293, 0.750171; 
7.13, -1.57462, -0.223354, 0.750234; 
7.14, -1.57465, -0.223381, 0.750256; 
7.15, -1.57472, -0.223476, 0.750369; 
7.16, -1.57476, -0.223518, 0.750408; 
7.17, -1.57481, -0.223568, 0.750458; 
7.18, -1.57485, -0.223607, 0.75049; 
7.19, -1.57492, -0.223685, 0.750588; 
7.2, -1.57497, -0.223741, 0.750658; 
7.21, -1.57503, -0.2238, 0.75073; 
7.22, -1.57509, -0.223889, 0.75083; 
7.23, -1.57512, -0.223884, 0.750801; 
7.24, -1.57519, -0.22396, 0.750884; 
7.25, -1.57522, -0.223974, 0.750884; 
7.26, -1.57527, -0.224024, 0.750936; 
7.27, -1.57532, -0.224079, 0.750985; 
7.28, -1.57538, -0.224147, 0.75105; 
7.29, -1.57543, -0.224193, 0.751099; 
7.3, -1.57549, -0.224276, 0.751203; 
7.31, -1.57553, -0.224313, 0.751231; 
7.32, -1.57559, -0.224393, 0.751332; 
7.33, -1.57563, -0.22441, 0.751334; 
7.34, -1.57568, -0.224463, 0.751389; 
7.35, -1.57573, -0.224511, 0.751428; 
7.36, -1.57578, -0.22456, 0.751477; 
7.37, -1.57583, -0.224624, 0.751548; 
7.38, -1.57588, -0.22468, 0.751604; 
7.39, -1.57593, -0.224703, 0.751616; 
7.4, -1.57597, -0.224719, 0.751623; 
7.41, -1.57601, -0.224745, 0.751637; 
7.42, -1.57607, -0.224809, 0.751698; 
7.43, -1.57612, -0.224858, 0.751745; 
7.44, -1.57616, -0.224885, 0.751761; 
7.45, -1.57621, -0.224929, 0.751808; 
7.46, -1.57627, -0.225008, 0.751894; 
7.47, -1.57632, -0.225045, 0.751929; 
7.48, -1.57637, -0.225108, 0.752011; 
7.49, -1.57641, -0.225141, 0.752036; 
7.5, -1.57646, -0.225199, 0.752096; 
7.51, -1.57651, -0.225232, 0.75212; 
7.52, -1.57655, -0.225281, 0.752163; 
7.53, -1.5766, -0.225324, 0.7522; 
7.54, -1.57665, -0.225371, 0.75225; 
7.55, -1.5767, -0.225412, 0.752284; 
7.56, -1.57675, -0.225481, 0.752365; 
7.57, -1.57679, -0.225516, 0.752387; 
7.58, -1.57685, -0.225589, 0.752469; 
7.59, -1.57691, -0.22566, 0.752548; 
7.6, -1.57695, -0.225692, 0.752573; 
7.61, -1.577, -0.225734, 0.752605; 
7.62, -1.57704, -0.225788, 0.752663; 
7.63, -1.57708, -0.225808, 0.752667; 
7.64, -1.57713, -0.225851, 0.75271; 
7.65, -1.57718, -0.225896, 0.752755; 
7.66, -1.57724, -0.22598, 0.752853; 
7.67, -1.57731, -0.226056, 0.752943; 
7.68, -1.57736, -0.226108, 0.752998; 
7.69, -1.57742, -0.22619, 0.753092; 
7.7, -1.57747, -0.226236, 0.753147; 
7.71, -1.57753, -0.226313, 0.753233; 
7.72, -1.57757, -0.226336, 0.753248; 
7.73, -1.57762, -0.226382, 0.753292; 
7.74, -1.57766, -0.226424, 0.753319; 
7.75, -1.5777, -0.226457, 0.753342; 
7.76, -1.57775, -0.226493, 0.753371; 
7.77, -1.5778, -0.226538, 0.753409; 
7.78, -1.57787, -0.226633, 0.753537; 
7.79, -1.57793, -0.226687, 0.753595; 
7.8, -1.57797, -0.226723, 0.753617; 
7.81, -1.57803, -0.226797, 0.753702; 
7.82, -1.57807, -0.226827, 0.753724; 
7.83, -1.57814, -0.226901, 0.753806; 
7.84, -1.57818, -0.226935, 0.753842; 
7.85, -1.57823, -0.226962, 0.753848; 
7.86, -1.57827, -0.227005, 0.753888; 
7.87, -1.57831, -0.227038, 0.753912; 
7.88, -1.57836, -0.227084, 0.753945; 
7.89, -1.57841, -0.227137, 0.754004; 
7.9, -1.57846, -0.227205, 0.754078; 
7.91, -1.57851, -0.227265, 0.754145; 
7.92, -1.57858, -0.22734, 0.754225; 
7.93, -1.57863, -0.227396, 0.754279; 
7.94, -1.57868, -0.227475, 0.754379; 
7.95, -1.57874, -0.22753, 0.754434; 
7.96, -1.57878, -0.227568, 0.754471; 
7.97, -1.57884, -0.227627, 0.754538; 
7.98, -1.57889, -0.227681, 0.754602; 
7.99, -1.57894, -0.227725, 0.754649; 
8, -1.57898, -0.227751, 0.75466; 
8.01, -1.57903, -0.227805, 0.754716; 
8.02, -1.57907, -0.227836, 0.754739; 
8.03, -1.57913, -0.227918, 0.754846; 
8.04, -1.57919, -0.227993, 0.754934; 
8.05, -1.57923, -0.228009, 0.754924; 
8.06, -1.57928, -0.228064, 0.75498; 
8.07, -1.57934, -0.228115, 0.755038; 
8.08, -1.57939, -0.228167, 0.75509; 
8.09, -1.57943, -0.228202, 0.755114; 
8.1, -1.57948, -0.22823, 0.755133; 
8.11, -1.57953, -0.228268, 0.755164; 
8.12, -1.57959, -0.228356, 0.755278; 
8.13, -1.57963, -0.228385, 0.755292; 
8.14, -1.57969, -0.228449, 0.755362; 
8.15, -1.57974, -0.228516, 0.755441; 
8.16, -1.57979, -0.228551, 0.755475; 
8.17, -1.57984, -0.228627, 0.755561; 
8.18, -1.5799, -0.228694, 0.755632; 
8.19, -1.57993, -0.228708, 0.755627; 
8.2, -1.57998, -0.228763, 0.755685; 
8.21, -1.58003, -0.228799, 0.75571; 
8.22, -1.58008, -0.228863, 0.755777; 
8.23, -1.58012, -0.228893, 0.755796; 
8.24, -1.58017, -0.228928, 0.755823; 
8.25, -1.58022, -0.228974, 0.755872; 
8.26, -1.58027, -0.229034, 0.755936; 
8.27, -1.58031, -0.229048, 0.755945; 
8.28, -1.58036, -0.229085, 0.755969; 
8.29, -1.5804, -0.229128, 0.755999; 
8.3, -1.58045, -0.229176, 0.75604; 
8.31, -1.58051, -0.229241, 0.756108; 
8.32, -1.58055, -0.229278, 0.756126; 
8.33, -1.58061, -0.22937, 0.756249; 
8.34, -1.58065, -0.229394, 0.756251; 
8.35, -1.5807, -0.229457, 0.756316; 
8.36, -1.58076, -0.229512, 0.756378; 
8.37, -1.58081, -0.229559, 0.756428; 
8.38, -1.58086, -0.229597, 0.756453; 
8.39, -1.58092, -0.229694, 0.756584; 
8.4, -1.58098, -0.229759, 0.756662; 
8.41, -1.58102, -0.229794, 0.756682; 
8.42, -1.58108, -0.229866, 0.756775; 
8.43, -1.58113, -0.229898, 0.756803; 
8.44, -1.58117, -0.229927, 0.756821; 
8.45, -1.58122, -0.229978, 0.756874; 
8.46, -1.58127, -0.230025, 0.756916; 
8.47, -1.58133, -0.230099, 0.757003; 
8.48, -1.58137, -0.230105, 0.756976; 
8.49, -1.58141, -0.230142, 0.757012; 
8.5, -1.58147, -0.230199, 0.757066; 
8.51, -1.58151, -0.230218, 0.75706; 
8.52, -1.58156, -0.230272, 0.757117; 
8.53, -1.5816, -0.230318, 0.757157; 
8.54, -1.58165, -0.230356, 0.757185; 
8.55, -1.58169, -0.230387, 0.757202; 
8.56, -1.58173, -0.230428, 0.757242; 
8.57, -1.58178, -0.230481, 0.7573; 
8.58, -1.58183, -0.230529, 0.757348; 
8.59, -1.58189, -0.23058, 0.757399; 
8.6, -1.58194, -0.230655, 0.757486; 
8.61, -1.582, -0.230715, 0.757558; 
8.62, -1.58205, -0.230766, 0.757608; 
8.63, -1.58211, -0.230834, 0.757679; 
8.64, -1.58214, -0.230843, 0.757659; 
8.65, -1.58221, -0.230938, 0.757784; 
8.66, -1.58227, -0.231022, 0.757892; 
8.67, -1.58232, -0.231068, 0.757938; 
8.68, -1.58238, -0.23114, 0.758023; 
8.69, -1.58244, -0.231202, 0.758094; 
8.7, -1.5825, -0.231264, 0.758165; 
8.71, -1.58256, -0.231309, 0.758211; 
8.72, -1.58261, -0.231337, 0.758226; 
8.73, -1.58267, -0.231392, 0.758278; 
8.74, -1.58273, -0.231461, 0.758364; 
8.75, -1.58279, -0.231522, 0.758431; 
8.76, -1.58284, -0.231546, 0.758445; 
8.77, -1.58291, -0.231641, 0.758572; 
8.78, -1.58295, -0.231644, 0.758544; 
8.79, -1.583, -0.231702, 0.758608; 
8.8, -1.58305, -0.23173, 0.758621; 
8.81, -1.5831, -0.231757, 0.758629; 
8.82, -1.58314, -0.231795, 0.75865; 
8.83, -1.5832, -0.231844, 0.758697; 
8.84, -1.58325, -0.231904, 0.758769; 
8.85, -1.58331, -0.231973, 0.758851; 
8.86, -1.58336, -0.232009, 0.758881; 
8.87, -1.58342, -0.23206, 0.758928; 
8.88, -1.58348, -0.232141, 0.759031; 
8.89, -1.58353, -0.232191, 0.759069; 
8.9, -1.58358, -0.23222, 0.759083; 
8.91, -1.58364, -0.23228, 0.759145; 
8.92, -1.58369, -0.232312, 0.759163; 
8.93, -1.58374, -0.232333, 0.759165; 
8.94, -1.58379, -0.232374, 0.759199; 
8.95, -1.58385, -0.232438, 0.759274; 
8.96, -1.5839, -0.232477, 0.75931; 
8.97, -1.58395, -0.232524, 0.759353; 
8.98, -1.58401, -0.232563, 0.759384; 
8.99, -1.58406, -0.232601, 0.759411; 
9, -1.58411, -0.232636, 0.759437; 
9.01, -1.58418, -0.232709, 0.759528; 
9.02, -1.58424, -0.232796, 0.75965; 
9.03, -1.58429, -0.232849, 0.759694; 
9.04, -1.58434, -0.232886, 0.759723; 
9.05, -1.58439, -0.23295, 0.759794; 
9.06, -1.58444, -0.232986, 0.759825; 
9.07, -1.58449, -0.233016, 0.759843; 
9.08, -1.58454, -0.233059, 0.75988; 
9.09, -1.5846, -0.233141, 0.759993; 
9.1, -1.58465, -0.233148, 0.75995; 
9.11, -1.58471, -0.233219, 0.760039; 
9.12, -1.58477, -0.233289, 0.760128; 
9.13, -1.58483, -0.233347, 0.760197; 
9.14, -1.58489, -0.23341, 0.760267; 
9.15, -1.58495, -0.233487, 0.760374; 
9.16, -1.585, -0.23354, 0.760437; 
9.17, -1.58506, -0.233599, 0.760508; 
9.18, -1.58511, -0.233657, 0.760562; 
9.19, -1.58516, -0.233701, 0.7606; 
9.2, -1.58522, -0.233756, 0.760658; 
9.21, -1.58528, -0.23381, 0.760723; 
9.22, -1.58533, -0.23386, 0.760783; 
9.23, -1.58538, -0.233896, 0.760811; 
9.24, -1.58543, -0.23393, 0.760818; 
9.25, -1.58549, -0.23399, 0.760886; 
9.26, -1.58553, -0.234027, 0.760907; 
9.27, -1.5856, -0.234108, 0.761013; 
9.28, -1.58567, -0.23419, 0.76112; 
9.29, -1.58571, -0.234226, 0.761148; 
9.3, -1.58577, -0.234291, 0.761228; 
9.31, -1.58582, -0.234321, 0.761232; 
9.32, -1.58586, -0.23435, 0.761238; 
9.33, -1.58591, -0.234384, 0.761261; 
9.34, -1.58595, -0.234408, 0.761264; 
9.35, -1.586, -0.234436, 0.76128; 
9.36, -1.58605, -0.234487, 0.761338; 
9.37, -1.58612, -0.234553, 0.761416; 
9.38, -1.58618, -0.234612, 0.761483; 
9.39, -1.58624, -0.234689, 0.761589; 
9.4, -1.5863, -0.234753, 0.761666; 
9.41, -1.58635, -0.234781, 0.761674; 
9.42, -1.58642, -0.234866, 0.761809; 
9.43, -1.58648, -0.234913, 0.761864; 
9.44, -1.58652, -0.234947, 0.761876; 
9.45, -1.58657, -0.234986, 0.7619; 
9.46, -1.58664, -0.23506, 0.761994; 
9.47, -1.58668, -0.235105, 0.762036; 
9.48, -1.58675, -0.235203, 0.762177; 
9.49, -1.58681, -0.235265, 0.76224; 
9.5, -1.58685, -0.235287, 0.762241; 
9.51, -1.58692, -0.235384, 0.762388; 
9.52, -1.58697, -0.23541, 0.762395; 
9.53, -1.58702, -0.235457, 0.762434; 
9.54, -1.58706, -0.235481, 0.762436; 
9.55, -1.58712, -0.235529, 0.762489; 
9.56, -1.58718, -0.235606, 0.762594; 
9.57, -1.58723, -0.235632, 0.76259; 
9.58, -1.58728, -0.235679, 0.76262; 
9.59, -1.58733, -0.235707, 0.762636; 
9.6, -1.58738, -0.235757, 0.762688; 
9.61, -1.58744, -0.235821, 0.762763; 
9.62, -1.58749, -0.235849, 0.762765; 
9.63, -1.58756, -0.235938, 0.762899; 
9.64, -1.58762, -0.236002, 0.76298; 
9.65, -1.58768, -0.236065, 0.763053; 
9.66, -1.58773, -0.236102, 0.763078; 
9.67, -1.58778, -0.236147, 0.76312; 
9.68, -1.58784, -0.2362, 0.76318; 
9.69, -1.58789, -0.236255, 0.76324; 
9.7, -1.58795, -0.236324, 0.763322; 
9.71, -1.58801, -0.236386, 0.76339; 
9.72, -1.58806, -0.236434, 0.763426; 
9.73, -1.5881, -0.236469, 0.763444; 
9.74, -1.58814, -0.236481, 0.763417; 
9.75, -1.5882, -0.236543, 0.763495; 
9.76, -1.58825, -0.236577, 0.763512; 
9.77, -1.58831, -0.23664, 0.763592; 
9.78, -1.58836, -0.23668, 0.763627; 
9.79, -1.58841, -0.236709, 0.763651; 
9.8, -1.58847, -0.236769, 0.763724; 
9.81, -1.58853, -0.236815, 0.763764; 
9.82, -1.58858, -0.236866, 0.763816; 
9.83, -1.58862, -0.236882, 0.763796; 
9.84, -1.58868, -0.236933, 0.763849; 
9.85, -1.58873, -0.236982, 0.763889; 
9.86, -1.58877, -0.237016, 0.763903; 
9.87, -1.58883, -0.237083, 0.763981; 
9.88, -1.58888, -0.237133, 0.764038; 
9.89, -1.58894, -0.237189, 0.764108; 
9.9, -1.58898, -0.237203, 0.764082; 
9.91, -1.58905, -0.237281, 0.764187; 
9.92, -1.58911, -0.237355, 0.764287; 
9.93, -1.58917, -0.237415, 0.764359; 
9.94, -1.58922, -0.237452, 0.764386; 
9.95, -1.58929, -0.237567, 0.764578; 
9.96, -1.58934, -0.237608, 0.764606; 
9.97, -1.58941, -0.237687, 0.764712; 
9.98, -1.58946, -0.237733, 0.764748; 
9.99, -1.58951, -0.237761, 0.76475; 
