0, -8.38635,1.0857,0.0399805,-2.56812,8.38774,1.07858,0;
0.01, -8.39288,1.08043,0.0391122,-2.56799,8.39565,1.07319,0;
0.02, -7.93637,0.925656,0.0587877,-2.2307,7.62342,0.581596,0;
0.03, -6.7068,0.780616,0.103192,-1.98595,6.37312,0.0955357,0;
0.04, -5.5367,0.675147,0.134114,-1.83347,5.17171,-0.247989,0;
0.05, -4.31351,0.555441,0.150523,-1.72717,3.99371,-0.494454,0;
0.06, -3.21351,0.442936,0.152097,-1.64314,2.96048,-0.653418,0;
0.07, -2.31801,0.347681,0.141945,-1.56461,2.13071,-0.739954,0;
0.08, -1.5808,0.273188,0.126442,-1.48256,1.47348,-0.769791,0;
0.09, -1.05737,0.217546,0.108239,-1.39541,1.00692,-0.763622,0;
0.1, -0.710834,0.170182,0.0904147,-1.30686,0.694397,-0.741254,0;
0.11, -0.468016,0.131092,0.0745317,-1.21889,0.478162,-0.708825,0;
0.12, -0.324591,0.102315,0.0610577,-1.13317,0.34313,-0.67186,0;
0.13, -0.230111,0.0798723,0.0496902,-1.05102,0.252761,-0.633046,0;
0.14, -0.171479,0.0617568,0.04036,-0.973488,0.193285,-0.594981,0;
0.15, -0.143042,0.0474771,0.0327354,-0.90097,0.157913,-0.559062,0;
0.16, -0.112629,0.0355956,0.0265499,-0.832879,0.126703,-0.523216,0;
0.17, -0.104716,0.0265212,0.0214176,-0.769844,0.110984,-0.490546,0;
0.18, -0.103867,0.0198229,0.0173857,-0.711262,0.10201,-0.459739,0;
0.19, -0.101124,0.0135107,0.0135892,-0.657068,0.0936104,-0.430701,0;
0.2, -0.09544,0.00896197,0.0107604,-0.606562,0.0849349,-0.402391,0;
0.21, -0.0865647,0.00410621,0.00835017,-0.559972,0.0754946,-0.375824,0;
0.22, -0.0800209,-0.000895636,0.00620286,-0.517224,0.0681693,-0.351672,0;
0.23, -0.0762162,-0.00521776,0.00463116,-0.477858,0.0632901,-0.32947,0;
0.24, -0.0797033,-0.00700955,0.00355532,-0.441354,0.0632874,-0.308822,0;
0.25, -0.0767713,-0.00866883,0.00243624,-0.407432,0.0605135,-0.288681,0;
0.26, -0.0843104,-0.00981961,0.00140719,-0.376657,0.0633711,-0.27161,0;
0.27, -0.0813833,-0.00822497,0.000993434,-0.347168,0.0616295,-0.252743,0;
0.28, -0.0778793,-0.010134,0.000296121,-0.320888,0.0589533,-0.237014,0;
0.29, -0.095414,-0.0110639,-9.80507e-05,-0.297706,0.0674198,-0.225926,0;
0.3, -0.0935282,-0.012499,-0.000372322,-0.275595,0.066149,-0.21287,0;
0.31, -0.0845378,-0.0146292,-0.00056424,-0.255019,0.0606274,-0.199727,0;
0.32, -0.0855527,-0.0161927,-0.000781163,-0.236527,0.0604436,-0.189107,0;
0.33, -0.0704788,-0.0174845,-0.00100031,-0.218559,0.0525742,-0.176261,0;
0.34, -0.0702403,-0.0184278,-0.00110135,-0.202768,0.0523671,-0.166846,0;
0.35, -0.0719926,-0.018416,-0.00117854,-0.188176,0.0539265,-0.158217,0;
0.36, -0.0687048,-0.0189927,-0.0013021,-0.174624,0.0528734,-0.149644,0;
0.37, -0.0727561,-0.0202286,-0.00130585,-0.162818,0.0553412,-0.14356,0;
0.38, -0.0736702,-0.0201217,-0.00130887,-0.151481,0.0565585,-0.136761,0;
0.39, -0.0772269,-0.0205609,-0.00132517,-0.141364,0.0588534,-0.131278,0;
0.4, -0.0779459,-0.0210247,-0.0013198,-0.131931,0.0596495,-0.125758,0;
0.41, -0.0837267,-0.0189227,-0.00126371,-0.122912,0.0633135,-0.120263,0;
0.42, -0.0819705,-0.0188628,-0.00118098,-0.114678,0.0627738,-0.114827,0;
0.43, -0.0946777,-0.0198162,-0.00120668,-0.108342,0.0690807,-0.113299,0;
0.44, -0.0994421,-0.0200057,-0.000940741,-0.101912,0.071581,-0.110152,0;
0.45, -0.0908407,-0.0208936,-0.00110259,-0.0952872,0.0667905,-0.104825,0;
0.46, -0.0952256,-0.0223888,-0.00112487,-0.0901752,0.0682502,-0.102725,0;
0.47, -0.0906128,-0.0228785,-0.00133589,-0.0846914,0.0657047,-0.0986171,0;
0.48, -0.0860597,-0.0237355,-0.00135961,-0.0796988,0.0630369,-0.0948872,0;
0.49, -0.0923257,-0.0244274,-0.00129425,-0.0758138,0.066016,-0.0936185,0;
0.5, -0.0854664,-0.0246781,-0.00125044,-0.0712927,0.0626765,-0.0896643,0;
0.51, -0.0865527,-0.0255278,-0.00116836,-0.0677816,0.0630105,-0.0878019,0;
0.52, -0.0900195,-0.0264851,-0.00116588,-0.0648039,0.0647515,-0.0867849,0;
0.53, -0.0861017,-0.0242997,-0.00101628,-0.0607455,0.0633636,-0.082655,0;
0.54, -0.0906853,-0.0247982,-0.0011346,-0.0582242,0.0656073,-0.081844,0;
0.55, -0.0982515,-0.0245828,-0.0012578,-0.0560365,0.0695724,-0.0815831,0;
0.56, -0.0847951,-0.0238324,-0.00120632,-0.0524268,0.0629636,-0.0767112,0;
0.57, -0.0868813,-0.0239339,-0.00129407,-0.0503046,0.0637025,-0.0755669,0;
0.58, -0.0827287,-0.024107,-0.0014812,-0.0480358,0.0617647,-0.0735283,0;
0.59, -0.0770578,-0.0255974,-0.00153111,-0.0461756,0.0587654,-0.0719774,0;
0.6, -0.0848255,-0.0255823,-0.00146675,-0.0450495,0.0629203,-0.0725883,0;
0.61, -0.0839099,-0.0251511,-0.00159148,-0.043325,0.0630124,-0.0712451,0;
0.62, -0.0805048,-0.0253791,-0.00153095,-0.0417069,0.0614431,-0.0697344,0;
0.63, -0.088819,-0.0251486,-0.00156773,-0.040944,0.0658249,-0.0705332,0;
0.64, -0.0989546,-0.0248497,-0.00145338,-0.040435,0.0712342,-0.0718114,0;
0.65, -0.0972078,-0.0250553,-0.00142199,-0.0392535,0.070306,-0.0707923,0;
0.66, -0.0998461,-0.0247541,-0.00143439,-0.0383141,0.0712831,-0.0703509,0;
0.67, -0.0994945,-0.0246811,-0.00142987,-0.0373044,0.0707906,-0.0694709,0;
0.68, -0.101377,-0.023839,-0.00142533,-0.0363364,0.0714913,-0.0686952,0;
0.69, -0.0972476,-0.0240586,-0.00129826,-0.0352792,0.0690272,-0.0672758,0;
0.7, -0.0912705,-0.0240553,-0.00134285,-0.0340987,0.0656306,-0.0654041,0;
0.71, -0.0905249,-0.0237213,-0.00116074,-0.0333118,0.0650848,-0.0645851,0;
0.72, -0.0936362,-0.0227106,-0.00102051,-0.0327173,0.0668329,-0.0643451,0;
0.73, -0.0926728,-0.0222019,-0.00089194,-0.0320208,0.0664893,-0.0635872,0;
0.74, -0.0979328,-0.0233869,-0.000922537,-0.0323153,0.0687996,-0.0651057,0;
0.75, -0.0961954,-0.0223679,-0.000937711,-0.0315223,0.0680642,-0.0639723,0;
0.76, -0.102267,-0.022575,-0.000876822,-0.0316696,0.0708267,-0.0651008,0;
0.77, -0.100391,-0.023009,-0.000988331,-0.0313184,0.0696291,-0.0647199,0;
0.78, -0.104849,-0.0231241,-0.0010069,-0.0313868,0.0714668,-0.0654759,0;
0.79, -0.101273,-0.0244034,-0.00095646,-0.0311594,0.0691523,-0.0651409,0;
0.8, -0.0951014,-0.023368,-0.00098135,-0.0300839,0.0658615,-0.0629169,0;
0.81, -0.0954585,-0.0233153,-0.000913376,-0.0298327,0.0657999,-0.0626954,0;
0.82, -0.0900635,-0.023283,-0.000988819,-0.0292013,0.063091,-0.0613897,0;
0.83, -0.0894085,-0.0232304,-0.000916279,-0.028971,0.0627603,-0.0611276,0;
0.84, -0.0863798,-0.0234151,-0.0010658,-0.0286605,0.0613871,-0.0605677,0;
0.85, -0.090217,-0.0238493,-0.00104775,-0.0290101,0.063403,-0.0616797,0;
0.86, -0.083075,-0.0237952,-0.00107686,-0.0283423,0.0601458,-0.0601546,0;
0.87, -0.0868736,-0.0237741,-0.00109656,-0.0285742,0.0621888,-0.0609754,0;
0.88, -0.0886806,-0.0243345,-0.00105291,-0.0288548,0.0633582,-0.0617896,0;
0.89, -0.0904133,-0.0244117,-0.000914677,-0.0289842,0.064438,-0.0622637,0;
0.9, -0.0927128,-0.02385,-0.00097872,-0.0289834,0.0658405,-0.0624806,0;
0.91, -0.0899937,-0.0240011,-0.00107383,-0.0287402,0.0645293,-0.0619248,0;
0.92, -0.0886923,-0.0247737,-0.0010151,-0.0288138,0.0637066,-0.062043,0;
0.93, -0.0865432,-0.0259894,-0.00105811,-0.0289521,0.0624655,-0.0622404,0;
0.94, -0.0860655,-0.0244976,-0.000693668,-0.0284653,0.0626542,-0.0613034,0;
0.95, -0.0813689,-0.0238868,-0.000682934,-0.0278678,0.0606419,-0.0599252,0;
0.96, -0.075787,-0.0236653,-0.000774299,-0.0273441,0.0581053,-0.0586373,0;
0.97, -0.0737363,-0.0212533,-0.000753322,-0.0265327,0.0578987,-0.0569959,0;
0.98, -0.0788602,-0.0228977,-0.000730746,-0.0275549,0.060634,-0.0593069,0;
0.99, -0.0787846,-0.0243945,-0.00084684,-0.0281529,0.0608269,-0.0605163,0;
1, -0.086583,-0.0231143,-0.000769696,-0.0285728,0.0653004,-0.0617526,0;
1.01, -0.0795126,-0.0229166,-0.000964732,-0.0279613,0.0621375,-0.0602074,0;
1.02, -0.0814899,-0.0235766,-0.00103888,-0.0283733,0.0630005,-0.0610713,0;
1.03, -0.0783031,-0.0252189,-0.00140146,-0.0286555,0.0613135,-0.0614381,0;
1.04, -0.0807889,-0.0257002,-0.00128142,-0.0290916,0.0626268,-0.0623783,0;
1.05, -0.080761,-0.024863,-0.00125342,-0.0289079,0.0630618,-0.0619993,0;
1.06, -0.0866288,-0.0233588,-0.00118029,-0.0290294,0.0664686,-0.0624894,0;
1.07, -0.085838,-0.0223438,-0.00101266,-0.0287202,0.0664473,-0.0618086,0;
1.08, -0.0800825,-0.0233473,-0.00101431,-0.0285326,0.0633106,-0.0610898,0;
1.09, -0.0882066,-0.0245539,-0.00112719,-0.0297131,0.0670326,-0.0636825,0;
1.1, -0.0812888,-0.0248076,-0.00112947,-0.029258,0.0636878,-0.0624125,0;
1.11, -0.0802403,-0.0251463,-0.00109836,-0.0292817,0.0629894,-0.0623208,0;
1.12, -0.0853336,-0.0249867,-0.00101913,-0.0297593,0.0656653,-0.0634161,0;
1.13, -0.0821468,-0.0255982,-0.00112021,-0.0297096,0.0641208,-0.0631054,0;
1.14, -0.0865673,-0.0249385,-0.00105807,-0.0299695,0.0664212,-0.0637254,0;
1.15, -0.0798091,-0.0252226,-0.0010531,-0.0294637,0.0630982,-0.0623621,0;
1.16, -0.0794839,-0.0253769,-0.00100392,-0.0295209,0.0628274,-0.0623619,0;
1.17, -0.0780272,-0.0253503,-0.000932114,-0.0294483,0.0622635,-0.0620863,0;
1.18, -0.0768355,-0.0256098,-0.000946873,-0.0294894,0.0617912,-0.0620404,0;
1.19, -0.0780094,-0.0252502,-0.000876041,-0.029579,0.0626557,-0.0622013,0;
1.2, -0.0809905,-0.0249496,-0.000840979,-0.0298711,0.064441,-0.0628278,0;
1.21, -0.0863195,-0.0247527,-0.000824776,-0.030408,0.0673078,-0.0640183,0;
1.22, -0.0911278,-0.0244306,-0.000771959,-0.0308587,0.0698158,-0.0649988,0;
1.23, -0.0910234,-0.0234938,-0.000700803,-0.0306242,0.0698074,-0.0644361,0;
1.24, -0.0945716,-0.0236134,-0.000585927,-0.0310225,0.0712262,-0.0652176,0;
1.25, -0.0837768,-0.0233257,-0.000593093,-0.0299421,0.0656099,-0.0625667,0;
1.26, -0.0777403,-0.0244492,-0.000659586,-0.0297048,0.0619673,-0.0617157,0;
1.27, -0.0767866,-0.0242518,-0.000708504,-0.0296618,0.0615019,-0.0614997,0;
1.28, -0.0778939,-0.0232102,-0.000835568,-0.0295774,0.0624873,-0.0613202,0;
1.29, -0.0786471,-0.0234321,-0.000830526,-0.0298536,0.0630725,-0.0618053,0;
1.3, -0.0780033,-0.0241723,-0.000746944,-0.0301597,0.0627937,-0.0622806,0;
1.31, -0.082037,-0.024142,-0.000749065,-0.0306843,0.0649381,-0.0633569,0;
1.32, -0.0797701,-0.0246786,-0.000658967,-0.0307354,0.0638765,-0.0632781,0;
1.33, -0.0837257,-0.0247267,-0.000677634,-0.0312399,0.0658347,-0.0642931,0;
1.34, -0.0900771,-0.0247494,-0.000713701,-0.0319787,0.0690564,-0.0658489,0;
1.35, -0.08719,-0.0246726,-0.000698184,-0.0317239,0.0675934,-0.0651456,0;
1.36, -0.0859773,-0.0252622,-0.00064692,-0.0317947,0.0665966,-0.0650995,0;
1.37, -0.0907362,-0.0250598,-0.000596077,-0.0322539,0.0688199,-0.0660307,0;
1.38, -0.0895468,-0.0248453,-0.000584004,-0.0321095,0.0681661,-0.0655974,0;
1.39, -0.0813072,-0.0250052,-0.000644021,-0.031335,0.0637889,-0.0636955,0;
1.4, -0.0862542,-0.0247813,-0.000619381,-0.0318036,0.0660646,-0.0646425,0;
1.41, -0.082471,-0.0251462,-0.000573841,-0.0316166,0.0642014,-0.0640523,0;
1.42, -0.0819481,-0.025198,-0.000558734,-0.0316453,0.0638615,-0.0639801,0;
1.43, -0.0904441,-0.0247405,-0.000400645,-0.0324743,0.0682141,-0.065754,0;
1.44, -0.0936781,-0.025631,-0.000439179,-0.0331786,0.0697076,-0.0670881,0;
1.45, -0.094771,-0.0254679,-0.000532433,-0.0332818,0.0700503,-0.0671952,0;
1.46, -0.0981047,-0.0253976,-0.00052559,-0.0336084,0.0713775,-0.0677873,0;
1.47, -0.092249,-0.0246741,-0.000400969,-0.032767,0.0682779,-0.0658698,0;
1.48, -0.0889581,-0.0259737,-0.000432589,-0.0327923,0.0659325,-0.065648,0;
1.49, -0.0832898,-0.0274188,-0.000392343,-0.0326668,0.0625972,-0.0650817,0;
1.5, -0.085577,-0.027596,-0.000373997,-0.0330121,0.063616,-0.0656932,0;
1.51, -0.0783304,-0.0267582,-0.000355055,-0.0320358,0.0603651,-0.0635425,0;
1.52, -0.0712848,-0.0258696,-0.000313212,-0.031043,0.0571493,-0.061369,0;
1.53, -0.0691259,-0.0248283,-0.000406148,-0.0305925,0.0566136,-0.0603974,0;
1.54, -0.0773058,-0.0239507,-0.000384283,-0.0313934,0.0613688,-0.0621148,0;
1.55, -0.0746394,-0.0238839,-0.000385362,-0.031318,0.0606385,-0.0618384,0;
1.56, -0.0673714,-0.0250445,-0.000552736,-0.0310483,0.0570476,-0.0610161,0;
1.57, -0.0770993,-0.0227319,-0.000567367,-0.0315989,0.0626135,-0.0622966,0;
1.58, -0.0804519,-0.0223403,-0.000550477,-0.0320604,0.064885,-0.0632071,0;
1.59, -0.0936701,-0.0221515,-0.000501971,-0.0336495,0.0716043,-0.0664782,0;
1.6, -0.0974432,-0.0219823,-0.000450973,-0.034181,0.0734912,-0.0674748,0;
1.61, -0.105818,-0.0218353,-0.000370975,-0.0351327,0.0771686,-0.0693468,0;
1.62, -0.104022,-0.0234538,-0.000240161,-0.0354696,0.0753344,-0.0697447,0;
1.63, -0.105394,-0.0243903,-0.000223041,-0.0358815,0.0749459,-0.0703623,0;
1.64, -0.105061,-0.0236565,-0.000269574,-0.0355704,0.0741844,-0.0696121,0;
1.65, -0.102027,-0.0231333,-0.000297858,-0.0349938,0.0720732,-0.0682981,0;
1.66, -0.0972699,-0.0239439,-0.000287281,-0.0346548,0.0688953,-0.0673712,0;
1.67, -0.0985753,-0.0240473,-0.000246905,-0.0348357,0.06899,-0.067598,0;
1.68, -0.100136,-0.0242554,-0.000267515,-0.0351154,0.0694155,-0.0680269,0;
1.69, -0.0994101,-0.0244989,-0.000273824,-0.0351382,0.0686914,-0.0679167,0;
1.7, -0.0903024,-0.0246749,-0.000342733,-0.0341437,0.0638283,-0.0657083,0;
1.71, -0.0890164,-0.0246585,-0.000292526,-0.034003,0.0629074,-0.065292,0;
1.72, -0.0876115,-0.0247937,-0.000267553,-0.0339732,0.0622347,-0.0651026,0;
1.73, -0.0880905,-0.0248267,-0.000275337,-0.0341413,0.0625752,-0.0653313,0;
1.74, -0.0868509,-0.02492,-0.000277355,-0.0341326,0.0620993,-0.0651934,0;
1.75, -0.0881235,-0.0250039,-0.000309215,-0.0344177,0.0628446,-0.065658,0;
1.76, -0.0896513,-0.024629,-0.000263708,-0.0345911,0.0638316,-0.0659276,0;
1.77, -0.0862007,-0.0246274,-0.000295488,-0.0342747,0.0622449,-0.0651693,0;
1.78, -0.0860584,-0.0243183,-0.000355982,-0.03426,0.0622751,-0.0650455,0;
1.79, -0.0926047,-0.0235296,-0.000226833,-0.0349086,0.0658122,-0.066309,0;
1.8, -0.0964308,-0.0229456,-0.000225641,-0.0353112,0.067961,-0.0670482,0;
1.81, -0.0960247,-0.0232812,-0.00015601,-0.0354628,0.0675894,-0.0672009,0;
1.82, -0.0960988,-0.0235632,-0.000135823,-0.0356405,0.067311,-0.0674048,0;
1.83, -0.0941053,-0.0238649,-0.000201203,-0.0355587,0.0660304,-0.0670864,0;
1.84, -0.0912676,-0.0240024,-0.000184928,-0.0353142,0.0643999,-0.0664607,0;
1.85, -0.0843831,-0.0242503,-0.000261324,-0.0346295,0.0608365,-0.0649488,0;
1.86, -0.0861904,-0.0241955,-0.000245768,-0.0349206,0.0617237,-0.0654195,0;
1.87, -0.0806953,-0.02457,-0.000291131,-0.0345054,0.0591802,-0.0644572,0;
1.88, -0.0793205,-0.0249899,-0.000415384,-0.0346025,0.0585905,-0.0645137,0;
1.89, -0.0771761,-0.025441,-0.000350557,-0.0346469,0.0577888,-0.0644661,0;
1.9, -0.0761099,-0.0252781,-0.00032335,-0.0346273,0.057688,-0.0643372,0;
1.91, -0.0832457,-0.0247488,-0.00027978,-0.0355041,0.0617489,-0.0660085,0;
1.92, -0.0761856,-0.025169,-0.000197772,-0.0349438,0.0586384,-0.0647724,0;
1.93, -0.0806114,-0.0253735,-0.000168789,-0.0356822,0.0609346,-0.0661063,0;
1.94, -0.0820165,-0.0254846,-0.000153896,-0.0360518,0.0619832,-0.0667245,0;
1.95, -0.080977,-0.0253253,-0.000188131,-0.0359976,0.0617213,-0.0665193,0;
1.96, -0.0768405,-0.0251259,-0.000228088,-0.0354998,0.059878,-0.0654543,0;
1.97, -0.0815354,-0.0249854,-0.000246621,-0.0361636,0.0623635,-0.0666509,0;
1.98, -0.0840268,-0.0250695,-0.000148576,-0.0366608,0.0638626,-0.0675074,0;
1.99, -0.0885546,-0.0257542,-3.7302e-06,-0.0375805,0.0660488,-0.0691398,0;
2, -0.0903579,-0.0242519,3.83314e-06,-0.0373991,0.0672546,-0.0687628,0;
2.01, -0.0879045,-0.0242852,-2.46388e-05,-0.0371291,0.0658975,-0.0681221,0;
2.02, -0.0934017,-0.0244227,-8.01264e-05,-0.037924,0.0683258,-0.0695264,0;
2.03, -0.0937651,-0.0243621,-0.000244835,-0.0380222,0.0683669,-0.0695974,0;
2.04, -0.0948841,-0.0245634,-0.000136301,-0.0382629,0.0685607,-0.069923,0;
2.05, -0.101879,-0.024013,-0.000308068,-0.0390221,0.071777,-0.0712828,0;
2.06, -0.097969,-0.025245,-0.000293475,-0.0389261,0.0692637,-0.0709093,0;
2.07, -0.0889171,-0.0249308,-0.000329093,-0.0376019,0.0643374,-0.0682681,0;
2.08, -0.0991804,-0.0247111,-0.000263553,-0.0388658,0.0690241,-0.0705672,0;
2.09, -0.0925505,-0.0249659,-0.00024638,-0.0381517,0.0656823,-0.0690817,0;
2.1, -0.0987584,-0.0262904,-0.000165635,-0.0394086,0.0680622,-0.071279,0;
2.11, -0.0931959,-0.0258625,-9.45724e-05,-0.0385856,0.0652932,-0.0696236,0;
2.12, -0.0960812,-0.0262376,-1.34239e-05,-0.0390571,0.0663111,-0.0703846,0;
2.13, -0.0940751,-0.0249692,-1.64332e-05,-0.0384079,0.0654819,-0.0691102,0;
2.14, -0.0953764,-0.0240214,-6.22309e-05,-0.0382815,0.0661313,-0.0688057,0;
2.15, -0.0918159,-0.0249744,-0.000117701,-0.0381705,0.0640553,-0.0684411,0;
2.16, -0.0923255,-0.0265734,-0.000139433,-0.0388483,0.0637776,-0.0695192,0;
2.17, -0.0937291,-0.0264898,-9.38602e-05,-0.0390955,0.0644418,-0.0698752,0;
2.18, -0.0898758,-0.026566,-8.12286e-05,-0.0386445,0.0625258,-0.0689245,0;
2.19, -0.0906958,-0.026391,-0.000157078,-0.0387381,0.0628865,-0.0690016,0;
2.2, -0.0973716,-0.0252383,-0.000181274,-0.0393398,0.0664561,-0.070067,0;
2.21, -0.0964069,-0.0255582,-0.000179556,-0.0393849,0.0659524,-0.0700307,0;
2.22, -0.097105,-0.0253565,-0.000103535,-0.0394627,0.0661252,-0.0700675,0;
2.23, -0.094332,-0.0256811,-7.79905e-05,-0.0392319,0.0645192,-0.0695153,0;
2.24, -0.103923,-0.0251044,-2.43206e-05,-0.0404079,0.0691277,-0.0715944,0;
2.25, -0.105457,-0.0244819,1.34551e-06,-0.0404954,0.0699266,-0.071664,0;
2.26, -0.103086,-0.0249569,2.65337e-05,-0.0403139,0.068257,-0.0711935,0;
2.27, -0.107808,-0.0248404,6.27305e-05,-0.0409446,0.0701137,-0.0722307,0;
2.28, -0.107041,-0.0248675,7.57088e-05,-0.0408536,0.0693825,-0.0719453,0;
2.29, -0.109126,-0.0246653,6.86706e-05,-0.0410618,0.0699543,-0.0722114,0;
2.3, -0.103999,-0.0247144,6.70725e-05,-0.0403382,0.0670124,-0.0707737,0;
2.31, -0.103169,-0.0249178,9.62709e-05,-0.0402674,0.0660802,-0.0705201,0;
2.32, -0.0996716,-0.0251184,8.13269e-05,-0.0398738,0.0640627,-0.0696874,0;
2.33, -0.0920321,-0.025062,4.4525e-05,-0.0388001,0.060139,-0.0676406,0;
2.34, -0.0857928,-0.0249898,7.57134e-05,-0.0379576,0.0570465,-0.0660204,0;
2.35, -0.0933511,-0.0243718,0.000121973,-0.0390025,0.0610635,-0.0678268,0;
2.36, -0.0927206,-0.0245789,5.87019e-05,-0.0392086,0.0611309,-0.0680981,0;
2.37, -0.0919251,-0.0242299,3.09238e-05,-0.0391217,0.0609509,-0.0678539,0;
2.38, -0.0967112,-0.0241968,8.47797e-05,-0.0399676,0.0634171,-0.0692694,0;
2.39, -0.0990169,-0.024312,9.21198e-05,-0.0405133,0.0646545,-0.0701399,0;
2.4, -0.0964969,-0.0242734,0.000120645,-0.0402334,0.0633973,-0.069538,0;
2.41, -0.100038,-0.0242138,0.000203162,-0.040818,0.0650117,-0.0704741,0;
2.42, -0.101515,-0.0242484,0.000256563,-0.041161,0.065681,-0.0709773,0;
2.43, -0.104895,-0.0244583,0.00031357,-0.04181,0.0671198,-0.0720149,0;
2.44, -0.103266,-0.0245953,0.000314476,-0.0416725,0.066089,-0.0716589,0;
2.45, -0.098302,-0.0246684,0.000277517,-0.0409697,0.0633565,-0.070307,0;
2.46, -0.0927115,-0.0247085,0.000275363,-0.0401775,0.0603965,-0.0688031,0;
2.47, -0.088295,-0.0247219,0.000219985,-0.0396021,0.0581994,-0.0676911,0;
2.48, -0.0906456,-0.0241247,0.000222476,-0.0398975,0.0596262,-0.0681323,0;
2.49, -0.0914968,-0.0240643,0.000227289,-0.0401974,0.0603669,-0.0685679,0;
2.5, -0.0974521,-0.0238652,0.000177683,-0.0412074,0.0635066,-0.0702485,0;
2.51, -0.0915164,-0.0241166,0.000113127,-0.0405646,0.0607206,-0.0690206,0;
2.52, -0.0926592,-0.023554,0.000132969,-0.0406348,0.0613421,-0.0690574,0;
2.53, -0.087238,-0.0240435,0.000229796,-0.0401332,0.058724,-0.0680751,0;
2.54, -0.0879945,-0.0234429,0.000267971,-0.0401883,0.0593094,-0.0680925,0;
2.55, -0.0852812,-0.0234562,0.000279203,-0.0399777,0.058249,-0.0676343,0;
2.56, -0.0875489,-0.0236979,0.00027386,-0.0406052,0.0595127,-0.0686258,0;
2.57, -0.08625,-0.0243088,0.000230634,-0.040832,0.0590336,-0.0689143,0;
2.58, -0.0856711,-0.0243519,0.000162944,-0.0409358,0.0589427,-0.0690003,0;
2.59, -0.0864287,-0.0254773,0.000264067,-0.0416084,0.0592949,-0.0700463,0;
2.6, -0.090193,-0.024602,0.00031708,-0.042067,0.0615479,-0.0707596,0;
2.61, -0.0979697,-0.0238708,0.000369041,-0.0431512,0.0656834,-0.0725426,0;
2.62, -0.0944066,-0.0246906,0.00046564,-0.042991,0.0638261,-0.0721573,0;
2.63, -0.0912672,-0.0248249,0.00043037,-0.0425705,0.0620242,-0.0713332,0;
2.64, -0.0933482,-0.0240291,0.000380824,-0.0426768,0.0630939,-0.0714284,0;
2.65, -0.0931408,-0.0225821,0.00040441,-0.0422155,0.063329,-0.0705678,0;
2.66, -0.0952593,-0.0222128,0.000579076,-0.0425191,0.06437,-0.0709921,0;
2.67, -0.0972071,-0.022507,0.000724864,-0.0430688,0.0651581,-0.0718226,0;
2.68, -0.101564,-0.0233971,0.000687047,-0.0441832,0.0669032,-0.0735989,0;
2.69, -0.0985443,-0.0246595,0.000632785,-0.0442185,0.0649345,-0.0735412,0;
2.7, -0.104307,-0.0243403,0.000624194,-0.0450461,0.0674444,-0.07484,0;
2.71, -0.108257,-0.0235547,0.000636025,-0.0454167,0.0693133,-0.0753726,0;
2.72, -0.113483,-0.0235946,0.000622889,-0.0462414,0.0714384,-0.0766543,0;
2.73, -0.114006,-0.0231227,0.000651928,-0.0461078,0.071278,-0.0763229,0;
2.74, -0.10444,-0.0233081,0.00056289,-0.0445134,0.0659351,-0.0735299,0;
2.75, -0.106257,-0.0225138,0.000465043,-0.044435,0.0663247,-0.0732982,0;
2.76, -0.0995218,-0.0224269,0.0004705,-0.043333,0.0628004,-0.0713544,0;
2.77, -0.0969772,-0.0222732,0.000454351,-0.0428853,0.0612828,-0.0705127,0;
2.78, -0.0994282,-0.0221482,0.000467616,-0.0433714,0.0624075,-0.0712318,0;
2.79, -0.0925044,-0.0221339,0.00045688,-0.0423749,0.0591002,-0.0694802,0;
2.8, -0.0879677,-0.0229573,0.000424001,-0.0420529,0.056671,-0.0688512,0;
2.81, -0.0797982,-0.023751,0.000376227,-0.041178,0.0527283,-0.0673082,0;
2.82, -0.0764763,-0.0236992,0.00037431,-0.0408196,0.0514893,-0.0666377,0;
2.83, -0.0810217,-0.0236889,0.000386806,-0.0418811,0.054295,-0.0683188,0;
2.84, -0.0840852,-0.0235592,0.00039432,-0.0426695,0.0565042,-0.0695474,0;
2.85, -0.0873419,-0.0236408,0.000429802,-0.0435118,0.0585564,-0.0708577,0;
2.86, -0.0912157,-0.023816,0.000480963,-0.0444453,0.0607248,-0.0723087,0;
2.87, -0.0993099,-0.0242133,0.000479156,-0.0461237,0.0647285,-0.0749791,0;
2.88, -0.0980911,-0.0247532,0.000514557,-0.0462133,0.0640606,-0.0750314,0;
2.89, -0.0964573,-0.0250691,0.000464875,-0.0460292,0.0629555,-0.0746326,0;
2.9, -0.0980182,-0.0247631,0.000491111,-0.0461911,0.0635879,-0.0748018,0;
2.91, -0.102769,-0.0243857,0.000463358,-0.0468686,0.0658316,-0.0758158,0;
2.92, -0.102454,-0.0242465,0.000469653,-0.0467784,0.0655386,-0.0755702,0;
2.93, -0.101704,-0.0244378,0.000453249,-0.0466783,0.064812,-0.0753088,0;
2.94, -0.096224,-0.0252137,0.000406377,-0.0460019,0.0616861,-0.07411,0;
2.95, -0.0943225,-0.0247326,0.000402565,-0.0454824,0.0606148,-0.0731729,0;
2.96, -0.0958727,-0.0244761,0.00044062,-0.0456964,0.0613783,-0.0734285,0;
2.97, -0.0963888,-0.0244169,0.000482148,-0.0458609,0.0616678,-0.0736071,0;
2.98, -0.0930967,-0.0249515,0.000488881,-0.0455616,0.059936,-0.0730346,0;
2.99, -0.091887,-0.0254183,0.000513989,-0.0455883,0.0591903,-0.0729881,0;
3, -0.0938849,-0.0246249,0.000474941,-0.0457623,0.0604017,-0.0731803,0;
3.01, -0.0923559,-0.0245149,0.000482324,-0.0455613,0.0598075,-0.0727691,0;
3.02, -0.0971025,-0.0241397,0.000491955,-0.0463618,0.0622058,-0.0739696,0;
3.03, -0.0955837,-0.0244614,0.000490791,-0.0463277,0.0614664,-0.0738287,0;
3.04, -0.0871272,-0.0262888,0.000418273,-0.0455641,0.0568827,-0.07252,0;
3.05, -0.0854211,-0.025674,0.000377247,-0.0451071,0.0561607,-0.0717004,0;
3.06, -0.0886291,-0.0241978,0.000434419,-0.0452812,0.0583019,-0.0718954,0;
3.07, -0.0899673,-0.0237843,0.000408075,-0.0455484,0.0593569,-0.0722366,0;
3.08, -0.0901477,-0.0247617,0.000417271,-0.0461089,0.0593777,-0.0730531,0;
3.09, -0.0876126,-0.02556,0.000429824,-0.0461048,0.0580621,-0.072965,0;
3.1, -0.0942921,-0.0236827,0.000543532,-0.0467484,0.0617832,-0.073893,0;
3.11, -0.0987114,-0.0230763,0.000618408,-0.0474696,0.0642072,-0.0749483,0;
3.12, -0.101678,-0.0230874,0.000613929,-0.0481161,0.0655317,-0.0758834,0;
3.13, -0.106031,-0.0238403,0.000645953,-0.0492531,0.0671654,-0.077593,0;
3.14, -0.110812,-0.0222926,0.000585608,-0.0495604,0.0694517,-0.0779691,0;
3.15, -0.106339,-0.0271812,0.000587509,-0.0504826,0.0656765,-0.0793667,0;
3.16, -0.107319,-0.0240105,0.000621922,-0.0494357,0.066248,-0.0775894,0;
3.17, -0.108765,-0.0199904,0.000616722,-0.0480874,0.0674998,-0.0753354,0;
3.18, -0.102286,-0.0162912,0.000423704,-0.0454794,0.064857,-0.071115,0;
3.19, -0.0949709,-0.0141572,0.000355914,-0.0433795,0.0613514,-0.0677248,0;
3.2, -0.0887256,-0.0163135,0.000356185,-0.0432548,0.0575285,-0.0674797,0;
3.21, -0.0940467,-0.0228092,0.000297772,-0.0470491,0.0584403,-0.0733967,0;
3.22, -0.0938484,-0.0249034,0.0004814,-0.0482156,0.0580279,-0.0751638,0;
3.23, -0.101018,-0.0250943,0.000616236,-0.049773,0.0615193,-0.0775138,0;
3.24, -0.101484,-0.0243236,0.000708986,-0.0496529,0.0620643,-0.0772329,0;
3.25, -0.0929199,-0.0199153,0.00075375,-0.0463616,0.0589195,-0.071982,0;
3.26, -0.0957967,-0.021941,0.000814558,-0.0476397,0.0596501,-0.0739031,0;
3.27, -0.102468,-0.0240795,0.000759641,-0.049928,0.0623811,-0.0773976,0;
3.28, -0.0963635,-0.0233025,0.000784197,-0.0486203,0.0596661,-0.0752815,0;
3.29, -0.0977443,-0.0238017,0.00071633,-0.0490435,0.0600221,-0.0758555,0;
3.3, -0.0897967,-0.0231924,0.000672658,-0.0473786,0.0563816,-0.0731955,0;
3.31, -0.0838198,-0.0236542,0.000613119,-0.0464516,0.0534066,-0.0716945,0;
3.32, -0.0844631,-0.0252211,0.000714915,-0.0473352,0.0535709,-0.0730032,0;
3.33, -0.086245,-0.0257715,0.000805606,-0.048143,0.0547206,-0.074179,0;
3.34, -0.0917437,-0.0258171,0.00080166,-0.0494157,0.0577417,-0.076057,0;
3.35, -0.0864358,-0.0254997,0.000830639,-0.0484062,0.0556319,-0.0744281,0;
3.36, -0.0900725,-0.0259863,0.000862142,-0.0493543,0.0573659,-0.0758039,0;
3.37, -0.0882522,-0.0261559,0.000855633,-0.049195,0.0567249,-0.0754851,0;
3.38, -0.0916453,-0.0261272,0.000855803,-0.0499208,0.0584905,-0.0765122,0;
3.39, -0.0912181,-0.0259667,0.000838644,-0.0498761,0.0584996,-0.0763583,0;
3.4, -0.0898999,-0.0252951,0.000831155,-0.0494051,0.0580935,-0.0755467,0;
3.41, -0.0891563,-0.0249413,0.000854279,-0.049192,0.0578809,-0.0751342,0;
3.42, -0.0893586,-0.0248656,0.000826313,-0.0492995,0.0580727,-0.0752154,0;
3.43, -0.0887047,-0.024604,0.000813918,-0.0491937,0.0579121,-0.07497,0;
3.44, -0.0891793,-0.0254598,0.000770042,-0.0497316,0.0580047,-0.075723,0;
3.45, -0.0883417,-0.0254012,0.000753222,-0.0496753,0.0577026,-0.0755571,0;
3.46, -0.0873008,-0.0252653,0.000772012,-0.0495196,0.0573148,-0.07524,0;
3.47, -0.0825557,-0.0249571,0.000774009,-0.048554,0.0552374,-0.0736991,0;
3.48, -0.0810008,-0.0247224,0.000787074,-0.0482842,0.0546725,-0.0732126,0;
3.49, -0.0805613,-0.0248269,0.000843924,-0.0484421,0.0546944,-0.0733782,0;
3.5, -0.0847601,-0.0248378,0.000894265,-0.0495227,0.0569759,-0.0749339,0;
3.51, -0.0893611,-0.0246227,0.000939351,-0.0505947,0.0595004,-0.0764638,0;
3.52, -0.0908212,-0.0248431,0.000919625,-0.0511252,0.060264,-0.0771863,0;
3.53, -0.0924178,-0.0247027,0.000932565,-0.0514913,0.0609969,-0.0776534,0;
3.54, -0.0995617,-0.0239617,0.000997654,-0.052718,0.0644457,-0.0793897,0;
3.55, -0.096534,-0.0236817,0.000988681,-0.0520337,0.0629179,-0.0782766,0;
3.56, -0.101059,-0.0238963,0.00105016,-0.0529973,0.0645861,-0.0796336,0;
3.57, -0.103248,-0.0238068,0.00104225,-0.0534445,0.0653339,-0.0802113,0;
3.58, -0.102587,-0.0238105,0.000939682,-0.0532584,0.0645871,-0.079848,0;
3.59, -0.10326,-0.0233659,0.000929005,-0.0531579,0.0645263,-0.0796019,0;
3.6, -0.0987688,-0.0238271,0.000894656,-0.0523411,0.061854,-0.0783155,0;
3.61, -0.100037,-0.022988,0.000861252,-0.0522426,0.0622241,-0.0780642,0;
3.62, -0.101067,-0.0231396,0.000893275,-0.0525472,0.0624214,-0.0784374,0;
3.63, -0.0877757,-0.0225358,0.000890101,-0.0495724,0.0560243,-0.0739469,0;
3.64, -0.0903201,-0.0228351,0.00101806,-0.0502472,0.0568567,-0.0748765,0;
3.65, -0.0866309,-0.0231039,0.000996885,-0.0498017,0.0552066,-0.0741575,0;
3.66, -0.0804237,-0.0230398,0.000959434,-0.0486738,0.0523952,-0.0724258,0;
3.67, -0.0872748,-0.0235504,0.00104287,-0.050551,0.0556998,-0.0751364,0;
3.68, -0.0874518,-0.0239146,0.000897051,-0.0510374,0.0560867,-0.0757971,0;
3.69, -0.0818225,-0.0243615,0.000894981,-0.0502168,0.053492,-0.074534,0;
3.7, -0.0897644,-0.0249212,0.00100071,-0.0522743,0.0572194,-0.0774973,0;
3.71, -0.0913178,-0.0244463,0.00102968,-0.0526604,0.058381,-0.0779791,0;
3.72, -0.0974111,-0.023877,0.00107459,-0.0538368,0.0614292,-0.0796064,0;
3.73, -0.0956519,-0.0234959,0.000920105,-0.053379,0.0606486,-0.0788486,0;
3.74, -0.0969048,-0.0218859,0.000850375,-0.0530142,0.0613785,-0.0781911,0;
3.75, -0.0925547,-0.0220738,0.000859067,-0.052179,0.0590825,-0.0769029,0;
3.76, -0.0993082,-0.0218853,0.000962821,-0.0536424,0.0620444,-0.0789548,0;
3.77, -0.0989422,-0.0221634,0.000916159,-0.0537971,0.0616961,-0.0791138,0;
3.78, -0.101873,-0.0216885,0.000960308,-0.0542918,0.0628746,-0.0797429,0;
3.79, -0.0968927,-0.0220703,0.000963033,-0.053387,0.0601451,-0.078368,0;
3.8, -0.0941872,-0.0225272,0.00101526,-0.0529677,0.0583832,-0.0776981,0;
3.81, -0.101627,-0.0228364,0.00106405,-0.0547956,0.0616022,-0.08028,0;
3.82, -0.104602,-0.0234538,0.00113283,-0.0557879,0.0627699,-0.0816606,0;
3.83, -0.107252,-0.0235915,0.00113745,-0.0564277,0.0636792,-0.0825089,0;
3.84, -0.11378,-0.0236226,0.00121347,-0.0578003,0.0663367,-0.0844066,0;
3.85, -0.110339,-0.0240537,0.00120631,-0.0570979,0.0641574,-0.0833233,0;
3.86, -0.11299,-0.0229646,0.00110946,-0.0570524,0.0650205,-0.0831338,0;
3.87, -0.112679,-0.0225453,0.00107725,-0.0566588,0.064479,-0.0824669,0;
3.88, -0.105964,-0.022532,0.00107921,-0.0550186,0.0607804,-0.0800302,0;
3.89, -0.109369,-0.0225439,0.00108991,-0.0556788,0.0618417,-0.0808968,0;
3.9, -0.105683,-0.022541,0.00111053,-0.0548764,0.059845,-0.0796725,0;
3.91, -0.100103,-0.0225108,0.00117592,-0.0535841,0.0569028,-0.0777476,0;
3.92, -0.0975617,-0.0230973,0.00113554,-0.0532738,0.0553533,-0.0772538,0;
3.93, -0.098549,-0.0232407,0.00116228,-0.0536818,0.0557741,-0.0777724,0;
3.94, -0.101667,-0.022812,0.0012032,-0.0543931,0.0574393,-0.0787068,0;
3.95, -0.105536,-0.0226544,0.00121721,-0.0553466,0.0593502,-0.0799884,0;
3.96, -0.109827,-0.0226256,0.00118122,-0.056412,0.0613057,-0.0814342,0;
3.97, -0.105908,-0.0229917,0.00123167,-0.0557106,0.0591891,-0.080376,0;
3.98, -0.106447,-0.0231072,0.0012845,-0.0558419,0.0590784,-0.0804916,0;
3.99, -0.104214,-0.0232804,0.00130348,-0.0554239,0.0578037,-0.0798321,0;
4, -0.100116,-0.0237296,0.00124429,-0.0546796,0.055594,-0.0787207,0;
4.01, -0.102245,-0.0236999,0.0012253,-0.0552147,0.0564924,-0.0794085,0;
4.02, -0.105347,-0.0236077,0.0012319,-0.0560119,0.0580121,-0.0804607,0;
4.03, -0.0893072,-0.0242129,0.00116395,-0.0526039,0.0503756,-0.0755983,0;
4.04, -0.0873728,-0.0244276,0.00117266,-0.0522646,0.0492979,-0.0750587,0;
4.05, -0.0884648,-0.0244145,0.0012287,-0.052789,0.050228,-0.0757376,0;
4.06, -0.0858513,-0.0243422,0.00124212,-0.0524664,0.049514,-0.0752204,0;
4.07, -0.0957344,-0.024105,0.00131084,-0.0549501,0.0545904,-0.0786433,0;
4.08, -0.093624,-0.0240634,0.00129786,-0.054748,0.0540792,-0.0782956,0;
4.09, -0.0903448,-0.0237257,0.00128391,-0.0539847,0.0527471,-0.0771422,0;
4.1, -0.0929153,-0.0236818,0.00134412,-0.0547218,0.0540876,-0.0781101,0;
4.11, -0.0912241,-0.0241529,0.00133488,-0.0547238,0.0534041,-0.0780662,0;
4.12, -0.087472,-0.0241345,0.00136241,-0.0539969,0.0517947,-0.0769823,0;
4.13, -0.0911246,-0.0240778,0.0014439,-0.0550273,0.0536727,-0.0783568,0;
4.14, -0.0900123,-0.0241606,0.00148039,-0.0550305,0.0534207,-0.0783003,0;
4.15, -0.0912369,-0.0233508,0.00145318,-0.0551727,0.0543358,-0.078403,0;
4.16, -0.0825011,-0.0234712,0.00134473,-0.05329,0.0504221,-0.0757179,0;
4.17, -0.0868006,-0.0233792,0.00135076,-0.0544577,0.0525236,-0.0772815,0;
4.18, -0.0931603,-0.0233475,0.00139167,-0.0562712,0.0558378,-0.0797425,0;
4.19, -0.0866653,-0.0227928,0.00137292,-0.0547239,0.053195,-0.077507,0;
4.2, -0.0809547,-0.0230218,0.00133469,-0.0535468,0.0504582,-0.0758182,0;
4.21, -0.0809926,-0.0232971,0.00137218,-0.0538868,0.0505695,-0.0762412,0;
4.22, -0.0848778,-0.022822,0.00141057,-0.054962,0.0528352,-0.0776565,0;
4.23, -0.0882345,-0.0236342,0.00141281,-0.0564012,0.0545019,-0.0796234,0;
4.24, -0.0818159,-0.0235478,0.00139739,-0.0550166,0.0517405,-0.0776437,0;
4.25, -0.0842272,-0.0229026,0.00143228,-0.0554777,0.0530704,-0.0781909,0;
4.26, -0.0903925,-0.0232777,0.00145337,-0.0573655,0.0560558,-0.0807511,0;
4.27, -0.0924168,-0.0239862,0.00134778,-0.0583691,0.056942,-0.0821031,0;
4.28, -0.0953727,-0.0243502,0.00130584,-0.059316,0.0581372,-0.0833543,0;
4.29, -0.0918221,-0.0241916,0.00127614,-0.0583935,0.0564014,-0.0820046,0;
4.3, -0.0929425,-0.0240141,0.00125833,-0.0585535,0.0567366,-0.0821449,0;
4.31, -0.0931146,-0.0238246,0.00130542,-0.0585329,0.05676,-0.0820366,0;
4.32, -0.0904791,-0.0233178,0.00133558,-0.0576944,0.0555414,-0.0807946,0;
4.33, -0.093641,-0.0231365,0.00141788,-0.0584515,0.0569045,-0.0817584,0;
4.34, -0.0973077,-0.0238805,0.00147879,-0.0597586,0.0583348,-0.0835149,0;
4.35, -0.0937687,-0.0240079,0.00139916,-0.0589692,0.0565089,-0.0823731,0;
4.36, -0.0908107,-0.0244568,0.00137178,-0.0583753,0.054763,-0.0815095,0;
4.37, -0.0918706,-0.0243386,0.00137106,-0.0586063,0.0551414,-0.0817508,0;
4.38, -0.0892972,-0.0250236,0.00130672,-0.0583068,0.053757,-0.0813049,0;
4.39, -0.0859035,-0.024928,0.00135159,-0.0574726,0.0521752,-0.0800966,0;
4.4, -0.0874894,-0.0241753,0.00137709,-0.0576499,0.0531457,-0.0802377,0;
4.41, -0.0870221,-0.0241441,0.00141162,-0.0576714,0.0530915,-0.0802016,0;
4.42, -0.0892759,-0.0242864,0.00142357,-0.0584511,0.054167,-0.0812068,0;
4.43, -0.0764135,-0.0247009,0.00142273,-0.0554892,0.0482427,-0.0771388,0;
4.44, -0.0858682,-0.0246749,0.0014514,-0.0579889,0.0525804,-0.0804715,0;
4.45, -0.0738084,-0.0248231,0.00140135,-0.0552888,0.0474251,-0.0767566,0;
4.46, -0.0803918,-0.0246217,0.00141769,-0.0570152,0.0506139,-0.0790254,0;
4.47, -0.0798058,-0.0245427,0.00145574,-0.0571867,0.0508291,-0.0791974,0;
4.48, -0.0793763,-0.0239226,0.00149746,-0.057051,0.0510368,-0.0789296,0;
4.49, -0.0692329,-0.0233604,0.00148405,-0.0544122,0.0467614,-0.0752792,0;
4.5, -0.0780501,-0.0225348,0.00155447,-0.0565878,0.0512122,-0.0781252,0;
4.51, -0.0831316,-0.0224553,0.00157824,-0.0583041,0.0540602,-0.0803849,0;
4.52, -0.087744,-0.0221176,0.00157885,-0.059651,0.0564409,-0.0821324,0;
4.53, -0.0954438,-0.0218374,0.00165171,-0.0617137,0.0599982,-0.084838,0;
4.54, -0.0974569,-0.0215052,0.00164642,-0.0621784,0.0608123,-0.0853855,0;
4.55, -0.101628,-0.0212854,0.00173002,-0.0631343,0.0623178,-0.0865965,0;
4.56, -0.102186,-0.0214609,0.00174962,-0.0632629,0.0620039,-0.0867121,0;
4.57, -0.0978297,-0.021761,0.00171288,-0.062088,0.0593029,-0.0850835,0;
4.58, -0.105141,-0.0216891,0.00174979,-0.0638425,0.0620439,-0.0873651,0;
4.59, -0.102535,-0.0217308,0.00172592,-0.063102,0.0604216,-0.0863072,0;
4.6, -0.101936,-0.0213825,0.00170509,-0.0626164,0.0596192,-0.0855743,0;
4.61, -0.10691,-0.0214978,0.00168293,-0.0638577,0.0613365,-0.0871734,0;
4.62, -0.104032,-0.0218646,0.00165673,-0.0631747,0.0594632,-0.0862139,0;
4.63, -0.109206,-0.0219778,0.00174655,-0.064443,0.0612056,-0.0878449,0;
4.64, -0.109909,-0.0222334,0.00181053,-0.0646259,0.0609905,-0.0880335,0;
4.65, -0.12179,-0.0218561,0.00189203,-0.0674742,0.0659106,-0.0917392,0;
4.66, -0.1154,-0.0224221,0.00183723,-0.0658062,0.0622712,-0.0894766,0;
4.67, -0.114652,-0.0219853,0.00184438,-0.0650116,0.0611168,-0.0883218,0;
4.68, -0.114248,-0.0216755,0.00184689,-0.0645002,0.0603488,-0.0875531,0;
4.69, -0.111451,-0.0216615,0.00179964,-0.0635318,0.0584769,-0.0861997,0;
4.7, -0.108051,-0.0220351,0.00175383,-0.0626092,0.0562867,-0.0849304,0;
4.71, -0.114805,-0.0215615,0.00168307,-0.0641472,0.0590554,-0.0868811,0;
4.72, -0.108232,-0.0217509,0.00167325,-0.0624121,0.0557553,-0.0845306,0;
4.73, -0.101417,-0.022007,0.00168085,-0.0605434,0.0521351,-0.0820109,0;
4.74, -0.090471,-0.0223673,0.00166391,-0.0576844,0.0468436,-0.0781954,0;
4.75, -0.0957556,-0.0220746,0.00167981,-0.0591549,0.0493358,-0.0800698,0;
4.76, -0.0978067,-0.022278,0.00180854,-0.0601773,0.0505894,-0.081381,0;
4.77, -0.0928031,-0.0220987,0.00182863,-0.0589678,0.0485846,-0.0797253,0;
4.78, -0.0940664,-0.0220767,0.00189835,-0.0594945,0.0492793,-0.0803661,0;
4.79, -0.102844,-0.0220612,0.00193918,-0.0622105,0.0535016,-0.0838874,0;
4.8, -0.105939,-0.0213431,0.00191909,-0.0630385,0.0552896,-0.0848874,0;
4.81, -0.0974979,-0.0218593,0.00184227,-0.0609438,0.0512327,-0.0821015,0;
4.82, -0.0996486,-0.0214779,0.00188608,-0.0613961,0.0520763,-0.0826197,0;
4.83, -0.0969238,-0.0223193,0.00186513,-0.0611549,0.0506594,-0.0822932,0;
4.84, -0.0986538,-0.0223801,0.0018979,-0.0618126,0.0514009,-0.0831061,0;
4.85, -0.0983662,-0.0217053,0.00191864,-0.0616028,0.0515395,-0.0827392,0;
4.86, -0.10305,-0.021936,0.00198654,-0.0631479,0.0536106,-0.0847176,0;
4.87, -0.0954506,-0.0220011,0.00190617,-0.0611587,0.0501715,-0.0820652,0;
4.88, -0.099465,-0.0220381,0.00197218,-0.0623425,0.0518358,-0.083556,0;
4.89, -0.0993212,-0.0228512,0.00192741,-0.0628366,0.0516347,-0.0841888,0;
4.9, -0.10888,-0.0220325,0.00200717,-0.0653144,0.0561425,-0.0873209,0;
4.91, -0.0975405,-0.0216554,0.00192685,-0.0619917,0.0511313,-0.0829097,0;
4.92, -0.106615,-0.02071,0.0018991,-0.0640996,0.0551291,-0.085544,0;
4.93, -0.109467,-0.0201785,0.00199497,-0.0648434,0.0565712,-0.086427,0;
4.94, -0.10889,-0.0199958,0.00195185,-0.064615,0.0560836,-0.0860661,0;
4.95, -0.106303,-0.0206103,0.00191212,-0.0640748,0.0543652,-0.0853429,0;
4.96, -0.101579,-0.0203069,0.00196296,-0.0625637,0.0519745,-0.0833107,0;
4.97, -0.106761,-0.019694,0.00199503,-0.0638274,0.0542415,-0.0848623,0;
4.98, -0.106262,-0.0205811,0.00203603,-0.0642023,0.053691,-0.0853461,0;
4.99, -0.111336,-0.0210127,0.00207191,-0.0659266,0.0556092,-0.0875551,0;
5, -0.109383,-0.0213586,0.00210019,-0.0655272,0.0544348,-0.0869978,0;
5.01, -0.113093,-0.0222895,0.00208638,-0.0669223,0.0554909,-0.0887971,0;
5.02, -0.116566,-0.0224687,0.00210795,-0.0679599,0.0567281,-0.0900856,0;
5.03, -0.116719,-0.0226406,0.00206023,-0.0679378,0.0564035,-0.0899996,0;
5.04, -0.108115,-0.0236693,0.00200264,-0.0656339,0.0518301,-0.0870136,0;
5.05, -0.106247,-0.0237867,0.00194699,-0.0649301,0.0505355,-0.0860481,0;
5.06, -0.096562,-0.0243703,0.00184295,-0.0622708,0.0459502,-0.0825881,0;
5.07, -0.0921141,-0.023996,0.00185347,-0.0608137,0.0440647,-0.0806301,0;
5.08, -0.0902946,-0.0236452,0.00180354,-0.0603335,0.0436632,-0.0799372,0;
5.09, -0.0831923,-0.0233584,0.00179019,-0.0584219,0.0410233,-0.0774118,0;
5.1, -0.0772932,-0.0236876,0.00171655,-0.0571668,0.0387694,-0.0757681,0;
5.11, -0.079759,-0.0239103,0.00176241,-0.0584998,0.0404558,-0.0774505,0;
5.12, -0.0746099,-0.0242618,0.00174653,-0.0577107,0.0388778,-0.0764114,0;
5.13, -0.0820162,-0.0241267,0.00179325,-0.0603796,0.0428987,-0.0797841,0;
5.14, -0.083801,-0.0240923,0.00183518,-0.061475,0.0444994,-0.08114,0;
5.15, -0.0869937,-0.0236108,0.00199343,-0.0626178,0.0465557,-0.0825259,0;
5.16, -0.0918883,-0.023007,0.00208621,-0.064139,0.0492934,-0.0843877,0;
5.17, -0.0805516,-0.023241,0.00201462,-0.0610659,0.0444209,-0.0804159,0;
5.18, -0.0814803,-0.023356,0.00200279,-0.0615229,0.0448429,-0.0809548,0;
5.19, -0.0764645,-0.0234374,0.00196546,-0.0603897,0.0429696,-0.0794636,0;
5.2, -0.0727214,-0.0229874,0.00196796,-0.0593986,0.0417801,-0.0781287,0;
5.21, -0.0765654,-0.0225789,0.00200313,-0.0607923,0.0440789,-0.0798384,0;
5.22, -0.0868135,-0.0227127,0.00217683,-0.0644671,0.0491374,-0.0844864,0;
5.23, -0.0854107,-0.0222659,0.00220096,-0.0642616,0.0490311,-0.0841548,0;
5.24, -0.0867489,-0.0222718,0.00216054,-0.0648165,0.0496417,-0.0848111,0;
5.25, -0.0871378,-0.022573,0.00210077,-0.0652224,0.0497517,-0.0852941,0;
5.26, -0.0766332,-0.0226044,0.00209325,-0.0621472,0.0450652,-0.0813376,0;
5.27, -0.0848001,-0.0227676,0.00216171,-0.0648216,0.0485981,-0.0846931,0;
5.28, -0.088722,-0.0233615,0.00215221,-0.0666132,0.050449,-0.0869549,0;
5.29, -0.084457,-0.0233987,0.00213691,-0.0654647,0.0485923,-0.0854475,0;
5.3, -0.0908283,-0.0239549,0.00213132,-0.0676901,0.0511444,-0.0882456,0;
5.31, -0.0928429,-0.0243832,0.00211031,-0.0686207,0.0519364,-0.0893951,0;
5.32, -0.0922485,-0.024647,0.00212143,-0.0684963,0.051431,-0.089191,0;
5.33, -0.0889654,-0.0242444,0.00210789,-0.067179,0.0498872,-0.0874354,0;
5.34, -0.0871602,-0.0241989,0.00208693,-0.0665111,0.0489054,-0.086526,0;
5.35, -0.0859042,-0.0246631,0.00204985,-0.0663093,0.0481386,-0.0862394,0;
5.36, -0.0877928,-0.0249106,0.00205404,-0.067075,0.0488746,-0.0871641,0;
5.37, -0.0854892,-0.0246919,0.00204183,-0.0663237,0.0479608,-0.086147,0;
5.38, -0.0917338,-0.0234307,0.00212715,-0.0677861,0.0510507,-0.0878598,0;
5.39, -0.0887431,-0.0230861,0.0021983,-0.0667876,0.0498688,-0.0865238,0;
5.4, -0.0929486,-0.0226666,0.00215801,-0.0679145,0.0516556,-0.0878643,0;
5.41, -0.0924254,-0.0228869,0.00212594,-0.0679231,0.0512432,-0.0878378,0;
5.42, -0.0888055,-0.0230924,0.00215145,-0.0668531,0.0493584,-0.0864535,0;
5.43, -0.089321,-0.0227581,0.00216511,-0.066872,0.0494544,-0.0864085,0;
5.44, -0.0869961,-0.0227456,0.00214934,-0.0661994,0.0483597,-0.085513,0;
5.45, -0.0901975,-0.0229251,0.0021985,-0.0674029,0.0496134,-0.0869858,0;
5.46, -0.0924634,-0.0230097,0.00222388,-0.068304,0.0505534,-0.0880752,0;
5.47, -0.0967403,-0.0219932,0.00224847,-0.0692903,0.052612,-0.0892005,0;
5.48, -0.0977816,-0.0219296,0.00224209,-0.0695963,0.0528931,-0.0895283,0;
5.49, -0.106292,-0.0221948,0.002298,-0.0723977,0.0562034,-0.0930011,0;
5.5, -0.109042,-0.0227954,0.00236827,-0.073471,0.0568576,-0.0943287,0;
5.51, -0.104945,-0.0218084,0.0022549,-0.0714506,0.0547387,-0.0916858,0;
5.52, -0.0977573,-0.0218885,0.00218347,-0.0687945,0.050913,-0.0883095,0;
5.53, -0.101937,-0.0223125,0.00234003,-0.0701434,0.0521053,-0.0899693,0;
5.54, -0.101561,-0.0226203,0.00239063,-0.0701563,0.0516021,-0.0899573,0;
5.55, -0.103482,-0.0226023,0.00240704,-0.0706897,0.0521088,-0.0905709,0;
5.56, -0.109534,-0.022167,0.00236927,-0.0723864,0.0545745,-0.0926043,0;
5.57, -0.109083,-0.0222325,0.00240417,-0.0721588,0.0540111,-0.0922704,0;
5.58, -0.0988195,-0.0224593,0.00234958,-0.0686408,0.0489464,-0.0878497,0;
5.59, -0.100725,-0.0222928,0.00235462,-0.0689805,0.0493278,-0.0882122,0;
5.6, -0.104821,-0.0220223,0.00239062,-0.0702674,0.0510606,-0.0897488,0;
5.61, -0.101666,-0.0217502,0.00246072,-0.0691225,0.0496049,-0.0882603,0;
5.62, -0.0962884,-0.0220122,0.00238635,-0.0673962,0.046894,-0.0860841,0;
5.63, -0.0985425,-0.0218371,0.0023701,-0.0680905,0.0477323,-0.0868924,0;
5.64, -0.0979686,-0.0217927,0.00227801,-0.0680378,0.0474892,-0.0867803,0;
5.65, -0.0909989,-0.0217681,0.00229949,-0.0658034,0.044397,-0.083967,0;
5.66, -0.0888455,-0.021418,0.00233089,-0.0650618,0.0435155,-0.0829865,0;
5.67, -0.0872285,-0.0218581,0.0023248,-0.0649987,0.0428373,-0.0828985,0;
5.68, -0.0847803,-0.0217908,0.00230647,-0.0644807,0.0420188,-0.082217,0;
5.69, -0.084628,-0.0215013,0.0023709,-0.0646644,0.0423071,-0.0823898,0;
5.7, -0.088755,-0.0215503,0.00239126,-0.0664659,0.0443948,-0.0845825,0;
5.71, -0.0838032,-0.0217039,0.002345,-0.0652509,0.0424979,-0.0830553,0;
5.72, -0.0859434,-0.0217904,0.00234837,-0.0662698,0.043531,-0.0842803,0;
5.73, -0.0833788,-0.0216824,0.00231906,-0.0657145,0.0427227,-0.0835516,0;
5.74, -0.0915254,-0.0213255,0.0023454,-0.0686023,0.0465406,-0.087048,0;
5.75, -0.0943771,-0.021455,0.00238575,-0.0699658,0.0479749,-0.0886943,0;
5.76, -0.099686,-0.0212011,0.00247123,-0.0718,0.0503116,-0.0908957,0;
5.77, -0.0879649,-0.0213955,0.00241197,-0.0679183,0.04505,-0.0860823,0;
5.78, -0.0903693,-0.0213456,0.0024437,-0.0686133,0.045791,-0.0868891,0;
5.79, -0.0922059,-0.0208126,0.00242807,-0.0691971,0.0468032,-0.0875316,0;
5.8, -0.0917689,-0.0206251,0.00243518,-0.0691276,0.0466659,-0.0873907,0;
5.81, -0.0949087,-0.0205984,0.00246439,-0.0703013,0.0479514,-0.088789,0;
5.82, -0.100483,-0.0200566,0.00257019,-0.0721122,0.0504417,-0.0909343,0;
5.83, -0.0941938,-0.0204861,0.00247104,-0.0701746,0.0474337,-0.0885426,0;
5.84, -0.0974606,-0.0207735,0.00243638,-0.0713456,0.0483977,-0.0899524,0;
5.85, -0.0987003,-0.0208545,0.0024622,-0.0718741,0.0487615,-0.0905629,0;
5.86, -0.0985035,-0.0208053,0.00248853,-0.0717625,0.0484693,-0.090377,0;
5.87, -0.0941428,-0.0214844,0.00248939,-0.0704929,0.0461479,-0.0888207,0;
5.88, -0.0974535,-0.0215413,0.00253905,-0.0716363,0.0473189,-0.0901773,0;
5.89, -0.0987655,-0.0210811,0.00265142,-0.0719592,0.0479563,-0.0904949,0;
5.9, -0.0896506,-0.02171,0.00259217,-0.0690125,0.0437014,-0.0868866,0;
5.91, -0.0923767,-0.022017,0.00260067,-0.0700657,0.0445676,-0.0881467,0;
5.92, -0.0861308,-0.0210669,0.00254713,-0.0676316,0.042272,-0.0850731,0;
5.93, -0.092231,-0.0215655,0.00267045,-0.0700953,0.0447536,-0.0880652,0;
5.94, -0.0804377,-0.0219388,0.00259522,-0.0663946,0.0397765,-0.0835366,0;
5.95, -0.0776798,-0.0214626,0.00256011,-0.0653142,0.0387571,-0.0821492,0;
5.96, -0.0801665,-0.0206027,0.00257792,-0.0662131,0.0404351,-0.0831519,0;
5.97, -0.0799474,-0.0207072,0.00253445,-0.0666437,0.0407292,-0.0836479,0;
5.98, -0.0820742,-0.0211903,0.00250856,-0.0680265,0.041791,-0.0853273,0;
5.99, -0.0854859,-0.0212956,0.00254507,-0.0696856,0.0434792,-0.0873162,0;
6, -0.0857089,-0.0211867,0.00258079,-0.0699908,0.0437978,-0.0876387,0;
6.01, -0.0839086,-0.0211779,0.00256525,-0.0695224,0.0431003,-0.0870283,0;
6.02, -0.0880147,-0.0214605,0.00256836,-0.0712582,0.0447982,-0.0891112,0;
6.03, -0.0920799,-0.0212165,0.00262442,-0.0728253,0.0466829,-0.0909563,0;
6.04, -0.0909212,-0.0207958,0.00257943,-0.0722928,0.0462769,-0.0902352,0;
6.05, -0.0903787,-0.0212608,0.0025804,-0.0722642,0.0457188,-0.090184,0;
6.06, -0.0864892,-0.0218648,0.00265764,-0.071148,0.0437194,-0.0888282,0;
6.07, -0.0748891,-0.0221872,0.00262542,-0.0670926,0.0385794,-0.0838934,0;
6.08, -0.0815435,-0.0216094,0.00268256,-0.0693581,0.0415868,-0.0865565,0;
6.09, -0.078031,-0.0213884,0.00275208,-0.0683689,0.0405517,-0.0853034,0;
6.1, -0.0761262,-0.0213901,0.00278711,-0.0679256,0.0399006,-0.0847288,0;
6.11, -0.0818003,-0.020927,0.00285876,-0.0700986,0.0426768,-0.0872876,0;
6.12, -0.0867962,-0.020749,0.00282315,-0.0721871,0.0451191,-0.0897586,0;
6.13, -0.0963398,-0.0196496,0.00293016,-0.0754114,0.0495565,-0.0935403,0;
6.14, -0.100345,-0.0200726,0.00301546,-0.0771208,0.0510082,-0.0955871,0;
6.15, -0.104576,-0.0199983,0.00296322,-0.0784762,0.0523717,-0.097173,0;
6.16, -0.103769,-0.0202527,0.00292421,-0.0780005,0.0514,-0.09657,0;
6.17, -0.0943361,-0.0207865,0.00284962,-0.0743791,0.0465929,-0.0921928,0;
6.18, -0.098261,-0.0205737,0.00286934,-0.0753795,0.0477311,-0.0933362,0;
6.19, -0.0899441,-0.0213122,0.0027906,-0.072548,0.0437483,-0.0899306,0;
6.2, -0.090578,-0.0216068,0.00280489,-0.0727618,0.0435922,-0.0901636,0;
6.21, -0.0821675,-0.0218211,0.00274344,-0.0697946,0.0399269,-0.0865679,0;
6.22, -0.078366,-0.0218442,0.00275563,-0.0684353,0.0382747,-0.0848946,0;
6.23, -0.076038,-0.021329,0.00282606,-0.0676128,0.0376707,-0.0838334,0;
6.24, -0.0574699,-0.021525,0.00275839,-0.0611352,0.0301357,-0.0760364,0;
6.25, -0.0603845,-0.0218953,0.00278586,-0.0628121,0.0316179,-0.0780383,0;
6.26, -0.0636401,-0.0218828,0.00279161,-0.0649375,0.0338907,-0.0805614,0;
6.27, -0.0669033,-0.0217774,0.00274778,-0.0669282,0.0360789,-0.0829128,0;
6.28, -0.0709575,-0.0220055,0.00278789,-0.0691876,0.0383384,-0.0856008,0;
6.29, -0.075946,-0.0220852,0.00283864,-0.0716129,0.0408554,-0.0884765,0;
6.3, -0.0707586,-0.0223938,0.00278417,-0.0701308,0.0388835,-0.0866799,0;
6.31, -0.0703813,-0.0224028,0.00271567,-0.070159,0.0388326,-0.0866732,0;
6.32, -0.0761333,-0.0221787,0.00275992,-0.0725225,0.0415534,-0.0894432,0;
6.33, -0.0845101,-0.0212686,0.00282702,-0.0755656,0.0455914,-0.0929786,0;
6.34, -0.0688073,-0.0214755,0.00273366,-0.0698277,0.0390034,-0.0860922,0;
6.35, -0.082545,-0.0209772,0.00275744,-0.0747207,0.0446486,-0.0918615,0;
6.36, -0.0903212,-0.0206712,0.00279802,-0.0778815,0.0481942,-0.0955768,0;
6.37, -0.0785054,-0.0212062,0.00277873,-0.0735869,0.042909,-0.0904444,0;
6.38, -0.0878029,-0.0205279,0.00278418,-0.076579,0.0465461,-0.0939243,0;
6.39, -0.0866656,-0.0205502,0.00287692,-0.0762214,0.0459875,-0.0934581,0;
6.4, -0.0857854,-0.0202338,0.00278671,-0.07559,0.0453746,-0.0926431,0;
6.41, -0.0883609,-0.020315,0.00279132,-0.0765035,0.0461116,-0.0936962,0;
6.42, -0.0862944,-0.0197472,0.00285264,-0.0753891,0.0451647,-0.0922917,0;
6.43, -0.0833491,-0.0197116,0.00281703,-0.0741007,0.0436177,-0.0907173,0;
6.44, -0.0884488,-0.020133,0.00283982,-0.0762222,0.0453322,-0.0932323,0;
6.45, -0.0890711,-0.020125,0.00287731,-0.0765223,0.0454332,-0.0935534,0;
6.46, -0.0843637,-0.0204395,0.00286811,-0.0747309,0.0430978,-0.0914054,0;
6.47, -0.088069,-0.0200461,0.00298532,-0.0758922,0.0444599,-0.0927219,0;
6.48, -0.0847952,-0.0202596,0.00300057,-0.0747452,0.0428907,-0.0913357,0;
6.49, -0.089213,-0.0204136,0.00296551,-0.0764799,0.0444316,-0.0933651,0;
6.5, -0.0940538,-0.0200162,0.00295469,-0.0782313,0.0464261,-0.095377,0;
6.51, -0.0893659,-0.0198136,0.00289323,-0.0762135,0.0442959,-0.0929321,0;
6.52, -0.0919305,-0.01963,0.00294739,-0.076923,0.0450185,-0.0937183,0;
6.53, -0.0934894,-0.0202258,0.00295217,-0.0777473,0.0452229,-0.0946975,0;
6.54, -0.0851945,-0.0211635,0.00289021,-0.0747843,0.0411873,-0.0912136,0;
6.55, -0.0804609,-0.0214348,0.00281863,-0.0728722,0.0388217,-0.0889296,0;
6.56, -0.0819172,-0.0214451,0.00284009,-0.0735008,0.03938,-0.0896345,0;
6.57, -0.0747442,-0.0219212,0.00290276,-0.071079,0.0363924,-0.0867657,0;
6.58, -0.07075,-0.021742,0.0028508,-0.0695488,0.0348928,-0.0849038,0;
6.59, -0.0673428,-0.0219431,0.0028349,-0.0686237,0.0337152,-0.0837897,0;
6.6, -0.0758492,-0.0211462,0.00284664,-0.0721049,0.0378569,-0.0878137,0;
6.61, -0.0733186,-0.0205021,0.00284743,-0.0713228,0.0375036,-0.0868116,0;
6.62, -0.0717838,-0.0211161,0.00283232,-0.0712666,0.0368439,-0.0867513,0;
6.63, -0.0712179,-0.0210626,0.00285614,-0.0713494,0.0368199,-0.0868158,0;
6.64, -0.0773024,-0.020936,0.00292357,-0.074075,0.0395896,-0.0899865,0;
6.65, -0.082669,-0.0204513,0.00306629,-0.0763568,0.0421706,-0.0926097,0;
6.66, -0.0829369,-0.0202406,0.00303224,-0.0765257,0.0423729,-0.0927553,0;
6.67, -0.0859502,-0.0202205,0.00302679,-0.0776981,0.0434523,-0.0940955,0;
6.68, -0.0897118,-0.0201213,0.00305544,-0.0791587,0.0448365,-0.0957713,0;
6.69, -0.0931757,-0.019969,0.00311623,-0.0803964,0.0460263,-0.0971787,0;
6.7, -0.0856285,-0.0201538,0.00309511,-0.0772108,0.0425119,-0.093404,0;
6.71, -0.0920633,-0.0204931,0.00311151,-0.0796985,0.0445592,-0.0963117,0;
6.72, -0.0893801,-0.0206747,0.00308173,-0.0786122,0.0431889,-0.0950066,0;
6.73, -0.0915579,-0.0213152,0.00312029,-0.0795668,0.0434909,-0.0961304,0;
6.74, -0.0922191,-0.0209604,0.00317631,-0.079529,0.0436005,-0.0960204,0;
6.75, -0.0940219,-0.0202837,0.00314554,-0.0797506,0.044251,-0.0961912,0;
6.76, -0.0948412,-0.0202229,0.00320504,-0.0798532,0.0442881,-0.0962632,0;
6.77, -0.0930826,-0.0201387,0.00315236,-0.0788757,0.04323,-0.0950714,0;
6.78, -0.0878242,-0.0204139,0.00307059,-0.0766069,0.0406249,-0.0923934,0;
6.79, -0.0884323,-0.0203897,0.00309964,-0.0766914,0.0405747,-0.0924536,0;
6.8, -0.0894111,-0.0203832,0.00315565,-0.0771212,0.0408557,-0.0929207,0;
6.81, -0.0937194,-0.0205292,0.00324428,-0.0789918,0.0424306,-0.0950855,0;
6.82, -0.0864007,-0.0206544,0.00318565,-0.0760149,0.039271,-0.0915729,0;
6.83, -0.0825323,-0.0202828,0.0031113,-0.0740991,0.0375611,-0.0892732,0;
6.84, -0.0828368,-0.0200526,0.00300814,-0.0741896,0.0377173,-0.0893271,0;
6.85, -0.0816292,-0.01992,0.00303565,-0.0738628,0.037346,-0.0889063,0;
6.86, -0.0777691,-0.0200548,0.00300987,-0.0725238,0.0358043,-0.0873223,0;
6.87, -0.0819847,-0.0200424,0.00302723,-0.0745385,0.0375809,-0.0896459,0;
6.88, -0.0697978,-0.0208025,0.00300832,-0.0701366,0.032606,-0.0845315,0;
6.89, -0.0648699,-0.0208613,0.00301787,-0.0683042,0.0306499,-0.0823697,0;
6.9, -0.0691718,-0.0206477,0.00304142,-0.0705394,0.0328733,-0.0849342,0;
6.91, -0.0715639,-0.020323,0.00304233,-0.0720715,0.0344842,-0.0866721,0;
6.92, -0.0799945,-0.0202182,0.00310128,-0.0761065,0.0382802,-0.0913389,0;
6.93, -0.0833286,-0.0199827,0.00324732,-0.077806,0.0399593,-0.0932721,0;
6.94, -0.0844204,-0.0201019,0.00321054,-0.0784315,0.0403325,-0.0939739,0;
6.95, -0.0854354,-0.0199104,0.00319004,-0.0787722,0.0406571,-0.0943242,0;
6.96, -0.0851784,-0.0194746,0.00317583,-0.0784122,0.0405189,-0.0938378,0;
6.97, -0.0886942,-0.0191341,0.0032932,-0.0796842,0.0418305,-0.0952588,0;
6.98, -0.0797174,-0.0195885,0.00325119,-0.0760301,0.0378724,-0.0910087,0;
6.99, -0.0774908,-0.0197186,0.00311535,-0.0750015,0.0366362,-0.0897897,0;
7, -0.0775548,-0.0198347,0.00310628,-0.0752146,0.0366024,-0.0900152,0;
7.01, -0.0717273,-0.0201713,0.00308261,-0.0731004,0.0342151,-0.0875541,0;
7.02, -0.0690296,-0.0205973,0.00311035,-0.07234,0.033057,-0.0866714,0;
7.03, -0.068412,-0.0206542,0.00308527,-0.0724683,0.0330177,-0.0867958,0;
7.04, -0.0669734,-0.0201813,0.00308108,-0.0720638,0.0329067,-0.086265,0;
7.05, -0.0722936,-0.0202202,0.00312157,-0.074786,0.035321,-0.089392,0;
7.06, -0.0705196,-0.0198618,0.00317529,-0.0743107,0.0350366,-0.0887894,0;
7.07, -0.0746771,-0.0190819,0.00318856,-0.0760017,0.0370892,-0.0906653,0;
7.08, -0.08107,-0.0191323,0.00317389,-0.079077,0.039751,-0.0942008,0;
7.09, -0.0826719,-0.0194645,0.00315905,-0.0801024,0.0402614,-0.095381,0;
7.1, -0.0894916,-0.01959,0.00322624,-0.0830783,0.0427149,-0.0988034,0;
7.11, -0.089198,-0.0186442,0.00319022,-0.0824106,0.0426714,-0.0979296,0;
7.12, -0.0953032,-0.0184372,0.00313671,-0.0846379,0.0447283,-0.100451,0;
7.13, -0.0929533,-0.0188314,0.00311948,-0.0835178,0.0432201,-0.0991488,0;
7.14, -0.0979206,-0.0193713,0.00321722,-0.0854852,0.0444137,-0.101424,0;
7.15, -0.0874023,-0.0201294,0.00316778,-0.0808792,0.0394974,-0.0961179,0;
7.16, -0.0892688,-0.0205591,0.00319829,-0.0813949,0.039509,-0.096702,0;
7.17, -0.0892667,-0.0208257,0.00321585,-0.0813532,0.0391888,-0.0966341,0;
7.18, -0.0920118,-0.0207565,0.00323441,-0.0823403,0.0400587,-0.097729,0;
7.19, -0.0844156,-0.0203628,0.00323139,-0.0786413,0.0369792,-0.0933916,0;
7.2, -0.0816237,-0.0202647,0.00332155,-0.077123,0.0356241,-0.0915933,0;
7.21, -0.0783299,-0.0197923,0.00335694,-0.0754529,0.0344311,-0.0896006,0;
7.22, -0.0697533,-0.0199116,0.00325779,-0.0718502,0.0310349,-0.0854265,0;
7.23, -0.0826709,-0.0193882,0.00334049,-0.0776171,0.036406,-0.0920081,0;
7.24, -0.0770113,-0.0192344,0.00326964,-0.075578,0.0345742,-0.0896248,0;
7.25, -0.0852554,-0.0192159,0.00334664,-0.0793498,0.0377761,-0.0939396,0;
7.26, -0.0849745,-0.0190121,0.00336321,-0.0793975,0.0378231,-0.0939507,0;
7.27, -0.0846506,-0.0191868,0.00329847,-0.079324,0.0374776,-0.0938497,0;
7.28, -0.0816301,-0.0197248,0.00322054,-0.0782155,0.0359429,-0.0925818,0;
7.29, -0.0819104,-0.019519,0.00324954,-0.0782591,0.0359793,-0.0925897,0;
7.3, -0.0733595,-0.0193361,0.00324074,-0.0744092,0.032658,-0.0881212,0;
7.31, -0.0768314,-0.0198213,0.00328009,-0.0762881,0.0337972,-0.0902845,0;
7.32, -0.0689156,-0.020402,0.00331797,-0.0733668,0.0307014,-0.0869422,0;
7.33, -0.0767287,-0.0203349,0.00339091,-0.0770843,0.0338795,-0.0911792,0;
7.34, -0.0759156,-0.0204893,0.00341696,-0.0772541,0.0338253,-0.0913539,0;
7.35, -0.0772931,-0.0204697,0.00335954,-0.0780429,0.0344582,-0.0922247,0;
7.36, -0.0773614,-0.0199626,0.0033474,-0.078026,0.0347432,-0.092138,0;
7.37, -0.0739474,-0.0199537,0.00332592,-0.0765892,0.0334552,-0.0904565,0;
7.38, -0.0729013,-0.0202571,0.00332786,-0.0763824,0.0329474,-0.0902092,0;
7.39, -0.0789565,-0.0193383,0.00335562,-0.0789445,0.0357242,-0.0930538,0;
7.4, -0.0860948,-0.0184481,0.00343182,-0.0820462,0.0389389,-0.0965138,0;
7.41, -0.0919101,-0.0186309,0.00347854,-0.0848602,0.0410519,-0.0997216,0;
7.42, -0.0894917,-0.0183241,0.00336433,-0.0834684,0.0399024,-0.0980769,0;
7.43, -0.0898093,-0.0183442,0.00336413,-0.0832711,0.0395426,-0.0978205,0;
7.44, -0.0952428,-0.0181688,0.00340034,-0.0854274,0.0413096,-0.100244,0;
7.45, -0.0960041,-0.0180151,0.00344672,-0.0854752,0.0412771,-0.100259,0;
7.46, -0.0898327,-0.0186034,0.00335879,-0.0825185,0.0381761,-0.0968883,0;
7.47, -0.0923342,-0.0182198,0.00339908,-0.0831017,0.0387655,-0.0974982,0;
7.48, -0.087702,-0.0182525,0.00349271,-0.080808,0.0366798,-0.0948493,0;
7.49, -0.0916807,-0.0182579,0.00351748,-0.0824348,0.0378733,-0.0966765,0;
7.5, -0.0898799,-0.0185356,0.00351095,-0.0817029,0.0368841,-0.0958351,0;
7.51, -0.094012,-0.0185801,0.00354304,-0.0834913,0.0381695,-0.0978506,0;
7.52, -0.0949681,-0.0189555,0.00352022,-0.0840114,0.0381782,-0.0984405,0;
7.53, -0.0968198,-0.0189358,0.0035208,-0.0846339,0.0385855,-0.0991164,0;
7.54, -0.0969449,-0.0187858,0.00355107,-0.0843743,0.0383543,-0.0987783,0;
7.55, -0.0993594,-0.0187382,0.0035472,-0.085175,0.0389374,-0.0996532,0;
7.56, -0.0944661,-0.0191029,0.003548,-0.082774,0.0365842,-0.0969086,0;
7.57, -0.0986712,-0.0192904,0.00354303,-0.0844866,0.0377334,-0.098838,0;
7.58, -0.0934245,-0.0196953,0.00351249,-0.0820555,0.0353474,-0.0960644,0;
7.59, -0.0885799,-0.0199088,0.00346689,-0.0795946,0.033092,-0.0932427,0;
7.6, -0.0925163,-0.019585,0.00350099,-0.081208,0.034562,-0.0950244,0;
7.61, -0.095158,-0.0198152,0.00349807,-0.0826476,0.0354944,-0.096647,0;
7.62, -0.0939903,-0.0204094,0.00353141,-0.082323,0.0347369,-0.0962845,0;
7.63, -0.10127,-0.0204353,0.00358813,-0.0856558,0.0373231,-0.100042,0;
7.64, -0.102538,-0.0203542,0.00363747,-0.0861218,0.0377028,-0.100529,0;
7.65, -0.103374,-0.020242,0.00365476,-0.0861115,0.0377417,-0.100469,0;
7.66, -0.0954654,-0.0201351,0.00356609,-0.0819304,0.0344064,-0.0956726,0;
7.67, -0.0889604,-0.0200434,0.00352239,-0.0784136,0.0316113,-0.0916355,0;
7.68, -0.0881997,-0.019718,0.00352503,-0.0778476,0.0313094,-0.0909398,0;
7.69, -0.0810253,-0.0199684,0.00345392,-0.0747252,0.0285735,-0.0873843,0;
7.7, -0.0805123,-0.019292,0.00351984,-0.0744137,0.0287199,-0.0869598,0;
7.71, -0.0746538,-0.0201923,0.00349614,-0.0724929,0.0264528,-0.0848189,0;
7.72, -0.0804005,-0.0200538,0.00359531,-0.0756889,0.0289566,-0.088414,0;
7.73, -0.0813427,-0.0198021,0.00361894,-0.0766914,0.0298228,-0.0895141,0;
7.74, -0.0845226,-0.0198154,0.00356244,-0.0786292,0.0312655,-0.091685,0;
7.75, -0.0887381,-0.0199913,0.00360434,-0.0810932,0.032968,-0.0944626,0;
7.76, -0.0918625,-0.0192592,0.00360687,-0.0824643,0.0344738,-0.0959383,0;
7.77, -0.0936138,-0.0195119,0.00360463,-0.0834364,0.034982,-0.0970262,0;
7.78, -0.081519,-0.019203,0.0035762,-0.0773849,0.0303537,-0.0901253,0;
7.79, -0.0802552,-0.018803,0.00357517,-0.0764416,0.0298008,-0.0890041,0;
7.8, -0.0843259,-0.0184592,0.00354306,-0.078566,0.0315621,-0.0913626,0;
7.81, -0.0787202,-0.0187404,0.00349553,-0.0763451,0.029503,-0.0888482,0;
7.82, -0.0832461,-0.0185907,0.00356644,-0.0787112,0.0312653,-0.0914956,0;
7.83, -0.0777213,-0.0179867,0.00345479,-0.076127,0.0295737,-0.0885111,0;
7.84, -0.0803464,-0.0177728,0.00357294,-0.0775299,0.0306565,-0.0900626,0;
7.85, -0.0867832,-0.0174287,0.00354211,-0.080943,0.0333369,-0.093879,0;
7.86, -0.0884928,-0.0175962,0.00358688,-0.0821482,0.0339829,-0.0952322,0;
7.87, -0.0924833,-0.0178111,0.00363549,-0.0842684,0.0352488,-0.0976214,0;
7.88, -0.0947014,-0.0182144,0.0035929,-0.085516,0.0357332,-0.0990338,0;
7.89, -0.0934863,-0.0181515,0.00361295,-0.0847159,0.0350094,-0.0981016,0;
7.9, -0.0894841,-0.0185938,0.0035775,-0.0826763,0.0330277,-0.0957999,0;
7.91, -0.0868934,-0.0189315,0.00358772,-0.0813235,0.0316572,-0.0942704,0;
7.92, -0.081695,-0.0188264,0.00346553,-0.0786566,0.0296142,-0.0912273,0;
7.93, -0.0808636,-0.019145,0.00343096,-0.0784262,0.0291352,-0.0909623,0;
7.94, -0.0733114,-0.0198436,0.00345546,-0.0752529,0.0261631,-0.087409,0;
7.95, -0.072336,-0.0195502,0.00342357,-0.0748922,0.0260298,-0.0869594,0;
7.96, -0.0745652,-0.0196228,0.00351033,-0.0765348,0.0271665,-0.088789,0;
7.97, -0.0719131,-0.0194441,0.00351989,-0.0756628,0.026591,-0.0877698,0;
7.98, -0.0701033,-0.0196004,0.0036064,-0.0752499,0.0261193,-0.0872903,0;
7.99, -0.070772,-0.0189059,0.00363037,-0.0757376,0.0269126,-0.0877687,0;
8, -0.0767247,-0.0187848,0.00368066,-0.0791733,0.0294751,-0.0916029,0;
8.01, -0.0757649,-0.0190055,0.00370794,-0.0792762,0.0292874,-0.0917133,0;
8.02, -0.0800106,-0.0187426,0.00375613,-0.0814988,0.0310271,-0.094171,0;
8.03, -0.071435,-0.0195833,0.00379631,-0.0778141,0.02762,-0.0900603,0;
8.04, -0.0654208,-0.0195889,0.00374349,-0.0748481,0.0253447,-0.0867007,0;
8.05, -0.0744283,-0.0190622,0.00374425,-0.0794517,0.0290449,-0.0918134,0;
8.06, -0.0733649,-0.0186897,0.00371848,-0.0793203,0.0291264,-0.0916169,0;
8.07, -0.0723231,-0.0180732,0.00374455,-0.0787271,0.0290471,-0.0908838,0;
8.08, -0.071885,-0.0178308,0.00372562,-0.0786097,0.029039,-0.0907131,0;
8.09, -0.0756245,-0.0178564,0.00374631,-0.0807748,0.0304677,-0.0931246,0;
8.1, -0.0804786,-0.0172846,0.00380493,-0.0832681,0.0325148,-0.0958653,0;
8.11, -0.0834594,-0.0170779,0.00383005,-0.0848152,0.0336261,-0.0975663,0;
8.12, -0.0736336,-0.0175048,0.00380662,-0.0799607,0.0296701,-0.0921259,0;
8.13, -0.078974,-0.0170182,0.00379545,-0.0822746,0.0315152,-0.0946691,0;
8.14, -0.0757277,-0.016948,0.00376306,-0.0807941,0.0303469,-0.0929829,0;
8.15, -0.0714715,-0.0177755,0.00379054,-0.0790179,0.0283314,-0.0910311,0;
8.16, -0.074063,-0.0174107,0.00386702,-0.0803073,0.029346,-0.0924332,0;
8.17, -0.0683193,-0.017895,0.00379836,-0.0778576,0.0271476,-0.0896999,0;
8.18, -0.0648891,-0.0185922,0.00376085,-0.076587,0.0256333,-0.0883054,0;
8.19, -0.0734755,-0.0184084,0.00386515,-0.0812514,0.0289812,-0.0934939,0;
8.2, -0.0721859,-0.0184054,0.0038582,-0.0810396,0.0287666,-0.0932323,0;
8.21, -0.0759165,-0.0185756,0.00388803,-0.0831486,0.0300597,-0.0955793,0;
8.22, -0.0730468,-0.0189968,0.00385056,-0.0819833,0.0288784,-0.0942771,0;
8.23, -0.0777753,-0.0185892,0.00389955,-0.0841959,0.0306638,-0.0966971,0;
8.24, -0.0812776,-0.0184224,0.00392967,-0.0859914,0.0319896,-0.0986663,0;
8.25, -0.0816157,-0.0180893,0.00397558,-0.0859119,0.032106,-0.0985234,0;
8.26, -0.0792739,-0.0179292,0.00392466,-0.0844005,0.0310666,-0.0967951,0;
8.27, -0.0860819,-0.0174707,0.00411105,-0.0874937,0.0334563,-0.100192,0;
8.28, -0.0898416,-0.0173511,0.00410224,-0.089284,0.0346768,-0.102158,0;
8.29, -0.0924781,-0.0173478,0.00405466,-0.0903087,0.0352669,-0.103276,0;
8.3, -0.0935394,-0.0172851,0.00399988,-0.0903655,0.0352097,-0.103308,0;
8.31, -0.0905358,-0.017778,0.00395154,-0.0884757,0.0334393,-0.101204,0;
8.32, -0.0950911,-0.0185013,0.00393142,-0.0906214,0.0342998,-0.10362,0;
8.33, -0.0841077,-0.0187172,0.00388933,-0.0845866,0.0298844,-0.0968721,0;
8.34, -0.0910788,-0.0184718,0.00388641,-0.0875536,0.0320299,-0.100134,0;
8.35, -0.0885185,-0.0190346,0.00385707,-0.0863532,0.0307657,-0.0988019,0;
8.36, -0.0868421,-0.0189587,0.00385659,-0.0851206,0.0298964,-0.0973946,0;
8.37, -0.0869236,-0.0187056,0.00389756,-0.084796,0.0298141,-0.0969845,0;
8.38, -0.0903289,-0.0182328,0.00386657,-0.0862294,0.031056,-0.0985211,0;
8.39, -0.0781454,-0.0186183,0.00380897,-0.0798815,0.0264088,-0.0914451,0;
8.4, -0.0741085,-0.0190001,0.0038224,-0.0776993,0.0245761,-0.0890162,0;
8.41, -0.0783062,-0.0188759,0.00382056,-0.0801041,0.0262182,-0.0916648,0;
8.42, -0.0720901,-0.0187366,0.00382602,-0.0771717,0.0242715,-0.0883691,0;
8.43, -0.075617,-0.0181956,0.00390482,-0.0790413,0.0258295,-0.0903903,0;
8.44, -0.0804733,-0.0179067,0.0039687,-0.0819416,0.0278986,-0.0935792,0;
8.45, -0.0799787,-0.0178163,0.00399644,-0.0819627,0.0278754,-0.0935761,0;
8.46, -0.0810402,-0.0177936,0.00398552,-0.0826285,0.0282176,-0.0942955,0;
8.47, -0.0752398,-0.0175278,0.00389672,-0.0795386,0.0262085,-0.0908226,0;
8.48, -0.0866402,-0.017285,0.00396662,-0.0855587,0.0302707,-0.0974804,0;
8.49, -0.0889898,-0.0167861,0.00403164,-0.0868898,0.0313618,-0.0989084,0;
8.5, -0.0879263,-0.0169603,0.00396959,-0.0862556,0.0306733,-0.0981939,0;
8.51, -0.096187,-0.0164791,0.00398398,-0.0901975,0.0334605,-0.102522,0;
8.52, -0.0950964,-0.0167389,0.0039977,-0.0895302,0.0326956,-0.101777,0;
8.53, -0.0964662,-0.0171909,0.00401217,-0.0899749,0.0325236,-0.102279,0;
8.54, -0.0995475,-0.0167461,0.00399672,-0.0909921,0.0333366,-0.103355,0;
8.55, -0.10451,-0.0170061,0.00404158,-0.093304,0.0345577,-0.105914,0;
8.56, -0.106085,-0.0171566,0.00410544,-0.093679,0.0345675,-0.106314,0;
8.57, -0.104948,-0.0173152,0.00412936,-0.092415,0.0335138,-0.104895,0;
8.58, -0.105236,-0.0172384,0.00412123,-0.0917916,0.0330569,-0.104168,0;
8.59, -0.104891,-0.0170446,0.00410432,-0.0908857,0.0324734,-0.103124,0;
8.6, -0.0992222,-0.0174723,0.00403361,-0.0873961,0.0298313,-0.0992551,0;
8.61, -0.0960067,-0.0175351,0.00405761,-0.0851545,0.0282299,-0.0967503,0;
8.62, -0.0959773,-0.0174868,0.00403962,-0.0848276,0.0279742,-0.0963605,0;
8.63, -0.0924233,-0.0175957,0.00393797,-0.0828421,0.0265353,-0.094146,0;
8.64, -0.102672,-0.0169716,0.00400225,-0.088082,0.0302064,-0.0998869,0;
8.65, -0.0914558,-0.0176196,0.00393929,-0.0823403,0.0260027,-0.0935509,0;
8.66, -0.0828365,-0.0181494,0.00389323,-0.0775457,0.022486,-0.0882562,0;
8.67, -0.0834532,-0.0178934,0.00390311,-0.077878,0.0227902,-0.0885861,0;
8.68, -0.0782029,-0.0179019,0.00385771,-0.0752632,0.0213381,-0.0920024,0;
8.69, -0.0749655,-0.0178281,0.00384949,-0.0736747,0.0206043,-0.0968372,0;
8.7, -0.071852,-0.0174303,0.00380369,-0.0722103,0.0201364,-0.101573,0;
8.71, -0.0723569,-0.0164546,0.00381598,-0.0726219,0.021187,-0.108216,0;
8.72, -0.0776397,-0.0158569,0.00387993,-0.0759283,0.0237748,-0.11796,0;
8.73, -0.0770663,-0.0157986,0.00383023,-0.0762429,0.024042,-0.124466,0;
8.74, -0.0717619,-0.0155061,0.00380076,-0.0735615,0.0225881,-0.127913,0;
8.75, -0.0691926,-0.0157099,0.00379618,-0.0725856,0.0218704,-0.133304,0;
8.76, -0.0746788,-0.0153479,0.00390388,-0.0760456,0.0242349,-0.143337,0;
8.77, -0.0633327,-0.0153765,0.00382004,-0.0704032,0.0207184,-0.143263,0;
8.78, -0.074813,-0.0146719,0.00392344,-0.0768586,0.0251435,-0.156776,0;
8.79, -0.0727978,-0.0151225,0.00394502,-0.0767625,0.024732,-0.162673,0;
8.8, -0.0782245,-0.0146688,0.00398873,-0.0799098,0.0268969,-0.172611,0;
8.81, -0.0841465,-0.0141257,0.00401122,-0.0833115,0.0292979,-0.182813,0;
8.82, -0.0881572,-0.0140217,0.0039853,-0.0856065,0.0307028,-0.19208,0;
8.83, -0.0885537,-0.0141149,0.0039926,-0.0856959,0.0306316,-0.199202,0;
8.84, -0.0854123,-0.0144431,0.00401222,-0.0837273,0.0291594,-0.204258,0;
8.85, -0.0807709,-0.0150182,0.00400265,-0.0810191,0.0270821,-0.208527,0;
8.86, -0.0837102,-0.0147631,0.00404757,-0.0823622,0.028006,-0.217037,0;
8.87, -0.0839933,-0.0145544,0.00400437,-0.0824557,0.0281501,-0.223951,0;
8.88, -0.0762163,-0.015206,0.00396916,-0.0782364,0.0251625,-0.226287,0;
8.89, -0.0774994,-0.0153126,0.00388479,-0.0789138,0.0254365,-0.233982,0;
8.9, -0.0827909,-0.0147118,0.00390947,-0.0818687,0.0275571,-0.243784,0;
8.91, -0.0808544,-0.014652,0.00386172,-0.0809334,0.026993,-0.249402,0;
8.92, -0.0853988,-0.0144357,0.00388799,-0.0833841,0.0285144,-0.258969,0;
8.93, -0.0924712,-0.0137778,0.00395713,-0.0871565,0.0310913,-0.269879,0;
8.94, -0.0946912,-0.013622,0.00395971,-0.088214,0.0317244,-0.278035,0;
8.95, -0.0910566,-0.0141067,0.00397219,-0.0858985,0.0299543,-0.282837,0;
8.96, -0.0931749,-0.0134782,0.00399196,-0.0863197,0.0305063,-0.290648,0;
8.97, -0.094145,-0.0136454,0.00398912,-0.0866105,0.0304784,-0.298184,0;
8.98, -0.0967981,-0.0127584,0.00397414,-0.08738,0.031384,-0.306203,0;
8.99, -0.0999537,-0.0123775,0.00395746,-0.0886475,0.0322425,-0.314826,0;
9, -0.103468,-0.0121187,0.00401098,-0.0901272,0.0331124,-0.323747,0;
9.01, -0.097488,-0.0123833,0.00395665,-0.0862562,0.0305471,-0.326941,0;
9.02, -0.0872661,-0.012843,0.00393595,-0.0798697,0.0264478,-0.32751,0;
9.03, -0.0878405,-0.0136958,0.00389953,-0.0802218,0.0259294,-0.335182,0;
9.04, -0.0910089,-0.0137309,0.00395262,-0.0822038,0.0269031,-0.344058,0;
9.05, -0.0879105,-0.0147874,0.00395204,-0.0809677,0.0254163,-0.34951,0;
9.06, -0.0908198,-0.0143043,0.00400714,-0.0824039,0.0264603,-0.35794,0;
9.07, -0.0954533,-0.014126,0.00407321,-0.0850943,0.0280459,-0.367664,0;
9.08, -0.0974185,-0.0143195,0.00411315,-0.0862695,0.0285188,-0.375868,0;
9.09, -0.088509,-0.0146251,0.00409059,-0.0809225,0.0252712,-0.377161,0;
9.1, -0.101345,-0.0139788,0.00404983,-0.0878187,0.0294736,-0.39187,0;
9.11, -0.0957597,-0.0140054,0.00401518,-0.084626,0.0276197,-0.395161,0;
9.12, -0.0901176,-0.0141517,0.00399294,-0.080911,0.0254019,-0.398447,0;
9.13, -0.0876403,-0.0142538,0.00401082,-0.079267,0.0243623,-0.403733,0;
9.14, -0.0845962,-0.0144754,0.00396926,-0.07763,0.0232438,-0.408737,0;
9.15, -0.0766909,-0.0148914,0.0039971,-0.0733333,0.020548,-0.410715,0;
9.16, -0.075075,-0.0150179,0.0040442,-0.0727394,0.0200861,-0.416588,0;
9.17, -0.0721551,-0.0150904,0.00408293,-0.0716902,0.0194157,-0.421609,0;
9.18, -0.0713755,-0.015299,0.00400464,-0.0719936,0.0194076,-0.428069,0;
9.19, -0.0730088,-0.0154034,0.00404357,-0.0737834,0.0202643,-0.43606,0;
9.2, -0.071828,-0.0153129,0.00403014,-0.0737854,0.0202901,-0.442109,0;
9.21, -0.0699167,-0.0149528,0.00405458,-0.0731043,0.0201363,-0.447534,0;
9.22, -0.068734,-0.0146155,0.00412765,-0.0728673,0.0201919,-0.453447,0;
9.23, -0.0720209,-0.0145913,0.0041963,-0.0754911,0.0215626,-0.462443,0;
9.24, -0.0776238,-0.0143121,0.00413447,-0.0793938,0.0237659,-0.472794,0;
9.25, -0.0750858,-0.0144863,0.00414001,-0.078429,0.0230836,-0.478081,0;
9.26, -0.0790945,-0.0146196,0.00414168,-0.0810782,0.0243261,-0.487615,0;
9.27, -0.0711053,-0.0146073,0.00405731,-0.0765365,0.0218653,-0.489228,0;
9.28, -0.0629478,-0.0147037,0.00397538,-0.0717134,0.0192216,-0.490752,0;
9.29, -0.0662114,-0.0151113,0.00406996,-0.0742504,0.0202491,-0.49995,0;
9.3, -0.0620438,-0.0149876,0.00404413,-0.0724469,0.0193294,-0.503995,0;
9.31, -0.0682978,-0.0150067,0.00405411,-0.0768026,0.0215604,-0.514959,0;
9.32, -0.0743521,-0.0146871,0.00407591,-0.0810424,0.0239397,-0.52562,0;
9.33, -0.0783613,-0.0149671,0.00415679,-0.08397,0.0252486,-0.535247,0;
9.34, -0.0850554,-0.0149131,0.00423118,-0.088064,0.0273636,-0.546453,0;
9.35, -0.0899652,-0.0142002,0.0042885,-0.0905928,0.0290806,-0.556141,0;
9.36, -0.089101,-0.0144412,0.00434722,-0.0897082,0.0284254,-0.562512,0;
9.37, -0.0850152,-0.0141734,0.00426534,-0.0864361,0.0268609,-0.566453,0;
9.38, -0.0826455,-0.0140229,0.00422691,-0.0843486,0.0258085,-0.571619,0;
9.39, -0.0749431,-0.0144723,0.0042259,-0.0794781,0.0229705,-0.573542,0;
9.4, -0.0711497,-0.0143999,0.00417751,-0.0769493,0.0216335,-0.577804,0;
9.41, -0.0770026,-0.0141109,0.00423482,-0.0805971,0.0236078,-0.588366,0;
9.42, -0.0655402,-0.0137492,0.00425453,-0.0737985,0.020308,-0.587379,0;
9.43, -0.065093,-0.0131794,0.0042943,-0.073397,0.0203832,-0.593613,0;
9.44, -0.0703117,-0.01326,0.00429625,-0.0772552,0.0221763,-0.603967,0;
9.45, -0.0738137,-0.0134195,0.00431396,-0.080134,0.0233871,-0.61323,0;
9.46, -0.0676019,-0.0133301,0.00423788,-0.0766416,0.0215593,-0.615875,0;
9.47, -0.0688561,-0.0137389,0.00429122,-0.0777138,0.0217514,-0.623732,0;
9.48, -0.056141,-0.0145343,0.00420848,-0.0705862,0.0175993,-0.622449,0;
9.49, -0.0541073,-0.015161,0.00416694,-0.0698927,0.0168045,-0.628215,0;
9.5, -0.0611342,-0.0146471,0.0042503,-0.0748971,0.0195545,-0.639504,0;
9.51, -0.0476979,-0.0147578,0.00419125,-0.0675278,0.0158263,-0.637375,0;
9.52, -0.0537583,-0.0140371,0.00423912,-0.0715257,0.0182161,-0.647897,0;
9.53, -0.0552041,-0.0144301,0.00424755,-0.0736672,0.018999,-0.6559,0;
9.54, -0.0620006,-0.0142105,0.00432957,-0.0785986,0.0214871,-0.667195,0;
9.55, -0.0618268,-0.0140014,0.00438253,-0.0790458,0.0217723,-0.673806,0;
9.56, -0.0541992,-0.0143441,0.00434613,-0.0746696,0.0193923,-0.675625,0;
9.57, -0.061491,-0.0139797,0.00434501,-0.0792834,0.0218095,-0.687157,0;
9.58, -0.0639844,-0.0139531,0.0042688,-0.0813931,0.0227872,-0.695654,0;
9.59, -0.0688212,-0.0132696,0.00434461,-0.0843553,0.0245753,-0.705388,0;
9.6, -0.0687448,-0.0134908,0.00438033,-0.0844351,0.0244162,-0.712237,0;
9.61, -0.0651904,-0.0134216,0.00431941,-0.0819965,0.0231985,-0.716576,0;
9.62, -0.0717102,-0.0131539,0.00431926,-0.0858099,0.0251056,-0.727661,0;
9.63, -0.060447,-0.013766,0.00430549,-0.0789454,0.0213753,-0.727079,0;
9.64, -0.0562083,-0.0136422,0.00427697,-0.0759345,0.0199361,-0.730907,0;
9.65, -0.0529913,-0.0135371,0.00423674,-0.0740765,0.0190632,-0.735437,0;
9.66, -0.0564887,-0.0134405,0.00425924,-0.0767112,0.0202953,-0.744581,0;
9.67, -0.0576629,-0.0131467,0.00428385,-0.0779423,0.0209774,-0.752045,0;
9.68, -0.0564088,-0.0131945,0.0043103,-0.0775664,0.0206864,-0.758005,0;
9.69, -0.0550922,-0.0131555,0.00428598,-0.0770102,0.0203819,-0.76386,0;
9.7, -0.0506271,-0.0135707,0.00423104,-0.0746643,0.0189561,-0.767788,0;
9.71, -0.0480591,-0.0135136,0.00417502,-0.0733855,0.018311,-0.772787,0;
9.72, -0.0497514,-0.0140138,0.00414714,-0.0751899,0.018797,-0.780967,0;
9.73, -0.0542062,-0.0139952,0.00418517,-0.078692,0.020356,-0.790836,0;
9.74, -0.0647489,-0.013743,0.00427307,-0.0858369,0.0237701,-0.804756,0;
9.75, -0.0610276,-0.0135831,0.0042448,-0.0836447,0.0228151,-0.808891,0;
9.76, -0.0654962,-0.0135179,0.00428277,-0.0861913,0.0239769,-0.818704,0;
9.77, -0.0616101,-0.0141143,0.00431392,-0.0837997,0.0224666,-0.823068,0;
9.78, -0.0638446,-0.0141316,0.00436219,-0.084921,0.0229039,-0.831376,0;
9.79, -0.0677698,-0.0127286,0.00442618,-0.086769,0.0245588,-0.840168,0;
9.8, -0.0647103,-0.0125022,0.00439871,-0.0844891,0.0236235,-0.844688,0;
9.81, -0.0660608,-0.0123356,0.00439326,-0.0849403,0.023826,-0.852299,0;
9.82, -0.0658302,-0.0125977,0.00439361,-0.0847088,0.0234402,-0.859021,0;
9.83, -0.0754039,-0.0120589,0.00444511,-0.0904911,0.0262381,-0.872193,0;
9.84, -0.0750222,-0.0119091,0.00442883,-0.0899889,0.0259945,-0.878606,0;
9.85, -0.0763364,-0.0124107,0.00441052,-0.0904084,0.0257483,-0.886514,0;
9.86, -0.0812613,-0.0127651,0.00443782,-0.0931617,0.0266193,-0.896883,0;
9.87, -0.0773852,-0.0134265,0.00438365,-0.090273,0.0248287,-0.901235,0;
9.88, -0.0766607,-0.0134555,0.00441355,-0.0889624,0.0241557,-0.907451,0;
9.89, -0.0742207,-0.013505,0.00445293,-0.0867735,0.0231025,-0.912499,0;
9.9, -0.0844782,-0.0130133,0.0044941,-0.0927782,0.0259718,-0.926209,0;
9.91, -0.0770068,-0.0135622,0.00442725,-0.0877578,0.0233853,-0.92797,0;
9.92, -0.0703872,-0.013438,0.00435483,-0.0825648,0.0211239,-0.929968,0;
9.93, -0.0674842,-0.013676,0.00435131,-0.0803127,0.0199662,-0.934758,0;
9.94, -0.0707875,-0.0137099,0.00439807,-0.0824652,0.0208152,-0.943854,0;
9.95, -0.0518588,-0.0144154,0.0043411,-0.0704122,0.0151539,-0.937562,0;
9.96, -0.0548922,-0.0149354,0.00436193,-0.0725593,0.0157373,-0.946679,0;
9.97, -0.0472752,-0.0148366,0.0042646,-0.0683753,0.0139972,-0.948001,0;
9.98, -0.0491204,-0.0144185,0.00422801,-0.0701513,0.0150188,-0.955872,0;
9.99, -0.0554595,-0.0142693,0.00427909,-0.0753104,0.0173096,-0.967061,0;
