0, -449.76,58.226,2.14416,-137.728,449.835,57.8442,0;
0.01, -324.944,41.7393,1.50088,-99.392,325.072,41.4572,0;
0.02, -29.4251,-1.55815,1.27738,1.66288,12.5557,-19.672,0;
0.03, 74.7,-12.6544,3.17965,23.4654,-88.0216,-43.9882,0;
0.04, 111.791,-12.0761,3.50896,19.36,-116.291,-40.1985,0;
0.05, 118.994,-11.5632,2.38276,13.4512,-118.249,-30.1135,0;
0.06, 115.163,-11.5171,0.967937,9.90195,-110.11,-20.8575,0;
0.07, 99.8862,-10.3694,-0.337454,8.35547,-93.5334,-12.8322,0;
0.08, 82.7694,-8.55151,-1.19014,8.1249,-75.4686,-6.30353,0;
0.09, 63.7515,-6.62052,-1.6356,8.46553,-57.1083,-1.60146,0;
0.1, 44.7421,-5.29489,-1.76946,8.7489,-40.1227,1.11896,0;
0.11, 30.7589,-4.38496,-1.67616,8.80637,-27.5546,2.59156,0;
0.12, 20.022,-3.43459,-1.47362,8.67783,-18.249,3.37852,0;
0.13, 12.6564,-2.63005,-1.25529,8.39789,-11.8924,3.74309,0;
0.14, 8.0558,-2.07596,-1.04708,7.9975,-7.85214,3.81834,0;
0.15, 4.60628,-1.64954,-0.860404,7.52466,-4.96971,3.69338,0;
0.16, 3.24105,-1.33598,-0.701471,7.0595,-3.55078,3.60478,0;
0.17, 1.86767,-1.06204,-0.575772,6.57933,-2.36126,3.41761,0;
0.18, 0.590355,-0.805568,-0.464557,6.11027,-1.34066,3.19197,0;
0.19, 0.270012,-0.671559,-0.400707,5.66454,-0.939871,3.00422,0;
0.2, 0.431327,-0.543312,-0.331235,5.26212,-0.871271,2.88134,0;
0.21, 0.716895,-0.485958,-0.268426,4.87554,-0.909183,2.74583,0;
0.22, 0.734285,-0.493474,-0.231451,4.48874,-0.824839,2.54193,0;
0.23, 0.520689,-0.462622,-0.186625,4.12882,-0.616603,2.33157,0;
0.24, 0.0125898,-0.301537,-0.135446,3.81487,-0.247665,2.15528,0;
0.25, 0.0552684,-0.192298,-0.114509,3.53908,-0.189782,2.05258,0;
0.26, -0.307694,-0.143016,-0.107509,3.24773,0.0391084,1.85581,0;
0.27, -0.118849,0.0275409,-0.0706677,3.03669,-0.00167008,1.82799,0;
0.28, 0.255617,-0.0502433,-0.0614247,2.7913,-0.195772,1.70871,0;
0.29, -0.793569,-0.115143,-0.0521007,2.48887,0.341843,1.34643,0;
0.3, -0.553276,-0.123746,-0.0350835,2.28895,0.240996,1.25361,0;
0.31, 0.446968,-0.177519,-0.0242761,2.14163,-0.294209,1.3017,0;
0.32, 0.287727,-0.176762,-0.0213733,1.95975,-0.223257,1.17694,0;
0.33, 0.825694,-0.145154,-0.0217589,1.83936,-0.464423,1.20037,0;
0.34, 0.599083,-0.11313,-0.0155547,1.68707,-0.322697,1.08665,0;
0.35, 0.0121663,-0.0462157,-0.00972579,1.53267,0.0241064,0.923357,0;
0.36, 0.12605,-0.0382139,-0.0105378,1.41554,-0.00595921,0.869895,0;
0.37, -0.0983274,-0.089806,-0.00563009,1.27155,0.0999397,0.725898,0;
0.38, -0.186167,-0.0459911,-0.00120425,1.17047,0.155442,0.666172,0;
0.39, -0.248798,-0.0279672,-0.00116311,1.07434,0.185094,0.607058,0;
0.4, -0.18582,-0.0426035,-0.000390841,0.985365,0.141774,0.559971,0;
0.41, -0.362192,0.0918473,0.00310384,0.928077,0.243691,0.551945,0;
0.42, -0.138183,0.0811205,0.00662349,0.86413,0.120672,0.546732,0;
0.43, -0.651925,-0.0359331,0.00218516,0.728343,0.342078,0.334558,0;
0.44, -0.742461,-0.0445545,0.0138566,0.654323,0.378835,0.269693,0;
0.45, 0.196392,-0.0606367,0.00154604,0.655303,-0.119683,0.424153,0;
0.46, 0.0539654,-0.116704,-0.00576908,0.580149,-0.0844469,0.341674,0;
0.47, 0.125463,-0.09017,-0.0129352,0.542536,-0.106917,0.33946,0;
0.48, 0.402569,-0.0754815,-0.00970696,0.521069,-0.236708,0.378738,0;
0.49, -0.133637,-0.0751543,0.00119303,0.443464,0.0410363,0.241946,0;
0.5, 0.158797,-0.0465132,0.00449688,0.431699,-0.0834192,0.289915,0;
0.51, 0.172672,-0.0607402,0.00645247,0.394572,-0.0955258,0.265796,0;
0.52, -0.189798,-0.0867381,0.00364866,0.329687,0.0875446,0.15405,0;
0.53, 0.0752872,0.0743029,0.0087005,0.361005,-0.00800927,0.277298,0;
0.54, -0.116468,0.0507605,-0.000442978,0.315993,0.077592,0.212571,0;
0.55, -0.561798,0.00506388,-0.0102113,0.244795,0.292425,0.0733296,0;
0.56, 0.403028,0.0475114,-0.00260353,0.299336,-0.187774,0.281187,0;
0.57, 0.356276,0.024803,-0.00360001,0.271004,-0.188619,0.253225,0;
0.58, 0.219344,-0.00821429,-0.0132492,0.229799,-0.113057,0.185336,0;
0.59, 0.464298,-0.0864512,-0.0104511,0.20545,-0.237364,0.174645,0;
0.6, -0.170615,-0.0579534,0.000234556,0.149861,0.0940924,0.0423842,0;
0.61, -0.210883,0.0139961,-0.00472992,0.150858,0.144475,0.0608113,0;
0.62, 0.175076,0.00294986,-0.0012573,0.163173,-0.0575301,0.131152,0;
0.63, -0.315341,0.00604808,-0.000374268,0.116174,0.178659,0.0239192,0;
0.64, -0.843792,0.023908,0.00497316,0.0692669,0.450385,-0.0884307,0;
0.65, -0.348245,0.00184349,0.00591762,0.0900006,0.186085,0.0018925,0;
0.66, -0.146933,0.0103233,0.00125013,0.100513,0.0554644,0.0543967,0;
0.67, -0.0841597,0.0146087,7.89028e-05,0.0987993,0.0119121,0.0693554,0;
0.68, -0.104366,0.0497568,0.000391343,0.098377,0.0248494,0.079323,0;
0.69, 0.148032,0.0215753,0.00701511,0.101845,-0.107132,0.112385,0;
0.7, 0.468238,-0.00281002,0.00256018,0.111689,-0.273399,0.16131,0;
0.71, 0.295742,0.0175448,0.00885931,0.0958893,-0.17582,0.126438,0;
0.72, -0.0957267,0.067072,0.0144186,0.0712146,0.0484039,0.0582123,0;
0.73, -0.0569969,0.068526,0.013463,0.066864,0.0417376,0.0574327,0;
0.74, -0.262766,-0.0370466,0.00442121,0.0160421,0.120548,-0.04933,0;
0.75, -0.107216,0.0131678,-0.000995934,0.036393,0.0494249,0.00731862,0;
0.76, -0.291499,0.0214763,0.00264804,0.0217778,0.134376,-0.0254927,0;
0.77, -0.128751,-0.0259066,-0.00372562,0.0180418,0.0404211,-0.0174589,0;
0.78, -0.204383,-0.0234045,-0.00493918,0.00979264,0.069498,-0.0320625,0;
0.79, 0.0249532,-0.0759135,0.00133459,0.0117731,-0.0578038,-0.00989575,0;
0.8, 0.441819,0.00480611,0.000390908,0.0664129,-0.255103,0.127633,0;
0.81, 0.238047,0.0345175,0.00296736,0.0565418,-0.14367,0.0993386,0;
0.82, 0.318027,0.00901023,-0.00152714,0.0507042,-0.170862,0.0930537,0;
0.83, 0.248686,0.00527587,0.00138667,0.0395748,-0.126812,0.0684046,0;
0.84, 0.223084,-0.0074612,-0.00562481,0.0300676,-0.104476,0.0491563,0;
0.85, -0.0785368,-0.0300321,-0.00442372,-0.00451687,0.0498664,-0.0348076,0;
0.86, 0.255541,-0.0150215,-0.00175409,0.0246319,-0.106285,0.042858,0;
0.87, 0.0516391,0.000265703,-0.0022147,0.0115641,-0.00519685,0.00857355,0;
0.88, -0.201723,-0.0293803,0.001387,-0.0200576,0.122817,-0.0667418,0;
0.89, -0.180191,-0.0257205,0.00894513,-0.0186263,0.113105,-0.0607553,0;
0.9, -0.204814,0.0235694,0.0021689,-0.00689792,0.126133,-0.0358237,0;
0.91, 0.0433505,0.0125551,-0.00665325,0.0119279,-0.00761977,0.0174151,0;
0.92, 0.1581,-0.0438712,-0.000787951,0.00528322,-0.0845051,0.0131255,0;
0.93, 0.180224,-0.0955074,-0.000684714,-0.00874167,-0.105076,-0.0119411,0;
0.94, 0.119538,0.0279407,0.0181484,0.0205344,-0.0442864,0.0423847,0;
0.95, 0.285896,0.0818923,0.0144507,0.0499645,-0.109607,0.108881,0;
0.96, 0.486762,0.0436427,-0.00219088,0.0541726,-0.214205,0.128191,0;
0.97, 0.357001,0.143178,-0.0019635,0.0680983,-0.122182,0.147649,0;
0.98, -0.154588,0.00745611,0.00151214,-0.0193498,0.120331,-0.0505539,0;
0.99, -0.174397,-0.128109,-0.0053025,-0.0657742,0.11186,-0.142174,0;
1, -0.444799,0.00281489,-0.000203512,-0.0512366,0.264159,-0.125891,0;
1.01, 0.0729541,0.0492716,-0.00819143,0.0117962,0.00752671,0.0251677,0;
1.02, 0.116997,-0.0213525,-0.0111505,-0.00189631,-0.0468506,0.00393749,0;
1.03, 0.131246,-0.1113,-0.0235008,-0.0277428,-0.0724648,-0.0448023,0;
1.04, -0.0165254,-0.0932155,-0.00826625,-0.0363975,0.00811473,-0.0687742,0;
1.05, -0.0754106,0.0151248,0.00371701,-0.00917867,0.0638587,-0.019096,0;
1.06, -0.326323,0.108151,0.00537201,-0.00255065,0.206243,-0.0181325,0;
1.07, -0.186622,0.1172,0.0120602,0.0125377,0.134609,0.018888,0;
1.08, 0.301414,-0.00415541,0.00690684,0.0213582,-0.146608,0.061986,0;
1.09, -0.214128,-0.0953409,-0.00496107,-0.0541802,0.0817743,-0.107347,0;
1.1, 0.0931856,-0.0653733,-0.00431063,-0.0197749,-0.054797,-0.0270013,0;
1.11, 0.278061,-0.0365419,0.00088773,0.00903754,-0.146322,0.0383527,0;
1.12, -0.195907,-0.00758618,0.00532426,-0.0248257,0.0984823,-0.0496664,0;
1.13, -0.0134596,-0.0292843,-0.00217679,-0.0156873,0.0132944,-0.024234,0;
1.14, -0.1442,0.01229,-4.34888e-05,-0.0150477,0.0794797,-0.0279856,0;
1.15, 0.2067,0.00647725,0.00211376,0.0168838,-0.0964273,0.0499884,0;
1.16, 0.25327,-0.0156783,0.00313512,0.0148139,-0.12962,0.048954,0;
1.17, 0.129695,-0.00576693,0.00583681,0.00463704,-0.05975,0.0228774,0;
1.18, 0.128815,-0.0140796,0.00231606,0.000729963,-0.0520339,0.0144719,0;
1.19, -0.0061046,0.00921527,0.00374114,-0.0059129,0.0236709,-0.00486819,0;
1.2, -0.195913,0.0283743,0.00461243,-0.0193159,0.125451,-0.0392071,0;
1.21, -0.407136,0.0242215,0.00267768,-0.0407058,0.227758,-0.0890228,0;
1.22, -0.484186,0.0271519,0.00375868,-0.046921,0.2577,-0.10282,0;
1.23, -0.217912,0.0643377,0.00601343,-0.00862681,0.116987,-0.0160789,0;
1.24, -0.223195,0.0321769,0.00927811,-0.0157898,0.0951734,-0.0277768,0;
1.25, 0.436153,0.017178,0.00457728,0.0434478,-0.243134,0.114258,0;
1.26, 0.717952,-0.0488305,-0.00302323,0.0521481,-0.403134,0.143626,0;
1.27, 0.349951,-0.0310087,-0.00510737,0.0180041,-0.200291,0.0607195,0;
1.28, 0.0269215,0.0566288,-0.00911841,0.00878454,0.00585247,0.0261112,0;
1.29, -0.0689863,0.0285413,-0.00502846,-0.0108392,0.0617552,-0.0163439,0;
1.3, 0.000644621,-0.0416012,0.00380178,-0.0264518,0.0127169,-0.0426665,0;
1.31, -0.197011,-0.0273374,0.00300877,-0.0416429,0.10879,-0.0789606,0;
1.32, -0.0313532,-0.0323957,0.00526601,-0.0252731,0.0250369,-0.0409423,0;
1.33, -0.149679,-0.0239478,0.00255786,-0.0327588,0.0774776,-0.0588486,0;
1.34, -0.4834,-0.00661084,-0.00206845,-0.0600921,0.24402,-0.123453,0;
1.35, -0.114598,0.00235166,-0.000585948,-0.0183154,0.0580125,-0.0291181,0;
1.36, 0.132242,-0.0289392,0.00311546,0.000778202,-0.0875227,0.0186463,0;
1.37, -0.197171,-0.0115235,0.0047714,-0.026608,0.0750242,-0.0454821,0;
1.38, -0.110811,0.0156373,0.00295332,-0.0103547,0.04368,-0.0120647,0;
1.39, 0.459066,0.00040896,-0.00237026,0.0441315,-0.24704,0.112936,0;
1.4, 0.0564432,0.00730665,-0.00086125,0.00527277,-0.0494047,0.0246287,0;
1.41, 0.0646058,-0.0116839,0.00303517,-0.00308076,-0.040183,0.00746516,0;
1.42, 0.151615,-0.0155965,0.00267079,0.00353195,-0.0804682,0.0227213,0;
1.43, -0.414979,0.0204099,0.0093706,-0.044734,0.209983,-0.0892228,0;
1.44, -0.495555,-0.0307334,0.00419976,-0.0699013,0.244689,-0.13923,0;
1.45, -0.23703,-0.0229055,-0.00545682,-0.0381038,0.103393,-0.0685728,0;
1.46, -0.250582,0.00485494,-0.00331775,-0.0268975,0.0984932,-0.0462871,0;
1.47, 0.173145,0.0417025,0.0063392,0.030933,-0.110349,0.0775191,0;
1.48, 0.379845,-0.0412165,0.0030708,0.0288666,-0.236515,0.0819256,0;
1.49, 0.46498,-0.123092,0.00172245,0.0107463,-0.287953,0.0505316,0;
1.5, 0.123341,-0.0729727,0.00246956,-0.012996,-0.0924854,-0.00754284,0;
1.51, 0.340776,0.0275812,0.00197152,0.0399065,-0.15923,0.0958507,0;
1.52, 0.650425,0.0772152,0.00313516,0.088972,-0.295792,0.196583,0;
1.53, 0.433535,0.0951237,-0.00321732,0.0684911,-0.173586,0.149461,0;
1.54, -0.302606,0.0938606,-0.00213244,-0.0181878,0.210346,-0.0384049,0;
1.55, -0.15111,0.0452867,0.000242102,-0.0228606,0.1375,-0.0427758,0;
1.56, 0.444371,-0.0527664,-0.00896846,0.0129354,-0.191644,0.0452798,0;
1.57, -0.231376,0.0806709,-0.0072616,-0.0193445,0.159665,-0.0366495,0;
1.58, -0.508325,0.103347,-0.000731125,-0.04438,0.314301,-0.0931019,0;
1.59, -0.89296,0.0388935,0.00298455,-0.106327,0.480092,-0.21799,0;
1.6, -0.744388,0.0211352,0.00467579,-0.0935007,0.381058,-0.187091,0;
1.61, -0.684768,0.0164265,0.00658501,-0.0823566,0.316512,-0.16106,0;
1.62, -0.266789,-0.0797001,0.0104912,-0.0600763,0.0636855,-0.103823,0;
1.63, -0.0640933,-0.111696,0.00655583,-0.0420768,-0.0650421,-0.062157,0;
1.64, -0.0336897,-0.00705454,-0.000901063,-0.00256135,-0.063183,0.0115293,0;
1.65, 0.167085,0.0487934,-0.00305434,0.039786,-0.14639,0.0947652,0;
1.66, 0.37329,-0.0197943,-0.000781614,0.0419641,-0.257627,0.104586,0;
1.67, 0.133656,-0.0330049,0.00235176,0.0073468,-0.132337,0.0327828,0;
1.68, -0.100541,-0.0197044,0.00048824,-0.0191846,0.00377018,-0.0243525,0;
1.69, -0.0242717,-0.0225241,-0.000872649,-0.0127368,-0.0255114,-0.0109126,0;
1.7, 0.506083,-0.0204266,-0.00402812,0.0505461,-0.286634,0.11992,0;
1.71, 0.424399,-0.00774994,-2.94992e-05,0.0455747,-0.24188,0.108047,0;
1.72, 0.183876,-0.00804585,0.00283264,0.0133301,-0.10354,0.0404427,0;
1.73, 0.0466251,-0.00713627,0.000795962,-0.00591806,-0.01893,7.37011e-05,0;
1.74, 0.0598928,-0.00716382,-0.000208929,-0.00552709,-0.0184906,0.000580268,0;
1.75, -0.0213564,-0.00846615,-0.0018034,-0.015945,0.0227134,-0.0207041,0;
1.76, -0.123443,0.0161988,0.00119175,-0.0204408,0.0789258,-0.0317427,0;
1.77, 0.11906,0.0139484,-0.000149469,0.00841459,-0.0425932,0.0273724,0;
1.78, 0.130277,0.0189307,-0.00421729,0.0116167,-0.052768,0.0337918,0;
1.79, -0.325295,0.0546545,0.004424,-0.0324236,0.181874,-0.0584836,0;
1.8, -0.454308,0.0638884,0.00464902,-0.0463044,0.250851,-0.0870149,0;
1.81, -0.167486,0.00998698,0.00453834,-0.0277981,0.0856527,-0.04463,0;
1.82, -0.0195388,-0.0234871,0.00391062,-0.0186517,-0.0118594,-0.0228668,0;
1.83, 0.101468,-0.0284773,-0.00225749,-0.00399914,-0.0789429,0.00721348,0;
1.84, 0.228441,-0.0210802,-0.00145129,0.0148925,-0.138709,0.0442474,0;
1.85, 0.491657,-0.020882,-0.0038514,0.0464799,-0.262687,0.107069,0;
1.86, 0.18978,-0.00791223,-0.00208202,0.0125036,-0.102173,0.0375685,0;
1.87, 0.272141,-0.0197572,-0.00231279,0.0156455,-0.126825,0.0437697,0;
1.88, 0.282691,-0.0369616,-0.00839964,0.00976804,-0.128489,0.0329212,0;
1.89, 0.202758,-0.0428316,-0.00161947,-0.00366202,-0.0818292,0.00630895,0;
1.9, 0.154681,-0.0118034,0.00312584,-0.000878706,-0.0428538,0.0093779,0;
1.91, -0.32531,0.0312935,0.00366522,-0.046585,0.207696,-0.0842349,0;
1.92, 0.111929,-0.0015676,0.00630409,-0.00381683,-0.0113078,0.00249586,0;
1.93, -0.0081781,-0.0237661,0.00504354,-0.0235094,0.0284601,-0.0342374,0;
1.94, -0.208775,-0.0159866,0.00249725,-0.04574,0.129457,-0.0786158,0;
1.95, -0.0206901,0.00258732,-0.000978812,-0.0156828,0.0386409,-0.0204391,0;
1.96, 0.249438,0.0158728,-0.00332625,0.0257192,-0.10028,0.0598588,0;
1.97, -0.0871195,0.0161104,-0.00273605,-0.0164916,0.0617167,-0.0224987,0;
1.98, -0.28811,0.00234574,0.00425285,-0.0492007,0.164765,-0.0853584,0;
1.99, -0.364793,-0.0388447,0.0113967,-0.0722927,0.189216,-0.127216,0;
2, -0.292124,0.0537161,0.00661169,-0.029666,0.16118,-0.0495205,0;
2.01, 0.0294749,0.0519212,-0.000208345,0.0149888,-0.0101579,0.0374243,0;
2.02, -0.216729,0.000213466,-0.00385984,-0.032096,0.0880528,-0.0500101,0;
2.03, -0.219351,-0.000813865,-0.0111271,-0.0342884,0.0892217,-0.0539744,0;
2.04, -0.107116,-0.00912082,-0.000933522,-0.0215089,0.0263694,-0.0285012,0;
2.05, -0.426212,0.0220039,-0.00612754,-0.0514523,0.182633,-0.0873555,0;
2.06, -0.0694956,-0.0460141,-0.0053558,-0.0260088,-0.00862731,-0.0349848,0;
2.07, 0.590627,-0.0275167,-0.00236006,0.0695783,-0.34062,0.147011,0;
2.08, -0.182681,0.0166106,0.00206196,-0.0167671,0.0480407,-0.0201855,0;
2.09, 0.0191064,-0.00436748,0.00321752,-0.00218639,-0.0314282,0.00772233,0;
2.1, -0.131933,-0.079357,0.00537468,-0.0464636,0.0227188,-0.0722389,0;
2.11, 0.0912672,-0.0296902,0.00710895,-0.00104835,-0.0737313,0.0112714,0;
2.12, 0.0263314,-0.0122581,0.0076476,-0.000898773,-0.0402248,0.0104503,0;
2.13, 0.0258408,0.0548036,0.00352423,0.0205965,-0.0207426,0.0473673,0;
2.14, -0.00565756,0.0977392,-0.00196337,0.0295562,0.00665709,0.0621849,0;
2.15, 0.151187,-0.00666951,-0.00466599,0.0146119,-0.0908572,0.038917,0;
2.16, 0.103908,-0.115293,-0.00359199,-0.0306247,-0.0918594,-0.0405066,0;
2.17, -0.0733066,-0.0622868,0.00120181,-0.0385462,0.01215,-0.0579543,0;
2.18, 0.152648,-0.0118912,0.00223597,0.0104407,-0.0809278,0.0307826,0;
2.19, 0.09624,0.00514738,-0.00332125,0.010165,-0.0512077,0.0293191,0;
2.2, -0.366583,0.0678901,-0.00410999,-0.0333843,0.19374,-0.0545922,0;
2.21, -0.208064,0.028464,-0.00130926,-0.0258905,0.11153,-0.0388687,0;
2.22, -0.0430479,0.00597879,0.00391182,-0.00979995,0.0126704,-0.00731334,0;
2.23, 0.12077,-0.0104019,0.00428505,0.00843497,-0.0788824,0.0273106,0;
2.24, -0.411629,0.0195234,0.0043489,-0.0547832,0.186194,-0.0905117,0;
2.25, -0.436508,0.0538174,0.00369685,-0.0488418,0.211138,-0.0807358,0;
2.26, 0.00923194,0.00199603,0.00272781,-0.000951524,-0.0307975,0.00981157,0;
2.27, -0.180985,-0.00759425,0.00314375,-0.0285658,0.0446612,-0.0399627,0;
2.28, -0.129702,0.000767626,0.0022958,-0.0186638,0.0235718,-0.0222488,0;
2.29, -0.110389,0.0101601,0.000389307,-0.0115334,0.0127437,-0.0094349,0;
2.3, 0.194493,0.00508154,-0.000231373,0.030689,-0.138604,0.0676042,0;
2.31, 0.229651,-0.0115327,0.00147998,0.030464,-0.160689,0.0676762,0;
2.32, 0.250313,-0.0187361,0.000314471,0.0282572,-0.162579,0.0634107,0;
2.33, 0.555456,-0.00605768,-0.00236763,0.0739958,-0.297506,0.145101,0;
2.34, 0.654395,0.00455388,0.000183097,0.0894525,-0.332111,0.171952,0;
2.35, -0.110997,0.036049,0.00344185,-0.0161127,0.0682524,-0.0201048,0;
2.36, -0.210074,0.0132949,-0.00144392,-0.0448943,0.134763,-0.0717776,0;
2.37, 0.0267507,0.014738,-0.00361644,-0.0089099,0.0146353,-0.0068659,0;
2.38, -0.228517,0.0146233,0.0014616,-0.0442447,0.129311,-0.0697616,0;
2.39, -0.304248,-0.00277584,0.00224231,-0.0618191,0.161329,-0.100452,0;
2.4, 0.0160533,-0.00182403,0.00211948,-0.0114909,-0.00383097,-0.0103016,0;
2.41, -0.112084,0.0040451,0.00562694,-0.0248995,0.0484309,-0.033946,0;
2.42, -0.203405,0.000593093,0.00625636,-0.0399565,0.0920713,-0.0605288,0;
2.43, -0.258947,-0.0121896,0.00568492,-0.0516493,0.112357,-0.0806671,0;
2.44, -0.056273,-0.015625,0.00268936,-0.020531,0.00622704,-0.0252069,0;
2.45, 0.305518,-0.0105927,-0.00151049,0.0384038,-0.176273,0.0789609,0;
2.46, 0.498436,-0.00608463,-0.00146807,0.0698073,-0.269422,0.134046,0;
2.47, 0.486069,-0.00291803,-0.00327689,0.0660374,-0.250691,0.12667,0;
2.48, 0.0860694,0.0311459,-0.00206052,0.0122429,-0.0304813,0.0304586,0;
2.49, -0.101562,0.0262063,-8.1383e-06,-0.0228745,0.0772589,-0.0314894,0;
2.5, -0.36157,0.016813,-0.00251812,-0.0668996,0.203257,-0.108336,0;
2.51, 0.0808543,-0.00476199,-0.00535864,-0.00672487,-0.0221247,-0.002203,0;
2.52, 0.1292,0.0218802,-0.00174797,0.0143056,-0.0534652,0.0343024,0;
2.53, 0.277994,-0.00584822,0.00549596,0.0271711,-0.1307,0.0572527,0;
2.54, 0.16715,0.0166404,0.00584513,0.0165046,-0.0683318,0.0378425,0;
2.55, 0.150571,0.0199616,0.00270772,0.0123771,-0.0506948,0.0303096,0;
2.56, -0.0157614,-0.0100606,0.000496198,-0.0253201,0.0277457,-0.034493,0;
2.57, -0.000613607,-0.0416381,-0.00239562,-0.0350709,0.0165984,-0.0507615,0;
2.58, 0.0697001,-0.027423,-0.00531608,-0.0181312,-0.0164245,-0.0216112,0;
2.59, -0.0118337,-0.0661734,0.00252458,-0.0421667,0.0134615,-0.0622357,0;
2.6, -0.226439,0.00241925,0.00627792,-0.0516362,0.133566,-0.0797533,0;
2.61, -0.566822,0.0657339,0.00540631,-0.0803653,0.311095,-0.13009,0;
2.62, -0.134666,-0.0112825,0.00762481,-0.0370468,0.0752206,-0.0540423,0;
2.63, 0.252428,-0.0335297,0.00225134,0.0212047,-0.139625,0.0467594,0;
2.64, 0.0238063,0.0331308,-0.00333748,0.0103523,-0.0194826,0.027214,0;
2.65, -0.0470366,0.106826,-0.000765212,0.0232796,0.0413056,0.0478117,0;
2.66, -0.115205,0.0806384,0.00994467,0.00133359,0.0696722,0.01083,0;
2.67, -0.18672,0.00856933,0.0146745,-0.0383207,0.0848457,-0.0554101,0;
2.68, -0.322625,-0.0550993,0.00474789,-0.0825009,0.131133,-0.129205,0;
2.69, -0.0214043,-0.10337,-0.00325368,-0.0487854,-0.0318295,-0.0712693,0;
2.7, -0.222519,-0.0376352,-0.00261777,-0.0535004,0.0705981,-0.0797146,0;
2.71, -0.420543,0.0454332,-5.46081e-05,-0.0534133,0.186792,-0.0804968,0;
2.72, -0.467673,0.0288131,-0.000360474,-0.0641175,0.200613,-0.0979339,0;
2.73, -0.261291,0.0288825,0.0011058,-0.0280414,0.087976,-0.0366597,0;
2.74, 0.454228,0.00891211,-0.0037258,0.0848594,-0.276784,0.153618,0;
2.75, 0.263069,0.0385383,-0.00852028,0.0658051,-0.184289,0.12116,0;
2.76, 0.350482,0.0347338,-0.00403547,0.0723181,-0.207847,0.131184,0;
2.77, 0.395386,0.0165786,-0.00137032,0.0688465,-0.220915,0.124827,0;
2.78, 0.00984378,0.0140315,3.01388e-06,-0.00133118,-0.0214856,0.00718505,0;
2.79, 0.299811,0.00681379,-0.000179466,0.0387204,-0.147361,0.073671,0;
2.8, 0.499466,-0.0426063,-0.00211335,0.0534066,-0.253322,0.0981788,0;
2.81, 0.656067,-0.0741785,-0.00389256,0.0653546,-0.325806,0.11775,0;
2.82, 0.530379,-0.0331697,-0.00217182,0.0561325,-0.237953,0.101469,0;
2.83, -0.0569734,-0.00338473,0.000253948,-0.0369534,0.0741593,-0.053377,0;
2.84, -0.309347,0.00670503,0.000817844,-0.0800676,0.214459,-0.124878,0;
2.85, -0.317207,0.000600326,0.00226231,-0.0819317,0.211434,-0.127579,0;
2.86, -0.357364,-0.0117285,0.00417653,-0.0887417,0.212479,-0.138007,0;
2.87, -0.608756,-0.0284754,0.00212011,-0.132539,0.314547,-0.209319,0;
2.88, -0.276797,-0.0455164,0.00219508,-0.0767966,0.135646,-0.117091,0;
2.89, 0.078236,-0.0405734,-0.00124524,-0.00549491,-0.0567732,0.000471009,0;
2.9, -0.022024,0.000277495,-0.000281324,-0.00409746,-0.00844578,0.00290476,0;
2.91, -0.305,0.0294136,-0.000752011,-0.0418409,0.137803,-0.0589507,0;
2.92, -0.175277,0.023588,-0.000614849,-0.0222955,0.0740148,-0.0268306,0;
2.93, 0.020622,-0.0022042,-0.000793549,0.00437505,-0.0354761,0.0169155,0;
2.94, 0.319681,-0.0476825,-0.00313443,0.039985,-0.195185,0.0748853,0;
2.95, 0.318355,-0.00523756,-0.00212122,0.0546502,-0.182997,0.0984085,0;
2.96, 0.0262269,0.0272455,0.00157651,0.0130603,-0.0212694,0.0305209,0;
2.97, -0.0695976,0.015335,0.00362332,-0.0130494,0.0347936,-0.0121584,0;
2.98, 0.149652,-0.0243669,0.00219923,0.00898491,-0.0784848,0.0233614,0;
2.99, 0.187847,-0.0450181,0.00191096,0.00898548,-0.104643,0.0234398,0;
3, -0.0399982,0.0211766,-0.00102904,-0.00864382,0.0254169,-0.0050473,0;
3.01, 0.0157736,0.0330755,-0.000939311,0.00416145,0.0084825,0.0154853,0;
3.02, -0.206327,0.0288714,0.000581568,-0.0362448,0.112294,-0.0495528,0;
3.03, -0.0942937,-0.00128135,0.00032109,-0.0280504,0.0504718,-0.0364556,0;
3.04, 0.483257,-0.107814,-0.00387084,0.0373291,-0.259546,0.0683649,0;
3.05, 0.423721,-0.0393782,-0.00500399,0.0534683,-0.218399,0.0943031,0;
3.06, -0.0510968,0.0910057,0.00101478,0.0131399,0.0571864,0.0295881,0;
3.07, -0.175941,0.0812664,0.0004609,-0.0173537,0.129929,-0.0192259,0;
3.08, -0.078688,-0.0266473,-0.000216725,-0.0409036,0.0540759,-0.0571511,0;
3.09, 0.117569,-0.0763804,0.00091182,-0.0232665,-0.0610003,-0.0290848,0;
3.1, -0.263138,0.0642336,0.00662343,-0.0382422,0.150222,-0.0519482,0;
3.11, -0.479822,0.0991555,0.00850349,-0.0642042,0.26587,-0.0928728,0;
3.12, -0.370305,0.0338918,0.00339972,-0.0668036,0.187311,-0.0969886,0;
3.13, -0.383199,-0.0351086,0.00214577,-0.0913095,0.158102,-0.135621,0;
3.14, -0.449644,0.05473,-0.001926,-0.0655052,0.197501,-0.0936075,0;
3.15, 0.0229058,-0.206944,-0.00201712,-0.0694527,-0.101594,-0.101652,0;
3.16, 0.0846966,-0.0100403,0.00156889,0.0171455,-0.0987967,0.0368141,0;
3.17, -0.0927483,0.308554,0.00100732,0.106382,0.0678553,0.180004,0;
3.18, 0.288981,0.369354,-0.0103402,0.197688,-0.0931628,0.32335,0;
3.19, 0.633401,0.285881,-0.0111044,0.223118,-0.282265,0.361204,0;
3.2, 0.657923,-0.00470562,-0.0038439,0.106229,-0.356286,0.174018,0;
3.21, 0.00974736,-0.413488,-0.00376003,-0.18221,-0.124069,-0.281252,0;
3.22, -0.146535,-0.374494,0.00748342,-0.205902,-0.0154192,-0.317826,0;
3.23, -0.402833,-0.13463,0.0139477,-0.152363,0.172386,-0.231297,0;
3.24, -0.305531,0.0133808,0.0113032,-0.0652196,0.161907,-0.0932922,0;
3.25, 0.394906,0.261629,0.00703679,0.169315,-0.125628,0.274568,0;
3.26, 0.166556,0.0661515,0.00576006,0.0576551,-0.0754262,0.0990427,0;
3.27, -0.416116,-0.164198,-0.000178567,-0.151326,0.155796,-0.228367,0;
3.28, 0.0595371,-0.0492829,-0.000351259,-0.0231675,-0.0383608,-0.0285361,0;
3.29, 0.11796,-0.0117328,-0.00296504,0.0124981,-0.0682656,0.027645,0;
3.3, 0.404526,0.0158381,-0.00485741,0.0787287,-0.195899,0.130095,0;
3.31, 0.624567,-0.00396777,-0.00529919,0.112408,-0.300564,0.181379,0;
3.32, 0.247094,-0.0984659,0.00280676,-0.00114511,-0.129643,0.00458891,0;
3.33, -0.073918,-0.0925523,0.0083653,-0.0698784,0.0451301,-0.101354,0;
3.34, -0.360288,-0.0341718,0.00387738,-0.103914,0.20379,-0.152559,0;
3.35, 0.0610265,0.0100158,0.00207732,-0.00101526,0.0106856,0.00610063,0;
3.36, -0.0265588,-0.0149681,0.00289761,-0.0208897,0.0318029,-0.0241675,0;
3.37, -0.015284,-0.0260923,0.00106996,-0.0232006,0.0226237,-0.0279529,0;
3.38, -0.130183,-0.00783449,-8.22089e-06,-0.0380059,0.0793041,-0.0501894,0;
3.39, -0.0998601,0.00816881,-0.000916561,-0.0255434,0.0662826,-0.0306914,0;
3.4, 0.066939,0.0421577,-0.00106515,0.0223741,-0.0105532,0.0430426,0;
3.41, 0.0902768,0.0459862,0.000840607,0.0291827,-0.0252665,0.0534574,0;
3.42, 0.026261,0.0222174,-0.000670844,0.00541673,-0.000232333,0.0167897,0;
3.43, 0.0333763,0.0199574,-0.00161015,0.00336091,-0.00292697,0.0135125,0;
3.44, -0.000423091,-0.0347894,-0.00298908,-0.0251367,-0.000311862,-0.030825,0;
3.45, 0.0306891,-0.0281424,-0.00270544,-0.0171881,-0.0134902,-0.0186655,0;
3.46, 0.0858878,0.00438239,5.85678e-05,0.00718859,-0.0320403,0.0188693,0;
3.47, 0.299736,0.0213077,0.000677517,0.0576232,-0.128281,0.0952183,0;
3.48, 0.27453,0.0253073,0.000872243,0.0528081,-0.113488,0.0878098,0;
3.49, 0.115352,0.00558212,0.0035829,0.00830791,-0.0344436,0.0201533,0;
3.5, -0.192999,-0.00277888,0.00498844,-0.0612911,0.117319,-0.0850433,0;
3.51, -0.403948,0.0107512,0.00474473,-0.0998635,0.222863,-0.142528,0;
3.52, -0.282374,-0.00362473,0.00107178,-0.0769464,0.153118,-0.107958,0;
3.53, -0.17587,0.000351267,0.000282496,-0.0481836,0.0873995,-0.0644556,0;
3.54, -0.459841,0.0439901,0.00392355,-0.084677,0.221277,-0.117713,0;
3.55, -0.126811,0.0444022,0.0021096,-0.0139022,0.0575543,-0.0115752,0;
3.56, -0.173278,0.00418457,0.00337801,-0.0335589,0.0533904,-0.0414744,0;
3.57, -0.281073,-0.000915969,0.00196892,-0.0582848,0.0987108,-0.0783267,0;
3.58, -0.0763461,0.00232261,-0.00541133,-0.0129952,-0.00142166,-0.0107014,0;
3.59, -0.0289947,0.0241173,-0.00452782,0.00879552,-0.0257796,0.0222667,0;
3.6, 0.215996,-0.0074792,-0.00290919,0.0482558,-0.149392,0.0800165,0;
3.61, 0.101717,0.0300011,-0.00329734,0.037631,-0.0845888,0.06509,0;
3.62, -0.0762697,0.0218653,0.000175565,-0.00717668,0.00764175,-0.00175465,0;
3.63, 0.669468,0.0314734,0.000814385,0.149263,-0.335924,0.229397,0;
3.64, 0.370821,0.00716971,0.00690224,0.0772499,-0.201772,0.122058,0;
3.65, 0.183224,-0.0221638,0.00382364,0.0165269,-0.0970098,0.0309998,0;
3.66, 0.473267,-0.008245,-0.00200823,0.0765154,-0.216054,0.119452,0;
3.67, -0.103971,-0.0268323,0.0030251,-0.0543667,0.0576216,-0.0739522,0;
3.68, -0.231118,-0.0392052,-0.00483049,-0.0910897,0.128887,-0.128543,0;
3.69, 0.258415,-0.0413133,-0.0052607,0.0144357,-0.106303,0.0267804,0;
3.7, -0.215232,-0.0501826,0.004739,-0.0834676,0.104903,-0.116805,0;
3.71, -0.355872,0.00047175,0.00549212,-0.0958991,0.19086,-0.13357,0;
3.72, -0.43196,0.0447816,0.00418059,-0.0904644,0.229685,-0.12373,0;
3.73, -0.158884,0.0448265,-0.00625394,-0.0255048,0.0870602,-0.0283738,0;
3.74, -0.040963,0.105126,-0.00938314,0.0290068,0.0302457,0.0531851,0;
3.75, 0.18914,0.0553415,-0.0031656,0.0604701,-0.0963522,0.0974974,0;
3.76, -0.20112,0.0136519,0.00530042,-0.0435634,0.0744027,-0.0554844,0;
3.77, -0.215141,-0.00703339,0.00146967,-0.059163,0.0819999,-0.0789253,0;
3.78, -0.181797,0.0160082,0.00121828,-0.0409254,0.0663656,-0.0515304,0;
3.79, 0.149577,-0.00365598,0.0016649,0.0269949,-0.100245,0.0464454,0;
3.8, 0.318422,-0.0365022,0.00315767,0.0539459,-0.192507,0.0846292,0;
3.81, -0.265651,-0.0362505,0.00469704,-0.076599,0.0882387,-0.104489,0;
3.82, -0.425436,-0.0483282,0.00592072,-0.120421,0.173264,-0.168358,0;
3.83, -0.301202,-0.0337952,0.00327901,-0.0838282,0.112252,-0.114522,0;
3.84, -0.478984,-0.0113628,0.00475683,-0.106561,0.188211,-0.146017,0;
3.85, -0.0894499,-0.0259295,0.00267083,-0.0209024,-0.00646453,-0.0226642,0;
3.86, -0.0542558,0.0412554,-0.00496611,0.0199415,-0.0198137,0.0387453,0;
3.87, -0.0713789,0.0618059,-0.00543848,0.0257618,-0.00656087,0.0478263,0;
3.88, 0.35757,0.0234435,-0.00175523,0.103971,-0.215597,0.158486,0;
3.89, 0.0768696,0.00363191,0.000342153,0.0307222,-0.0890909,0.0524335,0;
3.9, 0.108786,0.000401633,0.00148189,0.028413,-0.090143,0.0484665,0;
3.91, 0.427233,0.00177458,0.00436717,0.0979457,-0.232268,0.147775,0;
3.92, 0.373424,-0.030262,0.00050722,0.0713914,-0.20929,0.108347,0;
3.93, 0.084609,-0.0301921,0.000312867,-0.00081918,-0.0582631,0.00483202,0;
3.94, -0.182707,0.0137226,0.00304441,-0.0504585,0.0922312,-0.0647893,0;
3.95, -0.330729,0.0235097,0.00247582,-0.0807014,0.167417,-0.107322,0;
3.96, -0.400216,0.0101341,-0.00110305,-0.0989291,0.189569,-0.13352,0;
3.97, 0.0159896,-0.0170976,0.00144947,-0.0105298,-0.0238285,-0.00846191,0;
3.98, 0.090665,-0.0199452,0.00457821,0.0121456,-0.0730333,0.0239751,0;
3.99, 0.118668,-0.0160327,0.00335118,0.0205065,-0.0837396,0.0358829,0;
4, 0.305993,-0.0319104,-0.00205423,0.055784,-0.170383,0.0852182,0;
4.01, 0.0586713,-0.0170868,-0.00312435,0.00273532,-0.0459229,0.010363,0;
4.02, -0.220168,0.00300867,-0.000728746,-0.0582715,0.10072,-0.0752416,0;
4.03, 0.731255,-0.0292077,-0.00356757,0.149347,-0.347546,0.216936,0;
4.04, 0.703238,-0.0344036,-0.0021503,0.14458,-0.343122,0.209891,0;
4.05, 0.115405,-0.0113921,0.00290975,0.0059017,-0.0389942,0.0143882,0;
4.06, 0.126652,0.00238474,0.00287308,0.00262752,-0.0169812,0.0098565,0;
4.07, -0.431106,0.0152746,0.00456084,-0.123142,0.248134,-0.166508,0;
4.08, -0.252992,0.0118338,0.00210825,-0.0836311,0.165078,-0.111013,0;
4.09, 0.197014,0.0213096,-0.000787138,0.0331455,-0.0594099,0.0538822,0;
4.1, -0.00743684,0.0159528,0.00268285,-0.0112757,0.0223213,-0.00858378,0;
4.11, 0.0127688,-0.0213168,0.00174453,-0.0239677,0.00703781,-0.0279498,0;
4.12, 0.253802,-0.0165931,0.001489,0.0349657,-0.105547,0.0548212,0;
4.13, -0.0419746,0.00084635,0.00543797,-0.0277902,0.0352444,-0.03231,0;
4.14, -0.0562801,-0.00260831,0.00528755,-0.0355138,0.0483521,-0.0433244,0;
4.15, -0.0417853,0.0405255,0.000503736,-0.0135896,0.0495485,-0.0109828,0;
4.16, 0.425053,0.024404,-0.00654512,0.0944781,-0.174397,0.139123,0;
4.17, 0.100354,0.00537826,-0.00399448,0.00917259,-0.0329073,0.0192652,0;
4.18, -0.452781,0.00533703,0.00171364,-0.130584,0.235013,-0.175459,0;
4.19, 0.0837074,0.0315752,0.000498633,0.00728321,-0.00399089,0.0174497,0;
4.2, 0.513908,0.0094914,-0.00252734,0.1105,-0.226296,0.160159,0;
4.21, 0.253322,-0.0200321,0.000452112,0.0351554,-0.113101,0.0541808,0;
4.22, -0.167623,0.0139516,0.00325232,-0.0619969,0.106135,-0.0795662,0;
4.23, -0.323661,-0.0270741,0.00180332,-0.119516,0.174535,-0.160868,0;
4.24, 0.190567,-0.0240759,-0.000462057,0.0115532,-0.0695117,0.0208848,0;
4.25, 0.0937126,0.0332029,0.0013343,0.018498,-0.0225666,0.0331834,0;
4.26, -0.38711,0.00462149,0.00239289,-0.111946,0.196062,-0.148147,0;
4.27, -0.356524,-0.0484269,-0.0046377,-0.128658,0.169021,-0.173394,0;
4.28, -0.277865,-0.0486681,-0.00616697,-0.101998,0.118481,-0.136106,0;
4.29, 0.0562846,-0.0104005,-0.00386352,0.00435854,-0.0378432,0.0125495,0;
4.3, 0.055168,0.0125321,-0.00247988,0.0196681,-0.0400728,0.0348274,0;
4.31, -0.0335439,0.0175333,0.00158397,-0.000417976,0.0046339,0.00737837,0;
4.32, 0.13066,0.035732,0.0032841,0.0455145,-0.0638888,0.0710581,0;
4.33, -0.0693305,0.0307511,0.00585656,-0.00806154,0.0261784,-0.00287935,0;
4.34, -0.302457,-0.0294071,0.00669061,-0.0940214,0.121708,-0.123436,0;
4.35, 0.0303843,-0.0338958,-0.00134688,-0.0122101,-0.0351258,-0.0115858,0;
4.36, 0.269264,-0.0334765,-0.004067,0.0533893,-0.15392,0.0784695,0;
4.37, 0.0759336,-0.0125872,-0.00152816,0.0141568,-0.0572477,0.0257981,0;
4.38, 0.118936,-0.0352899,-0.00372449,0.0115066,-0.0724201,0.0209776,0;
4.39, 0.278454,-0.0211481,-0.00012944,0.055578,-0.138114,0.0815756,0;
4.4, 0.0622461,0.0397204,0.00268502,0.0245711,-0.0179802,0.0419765,0;
4.41, -0.0119691,0.0307011,0.00305679,-0.00238106,0.0230825,0.00466165,0;
4.42, -0.108905,-0.00162376,0.00217678,-0.0428479,0.0598738,-0.0520609,0;
4.43, 0.604555,-0.0267451,0.000671251,0.128498,-0.27573,0.179568,0;
4.44, -0.0233103,-0.0153949,0.00162349,-0.0244379,0.0102728,-0.0276606,0;
4.45, 0.360783,-0.00971712,-0.0015606,0.0661756,-0.145344,0.0952103,0;
4.46, 0.0664322,0.0047745,-0.000874941,-0.00107453,-0.0068427,0.00491297,0;
4.47, -0.15404,0.0110339,0.00238344,-0.0608892,0.105562,-0.076114,0;
4.48, 0.0150597,0.0374384,0.00376699,-0.00790819,0.0350116,-0.00335171,0;
4.49, 0.559299,0.0548401,0.00114828,0.14426,-0.217305,0.203211,0;
4.5, -0.077738,0.0701187,0.00356618,-0.0140897,0.0751985,-0.0101112,0;
4.51, -0.548476,0.0404908,0.00396558,-0.159291,0.297978,-0.207785,0;
4.52, -0.48966,0.0271768,0.0013974,-0.149777,0.261917,-0.195497,0;
4.53, -0.631516,0.0295957,0.00415707,-0.175575,0.305115,-0.22956,0;
4.54, -0.44211,0.0310692,0.00257781,-0.115494,0.200243,-0.148045,0;
4.55, -0.356825,0.0268359,0.0047514,-0.0842212,0.138131,-0.105758,0;
4.56, -0.213362,0.00158321,0.00433127,-0.0493423,0.0509232,-0.0598174,0;
4.57, 0.181684,-0.0210688,-0.000669678,0.0510159,-0.1458,0.0740087,0;
4.58, -0.232117,-0.00858155,0.000772681,-0.0506059,0.0423019,-0.0615311,0;
4.59, -0.11676,-0.00150946,-5.08383e-05,-0.021009,0.00177814,-0.021523,0;
4.6, 0.090591,0.0171848,-0.00183826,0.0446669,-0.0911506,0.0673155,0;
4.61, -0.23393,0.00705198,-0.00211396,-0.0446966,0.0530905,-0.0527591,0;
4.62, -0.0327577,-0.0219474,-0.00241564,-0.00779718,-0.0404416,-0.00497987,0;
4.63, -0.197013,-0.0206466,0.00363599,-0.0489274,0.0308581,-0.0596621,0;
4.64, -0.224627,-0.0204987,0.00671233,-0.0557437,0.0455582,-0.0686463,0;
4.65, -0.695303,0.00922287,0.00738944,-0.167425,0.264979,-0.215712,0;
4.66, -0.126769,-0.0175703,0.000714677,-0.0232131,-0.0045671,-0.0248923,0;
4.67, 0.209856,0.00362903,-0.00113368,0.0885489,-0.171265,0.125333,0;
4.68, 0.0786988,0.030249,0.000160751,0.0657764,-0.103943,0.0964028,0;
4.69, 0.175062,0.0149977,-0.00243267,0.0780653,-0.140488,0.111455,0;
4.7, 0.29474,-0.0171412,-0.00426897,0.0912788,-0.19654,0.126879,0;
4.71, -0.212031,0.0114163,-0.00586718,-0.0398597,0.0506414,-0.0457655,0;
4.72, 0.115901,0.0058598,-0.00360776,0.0405695,-0.085995,0.0602838,0;
4.73, 0.5808,-0.018417,-0.000481881,0.158699,-0.306843,0.215234,0;
4.74, 0.886393,-0.0300094,-0.000761418,0.235324,-0.44253,0.315393,0;
4.75, 0.189723,-1.1703e-05,0.000221024,0.0453471,-0.0973905,0.0654673,0;
4.76, -0.236329,-0.00217558,0.00741484,-0.0912164,0.125495,-0.115432,0;
4.77, 0.168072,0.00318515,0.00614471,0.0192792,-0.0493673,0.0305886,0;
4.78, 0.109341,0.00705915,0.00535391,0.0110333,-0.0307245,0.0200962,0;
4.79, -0.49035,0.00265583,0.00515535,-0.159553,0.242096,-0.20465,0;
4.8, -0.508962,0.0394114,0.000993108,-0.151824,0.261901,-0.192533,0;
4.81, 0.276196,0.000258956,-0.00455524,0.0625329,-0.120927,0.0877438,0;
4.82, 0.182192,0.00509523,-0.000695953,0.0485883,-0.095804,0.069841,0;
4.83, 0.112071,-0.0329053,6.89515e-05,0.00746935,-0.0666525,0.0135947,0;
4.84, 0.00705081,-0.0338088,0.00114398,-0.0268418,-0.0135329,-0.0316074,0;
4.85, -0.0350326,0.0287871,0.0022793,-0.0128097,0.0273227,-0.00980607,0;
4.86, -0.248382,0.0125221,0.0046369,-0.0787212,0.119729,-0.0967748,0;
4.87, 0.226728,-0.0083039,-0.00151799,0.0475603,-0.102848,0.0672165,0;
4.88, 0.0489393,-0.00529676,0.000890874,0.00373488,-0.0303694,0.0103058,0;
4.89, -0.103991,-0.0455847,-0.000283887,-0.061205,0.0338584,-0.0767183,0;
4.9, -0.525559,0.0121068,0.0028947,-0.157745,0.241351,-0.199536,0;
4.91, 0.236039,0.0466534,-0.00144872,0.0781808,-0.0943407,0.11013,0;
4.92, -0.109264,0.0696638,-0.0041243,-0.000970878,0.049275,0.00855324,0;
4.93, -0.44182,0.0682297,0.00363165,-0.102949,0.204778,-0.124549,0;
4.94, -0.127157,0.0369413,0.00114845,-0.0269667,0.0507322,-0.0275786,0;
4.95, 0.134924,-0.0213979,-0.00322778,0.0313268,-0.0983221,0.0449969,0;
4.96, 0.352834,-0.00560321,0.00100744,0.102342,-0.195744,0.138003,0;
4.97, -0.0786307,0.0409953,0.00340377,-0.00576639,0.0178856,0.000239819,0;
4.98, -0.14088,-0.0225072,0.00371819,-0.058766,0.0410788,-0.0722091,0;
4.99, -0.280492,-0.0533373,0.00376233,-0.113377,0.0932361,-0.144843,0;
5, -0.0930316,-0.0402449,0.00320943,-0.0487722,0.00966777,-0.0599662,0;
5.01, -0.15607,-0.0668979,0.000633868,-0.070963,0.0231918,-0.0897769,0;
5.02, -0.322727,-0.0484465,0.000849058,-0.10901,0.101702,-0.137634,0;
5.03, -0.165175,-0.022579,-0.00177504,-0.0477941,0.0363202,-0.0565907,0;
5.04, 0.429559,-0.0640337,-0.00480574,0.116318,-0.248956,0.153353,0;
5.05, 0.427929,-0.0475777,-0.00549752,0.125721,-0.247051,0.166233,0;
5.06, 0.645868,-0.0426638,-0.00814924,0.184399,-0.325377,0.241847,0;
5.07, 0.63429,-0.0043931,-0.00388746,0.187978,-0.29173,0.248227,0;
5.08, 0.335152,0.0292557,-0.00300646,0.100306,-0.12602,0.13662,0;
5.09, 0.490591,0.0306863,-0.00270264,0.133428,-0.174392,0.178697,0;
5.1, 0.609399,-0.00402161,-0.00479427,0.146411,-0.228477,0.193046,0;
5.11, 0.144521,-0.022431,-0.000530706,-0.00983645,-0.0145819,-0.00926781,0;
5.12, 0.226456,-0.0292054,0.000428928,0.000915192,-0.0367173,0.0039926,0;
5.13, -0.206119,-0.00807391,0.00210277,-0.119431,0.162488,-0.149214,0;
5.14, -0.350795,0.00454335,0.00399076,-0.15813,0.232689,-0.198023,0;
5.15, -0.28247,0.0276029,0.0103979,-0.120115,0.196504,-0.147518,0;
5.16, -0.40446,0.0513133,0.0114163,-0.135536,0.240666,-0.165589,0;
5.17, 0.395075,0.0139473,0.000816327,0.0970122,-0.139836,0.13008,0;
5.18, 0.353786,-0.0108466,-0.00263568,0.0832307,-0.14588,0.111122,0;
5.19, 0.299769,-0.00958847,-0.00279092,0.0608969,-0.111986,0.08226,0;
5.2, 0.399966,0.0201196,-0.00144119,0.0970292,-0.138204,0.129686,0;
5.21, -0.0283469,0.0386623,0.001723,-0.0291318,0.0649449,-0.0304195,0;
5.22, -0.668998,0.0114058,0.0106496,-0.243479,0.350619,-0.305317,0;
5.23, -0.341153,0.0218531,0.00823786,-0.138884,0.203201,-0.171381,0;
5.24, -0.0862991,0.0166258,-8.60502e-05,-0.0465871,0.0631624,-0.0536351,0;
5.25, -0.0750553,-0.013582,-0.00442582,-0.0460236,0.0345619,-0.0543511,0;
5.26, 0.539351,-0.0129172,-0.00291839,0.145204,-0.242339,0.188791,0;
5.27, -0.0353795,-0.0118235,0.00296464,-0.027666,0.00956558,-0.0306862,0;
5.28, -0.459883,-0.0386719,0.00202337,-0.180462,0.206267,-0.226502,0;
5.29, 0.0356856,-0.0261106,-0.000769713,-0.021696,-0.0102479,-0.0240935,0;
5.3, -0.208525,-0.0352548,-0.000883517,-0.0886608,0.0797702,-0.109064,0;
5.31, -0.332635,-0.0453953,-0.00143976,-0.13097,0.131816,-0.16317,0;
5.32, -0.0832224,-0.0344296,-0.000268664,-0.0427496,0.0183195,-0.0503256,0;
5.33, 0.180052,0.00802669,-0.000438341,0.0672925,-0.0948475,0.0919252,0;
5.34, 0.224546,0.0157792,-0.00160047,0.0862542,-0.114399,0.116353,0;
5.35, 0.158346,-0.0209266,-0.00287883,0.0450113,-0.0893293,0.0617357,0;
5.36, -0.0376359,-0.030584,-0.00135746,-0.0276009,0.00182242,-0.0308367,0;
5.37, 0.0609638,-0.000713581,-0.00075404,0.0128784,-0.0267429,0.0218588,0;
5.38, -0.256078,0.0740485,0.0040866,-0.0538831,0.134022,-0.0578908,0;
5.39, -0.0682791,0.0683521,0.00703697,0.00100536,0.0509681,0.0109716,0;
5.4, -0.147583,0.0440789,0.00112588,-0.0304731,0.068982,-0.030212,0;
5.41, -0.121828,0.0079911,-0.00273602,-0.0391265,0.0426065,-0.0435725,0;
5.42, 0.189606,-0.0162748,-4.15198e-05,0.0506628,-0.106345,0.0678247,0;
5.43, 0.111714,0.00910551,0.00148713,0.0392882,-0.0686749,0.0549324,0;
5.44, 0.127769,0.0121539,-0.000192133,0.0419991,-0.0671936,0.0584494,0;
5.45, -0.0811979,-0.00724459,0.00213404,-0.0375305,0.0234631,-0.0426006,0;
5.46, -0.230472,-0.0110936,0.00318056,-0.0904375,0.0917028,-0.109416,0;
5.47, -0.33508,0.0501551,0.00260192,-0.0947314,0.15361,-0.110946,0;
5.48, -0.238853,0.0420371,0.000821999,-0.0615038,0.101897,-0.0694988,0;
5.49, -0.526945,-0.00537771,0.00294397,-0.169537,0.202763,-0.207512,0;
5.5, -0.48857,-0.0410119,0.00592337,-0.169181,0.167379,-0.20913,0;
5.51, 0.0568776,0.02823,-0.00300416,0.0483637,-0.0664477,0.0675521,0;
5.52, 0.517153,0.0298257,-0.0077104,0.210728,-0.279384,0.271104,0;
5.53, 0.0758203,-0.0201992,0.00499065,0.0417508,-0.0963963,0.0565489,0;
5.54, -0.0920115,-0.0324983,0.00821045,-0.0340418,-0.00734526,-0.0395396,0;
5.55, -0.107033,-0.0135903,0.00374689,-0.0346174,0.0109465,-0.0390835,0;
5.56, -0.399561,0.0216363,-0.000916678,-0.112635,0.149164,-0.13382,0;
5.57, -0.222432,0.0130489,0.000592987,-0.0570431,0.0680189,-0.0648933,0;
5.58, 0.527098,-0.0119624,-0.00178781,0.186035,-0.27719,0.236319,0;
5.59, 0.291186,0.000188361,-0.00165431,0.117508,-0.176494,0.151534,0;
5.6, -0.228405,0.0195046,0.00180757,-0.0597286,0.0751349,-0.0681779,0;
5.61, 0.00925057,0.0258898,0.00513254,0.01313,-0.013945,0.0227073,0;
5.62, 0.384072,-0.00164999,-0.00104846,0.128915,-0.191125,0.164882,0;
5.63, 0.103057,0.00130036,-0.00326385,0.0355883,-0.067529,0.0488449,0;
5.64, -0.0194506,0.00781917,-0.00596312,-0.0120122,0.000811862,-0.0100319,0;
5.65, 0.387697,0.00393597,-0.00258164,0.119417,-0.172955,0.152564,0;
5.66, 0.387549,0.0201593,0.00189821,0.126187,-0.168134,0.161747,0;
5.67, 0.215035,-0.00982034,0.000924164,0.0463739,-0.0904667,0.060714,0;
5.68, 0.215092,-0.0111474,-0.00101225,0.0373298,-0.0790875,0.0492117,0;
5.69, 0.116779,0.0156881,0.00274098,0.0117723,-0.0220356,0.019202,0;
5.7, -0.197483,0.00860735,0.00346781,-0.100149,0.116922,-0.119575,0;
5.71, 0.109772,-0.00827562,-0.00130017,-0.00514802,-0.0201068,-0.00329174,0;
5.72, 0.0511295,-0.0105943,-0.0014147,-0.0192427,-0.00452039,-0.0206697,0;
5.73, 0.0821254,0.00146096,-0.00170526,-0.0038064,-0.0132674,-0.000888105,0;
5.74, -0.346799,0.0226082,0.000256001,-0.13893,0.178438,-0.165914,0;
5.75, -0.453357,0.00744135,0.00299233,-0.182258,0.220341,-0.220053,0;
5.76, -0.444753,0.0109795,0.00628328,-0.169183,0.204541,-0.20356,0;
5.77, 0.396667,-0.00103386,0.00041147,0.125478,-0.178643,0.158806,0;
5.78, 0.286381,-0.00329501,1.3049e-06,0.0992979,-0.146796,0.126613,0;
5.79, -0.122903,0.0295302,0.000108534,-0.0356369,0.0521331,-0.037605,0;
5.8, -0.0516859,0.0308418,-6.6948e-05,-0.0195828,0.0314592,-0.0178323,0;
5.81, -0.163891,0.0121255,0.00176785,-0.0641072,0.0700433,-0.0737354,0;
5.82, -0.419745,0.0318587,0.00683771,-0.142741,0.183492,-0.168968,0;
5.83, 0.101576,-0.00160371,-0.00103023,0.0262813,-0.056677,0.0363226,0;
5.84, 0.0292684,-0.0284962,-0.00498758,-0.000639297,-0.0474264,0.00176527,0;
5.85, -0.159131,-0.0176272,-0.000474123,-0.0633926,0.0404377,-0.0745185,0;
5.86, -0.0527418,-0.00269116,0.00210426,-0.0202632,0.00186663,-0.0205653,0;
5.87, 0.231019,-0.0354001,0.00117983,0.0680691,-0.132906,0.0856144,0;
5.88, -0.00924426,-0.0291694,0.00288392,-0.0121801,-0.0284375,-0.0121599,0;
5.89, -0.17068,0.0181631,0.00798493,-0.0534484,0.0644242,-0.0595255,0;
5.9, 0.421469,-0.016991,0.00149553,0.139559,-0.198524,0.174194,0;
5.91, 0.195455,-0.0380383,-0.00106498,0.0545135,-0.113327,0.0688855,0;
5.92, 0.28593,0.0355045,-0.00279399,0.108126,-0.115996,0.138626,0;
5.93, -0.0935123,0.00747679,0.00455394,-0.0416219,0.0454115,-0.045835,0;
5.94, 0.434988,-0.0336626,0.00039839,0.118068,-0.185362,0.146004,0;
5.95, 0.571724,0.00883479,-0.00406192,0.187887,-0.233825,0.233675,0;
5.96, 0.043441,0.061788,-0.000764255,0.0150931,0.0209179,0.0262511,0;
5.97, -0.0552751,0.0302692,-0.00192626,-0.0474186,0.069302,-0.0521828,0;
5.98, -0.116657,-0.0240226,-0.00300406,-0.094849,0.0771775,-0.113489,0;
5.99, -0.265716,-0.0240355,0.000688848,-0.145919,0.134977,-0.175536,0;
6, -0.157687,-0.00127348,0.00311909,-0.0899944,0.0897756,-0.10566,0;
6.01, 0.0638301,0.00350845,0.000748024,0.00113631,-0.0130605,0.00564631,0;
6.02, -0.15594,-0.0143131,-0.000173387,-0.0789302,0.0680865,-0.0925612,0;
6.03, -0.36632,0.00229052,0.0030708,-0.148887,0.162994,-0.176404,0;
6.04, -0.119715,0.0302216,-0.000232495,-0.0428122,0.0614088,-0.0455437,0;
6.05, 0.0438805,-0.00739211,-0.00132881,0.010346,-0.0318928,0.0167314,0;
6.06, 0.232033,-0.0474924,0.00395157,0.0624225,-0.129152,0.0770051,0;
6.07, 0.776531,-0.0431625,0.00122998,0.26112,-0.356671,0.317838,0;
6.08, 0.117631,0.0142351,0.00230673,0.0426781,-0.051051,0.0569728,0;
6.09, 0.00925305,0.0314484,0.00581485,-0.00749728,0.0257918,-0.0028465,0;
6.1, 0.208495,0.0116982,0.00491396,0.0520539,-0.0615437,0.0677367,0;
6.11, -0.212996,0.0267162,0.00570033,-0.0947061,0.119288,-0.108884,0;
6.12, -0.472454,0.0277813,0.00117039,-0.192507,0.233541,-0.226869,0;
6.13, -0.738996,0.0688654,0.0048699,-0.26706,0.349459,-0.314049,0;
6.14, -0.621749,0.021507,0.00857307,-0.232031,0.268031,-0.274529,0;
6.15, -0.449175,-0.00508137,0.0011605,-0.162052,0.160749,-0.191509,0;
6.16, -0.157244,-0.0122697,-0.00345914,-0.0417226,0.0151458,-0.0466385,0;
6.17, 0.503973,-0.0382444,-0.005736,0.201513,-0.284295,0.245033,0;
6.18, 0.154305,-0.010835,-0.00211626,0.087719,-0.129397,0.109796,0;
6.19, 0.354424,-0.0350508,-0.00398397,0.1365,-0.201021,0.166672,0;
6.2, 0.272767,-0.0436285,-0.00224166,0.0955894,-0.160446,0.116677,0;
6.21, 0.477226,-0.0274937,-0.00323969,0.168554,-0.227751,0.205174,0;
6.22, 0.53373,-0.0121798,-0.00171588,0.189302,-0.235629,0.230952,0;
6.23, 0.326512,0.0249262,0.00385747,0.115967,-0.120644,0.145019,0;
6.24, 1.11925,0.00898431,-0.000889959,0.391105,-0.442069,0.473791,0;
6.25, 0.582774,-0.0242247,-0.000693208,0.168011,-0.218428,0.203617,0;
6.26, -0.16524,-0.0143852,0.00101327,-0.13625,0.130014,-0.161395,0;
6.27, -0.299464,0.00364668,-0.00201127,-0.192706,0.206666,-0.22807,0;
6.28, -0.364299,-0.00848173,0.000510714,-0.21243,0.220633,-0.252021,0;
6.29, -0.448731,-0.0124825,0.00400288,-0.232606,0.238884,-0.276096,0;
6.3, 0.0551662,-0.0209935,-0.000744884,-0.0313357,0.00884391,-0.0350993,0;
6.31, 0.184145,-0.0131608,-0.0054222,0.0375345,-0.0601133,0.0481709,0;
6.32, -0.266783,0.00957511,-0.000567251,-0.121392,0.134462,-0.140394,0;
6.33, -0.664985,0.0570758,0.00482539,-0.253795,0.319971,-0.295468,0;
6.34, 0.482258,0.0254945,-0.00220701,0.174968,-0.179927,0.21498,0;
6.35, -0.188468,0.0247656,-0.00187573,-0.0622722,0.0764267,-0.0683828,0;
6.36, -0.858126,0.0353753,0.00257582,-0.325817,0.371232,-0.38271,0;
6.37, 0.259792,-0.0137149,0.000602145,0.0821449,-0.11628,0.101127,0;
6.38, -0.103096,0.0181463,-0.000183728,-0.0187353,0.0181305,-0.0167584,0;
6.39, -0.233487,0.0220427,0.00510615,-0.0732031,0.081567,-0.0816068,0;
6.4, 0.0425454,0.019949,-0.00122661,0.0324316,-0.0360577,0.04413,0;
6.41, -0.104827,0.00838332,-0.00264728,-0.024787,0.0152791,-0.0248635,0;
6.42, 0.0166463,0.0294137,0.00298827,0.0284112,-0.0262657,0.0397896,0;
6.43, 0.222375,0.023713,0.000414125,0.107047,-0.115561,0.132921,0;
6.44, -0.14885,-0.0176178,0.00022824,-0.0576397,0.0266819,-0.0659267,0;
6.45, -0.210151,-0.0150535,0.00272811,-0.0889284,0.0609903,-0.103167,0;
6.46, 0.19915,-0.019116,0.00107605,0.0724173,-0.112154,0.0885586,0;
6.47, -0.0253283,0.00855399,0.00618944,0.00314697,-0.0151772,0.00812927,0;
6.48, 0.0608185,0.00170064,0.00533888,0.0273793,-0.0460201,0.036402,0;
6.49, -0.129185,-0.0143482,-0.000542708,-0.0542794,0.0282052,-0.0614534,0;
6.5, -0.412791,0.0143451,-0.00171646,-0.15466,0.157611,-0.178613,0;
6.51, 0.0387282,0.025094,-0.00390257,0.030388,-0.0286762,0.0415626,0;
6.52, 0.00874737,0.0200405,0.000425654,0.0271824,-0.0295512,0.0376595,0;
6.53, -0.158682,-0.0231591,0.0019426,-0.0608841,0.0276393,-0.069751,0;
6.54, 0.372106,-0.0718955,-0.00285915,0.124243,-0.205763,0.146096,0;
6.55, 0.562894,-0.0544154,-0.00616009,0.211497,-0.281302,0.250601,0;
6.56, 0.156197,-0.0176457,-0.00200327,0.0583095,-0.0871452,0.0717713,0;
6.57, 0.367049,-0.0287593,0.00367019,0.120763,-0.157972,0.144684,0;
6.58, 0.488925,-0.00934935,-0.000310065,0.174292,-0.195685,0.209378,0;
6.59, 0.382736,-0.0069828,-0.00245474,0.124082,-0.140248,0.149917,0;
6.6, -0.291261,0.0355843,-0.00025063,-0.138579,0.163794,-0.15778,0;
6.61, -0.166262,0.0642073,0.000351489,-0.0848396,0.131716,-0.0924176,0;
6.62, 0.13034,-0.00309425,-0.000728646,0.0123253,-0.0241497,0.01786,0;
6.63, 0.0976912,-0.0159681,0.000706096,-0.000727252,-0.0249622,0.00129277,0;
6.64, -0.293274,0.00574471,0.00444374,-0.148762,0.143696,-0.171754,0;
6.65, -0.517852,0.0307242,0.0104008,-0.228295,0.244821,-0.263685,0;
6.66, -0.26011,0.0308412,0.00415211,-0.114885,0.128337,-0.129672,0;
6.67, -0.212591,0.0124648,-0.000621833,-0.0869071,0.085138,-0.0976553,0;
6.68, -0.326793,0.00797859,0.00127104,-0.127685,0.120514,-0.146007,0;
6.69, -0.352033,0.0124452,0.00432497,-0.131069,0.125036,-0.149621,0;
6.7, 0.243201,-0.00330654,0.00139599,0.112246,-0.132304,0.135708,0;
6.71, -0.0796877,-0.0242577,0.000480173,-0.0198036,-0.0169436,-0.020869,0;
6.72, -0.0612873,-0.0238716,-0.0010283,-0.019246,-0.0152012,-0.0202262,0;
6.73, -0.0468572,-0.043718,0.00100925,-0.0219609,-0.027207,-0.0246692,0;
6.74, -0.108189,-0.00731237,0.00432196,-0.0300893,0.0103944,-0.0317086,0;
6.75, -0.134302,0.0456701,0.000735722,-0.0157311,0.0398776,-0.0111219,0;
6.76, -0.119936,0.0310052,0.00239442,-0.0147125,0.0279922,-0.010796,0;
6.77, 0.0500408,0.0114575,-0.00065372,0.046932,-0.0510142,0.059983,0;
6.78, 0.342756,-0.0103538,-0.00606553,0.158602,-0.179718,0.189098,0;
6.79, 0.180959,-0.00862617,-0.00188465,0.0893819,-0.110133,0.107941,0;
6.8, -0.0407268,-0.000353944,0.00355938,-0.0107961,-0.004635,-0.00900137,0;
6.81, -0.266994,-0.00769564,0.00701305,-0.114931,0.0920806,-0.131525,0;
6.82, 0.219807,-0.0123424,0.000659736,0.0848352,-0.107231,0.10204,0;
6.83, 0.462185,0.0141514,-0.0056283,0.2056,-0.20371,0.245015,0;
6.84, 0.175503,0.0257711,-0.00868157,0.0862983,-0.0763173,0.106232,0;
6.85, 0.0846879,0.0182411,-0.00303776,0.0290898,-0.0278692,0.0385198,0;
6.86, 0.257051,-0.000256906,-0.00106395,0.0863709,-0.098371,0.103874,0;
6.87, -0.0684073,-0.00339716,-1.41101e-05,-0.0538133,0.0330168,-0.0601766,0;
6.88, 0.516484,-0.0409536,-0.000498215,0.167058,-0.208334,0.195004,0;
6.89, 0.713316,-0.0326084,-0.000134747,0.257241,-0.287794,0.300784,0;
6.9, 0.0342495,0.00430822,0.00152573,-0.0226727,0.0132986,-0.023308,0;
6.91, -0.250995,0.0244993,0.00100408,-0.152613,0.154937,-0.173577,0;
6.92, -0.565005,0.0193597,0.00335441,-0.287342,0.27726,-0.330832,0;
6.93, -0.523774,0.018961,0.0101456,-0.259045,0.249154,-0.297623,0;
6.94, -0.244623,0.00376766,0.00406231,-0.12708,0.111307,-0.144523,0;
6.95, -0.127448,0.00733272,-0.00152536,-0.0579449,0.0469432,-0.0636157,0;
6.96, -0.03757,0.0303027,-0.00162607,-0.000437999,0.0100348,0.0051203,0;
6.97, -0.187096,0.0362772,0.00560171,-0.0575446,0.0678741,-0.0608464,0;
6.98, 0.345586,-0.0082125,0.00217564,0.148502,-0.161918,0.175468,0;
6.99, 0.444404,-0.0218943,-0.00817883,0.18875,-0.211169,0.2212,0;
7, 0.136472,-0.0137292,-0.00589185,0.0504612,-0.0736077,0.0608477,0;
7.01, 0.33318,-0.023785,-0.00251411,0.115368,-0.141206,0.135318,0;
7.02, 0.373641,-0.0368249,0.000365453,0.122941,-0.156684,0.143148,0;
7.03, 0.175386,-0.0218526,-0.000456849,0.0361302,-0.0625684,0.0433294,0;
7.04, 0.124571,0.0200519,-0.00104841,0.0238333,-0.0174682,0.0319161,0;
7.05, -0.221804,0.0153389,0.00187325,-0.12998,0.12328,-0.146585,0;
7.06, -0.100276,0.0205994,0.00439879,-0.0772275,0.0771706,-0.0852238,0;
7.07, -0.186609,0.0559254,0.00304167,-0.089269,0.114351,-0.0967127,0;
7.08, -0.49776,0.0298137,0.000112165,-0.230143,0.222904,-0.261571,0;
7.09, -0.35895,-0.0143903,-0.00121511,-0.184802,0.143646,-0.212031,0;
7.1, -0.472874,-0.0190259,0.00295968,-0.220744,0.170557,-0.25381,0;
7.11, -0.265921,0.0438348,0.000562648,-0.0894801,0.0990708,-0.0972175,0;
7.12, -0.362617,0.0465713,-0.00385173,-0.11432,0.125391,-0.125236,0;
7.13, -0.116096,-0.00726839,-0.00315754,-0.0252875,0.00122119,-0.0260946,0;
7.14, -0.215468,-0.0419179,0.00420552,-0.0762675,0.0192097,-0.0874444,0;
7.15, 0.380259,-0.0636984,0.000960144,0.175707,-0.224869,0.20221,0;
7.16, 0.276621,-0.0561978,0.000319915,0.138829,-0.183251,0.160423,0;
7.17, -0.00985611,-0.0364091,0.00190515,0.00979438,-0.0471214,0.0127311,0;
7.18, -0.148786,-0.0102607,0.00183417,-0.0500757,0.0293077,-0.0545893,0;
7.19, 0.300875,0.0214828,0.000695055,0.160645,-0.134349,0.190919,0;
7.2, 0.426136,0.0205636,0.00486009,0.218362,-0.186771,0.25743,0;
7.21, 0.330398,0.031662,0.00539182,0.170968,-0.135289,0.203082,0;
7.22, 0.612862,0.0129292,-0.00337005,0.271307,-0.240102,0.316886,0;
7.23, -0.335541,0.0266477,0.00091944,-0.156926,0.147021,-0.176034,0;
7.24, -0.137402,0.0282722,-0.00118021,-0.0886633,0.0863342,-0.0976741,0;
7.25, -0.29596,0.0102536,0.0018202,-0.15609,0.131326,-0.176432,0;
7.26, -0.279859,0.0131747,0.00348724,-0.140913,0.119774,-0.158511,0;
7.27, -0.0205108,-0.00110951,-0.00240086,-0.0207771,0.002675,-0.0211168,0;
7.28, 0.168265,-0.0342501,-0.00650815,0.0582114,-0.0921716,0.0675189,0;
7.29, 0.102914,-0.0106779,-0.00184605,0.04036,-0.0590826,0.0485722,0;
7.3, 0.467233,0.0141873,8.84723e-05,0.211838,-0.186804,0.247442,0;
7.31, 0.146192,-0.0182204,0.00186207,0.0491333,-0.0688898,0.0582234,0;
7.32, 0.345088,-0.0486318,0.00351334,0.108726,-0.14342,0.124317,0;
7.33, -0.125765,-0.0217659,0.00562317,-0.0942274,0.0543556,-0.106948,0;
7.34, -0.210323,-0.00987937,0.0045033,-0.135613,0.100915,-0.153481,0;
7.35, -0.0843782,-0.00518934,-0.00155789,-0.0697861,0.0490067,-0.0772825,0;
7.36, -0.058719,0.0269226,-0.00262184,-0.0341646,0.0422719,-0.0341093,0;
7.37, 0.171347,0.0200594,-0.00194782,0.0719133,-0.0535842,0.0871295,0;
7.38, 0.186304,-0.0126873,-0.000858843,0.0658497,-0.0745253,0.0778428,0;
7.39, -0.262727,0.0381262,0.00140466,-0.120349,0.121449,-0.13231,0;
7.4, -0.606942,0.081457,0.00514691,-0.262688,0.275336,-0.292313,0;
7.41, -0.625208,0.0302242,0.00563008,-0.286895,0.254761,-0.323602,0;
7.42, -0.147181,0.0159963,-0.00380018,-0.0567503,0.0435153,-0.0610084,0;
7.43, 0.0308049,0.0107241,-0.00404654,0.0427317,-0.0464044,0.0527457,0;
7.44, -0.295784,0.010579,0.00126726,-0.10269,0.0763555,-0.11362,0;
7.45, -0.251859,0.0152216,0.00377739,-0.0838797,0.0636058,-0.0919189,0;
7.46, 0.266625,-0.0244489,-0.00270743,0.143276,-0.156761,0.16515,0;
7.47, 0.0940741,-0.00102212,-0.000911033,0.0806306,-0.0868337,0.0951866,0;
7.48, 0.18933,0.00952566,0.00607307,0.118938,-0.108624,0.139596,0;
7.49, -0.0438588,0.000308372,0.00512631,0.000861526,-0.016183,0.00412506,0;
7.5, -0.029397,-0.0150037,0.00123616,-0.00915049,-0.0201138,-0.00872142,0;
7.51, -0.172728,-0.013153,0.0017305,-0.0755843,0.036094,-0.0844238,0;
7.52, -0.20313,-0.0236344,1.97028e-05,-0.0937527,0.0447894,-0.105735,0;
7.53, -0.161416,-0.0140508,-0.000646425,-0.0644054,0.029504,-0.0713281,0;
7.54, -0.088642,0.00631123,0.00153372,-0.0152979,0.00463474,-0.0138265,0;
7.55, -0.147875,0.00807019,0.000949214,-0.0377232,0.0251372,-0.0391178,0;
7.56, 0.165936,-0.0168079,8.42325e-05,0.0986354,-0.104649,0.114621,0;
7.57, -0.0520751,-0.023717,-0.000228661,-0.00389387,-0.0258848,-0.00262783,0;
7.58, 0.147291,-0.0312255,-0.00182394,0.0786311,-0.0979473,0.090742,0;
7.59, 0.440722,-0.0286922,-0.00365836,0.217519,-0.208344,0.249089,0;
7.6, 0.00630485,0.00624732,-0.00013624,0.0228625,-0.0229027,0.0298202,0;
7.61, -0.258096,-0.00164971,0.000838121,-0.121569,0.0900824,-0.135256,0;
7.62, -0.0588648,-0.0390074,0.00183922,-0.0456464,0.00208795,-0.0513348,0;
7.63, -0.365312,-0.0255695,0.00434079,-0.176598,0.116438,-0.199177,0;
7.64, -0.345605,-0.000648804,0.00505626,-0.153631,0.11678,-0.171167,0;
7.65, -0.139787,0.00833012,0.00323564,-0.0387473,0.0327191,-0.0396153,0;
7.66, 0.376083,0.0104596,-0.00370461,0.218133,-0.172298,0.252474,0;
7.67, 0.647018,0.00983373,-0.00560185,0.349425,-0.277909,0.40137,0;
7.68, 0.341857,0.0218112,-0.00208837,0.193054,-0.145533,0.224124,0;
7.69, 0.46397,-0.00011,-0.00408036,0.216256,-0.179789,0.248489,0;
7.7, 0.318292,0.0287839,0.000739186,0.145625,-0.103507,0.169936,0;
7.71, 0.382114,-0.0233441,0.000818146,0.136379,-0.134328,0.155574,0;
7.72, -0.0702157,-0.0232969,0.00474636,-0.0915406,0.0444217,-0.103204,0;
7.73, -0.23362,0.013781,0.00501091,-0.164265,0.128513,-0.183335,0;
7.74, -0.237272,0.00907614,-0.00149655,-0.160993,0.12446,-0.179557,0;
7.75, -0.360184,-0.00832936,0.000313943,-0.216576,0.154926,-0.243423,0;
7.76, -0.352888,0.0326377,0.00143777,-0.182859,0.15717,-0.202262,0;
7.77, -0.245488,0.0136887,0.000192907,-0.123277,0.0981684,-0.135815,0;
7.78, 0.555806,0.0112914,-0.00155963,0.275158,-0.216824,0.315181,0;
7.79, 0.52056,0.0325368,-0.00116132,0.276649,-0.203603,0.318152,0;
7.8, -0.0945535,0.0357484,-0.0019448,-0.0400545,0.0443079,-0.0404404,0;
7.81, 0.163535,0.00108793,-0.00382865,0.0490962,-0.0505474,0.0577879,0;
7.82, -0.0484182,-0.000181668,0.00175202,-0.0525052,0.0247115,-0.0574005,0;
7.83, 0.15324,0.0368315,-0.00358218,0.0593095,-0.0340513,0.0715733,0;
7.84, 0.0494086,0.0355796,0.00241233,0.0116776,0.00196345,0.0176839,0;
7.85, -0.41537,0.0307174,0.00227066,-0.22298,0.176388,-0.248051,0;
7.86, -0.352425,0.00636376,0.00185674,-0.203337,0.143785,-0.227459,0;
7.87, -0.323279,-0.015471,0.00424971,-0.183281,0.110934,-0.206112,0;
7.88, -0.291473,-0.0305999,-0.0001312,-0.160474,0.0820896,-0.181108,0;
7.89, -0.0492036,-0.0137171,-0.000216938,-0.0208447,-0.0107943,-0.0220872,0;
7.9, 0.242765,-0.0241096,-0.0013386,0.129814,-0.12966,0.147603,0;
7.91, 0.298493,-0.0352942,-0.000731291,0.154869,-0.154064,0.175108,0;
7.92, 0.405436,-0.0102747,-0.00636881,0.208993,-0.175928,0.237791,0;
7.93, 0.266728,-0.0156494,-0.0065527,0.126485,-0.115735,0.144323,0;
7.94, 0.473927,-0.0495586,-0.000801038,0.197969,-0.19282,0.222328,0;
7.95, 0.356006,-0.0133076,-0.00111163,0.146762,-0.127707,0.166895,0;
7.96, -0.031601,0.00265946,0.00351742,-0.0530728,0.0358747,-0.0571207,0;
7.97, 0.0704921,0.00785815,0.00368303,-0.0110217,0.00898262,-0.00937784,0;
7.98, 0.187852,-0.00175141,0.00553385,0.0463436,-0.0409836,0.0545813,0;
7.99, 0.0491909,0.0322916,0.00478141,-0.00617417,0.0216965,-0.00232689,0;
8, -0.331066,0.0325611,0.00420266,-0.199833,0.164685,-0.220291,0;
8.01, -0.180878,-0.0028421,0.00365878,-0.141074,0.0936188,-0.156747,0;
8.02, -0.228955,0.00704506,0.00400318,-0.145587,0.103175,-0.161011,0;
8.03, 0.29537,-0.0360744,0.00425415,0.107223,-0.113758,0.120504,0;
8.04, 0.627262,-0.03135,-0.0009305,0.286741,-0.242494,0.322759,0;
8.05, -0.19992,0.0228954,-0.0016889,-0.110985,0.0904623,-0.12059,0;
8.06, -0.244803,0.0394763,-0.0016384,-0.148672,0.129738,-0.161959,0;
8.07, 0.0471395,0.0507056,0.000358132,0.0111599,0.019627,0.0184069,0;
8.08, 0.062372,0.0397783,-0.000178029,0.0258454,0.000440957,0.0340756,0;
8.09, -0.177165,0.0124363,0.000515472,-0.108342,0.076453,-0.118604,0;
8.1, -0.401196,0.0319539,0.00384636,-0.216233,0.165059,-0.23855,0;
8.11, -0.371025,0.0334277,0.0037319,-0.193113,0.147966,-0.212437,0;
8.12, 0.376682,-0.0111972,0.000110151,0.182259,-0.154542,0.205897,0;
8.13, 0.0690625,0.0115093,-0.00128019,0.0508899,-0.0446398,0.0599861,0;
8.14, 0.0261558,0.0201863,-0.00228228,0.0187652,-0.0149782,0.0244576,0;
8.15, 0.329451,-0.0389492,0.000130362,0.142537,-0.145426,0.159034,0;
8.16, 0.0424798,-0.0115666,0.004943,0.00741494,-0.029766,0.00933389,0;
8.17, 0.237726,-0.0169983,-0.00058299,0.094129,-0.0925491,0.106288,0;
8.18, 0.394648,-0.054654,-0.00415656,0.156801,-0.16211,0.173919,0;
8.19, -0.292892,-0.0199791,0.00378694,-0.186316,0.107567,-0.207899,0;
8.2, -0.235474,0.00234254,0.00336565,-0.158626,0.10617,-0.175162,0;
8.21, -0.200514,-0.00865481,0.00194886,-0.133009,0.0804939,-0.147018,0;
8.22, 0.00943528,-0.0290986,-0.000797578,-0.0224243,-0.0114602,-0.0245005,0;
8.23, -0.166396,0.00448126,0.00137741,-0.0875921,0.0586057,-0.0949729,0;
8.24, -0.35643,0.0218524,0.00330486,-0.176799,0.134069,-0.193517,0;
8.25, -0.181559,0.0264528,0.00390715,-0.0785415,0.0679635,-0.0830865,0;
8.26, 0.085487,0.0228993,-0.000714862,0.0704496,-0.0410363,0.0832191,0;
8.27, -0.281104,0.0331505,0.00835866,-0.109145,0.0903611,-0.116853,0;
8.28, -0.451247,0.025576,0.00647123,-0.206355,0.151704,-0.226093,0;
8.29, -0.328177,0.00797201,-0.00174484,-0.142487,0.0931415,-0.156002,0;
8.3, -0.18984,0.00477808,-0.00464638,-0.0571745,0.0299348,-0.0608951,0;
8.31, 0.0980358,-0.023769,-0.00499542,0.0902043,-0.0917022,0.101827,0;
8.32, -0.13847,-0.0574278,-0.00334696,-0.0437706,-0.0218405,-0.0499596,0;
8.33, 0.430221,-0.0426587,-0.00341068,0.25238,-0.214732,0.281539,0;
8.34, 0.0250013,-0.000333622,-0.00197637,0.0626783,-0.0521877,0.0729693,0;
8.35, -0.0665767,-0.0229154,-0.00198731,-0.0137957,-0.0124008,-0.0138306,0;
8.36, 0.1553,-0.016507,-0.00123008,0.099644,-0.0863954,0.112937,0;
8.37, 0.0713261,0.0131106,0.00197967,0.0706579,-0.0446342,0.0826522,0;
8.38, -0.17327,0.035076,-0.000112018,-0.0555107,0.0567677,-0.0565087,0;
8.39, 0.523143,-0.000769164,-0.00403262,0.288489,-0.202787,0.324297,0;
8.4, 0.666532,-0.0321099,-0.0016649,0.35414,-0.270481,0.395015,0;
8.41, 0.00551924,-0.010038,2.68357e-05,-0.00530899,-0.0113321,-0.0042721,0;
8.42, 0.209023,0.00951864,0.000242222,0.0846271,-0.0572712,0.0970107,0;
8.43, 0.03089,0.0347462,0.00442927,0.0012229,0.015998,0.00598052,0;
8.44, -0.36058,0.0373813,0.00650928,-0.21113,0.1601,-0.230346,0;
8.45, -0.177989,0.0196484,0.00446959,-0.122576,0.0869627,-0.133064,0;
8.46, -0.0715931,0.00716016,0.000980949,-0.056597,0.0320368,-0.0604858,0;
8.47, 0.267564,0.0161126,-0.00492607,0.136489,-0.0922397,0.154787,0;
8.48, -0.394093,0.0236199,0.000285032,-0.208095,0.142658,-0.227842,0;
8.49, -0.53134,0.0379038,0.00561976,-0.285427,0.203308,-0.312913,0;
8.5, -0.100905,0.0118119,-0.000458694,-0.0528854,0.0292389,-0.056017,0;
8.51, -0.427963,0.0225612,-0.00115534,-0.20122,0.133766,-0.220032,0;
8.52, -0.258755,0.004154,0.000973997,-0.1151,0.0642633,-0.125568,0;
8.53, -0.0836908,-0.0313092,0.00134638,-0.0229665,-0.0214265,-0.0254616,0;
8.54, -0.21996,0.00519396,-0.00017422,-0.0716194,0.0349289,-0.0769275,0;
8.55, -0.394418,0.000191175,0.00191598,-0.16618,0.0955205,-0.182044,0;
8.56, -0.29775,-0.0157989,0.00508013,-0.116565,0.052752,-0.127895,0;
8.57, -0.0352511,-0.0156102,0.00402846,0.0373281,-0.0474983,0.043017,0;
8.58, 0.0126588,-0.0031933,0.000943609,0.0773216,-0.0637982,0.0884259,0;
8.59, 0.0120009,0.0121544,-0.000993654,0.0799691,-0.0554729,0.0923043,0;
8.6, 0.31629,-0.015145,-0.00446077,0.227398,-0.168274,0.253912,0;
8.61, 0.393881,-0.0186349,-0.0015606,0.261934,-0.192541,0.291757,0;
8.62, 0.162633,-0.00236356,-0.000506717,0.127719,-0.0933291,0.143873,0;
8.63, 0.218364,-0.00479016,-0.00607213,0.137346,-0.100224,0.154177,0;
8.64, -0.407477,0.0294312,-0.000589612,-0.199064,0.137378,-0.21632,0;
8.65, 0.228342,-0.0112656,-0.0015556,0.118666,-0.0931892,0.132733,0;
8.66, 0.834682,-0.0496102,-0.00460605,0.448081,-0.329444,0.494963,0;
8.67, 0.3621,-0.0102803,-0.00160589,0.199319,-0.143082,0.222122,0;
8.68, 0.323027,0.0054813,-0.00240533,0.163263,-0.0924507,-0.156345,0;
8.69, 0.383685,0.00461038,-0.00219353,0.190201,-0.0979631,-0.387075,0;
8.7, 0.327003,0.0242972,-0.00306406,0.157379,-0.0631821,-0.462252,0;
8.71, 0.119884,0.0682133,-0.00121385,0.0476375,0.0319368,-0.573991,0;
8.72, -0.278568,0.0724464,0.00359546,-0.181731,0.17541,-0.815641,0;
8.73, -0.172933,0.0329384,-0.000162946,-0.145575,0.120548,-0.774518,0;
8.74, 0.273001,0.0228721,-0.0030901,0.11035,-0.0500736,-0.507018,0;
8.75, 0.341199,0.00157813,-0.00163565,0.150593,-0.090151,-0.47579,0;
8.76, -0.161156,0.0135923,0.00536877,-0.131542,0.0904888,-0.777586,0;
8.77, 0.418145,0.0115153,-0.000395424,0.177608,-0.103074,-0.423942,0;
8.78, -0.208,0.0388368,0.00297853,-0.148475,0.115349,-0.792589,0;
8.79, -0.268882,0.00327878,0.00473493,-0.212017,0.129043,-0.850506,0;
8.8, -0.275349,0.0114303,0.00377087,-0.20097,0.125152,-0.849514,0;
8.81, -0.525042,0.0445553,0.00313371,-0.309566,0.214055,-0.984124,0;
8.82, -0.478592,0.0291485,-0.000201005,-0.275762,0.182374,-0.964107,0;
8.83, -0.220056,0.00292437,-0.000415328,-0.118859,0.0682493,-0.817843,0;
8.84, 0.120264,-0.0198968,0.00120164,0.0832638,-0.0697974,-0.618865,0;
8.85, 0.36254,-0.0439241,0.000270712,0.217747,-0.166872,-0.482084,0;
8.86, 0.04079,-0.0107438,0.00216845,0.0447712,-0.0400235,-0.663466,0;
8.87, -0.0961487,0.0170261,-0.000618129,-0.0376941,0.0286787,-0.734432,0;
8.88, 0.392739,-0.0259045,-0.00327935,0.217261,-0.151183,-0.452979,0;
8.89, 0.228171,-0.0294396,-0.0061176,0.125488,-0.099445,-0.557257,0;
8.9, -0.284353,0.024172,-0.00220531,-0.157939,0.105464,-0.847425,0;
8.91, -0.101045,0.0251323,-0.00218874,-0.0641185,0.0504596,-0.733844,0;
8.92, -0.202632,0.0175411,-0.000377859,-0.114119,0.0731025,-0.802045,0;
8.93, -0.548396,0.0446343,0.00442916,-0.294311,0.195682,-1.00317,0;
8.94, -0.42075,0.0353665,0.00293375,-0.217929,0.143193,-0.928801,0;
8.95, 0.0591285,-0.0154976,0.00123109,0.0565992,-0.0523684,-0.654441,0;
8.96, 0.00462681,0.0166819,0.0016362,0.0558609,-0.0318719,-0.670382,0;
8.97, -0.114467,0.0125421,0.000708138,-0.0189288,0.0097055,-0.748044,0;
8.98, -0.190154,0.0446546,-0.000771215,-0.0530777,0.0493406,-0.778582,0;
8.99, -0.279837,0.0542798,-0.00146872,-0.0997135,0.0812186,-0.830431,0;
9, -0.328902,0.0342154,0.00212999,-0.133657,0.0856946,-0.872995,0;
9.01, 0.161476,-0.000810777,-0.000964641,0.141353,-0.0974523,-0.581789,0;
9.02, 0.753341,-0.0326837,-0.00289083,0.481385,-0.312504,-0.222015,0;
9.03, 0.398742,-0.0648555,-0.00304893,0.251263,-0.201783,-0.465118,0;
9.04, -0.12115,-0.0380514,0.0012564,-0.0752681,0.00339904,-0.781856,0;
9.05, 0.0515953,-0.0639982,0.00176097,-0.00529169,-0.0501195,-0.686507,0;
9.06, -0.0550394,-0.0161977,0.00322878,-0.041013,0.00333878,-0.728254,0;
9.07, -0.344403,0.0212983,0.00572099,-0.193921,0.116742,-0.89339,0;
9.08, -0.300589,-0.00153208,0.00505912,-0.175362,0.0919708,-0.877843,0;
9.09, 0.369489,-0.0224138,0.000818265,0.2227,-0.144857,-0.459245,0;
9.1, -0.361441,0.0218362,-0.00272387,-0.173474,0.104524,-0.903317,0;
9.11, -0.143243,0.0214657,-0.00352481,-0.063234,0.0432544,-0.764742,0;
9.12, 0.445567,-0.00509347,-0.00280908,0.284054,-0.16711,-0.400865,0;
9.13, 0.374869,-0.0106842,-0.000169313,0.245979,-0.149557,-0.447796,0;
9.14, 0.299142,-0.016697,-0.00172353,0.177505,-0.115731,-0.500125,0;
9.15, 0.564246,-0.0316794,-3.18966e-05,0.30862,-0.19708,-0.338092,0;
9.16, 0.415824,-0.0244366,0.00335161,0.211082,-0.137794,-0.429862,0;
9.17, 0.273547,-0.0116993,0.00403686,0.108881,-0.072517,-0.5156,0;
9.18, 0.17416,-0.0152848,-0.00237579,0.0330374,-0.0324235,-0.581497,0;
9.19, -0.0355404,-0.0143494,-0.000641403,-0.0995798,0.0403455,-0.717429,0;
9.2, 0.00871292,-0.000636907,0.000335543,-0.0699776,0.0336163,-0.681441,0;
9.21, 0.139175,0.0219062,0.000965393,0.024903,-0.00192077,-0.584094,0;
9.22, 0.143466,0.0324565,0.00480742,0.0371534,-0.00192351,-0.57554,0;
9.23, -0.117267,0.0167274,0.006657,-0.127504,0.0748482,-0.754047,0;
9.24, -0.41795,0.0184628,-0.000167147,-0.308671,0.171439,-0.948212,0;
9.25, -0.100166,0.00204031,-0.00157565,-0.115738,0.0574918,-0.749143,0;
9.26, -0.155807,-0.0120113,-5.3748e-06,-0.132418,0.0557769,-0.792887,0;
9.27, 0.283086,-0.00530453,-0.00447596,0.142631,-0.0856757,-0.50206,0;
9.28, 0.722676,-0.00568035,-0.00765146,0.417763,-0.229375,-0.212895,0;
9.29, 0.187855,-0.0256721,0.00136301,0.0769168,-0.0616961,-0.573958,0;
9.3, 0.157176,-0.00977186,0.00166212,0.0337306,-0.0288634,-0.586291,0;
9.31, -0.185064,0.00105158,3.92634e-05,-0.174203,0.0874361,-0.80562,0;
9.32, -0.541902,0.0167469,0.0014736,-0.386147,0.208628,-1.03209,0;
9.33, -0.485247,-0.00270975,0.00523151,-0.347354,0.175681,-1.00501,0;
9.34, -0.558851,-0.00590937,0.00726781,-0.364341,0.181523,-1.05437,0;
9.35, -0.555443,0.0388653,0.00649546,-0.318012,0.185198,-1.02821,0;
9.36, -0.191976,0.014775,0.00593345,-0.0805848,0.0467111,-0.800738,0;
9.37, 0.213174,0.00961464,-0.00165862,0.18856,-0.0957354,-0.533813,0;
9.38, 0.284246,0.0176487,-0.00477855,0.240764,-0.118947,-0.482924,0;
9.39, 0.530775,-0.0166964,-0.00199042,0.363291,-0.203266,-0.337125,0;
9.4, 0.521018,-0.0122856,-0.00295413,0.341004,-0.189992,-0.341686,0;
9.41, -0.114573,0.0156318,0.00114079,-0.0638013,0.0345799,-0.750097,0;
9.42, 0.42114,0.0306039,0.00295586,0.245213,-0.112337,-0.386201,0;
9.43, 0.435636,0.0464111,0.00320956,0.264933,-0.113003,-0.368729,0;
9.44, -0.194522,0.0203524,0.0018216,-0.151141,0.0797266,-0.802265,0;
9.45, -0.375692,-0.00759393,0.0013092,-0.294499,0.131623,-0.938324,0;
9.46, 0.166535,-0.00122113,-0.00333523,0.0527129,-0.0401368,-0.573364,0;
9.47, 0.145628,-0.0194612,3.90466e-05,0.0554225,-0.0508775,-0.595077,0;
9.48, 0.668559,-0.0580745,-0.00283937,0.359419,-0.225356,-0.264003,0;
9.49, 0.598994,-0.0669437,-0.00516593,0.309292,-0.203771,-0.314578,0;
9.5, -0.217155,-0.00220418,0.00237744,-0.196564,0.0900826,-0.829484,0;
9.51, 0.475011,0.00903458,-0.000286321,0.213394,-0.102994,-0.359807,0;
9.52, 0.154442,0.0368392,0.000757798,0.0407677,-0.000109822,-0.560266,0;
9.53, -0.232848,0.00652037,0.0020057,-0.227409,0.113278,-0.835803,0;
9.54, -0.446133,0.00112766,0.00498178,-0.365962,0.175524,-0.982692,0;
9.55, -0.26723,0.0179537,0.0061114,-0.23163,0.118557,-0.854013,0;
9.56, 0.37008,-0.00917246,0.000638483,0.183063,-0.0995331,-0.436003,0;
9.57, -0.102278,0.00779958,-0.00104109,-0.0865916,0.0421625,-0.744814,0;
9.58, -0.368213,0.0135914,-0.00429287,-0.265134,0.131533,-0.922931,0;
9.59, -0.394667,0.0396982,0.00108223,-0.265645,0.146814,-0.928141,0;
9.6, -0.205471,0.0150946,0.00435684,-0.136582,0.0690953,-0.811213,0;
9.61, 0.158938,-0.000397631,-0.00148104,0.105826,-0.0586315,-0.571147,0;
9.62, -0.217323,0.016356,-0.00207091,-0.114254,0.0562499,-0.81839,0;
9.63, 0.373571,-0.0221333,-0.00108551,0.235465,-0.133852,-0.434822,0;
9.64, 0.625165,-0.0152818,-0.00211941,0.405235,-0.210621,-0.259833,0;
9.65, 0.402349,0.00680158,-0.00335862,0.256477,-0.124577,-0.400125,0;
9.66, -0.0250571,0.00944178,-0.000549397,-0.0434615,0.0194357,-0.691701,0;
9.67, -0.171475,0.0201974,0.00190024,-0.151831,0.0765623,-0.78747,0;
9.68, 0.00387005,0.00954335,0.00246694,-0.0416754,0.0174029,-0.672557,0;
9.69, 0.108671,0.00224253,-0.0001073,0.0341579,-0.0221381,-0.602993,0;
9.7, 0.296717,-0.0207341,-0.00368985,0.148054,-0.0892136,-0.485033,0;
9.71, 0.320008,-0.0127539,-0.00525372,0.163059,-0.0918869,-0.465508,0;
9.72, 0.0387647,-0.0272272,-0.00403533,-0.0316544,-0.00837262,-0.664793,0;
9.73, -0.283003,-0.0184289,0.000541008,-0.246893,0.0967248,-0.883287,0;
9.74, -0.745112,0.0110306,0.00593825,-0.528497,0.245605,-1.18701,0;
9.75, -0.238188,0.0179262,0.00208839,-0.182995,0.0912616,-0.833346,0;
9.76, -0.16798,0.0112302,0.00153776,-0.101406,0.0488949,-0.787425,0;
9.77, 0.0473036,-0.028182,0.00305807,0.0355042,-0.0382476,-0.656998,0;
9.78, 0.00394128,-0.0233811,0.00402401,0.0170974,-0.0279338,-0.68437,0;
9.79, -0.276536,0.0708606,0.00553733,-0.129741,0.0971843,-0.832543,0;
9.8, 0.00124229,0.0657196,0.00135119,0.0456807,0.0152837,-0.642422,0;
9.81, 0.0190758,0.0265537,-0.000888619,0.0513873,-0.0145219,-0.649275,0;
9.82, -0.0247781,-0.00469762,-0.000290889,0.00744644,-0.0170463,-0.694922,0;
9.83, -0.510654,0.0202982,0.0027246,-0.301968,0.135718,-1.02186,0;
9.84, -0.34962,0.02747,0.00111431,-0.195528,0.0928605,-0.905908,0;
9.85, -0.116884,-0.0178915,-0.00128401,-0.0398296,-0.00512532,-0.765221,0;
9.86, -0.322659,-0.0369322,0.000705641,-0.166759,0.038517,-0.918537,0;
9.87, 0.0075849,-0.0521483,-0.001974,0.0451953,-0.0636711,-0.694626,0;
9.88, 0.155772,-0.0299137,-0.000339046,0.163956,-0.100047,-0.578063,0;
9.89, 0.178226,-0.00846241,0.00294835,0.183601,-0.0931017,-0.551788,0;
9.9, -0.447838,0.0234931,0.00387017,-0.226365,0.107063,-0.977107,0;
9.91, 0.020578,-0.0108813,-0.00171724,0.0526436,-0.0353976,-0.665055,0;
9.92, 0.581355,-0.0115158,-0.00616258,0.437009,-0.204311,-0.269627,0;
9.93, 0.449313,-0.0109628,-0.0033682,0.347977,-0.163341,-0.361068,0;
9.94, -0.0162565,-0.0107332,0.00184578,0.00928909,-0.0160146,-0.690447,0;
9.95, 0.913888,-0.0406197,-0.00135461,0.583708,-0.280928,-0.0481271,0;
9.96, 0.553218,-0.0556547,-0.000806675,0.340998,-0.184085,-0.309137,0;
9.97, 0.409432,-0.0194164,-0.00473172,0.216683,-0.10634,-0.394058,0;
9.98, 0.196012,0.022161,-0.00564895,0.0654216,-0.0147107,-0.526679,0;
9.99, -0.362628,0.0241379,0.00071383,-0.318861,0.150906,-0.921966,0;
