0, -0.0184124,-0.0304188,0.00174135,0,0,0,0;
0.01, -0.0232617,-0.0210967,0.00215898,0,0,0,0;
0.02, -1.82739,0.66371,0.0162177,-1.37728,4.49835,0.578442,0.578442;
0.03, -5.4542,1.06443,0.0247461,-2.3712,7.74906,0.993014,0.993014;
0.04, -7.00267,0.911884,0.0328998,-2.35457,7.87462,0.796293,0.796293;
0.05, -7.04646,0.786226,0.0634741,-2.11992,6.9944,0.356411,0.356411;
0.06, -6.60125,0.718511,0.100743,-1.92632,5.8315,-0.0455737,-0.0455737;
0.07, -5.662,0.621006,0.130082,-1.79181,4.64901,-0.346709,-0.346709;
0.08, -4.7123,0.502692,0.14292,-1.69279,3.54791,-0.555284,-0.555284;
0.09, -3.68562,0.388148,0.142435,-1.60923,2.61257,-0.683606,-0.683606;
0.1, -2.64679,0.313412,0.132895,-1.52798,1.85789,-0.746641,-0.746641;
0.11, -1.87113,0.261652,0.117189,-1.44333,1.2868,-0.762655,-0.762655;
0.12, -1.26138,0.206324,0.0993973,-1.35584,0.885578,-0.751466,-0.751466;
0.13, -0.834726,0.157715,0.0830685,-1.26777,0.610033,-0.72555,-0.72555;
0.14, -0.563583,0.12324,0.0685374,-1.18099,0.427542,-0.691765,-0.691765;
0.15, -0.357168,0.0965218,0.055999,-1.09702,0.308619,-0.654334,-0.654334;
0.16, -0.274676,0.0755573,0.0452686,-1.01704,0.230097,-0.616151,-0.616151;
0.17, -0.191082,0.0574365,0.0369626,-0.941796,0.1804,-0.579217,-0.579217;
0.18, -0.112949,0.040584,0.0296943,-0.871202,0.144893,-0.543169,-0.543169;
0.19, -0.0930108,0.0309715,0.0254218,-0.805407,0.12128,-0.508993,-0.508993;
0.2, -0.103035,0.0215442,0.0207193,-0.744304,0.107873,-0.477073,-0.477073;
0.21, -0.120853,0.0165904,0.0164491,-0.68766,0.0984739,-0.447031,-0.447031;
0.22, -0.122025,0.0161867,0.0139499,-0.635038,0.0897622,-0.418218,-0.418218;
0.23, -0.108916,0.0135629,0.0109755,-0.586283,0.0806708,-0.390759,-0.390759;
0.24, -0.0776753,0.00268464,0.00766791,-0.541396,0.0724221,-0.36534,-0.36534;
0.25, -0.0803416,-0.00509095,0.00624987,-0.50011,0.0662547,-0.342025,-0.342025;
0.26, -0.0580363,-0.00856783,0.00586958,-0.461957,0.0637785,-0.320471,-0.320471;
0.27, -0.0701097,-0.020359,0.00337928,-0.426566,0.0618796,-0.299946,-0.299946;
0.28, -0.0934628,-0.0160998,0.00268277,-0.394089,0.0622713,-0.281387,-0.281387;
0.29, -0.0285623,-0.0113338,0.00230313,-0.363725,0.0622563,-0.263108,-0.263108;
0.3, -0.0435865,-0.0114972,0.00110412,-0.335812,0.0602992,-0.246021,-0.246021;
0.31, -0.105974,-0.00915689,0.000168316,-0.31092,0.0637163,-0.232556,-0.232556;
0.32, -0.0963868,-0.00941894,3.32106e-05,-0.288033,0.0661259,-0.22002,-0.22002;
0.33, -0.129682,-0.012237,-7.05816e-05,-0.266614,0.0631821,-0.207003,-0.207003;
0.34, -0.115692,-0.0145797,-0.000435897,-0.247021,0.0609508,-0.195234,-0.195234;
0.35, -0.0791442,-0.0187383,-0.000703507,-0.228627,0.0563091,-0.18323,-0.18323;
0.36, -0.0859942,-0.0194569,-0.000687339,-0.211752,0.053079,-0.172364,-0.172364;
0.37, -0.0721564,-0.0162525,-0.000958154,-0.196424,0.0533218,-0.16313,-0.16313;
0.38, -0.066838,-0.0192357,-0.00122536,-0.182273,0.0532607,-0.154431,-0.154431;
0.39, -0.063078,-0.0205626,-0.00119578,-0.169557,0.0542606,-0.147172,-0.147172;
0.4, -0.0671502,-0.0197574,-0.00125625,-0.15785,0.0558161,-0.140511,-0.140511;
0.41, -0.0564956,-0.0283958,-0.00142076,-0.147111,0.0576667,-0.13444,-0.13444;
0.42, -0.070591,-0.0280553,-0.00170029,-0.137256,0.0590858,-0.12884,-0.12884;
0.43, -0.0387913,-0.0201823,-0.00127966,-0.127976,0.0615214,-0.123321,-0.123321;
0.44, -0.0332766,-0.0195309,-0.00202552,-0.119329,0.0627283,-0.117853,-0.117853;
0.45, -0.09184,-0.0193718,-0.00140945,-0.11205,0.0661466,-0.114508,-0.114508;
0.46, -0.083227,-0.0157468,-0.000867588,-0.105509,0.0699374,-0.111811,-0.111811;
0.47, -0.0875703,-0.0176316,-0.0003955,-0.0989519,0.0687395,-0.107569,-0.107569;
0.48, -0.104788,-0.0188955,-0.000675316,-0.0931476,0.0678961,-0.104152,-0.104152;
0.49, -0.071521,-0.0186118,-0.00128105,-0.0877276,0.0668261,-0.100758,-0.100758;
0.5, -0.0895794,-0.0208269,-0.00157389,-0.0825202,0.0644591,-0.0969705,-0.0969705;
0.51, -0.0904989,-0.02001,-0.00169985,-0.0780784,0.0648711,-0.0945512,-0.0945512;
0.52, -0.0679142,-0.0180913,-0.00142616,-0.0737643,0.0640352,-0.0916519,-0.0916519;
0.53, -0.0845414,-0.0288724,-0.00181095,-0.0698206,0.0630782,-0.088994,-0.088994;
0.54, -0.0726322,-0.0271521,-0.00114536,-0.066521,0.0639562,-0.0874533,-0.0874533;
0.55, -0.0448265,-0.0238078,-0.000383926,-0.0629062,0.0638777,-0.0846805,-0.0846805;
0.56, -0.104999,-0.0275845,-0.00110582,-0.0597531,0.0646522,-0.0825552,-0.0825552;
0.57, -0.10229,-0.0259609,-0.0010143,-0.0573021,0.0675748,-0.0818214,-0.0818214;
0.58, -0.0936148,-0.0237712,-0.00034869,-0.0543082,0.0656988,-0.0790094,-0.0790094;
0.59, -0.108635,-0.0190252,-0.000596373,-0.051601,0.0638112,-0.0764773,-0.0764773;
0.6, -0.0691594,-0.0202997,-0.00115555,-0.0493056,0.062679,-0.074624,-0.074624;
0.61, -0.0665486,-0.0249497,-0.000814908,-0.0472466,0.0603091,-0.0728783,-0.0728783;
0.62, -0.090636,-0.0247766,-0.00111827,-0.0457468,0.0612494,-0.0724541,-0.0724541;
0.63, -0.0602919,-0.0244565,-0.00105462,-0.0442439,0.0626938,-0.0718458,-0.0718458;
0.64, -0.0274112,-0.025089,-0.00127983,-0.0426073,0.0621172,-0.0705343,-0.0705343;
0.65, -0.0583652,-0.0241197,-0.0014494,-0.0414467,0.063905,-0.070295,-0.070295;
0.66, -0.0712187,-0.0248507,-0.00115888,-0.0407558,0.0684089,-0.0711786,-0.0711786;
0.67, -0.0752605,-0.0251746,-0.00107523,-0.0398558,0.0702679,-0.0711599,-0.0711599;
0.68, -0.0741043,-0.0274922,-0.00107756,-0.0388497,0.070822,-0.0706166,-0.0706166;
0.69, -0.0898203,-0.0258885,-0.00157773,-0.037859,0.0709431,-0.0699229,-0.0699229;
0.7, -0.109734,-0.0246232,-0.00135331,-0.036875,0.0711913,-0.0691299,-0.0691299;
0.71, -0.0990026,-0.0258724,-0.00172869,-0.0358553,0.0701203,-0.068006,-0.068006;
0.72, -0.0745067,-0.0287024,-0.00200155,-0.0347436,0.0673866,-0.0663927,-0.0663927;
0.73, -0.0768269,-0.0289048,-0.00195067,-0.0337828,0.06563,-0.065128,-0.065128;
0.74, -0.0639128,-0.0217739,-0.00130212,-0.0330724,0.0661112,-0.0645458,-0.0645458;
0.75, -0.0736432,-0.0251843,-0.000964069,-0.0324035,0.0665279,-0.0639719,-0.0639719;
0.76, -0.0622933,-0.025593,-0.00114392,-0.0322429,0.0677357,-0.0644647,-0.0644647;
0.77, -0.0723944,-0.0226731,-0.000752499,-0.0318769,0.068229,-0.0643923,-0.0643923;
0.78, -0.0678525,-0.0228209,-0.000644742,-0.0316612,0.0695733,-0.064647,-0.064647;
0.79, -0.0821023,-0.0195557,-0.00111746,-0.03148,0.0699782,-0.0648215,-0.0648215;
0.8, -0.108145,-0.0251587,-0.00113317,-0.0313817,0.0706722,-0.0651421,-0.0651421;
0.81, -0.0955156,-0.0270097,-0.00124693,-0.0312653,0.0700945,-0.0652407,-0.0652407;
0.82, -0.100276,-0.0255111,-0.000972314,-0.0305967,0.0675443,-0.0639647,-0.0639647;
0.83, -0.0958888,-0.0252124,-0.00115027,-0.0300346,0.0661059,-0.0629712,-0.0629712;
0.84, -0.0941728,-0.0243474,-0.000688113,-0.0295253,0.0643972,-0.0620407,-0.0620407;
0.85, -0.0752632,-0.0226552,-0.000687045,-0.029134,0.0631283,-0.0613567,-0.0613567;
0.86, -0.0960129,-0.0239601,-0.000944436,-0.0288326,0.0620837,-0.0608649,-0.0608649;
0.87, -0.0834042,-0.0247743,-0.000854176,-0.0288722,0.0625857,-0.0612134,-0.0612134;
0.88, -0.0675466,-0.0226097,-0.00103108,-0.0286303,0.0615198,-0.0607848,-0.0607848;
0.89, -0.0688847,-0.0228327,-0.00153013,-0.0285161,0.0614686,-0.060699,-0.060699;
0.9, -0.0675334,-0.0261471,-0.00105496,-0.0287119,0.0626985,-0.0613661,-0.0613661;
0.91, -0.0830145,-0.0255746,-0.00051841,-0.0289027,0.063829,-0.0619741,-0.0619741;
0.92, -0.0902291,-0.0220313,-0.000931322,-0.0289706,0.065089,-0.0623324,-0.0623324;
0.93, -0.0915442,-0.0186678,-0.000942841,-0.0288504,0.065012,-0.062158,-0.062158;
0.94, -0.0878925,-0.026575,-0.00216746,-0.0287977,0.0641668,-0.0620264,-0.0620264;
0.95, -0.098238,-0.0303791,-0.00195478,-0.0288871,0.0631168,-0.0621461,-0.0621461;
0.96, -0.110682,-0.0281698,-0.000898928,-0.028676,0.0626756,-0.0617223,-0.0617223;
0.97, -0.102633,-0.0344042,-0.00087283,-0.0281785,0.0615791,-0.0606334,-0.0606334;
0.98, -0.0704377,-0.0251209,-0.000981398,-0.0276406,0.0594349,-0.0593516,-0.0593516;
0.99, -0.0689737,-0.0163939,-0.000530622,-0.0269605,0.0582141,-0.0578749,-0.0578749;
1, -0.0524126,-0.0245361,-0.00078735,-0.0271496,0.0594191,-0.0583803,-0.0583803;
1.01, -0.0847587,-0.0280464,-0.000365741,-0.0278092,0.060537,-0.0598024,-0.0598024;
1.02, -0.087613,-0.0235011,-0.00016375,-0.0283235,0.0631761,-0.0610618,-0.0610618;
1.03, -0.0883776,-0.0176549,0.000650774,-0.0282005,0.0632521,-0.0608095,-0.0608095;
1.04, -0.0792284,-0.0187232,-0.000319625,-0.028219,0.0627855,-0.0607698,-0.0607698;
1.05, -0.0756742,-0.0257622,-0.0010846,-0.0285,0.0620616,-0.0612185,-0.0612185;
1.06, -0.0601266,-0.0314903,-0.00111498,-0.0288683,0.0621419,-0.061906,-0.061906;
1.07, -0.068961,-0.0322,-0.00159303,-0.0289586,0.0627798,-0.0620968,-0.0620968;
1.08, -0.099312,-0.0247126,-0.00136439,-0.0289805,0.0648403,-0.0622783,-0.0622783;
1.09, -0.0671928,-0.0183688,-0.000435389,-0.0288535,0.0661869,-0.0620894,-0.0620894;
1.1, -0.0863216,-0.0207003,-0.000555436,-0.0286377,0.0647228,-0.0614697,-0.0614697;
1.11, -0.0979667,-0.0226975,-0.000940556,-0.0291844,0.0655399,-0.0625435,-0.0625435;
1.12, -0.068395,-0.0240386,-0.0011013,-0.0293812,0.0649915,-0.062813,-0.062813;
1.13, -0.0796214,-0.0229061,-0.000646268,-0.0292942,0.0635291,-0.0624295,-0.0624295;
1.14, -0.0716039,-0.0255272,-0.000736785,-0.0295398,0.0645145,-0.0629256,-0.0629256;
1.15, -0.0935071,-0.0254183,-0.00097239,-0.0296935,0.0646481,-0.0631685,-0.0631685;
1.16, -0.0964746,-0.0240938,-0.00104456,-0.0298454,0.0654402,-0.0634483,-0.0634483;
1.17, -0.0887068,-0.0246166,-0.00118471,-0.0296802,0.0644786,-0.0629487,-0.0629487;
1.18, -0.0885426,-0.0240728,-0.000950145,-0.0295291,0.0631805,-0.0624589,-0.0624589;
1.19, -0.0801083,-0.0254369,-0.000999013,-0.0294864,0.0625818,-0.0622304,-0.0622304;
1.2, -0.0683206,-0.0265421,-0.00100527,-0.0294743,0.0620632,-0.0620853,-0.0620853;
1.21, -0.055159,-0.0259829,-0.000816382,-0.029537,0.0623004,-0.0621341,-0.0621341;
1.22, -0.050455,-0.0260861,-0.000855392,-0.0297264,0.0635533,-0.0625263,-0.0625263;
1.23, -0.0672674,-0.0287802,-0.00105139,-0.0301336,0.065833,-0.0634164,-0.0634164;
1.24, -0.0670614,-0.0265594,-0.00124883,-0.0306075,0.0684097,-0.0644447,-0.0644447;
1.25, -0.108253,-0.0263253,-0.0010981,-0.0306931,0.0695794,-0.0646052,-0.0646052;
1.26, -0.125768,-0.0223021,-0.000656535,-0.0308471,0.0705318,-0.0648832,-0.0648832;
1.27, -0.102686,-0.023167,-0.000425295,-0.0304146,0.0680981,-0.0637409,-0.0637409;
1.28, -0.082379,-0.0285107,-8.27718e-05,-0.0298951,0.0640655,-0.0623039,-0.0623039;
1.29, -0.076243,-0.0266316,-0.000334056,-0.0297125,0.062066,-0.061697,-0.061697;
1.3, -0.0805531,-0.0222058,-0.000936335,-0.0296233,0.0621228,-0.0614359,-0.0614359;
1.31, -0.0682459,-0.022885,-0.000815399,-0.0297307,0.0627404,-0.0615995,-0.0615995;
1.32, -0.0786081,-0.0227094,-0.00100885,-0.0299965,0.0628683,-0.0620264,-0.0620264;
1.33, -0.071333,-0.0231905,-0.000779652,-0.0304142,0.0639566,-0.0628158,-0.0628158;
1.34, -0.050517,-0.0239759,-0.000366984,-0.0306654,0.0642078,-0.063225,-0.063225;
1.35, -0.0736124,-0.0248558,-0.00055921,-0.030996,0.0649812,-0.063814,-0.063814;
1.36, -0.0891602,-0.0230385,-0.00085506,-0.0316,0.0674218,-0.0650482,-0.0650482;
1.37, -0.0686646,-0.0237533,-0.000866036,-0.0317797,0.0680011,-0.0653388,-0.0653388;
1.38, -0.0740141,-0.0256408,-0.000760823,-0.0317696,0.0671255,-0.0651529,-0.0651529;
1.39, -0.10964,-0.0253906,-0.000548744,-0.0320385,0.0678761,-0.0656076,-0.0656076;
1.4, -0.084548,-0.0253286,-0.000534905,-0.0321386,0.0683119,-0.0657284,-0.0657284;
1.41, -0.0848522,-0.0241538,-0.000796431,-0.0316998,0.065842,-0.0645989,-0.0645989;
1.42, -0.0902989,-0.0240465,-0.000794903,-0.0316489,0.0653493,-0.0643527,-0.0643527;
1.43, -0.0549634,-0.0257144,-0.00108328,-0.0316769,0.0649468,-0.0642783,-0.0642783;
1.44, -0.0498199,-0.0223627,-0.000716017,-0.0316374,0.0641446,-0.0640508,-0.0640508;
1.45, -0.0660629,-0.0231007,-0.000121835,-0.0320919,0.0662427,-0.0649431,-0.0649431;
1.46, -0.0654027,-0.0248113,-0.000240472,-0.0327904,0.0686884,-0.0663355,-0.0663355;
1.47, -0.0920392,-0.0276765,-0.000986604,-0.0331697,0.0697245,-0.0670211,-0.0670211;
1.48, -0.104916,-0.022518,-0.000814009,-0.0334371,0.0707086,-0.0674837,-0.0674837;
1.49, -0.109986,-0.0172692,-0.000746388,-0.0331298,0.0696039,-0.066709,-0.066709;
1.5, -0.0885744,-0.0202031,-0.000708512,-0.0328364,0.067237,-0.0658893,-0.0658893;
1.51, -0.102108,-0.0270903,-0.000734233,-0.0327339,0.0643612,-0.0653842,-0.0653842;
1.52, -0.121447,-0.0307271,-0.000890529,-0.032864,0.0634368,-0.0654598,-0.0654598;
1.53, -0.107814,-0.0315813,-0.000411943,-0.0324608,0.061841,-0.0645015,-0.0645015;
1.54, -0.0616238,-0.0306571,-0.00028704,-0.0315718,0.0588832,-0.0625355,-0.0625355;
1.55, -0.0709578,-0.0278437,-0.00049033,-0.0308931,0.0571479,-0.0610407,-0.0610407;
1.56, -0.108113,-0.0220351,-3.23917e-05,-0.0310712,0.0592519,-0.0614243,-0.0614243;
1.57, -0.0661842,-0.0299537,6.99549e-05,-0.0312971,0.060629,-0.0618521,-0.0618521;
1.58, -0.0487957,-0.031167,-0.000289269,-0.0311725,0.0587121,-0.0613995,-0.0613995;
1.59, -0.0248417,-0.0264067,-0.000434659,-0.0313613,0.0603083,-0.0617665,-0.0617665;
1.6, -0.0343311,-0.0253601,-0.000565168,-0.0318083,0.0634513,-0.0626978,-0.0626978;
1.61, -0.0383333,-0.0250767,-0.000669695,-0.0328748,0.0682511,-0.0648768,-0.0648768;
1.62, -0.0645988,-0.0192785,-0.00102187,-0.0338055,0.0720591,-0.0667479,-0.0667479;
1.63, -0.077434,-0.0172924,-0.000801328,-0.0346273,0.0752261,-0.0683589,-0.0683589;
1.64, -0.0794899,-0.024112,-0.000291517,-0.0352267,0.0758642,-0.069397,-0.069397;
1.65, -0.0920457,-0.0280461,-0.000190235,-0.0356492,0.0752141,-0.0700182,-0.0700182;
1.66, -0.104827,-0.0237689,-0.000406489,-0.0356773,0.0745819,-0.069903,-0.069903;
1.67, -0.089711,-0.0226601,-0.000544232,-0.0352826,0.0731181,-0.0689555,-0.0689555;
1.68, -0.0749571,-0.0233794,-0.000362466,-0.0348612,0.0705427,-0.0679096,-0.0679096;
1.69, -0.0796211,-0.0233787,-0.000289579,-0.0347842,0.069217,-0.0675816,-0.0675816;
1.7, -0.112742,-0.0240208,-0.000222274,-0.0349783,0.0692547,-0.0678251,-0.0678251;
1.71, -0.107663,-0.0247498,-0.000458492,-0.0351022,0.0690022,-0.0679351,-0.0679351;
1.72, -0.0924756,-0.024592,-0.000588009,-0.034602,0.0661336,-0.0667357,-0.0667357;
1.73, -0.0837385,-0.0245031,-0.000421687,-0.0341445,0.0637172,-0.0656542,-0.0656542;
1.74, -0.0844483,-0.0244857,-0.000355844,-0.0340098,0.0626813,-0.0652503,-0.0652503;
1.75, -0.0794076,-0.0243492,-0.000223082,-0.03407,0.0624895,-0.0652497,-0.0652497;
1.76, -0.0730095,-0.0258439,-0.000379934,-0.0341233,0.0623066,-0.0652442,-0.0652442;
1.77, -0.0881571,-0.0259104,-0.000354181,-0.034282,0.0625322,-0.0654509,-0.0654509;
1.78, -0.0889448,-0.0263354,-7.13431e-05,-0.0344895,0.0633207,-0.065768,-0.065768;
1.79, -0.0605023,-0.0280857,-0.000512904,-0.0344045,0.062896,-0.0654941,-0.0654941;
1.8, -0.0523933,-0.0284897,-0.000486495,-0.0342881,0.0623687,-0.065157,-0.065157;
1.81, -0.0703865,-0.0253054,-0.000548943,-0.0346105,0.0641892,-0.0657417,-0.0657417;
1.82, -0.0797988,-0.0233331,-0.000530975,-0.0350796,0.0666974,-0.0666113,-0.0666113;
1.83, -0.087343,-0.0230954,-0.000134124,-0.035352,0.0675509,-0.0670579,-0.0670579;
1.84, -0.0953045,-0.0236556,-0.000224694,-0.0355385,0.0674329,-0.067287,-0.067287;
1.85, -0.111732,-0.0240897,-0.000134134,-0.0355814,0.0666443,-0.0672148,-0.0672148;
1.86, -0.0927621,-0.0245706,-0.000166076,-0.0354294,0.0652589,-0.0667721,-0.0667721;
1.87, -0.0976911,-0.0238804,-0.000182006,-0.0349651,0.0626327,-0.065701,-0.065701;
1.88, -0.0982978,-0.0228534,0.000219906,-0.0348455,0.0616081,-0.0653251,-0.0653251;
1.89, -0.0932122,-0.0224333,-0.000204307,-0.0346845,0.0603402,-0.0648881,-0.0648881;
1.9, -0.0901701,-0.0244323,-0.00050441,-0.0345873,0.0590565,-0.0645586,-0.0645586;
1.91, -0.0601404,-0.0265944,-0.000400275,-0.0346225,0.0582367,-0.0644958,-0.0644958;
1.92, -0.0874175,-0.0251225,-0.000690186,-0.0346325,0.0578099,-0.0644021,-0.0644021;
1.93, -0.0800456,-0.0234765,-0.000561036,-0.0350974,0.0598846,-0.0652438,-0.0652438;
1.94, -0.0674898,-0.0235907,-0.000332038,-0.0351398,0.0597716,-0.0652189,-0.0652189;
1.95, -0.079289,-0.025133,-0.000140436,-0.0353731,0.0600569,-0.0655614,-0.0655614;
1.96, -0.0962591,-0.0262386,-4.62121e-05,-0.0358269,0.0613515,-0.0663476,-0.0663476;
1.97, -0.0752094,-0.0258674,2.68384e-05,-0.0359866,0.061741,-0.0665526,-0.0665526;
1.98, -0.0626292,-0.0247599,-0.000386885,-0.0357303,0.0607348,-0.0659534,-0.0659534;
1.99, -0.0578467,-0.0219933,-0.000834908,-0.0358901,0.0613515,-0.0661785,-0.0661785;
2, -0.0625215,-0.0279586,-0.00050763,-0.0363871,0.0630024,-0.0670319,-0.0670319;
2.01, -0.0828042,-0.0282635,-0.000132008,-0.0371081,0.0648935,-0.0683041,-0.0683041;
2.02, -0.0674229,-0.0245193,0.000192032,-0.0374017,0.0665028,-0.0687995,-0.0687995;
2.03, -0.0671706,-0.0244166,0.00068621,-0.0372562,0.0664024,-0.0684253,-0.0684253;
2.04, -0.0743109,-0.0240653,-1.41589e-05,-0.0375759,0.0672831,-0.0689258,-0.0689258;
2.05, -0.0544073,-0.0257056,0.00044025,-0.037921,0.068175,-0.0694654,-0.0694654;
2.06, -0.0766491,-0.0216654,0.00029205,-0.038138,0.0684403,-0.0697497,-0.0697497;
2.07, -0.11813,-0.0236382,-7.81241e-05,-0.0386477,0.0702658,-0.0706233,-0.0706233;
2.08, -0.0698218,-0.0255916,-0.000147337,-0.038905,0.0701773,-0.0709739,-0.0709739;
2.09, -0.0822211,-0.0245351,-0.000295851,-0.0382158,0.0667749,-0.0695038,-0.0695038;
2.1, -0.0726759,-0.0194472,-0.000387521,-0.0383818,0.0672545,-0.0697055,-0.0697055;
2.11, -0.0867064,-0.0229865,-0.000559497,-0.0383992,0.0669367,-0.0696282,-0.0696282;
2.12, -0.0826191,-0.0239639,-0.00055937,-0.0388663,0.067165,-0.07035,-0.07035;
2.13, -0.0826042,-0.028379,-0.000275157,-0.0388795,0.0664309,-0.0702377,-0.0702377;
2.14, -0.0807048,-0.0311968,0.000106012,-0.0388855,0.0660277,-0.0701331,-0.0701331;
2.15, -0.0903861,-0.0245153,0.000227847,-0.03868,0.0658191,-0.0696594,-0.0696594;
2.16, -0.0872777,-0.0173986,0.000170774,-0.0383837,0.0658858,-0.0690378,-0.0690378;
2.17, -0.0761524,-0.0206101,-8.5724e-05,-0.038238,0.0649783,-0.0686486,-0.0686486;
2.18, -0.0903449,-0.0242146,-0.000215774,-0.0385463,0.0640591,-0.0690531,-0.0690531;
2.19, -0.0867973,-0.025353,0.000191902,-0.0389343,0.0641784,-0.0696332,-0.0696332;
2.2, -0.0577875,-0.028798,0.000386659,-0.0388302,0.0633694,-0.0693252,-0.0693252;
2.21, -0.0676614,-0.0263609,0.000146879,-0.0387226,0.0628598,-0.0690317,-0.0690317;
2.22, -0.0781606,-0.0251471,-0.000236397,-0.0390557,0.0647956,-0.0695785,-0.0695785;
2.23, -0.0884727,-0.0242916,-0.000291773,-0.0393178,0.0659107,-0.0699665,-0.0699665;
2.24, -0.0550856,-0.0254133,-0.000132238,-0.0394137,0.0660383,-0.0700398,-0.0700398;
2.25, -0.0535663,-0.0277287,-7.81272e-05,-0.0393294,0.0652511,-0.069767,-0.069767;
2.26, -0.0815421,-0.0248901,-0.000126743,-0.0398808,0.0671135,-0.0706718,-0.0706718;
2.27, -0.0697358,-0.0240313,-7.66999e-05,-0.0403689,0.0692213,-0.0714792,-0.0714792;
2.28, -0.0729212,-0.0245471,-3.46161e-05,-0.0403786,0.0689145,-0.071381,-0.071381;
2.29, -0.0741566,-0.0251663,9.75302e-05,-0.0406656,0.0693617,-0.0717805,-0.0717805;
2.3, -0.0932923,-0.0252181,6.0482e-05,-0.0408505,0.0695987,-0.0720034,-0.0720034;
2.31, -0.0954303,-0.0241664,-5.27959e-05,-0.0409613,0.0697246,-0.0720975,-0.0720975;
2.32, -0.0966665,-0.0237674,1.28942e-05,-0.0406565,0.0683385,-0.0714219,-0.0714219;
2.33, -0.11566,-0.0250059,0.000104688,-0.0403543,0.0667306,-0.0707449,-0.0707449;
2.34, -0.121778,-0.0258907,-9.31811e-05,-0.040072,0.0651052,-0.0701102,-0.0701102;
2.35, -0.0736799,-0.0270485,-9.58906e-05,-0.0393262,0.0621319,-0.0686595,-0.0686595;
2.36, -0.0672369,-0.0254933,0.000243699,-0.0384381,0.0588111,-0.0669405,-0.0669405;
2.37, -0.0820304,-0.0257457,0.000332102,-0.0385956,0.0594904,-0.0671408,-0.0671408;
2.38, -0.0661562,-0.0254537,8.24601e-05,-0.0390427,0.060838,-0.0678586,-0.0678586;
2.39, -0.0614564,-0.0242819,5.56724e-05,-0.0391359,0.0609863,-0.0679276,-0.0679276;
2.4, -0.0815298,-0.0246164,-1.14691e-05,-0.0395803,0.0622808,-0.0686253,-0.0686253;
2.41, -0.0736352,-0.024803,-0.000191346,-0.040194,0.0638928,-0.0696297,-0.0696297;
2.42, -0.0679216,-0.0245495,-0.000196431,-0.0403085,0.063853,-0.0697326,-0.0697326;
2.43, -0.0644229,-0.0236437,-0.000131187,-0.0405588,0.0643406,-0.0700718,-0.0700718;
2.44, -0.077154,-0.023641,2.11557e-05,-0.0409599,0.0652598,-0.0706772,-0.0706772;
2.45, -0.0999257,-0.0243515,0.000206632,-0.041481,0.0663827,-0.0714854,-0.0714854;
2.46, -0.112056,-0.0248869,0.000149993,-0.0416797,0.0664458,-0.071736,-0.071736;
2.47, -0.111142,-0.0251404,0.000272374,-0.0412955,0.0646812,-0.0709458,-0.0709458;
2.48, -0.0858849,-0.0269241,0.000313913,-0.0405973,0.0619877,-0.0696067,-0.0696067;
2.49, -0.0739774,-0.0263822,0.000221161,-0.0399367,0.0594807,-0.0683394,-0.0683394;
2.5, -0.0576045,-0.0253989,0.000470485,-0.039823,0.0591772,-0.0680355,-0.0680355;
2.51, -0.0853776,-0.0246284,0.000537696,-0.0400501,0.0599502,-0.0683495,-0.0683495;
2.52, -0.0886145,-0.0262536,0.000297003,-0.04071,0.06198,-0.0694334,-0.0694334;
2.53, -0.0978924,-0.0247112,-0.000222423,-0.0407727,0.0617614,-0.0694549,-0.0694549;
2.54, -0.0909303,-0.0260393,-0.00020534,-0.0406421,0.0612257,-0.069112,-0.069112;
2.55, -0.0898088,-0.0263269,8.8599e-06,-0.0403677,0.0599171,-0.0685394,-0.0685394;
2.56, -0.0792521,-0.0241538,0.000208922,-0.0402042,0.0592364,-0.0681609,-0.0681609;
2.57, -0.0800956,-0.0220745,0.000399592,-0.0400834,0.058731,-0.0678591,-0.0678591;
2.58, -0.0845456,-0.0230796,0.000582703,-0.0403319,0.0590053,-0.0682038,-0.0682038;
2.59, -0.0794088,-0.0203747,8.68682e-05,-0.040673,0.0591702,-0.0687095,-0.0687095;
2.6, -0.0660266,-0.024641,-8.49183e-05,-0.0408573,0.0590072,-0.0689264,-0.0689264;
2.61, -0.0446918,-0.0282673,9.30222e-05,-0.0412814,0.0591422,-0.0695499,-0.0695499;
2.62, -0.0718609,-0.0238537,-0.000181222,-0.0418064,0.0604778,-0.0703471,-0.0703471;
2.63, -0.0962502,-0.0228191,9.08144e-05,-0.0426109,0.0635893,-0.0716472,-0.0716472;
2.64, -0.0820344,-0.0268382,0.000547909,-0.0429745,0.0643407,-0.0721877,-0.0721877;
2.65, -0.0776054,-0.0314803,0.000395375,-0.0427547,0.0629446,-0.0717196,-0.0717196;
2.66, -0.0733152,-0.0297576,-0.000293254,-0.0426542,0.062752,-0.0714487,-0.0714487;
2.67, -0.0687834,-0.0250399,-0.000579545,-0.0424302,0.063165,-0.0709697,-0.0709697;
2.68, -0.0601171,-0.0205358,0.000125796,-0.0424114,0.0638589,-0.0708612,-0.0708612;
2.69, -0.0789611,-0.0177235,0.000577866,-0.0428006,0.0647082,-0.0714164,-0.0714164;
2.7, -0.0665161,-0.0217702,0.000618542,-0.0436238,0.0660185,-0.0727088,-0.0727088;
2.71, -0.0541325,-0.02691,0.000522259,-0.0441128,0.0656996,-0.0734205,-0.0734205;
2.72, -0.0511913,-0.0257352,0.000563842,-0.0446425,0.0664089,-0.0742173,-0.0742173;
2.73, -0.0643261,-0.0259732,0.000416665,-0.0451766,0.0682773,-0.0750228,-0.0750228;
2.74, -0.109338,-0.0256705,0.00054772,-0.0458134,0.0702808,-0.0760024,-0.0760024;
2.75, -0.0973849,-0.0272871,0.00093958,-0.0460967,0.0711588,-0.0763693,-0.0763693;
2.76, -0.102737,-0.0272609,0.000605008,-0.0452512,0.0683918,-0.074832,-0.074832;
2.77, -0.105358,-0.0260873,0.0004091,-0.0445964,0.0665518,-0.0736207,-0.0736207;
2.78, -0.0809525,-0.025484,0.000437444,-0.0438787,0.0644726,-0.0723099,-0.0723099;
2.79, -0.0990613,-0.0254323,0.000347989,-0.0431771,0.0622641,-0.0710611,-0.0710611;
2.8, -0.11159,-0.0225712,0.000411494,-0.0432001,0.0620482,-0.0709882,-0.0709882;
2.81, -0.121289,-0.0207545,0.000478924,-0.0428106,0.0605728,-0.0702522,-0.0702522;
2.82, -0.113244,-0.0231311,0.000395894,-0.0422741,0.0580407,-0.0692713,-0.0692713;
2.83, -0.0761404,-0.0244325,0.000410198,-0.0416198,0.0547822,-0.068092,-0.068092;
2.84, -0.0600965,-0.0247609,0.000450854,-0.0410566,0.0524044,-0.0670775,-0.0670775;
2.85, -0.0596592,-0.0243381,0.000368021,-0.0414322,0.0531456,-0.0676121,-0.0676121;
2.86, -0.0572494,-0.0234749,0.000271099,-0.0422236,0.05529,-0.0688621,-0.0688621;
2.87, -0.0415454,-0.0219794,0.000502652,-0.0430424,0.0574039,-0.070136,-0.070136;
2.88, -0.0625086,-0.0212339,0.000411337,-0.0439325,0.0595288,-0.0715161,-0.0715161;
2.89, -0.0849513,-0.0218979,0.000559965,-0.045265,0.0626755,-0.0736103,-0.0736103;
2.9, -0.0788864,-0.024503,0.000540762,-0.0460287,0.0640297,-0.0747804,-0.0747804;
2.91, -0.0610153,-0.025947,0.00066997,-0.0460868,0.0634612,-0.0747764,-0.0747764;
2.92, -0.0691164,-0.0257679,0.000632008,-0.0461233,0.0633802,-0.074747,-0.074747;
2.93, -0.0815374,-0.0242746,0.000587203,-0.0465428,0.0647559,-0.0753369,-0.0753369;
2.94, -0.100363,-0.0218076,0.000660662,-0.0467673,0.0654968,-0.075605,-0.075605;
2.95, -0.100224,-0.0245496,0.000609528,-0.0467248,0.0651439,-0.0754349,-0.0754349;
2.96, -0.0817514,-0.0261741,0.000445213,-0.0463186,0.0631904,-0.0746876,-0.0746876;
2.97, -0.0756461,-0.0253989,0.000335426,-0.0457766,0.0613583,-0.0737024,-0.0737024;
2.98, -0.0893897,-0.0231734,0.000365963,-0.0456527,0.0611477,-0.0733976,-0.0733976;
2.99, -0.091688,-0.0218067,0.000386646,-0.0457729,0.0614957,-0.0735189,-0.0735189;
3, -0.0774229,-0.0258656,0.000655544,-0.045682,0.0607116,-0.0732861,-0.0732861;
3.01, -0.0808807,-0.0267646,0.000636029,-0.0455944,0.0596634,-0.0730506,-0.0730506;
3.02, -0.0669,-0.0260761,0.000610153,-0.0456894,0.0599182,-0.073102,-0.073102;
3.03, -0.0738583,-0.0242179,0.000599833,-0.0456469,0.0600035,-0.0729471,-0.0729471;
3.04, -0.110122,-0.018124,0.000704184,-0.0459978,0.0611247,-0.073442,-0.073442;
3.05, -0.106518,-0.0224261,0.000807239,-0.0462778,0.0616319,-0.073807,-0.073807;
3.06, -0.0766181,-0.0303612,0.000570595,-0.0459206,0.0590356,-0.0731223,-0.0731223;
3.07, -0.0686169,-0.0296067,0.000635992,-0.0453725,0.0568501,-0.0721799,-0.0721799;
3.08, -0.0746148,-0.0226538,0.000647412,-0.0452475,0.0574212,-0.0718844,-0.0718844;
3.09, -0.0869667,-0.0196478,0.000521275,-0.0454188,0.0587231,-0.0720771,-0.0720771;
3.1, -0.0632205,-0.0281987,0.000281547,-0.0458251,0.0592645,-0.0726476,-0.0726476;
3.11, -0.0495726,-0.0302502,0.000237585,-0.046063,0.0586529,-0.0729383,-0.0729383;
3.12, -0.0564653,-0.0261362,0.000550109,-0.0464476,0.0601566,-0.0734593,-0.0734593;
3.13, -0.0556994,-0.0215758,0.000657577,-0.0470868,0.0628146,-0.074387,-0.074387;
3.14, -0.051652,-0.0270764,0.000971305,-0.0477512,0.0646857,-0.0753562,-0.0753562;
3.15, -0.0811293,-0.010688,0.000825536,-0.0486668,0.0662689,-0.076713,-0.076713;
3.16, -0.085474,-0.0236766,0.000604208,-0.0493131,0.068244,-0.0776492,-0.0776492;
3.17, -0.0746637,-0.0442013,0.000728978,-0.0500168,0.0672251,-0.0786656,-0.0786656;
3.18, -0.0987578,-0.0487771,0.00136783,-0.0498423,0.0662391,-0.0782981,-0.0782981;
3.19, -0.120345,-0.043792,0.00131539,-0.0487772,0.0669199,-0.0764974,-0.0764974;
3.2, -0.121366,-0.0248663,0.000797938,-0.0468091,0.0659867,-0.0732649,-0.0732649;
3.21, -0.0796878,0.00278494,0.000951533,-0.0445703,0.0631631,-0.0696518,-0.0696518;
3.22, -0.0697272,0.000319835,0.000242428,-0.0435031,0.0596016,-0.0679122,-0.0679122;
3.23, -0.0538897,-0.0149349,-8.98073e-05,-0.0453369,0.0583586,-0.0707252,-0.0707252;
3.24, -0.0602652,-0.0247725,7.58376e-05,-0.0473921,0.0582061,-0.0739017,-0.0739017;
3.25, -0.104862,-0.0419943,0.000181797,-0.0489172,0.05993,-0.0762158,-0.0762158;
3.26, -0.0901991,-0.0288638,0.000342715,-0.0495621,0.0615495,-0.0771491,-0.0771491;
3.27, -0.05299,-0.0129764,0.000903999,-0.0478743,0.0602931,-0.0744027,-0.0744027;
3.28, -0.0830991,-0.0212052,0.000775814,-0.0472983,0.0595363,-0.0734126,-0.0734126;
3.29, -0.0869225,-0.0236278,0.000946944,-0.0488077,0.0610954,-0.0756958,-0.0756958;
3.3, -0.104998,-0.0259091,0.000994846,-0.0490369,0.0607118,-0.0759807,-0.0759807;
3.31, -0.118811,-0.0249505,0.00095164,-0.0489137,0.0600292,-0.0757048,-0.0757048;
3.32, -0.0947588,-0.0182122,0.000512316,-0.0481391,0.0580731,-0.0744052,-0.0744052;
3.33, -0.0743375,-0.0182653,0.000243765,-0.0470087,0.0550666,-0.0725899,-0.0725899;
3.34, -0.0562244,-0.021667,0.000641229,-0.0470104,0.0537666,-0.072544,-0.072544;
3.35, -0.0828755,-0.0251273,0.000637968,-0.0477214,0.0542199,-0.0735575,-0.0735575;
3.36, -0.0774438,-0.0233,0.000628478,-0.0487528,0.0562573,-0.0750839,-0.0750839;
3.37, -0.0781016,-0.0225659,0.000755082,-0.048769,0.0563657,-0.0750231,-0.0750231;
3.38, -0.0709035,-0.0235427,0.000866705,-0.0489787,0.0566828,-0.0752634,-0.0752634;
3.39, -0.0728102,-0.0247017,0.000935293,-0.0492013,0.0569089,-0.0755437,-0.0755437;
3.4, -0.0833952,-0.0270904,0.000910591,-0.0495847,0.0577022,-0.0760456,-0.0760456;
3.41, -0.0849757,-0.0273901,0.000781804,-0.049843,0.0583662,-0.0763529,-0.0763529;
3.42, -0.0808524,-0.0257311,0.000908672,-0.0496158,0.0582589,-0.0759221,-0.0759221;
3.43, -0.0812236,-0.0255852,0.000975723,-0.0493208,0.0580066,-0.0753875,-0.0753875;
3.44, -0.0790129,-0.0219531,0.0010763,-0.049272,0.0580049,-0.0752196,-0.0752196;
3.45, -0.0809599,-0.0223978,0.00105694,-0.0492356,0.0579753,-0.0750847,-0.0750847;
3.46, -0.0844878,-0.0246193,0.000863714,-0.0494881,0.0579735,-0.0753923,-0.0753923;
3.47, -0.098,-0.0259827,0.000758275,-0.0496679,0.0578386,-0.0755793,-0.0755793;
3.48, -0.0963884,-0.0262543,0.000763177,-0.0495938,0.0575146,-0.0753903,-0.0753903;
3.49, -0.0862034,-0.0248184,0.000639606,-0.0490076,0.0562345,-0.0744392,-0.0744392;
3.5, -0.0666355,-0.0237944,0.000642017,-0.0484911,0.0550988,-0.073561,-0.073561;
3.51, -0.0533019,-0.0242658,0.000728319,-0.0483985,0.0547563,-0.0733579,-0.0733579;
3.52, -0.0609692,-0.0234364,0.000946305,-0.049007,0.0559265,-0.0742091,-0.0742091;
3.53, -0.0678418,-0.0238978,0.000988269,-0.050023,0.0581561,-0.0756349,-0.0756349;
3.54, -0.0500367,-0.0262028,0.000857624,-0.0507867,0.0596898,-0.0767136,-0.0767136;
3.55, -0.0711217,-0.026713,0.000882886,-0.0512669,0.0605609,-0.0773596,-0.0773596;
3.56, -0.0681763,-0.0239383,0.000832976,-0.0521122,0.0627727,-0.0785355,-0.0785355;
3.57, -0.0614308,-0.0235002,0.000971191,-0.052244,0.0633498,-0.078652,-0.078652;
3.58, -0.0743521,-0.0239731,0.00140839,-0.0525837,0.063885,-0.0790661,-0.0790661;
3.59, -0.0773869,-0.0254065,0.00134955,-0.0531745,0.064871,-0.0798499,-0.0798499;
3.6, -0.092771,-0.0236685,0.00116717,-0.053305,0.0648567,-0.0799563,-0.0799563;
3.61, -0.0855968,-0.0259148,0.00123634,-0.0532058,0.0646001,-0.0797335,-0.0797335;
3.62, -0.0742719,-0.0252126,0.00106139,-0.052719,0.0631046,-0.0789332,-0.0789332;
3.63, -0.121369,-0.0270557,0.000778577,-0.0523583,0.0622602,-0.0782825,-0.0782825;
3.64, -0.102475,-0.0250124,0.000475023,-0.0524308,0.062335,-0.0783016,-0.0783016;
3.65, -0.0903119,-0.0227599,0.000721745,-0.0509299,0.0589775,-0.0760066,-0.0760066;
3.66, -0.1086,-0.0242294,0.00100763,-0.0501505,0.0569602,-0.0747865,-0.0747865;
3.67, -0.0719894,-0.0221606,0.000866264,-0.0499907,0.0559885,-0.0744763,-0.0744763;
3.68, -0.0636723,-0.0210971,0.00142757,-0.0492352,0.0538264,-0.0732812,-0.0732812;
3.69, -0.094713,-0.0217917,0.00130349,-0.0497733,0.0544036,-0.0740199,-0.0740199;
3.7, -0.0647751,-0.0203567,0.000812963,-0.0506857,0.0556939,-0.0753068,-0.0753068;
3.71, -0.0559001,-0.0235008,0.000814034,-0.0505384,0.0546291,-0.0750385,-0.0750385;
3.72, -0.0512038,-0.0262788,0.000942518,-0.0513647,0.0556787,-0.0762065,-0.0762065;
3.73, -0.068493,-0.0266271,0.00157163,-0.0523305,0.0575889,-0.0775418,-0.0775418;
3.74, -0.0761499,-0.030647,0.00176576,-0.0532376,0.059885,-0.07878,-0.07878;
3.75, -0.0907121,-0.0277191,0.00127931,-0.0534932,0.0607546,-0.0790635,-0.0790635;
3.76, -0.0660337,-0.0244015,0.000846194,-0.0532085,0.0610586,-0.078532,-0.078532;
3.77, -0.0649557,-0.0229868,0.00110711,-0.0525944,0.0600937,-0.0775564,-0.0775564;
3.78, -0.0671107,-0.0245393,0.00112914,-0.0530295,0.0608364,-0.0781113,-0.0781113;
3.79, -0.0880991,-0.0237992,0.00100129,-0.0536321,0.0616577,-0.0789005,-0.0789005;
3.8, -0.0987345,-0.0218194,0.000854471,-0.0540372,0.0623232,-0.0794153,-0.0794153;
3.81, -0.0617049,-0.0209234,0.00094437,-0.0537606,0.0613213,-0.0789512,-0.0789512;
3.82, -0.0514005,-0.0198531,0.000910197,-0.0532271,0.0593949,-0.0781049,-0.0781049;
3.83, -0.0594048,-0.0210578,0.00105537,-0.0539898,0.0602762,-0.0791507,-0.0791507;
3.84, -0.0482226,-0.0221649,0.00103712,-0.0551936,0.0620089,-0.0808346,-0.0808346;
3.85, -0.0728805,-0.0218179,0.00106708,-0.0560366,0.0631298,-0.0819786,-0.0819786;
3.86, -0.0752746,-0.0262027,0.00159079,-0.0570968,0.0650143,-0.0834383,-0.0834383;
3.87, -0.0741413,-0.0274231,0.00163742,-0.0573068,0.0649509,-0.0836659,-0.0836659;
3.88, -0.101274,-0.0256638,0.00124887,-0.0571096,0.0647497,-0.0832785,-0.0832785;
3.89, -0.0834626,-0.0239161,0.0012045,-0.0568454,0.0646849,-0.0827995,-0.0827995;
3.9, -0.0853337,-0.0238764,0.00111818,-0.0558114,0.062529,-0.0812153,-0.0812153;
3.91, -0.105478,-0.0244786,0.000816216,-0.0555019,0.0616403,-0.0806904,-0.0806904;
3.92, -0.101899,-0.0222597,0.00109623,-0.0552208,0.0607377,-0.0802062,-0.0802062;
3.93, -0.08342,-0.0217829,0.00119408,-0.0542364,0.058415,-0.078729,-0.078729;
3.94, -0.0664721,-0.0243562,0.00109607,-0.0535289,0.0563199,-0.0776451,-0.0776451;
3.95, -0.0570312,-0.0247136,0.00118718,-0.0535312,0.0557395,-0.0775964,-0.0775964;
3.96, -0.0526241,-0.0236522,0.00145744,-0.0540418,0.0566603,-0.0782433,-0.0782433;
3.97, -0.0790655,-0.0226125,0.00117258,-0.0548454,0.0583363,-0.0793175,-0.0793175;
3.98, -0.0838549,-0.0224259,0.00095779,-0.0558311,0.0602313,-0.0806535,-0.0806535;
3.99, -0.0856027,-0.0227136,0.00103383,-0.0559433,0.0599913,-0.0807383,-0.0807383;
4, -0.0973974,-0.0220339,0.00133362,-0.0558195,0.0592627,-0.0804973,-0.0804973;
4.01, -0.0816475,-0.0226113,0.00149109,-0.0556172,0.0584262,-0.080138,-0.080138;
4.02, -0.0638728,-0.0234806,0.00142311,-0.0550537,0.0567214,-0.0792876,-0.0792876;
4.03, -0.124075,-0.0229226,0.00129624,-0.055027,0.0562624,-0.0791838,-0.0791838;
4.04, -0.122344,-0.0225114,0.00122482,-0.0556081,0.0572702,-0.0799353,-0.0799353;
4.05, -0.0849565,-0.0231212,0.0010676,-0.0541233,0.0537923,-0.0777651,-0.0777651;
4.06, -0.0854931,-0.0242284,0.0010549,-0.0526758,0.0503619,-0.0756673,-0.0756673;
4.07, -0.0500591,-0.0240014,0.00113466,-0.0526111,0.0499733,-0.0755233,-0.0755233;
4.08, -0.061291,-0.0240797,0.0012475,-0.0525908,0.049803,-0.0754248,-0.0754248;
4.09, -0.0900208,-0.0254599,0.00130915,-0.0538119,0.0522849,-0.0770896,-0.0770896;
4.1, -0.0770998,-0.0246418,0.00116355,-0.054657,0.0539356,-0.0782003,-0.0782003;
4.11, -0.0782146,-0.022215,0.00121949,-0.054325,0.0533395,-0.0776606,-0.0776606;
4.12, -0.0935246,-0.0229379,0.00116597,-0.0544317,0.053565,-0.0777473,-0.0777473;
4.13, -0.0748033,-0.02365,0.00101252,-0.0546699,0.0536366,-0.0780276,-0.0780276;
4.14, -0.0738283,-0.0233966,0.00102462,-0.0543257,0.0525776,-0.0774788,-0.0774788;
4.15, -0.0747762,-0.0262571,0.00135682,-0.0546051,0.0529307,-0.0778012,-0.0778012;
4.16, -0.10437,-0.0258615,0.0016713,-0.0549572,0.0534168,-0.0782341,-0.0782341;
4.17, -0.0837367,-0.0240877,0.0016229,-0.055105,0.0539116,-0.0783447,-0.0783447;
4.18, -0.0484417,-0.0231123,0.00142816,-0.0541563,0.0521653,-0.0769525,-0.0769525;
4.19, -0.0825929,-0.0257608,0.00132636,-0.0540568,0.0518365,-0.0767609,-0.0767609;
4.2, -0.109957,-0.0250817,0.00140946,-0.0553608,0.0541873,-0.0785156,-0.0785156;
4.21, -0.0933419,-0.0226229,0.0013008,-0.0552859,0.0541487,-0.0783406,-0.0783406;
4.22, -0.0665447,-0.024219,0.00125138,-0.0541845,0.051884,-0.0767384,-0.0767384;
4.23, -0.0563998,-0.0212954,0.00140758,-0.0538329,0.0507522,-0.0761963,-0.0761963;
4.24, -0.089138,-0.0221864,0.00138334,-0.0544625,0.0518168,-0.0769938,-0.0769938;
4.25, -0.0831684,-0.0257694,0.00132462,-0.0556483,0.0535591,-0.0786022,-0.0786022;
4.26, -0.0524533,-0.0230766,0.00142588,-0.0555352,0.0528647,-0.0783928,-0.0783928;
4.27, -0.0542882,-0.0197214,0.00188343,-0.0553539,0.0526411,-0.0780602,-0.0780602;
4.28, -0.0593473,-0.0197032,0.00197467,-0.0564693,0.054599,-0.0795425,-0.0795425;
4.29, -0.0807215,-0.0227185,0.00172728,-0.0577527,0.0562915,-0.0812764,-0.0812764;
4.3, -0.0807673,-0.024215,0.001655,-0.0587751,0.0574773,-0.0826371,-0.0826371;
4.31, -0.0750586,-0.024293,0.00142032,-0.05873,0.0570957,-0.0825115,-0.0825115;
4.32, -0.0854791,-0.0258048,0.001255,-0.0585346,0.0566954,-0.0821646,-0.0821646;
4.33, -0.0728165,-0.025249,0.00116153,-0.0585393,0.0567434,-0.0820893,-0.0820893;
4.34, -0.0577697,-0.0208396,0.00118327,-0.0580855,0.0561032,-0.0813797,-0.0813797;
4.35, -0.0788517,-0.0210497,0.00161283,-0.0581706,0.0563648,-0.081408,-0.081408;
4.36, -0.0941295,-0.0215131,0.00172838,-0.0591028,0.0575825,-0.082642,-0.082642;
4.37, -0.0818097,-0.0224838,0.0016339,-0.0592191,0.0572325,-0.0827586,-0.0827586;
4.38, -0.0844116,-0.0211069,0.00175661,-0.0586967,0.0556906,-0.0819737,-0.0819737;
4.39, -0.0945627,-0.0223747,0.00146606,-0.0585547,0.0551174,-0.0817155,-0.0817155;
4.4, -0.0808355,-0.0259722,0.00136185,-0.058429,0.0543948,-0.0815051,-0.0815051;
4.41, -0.0760089,-0.0252756,0.00135941,-0.057881,0.0530157,-0.0806897,-0.0806897;
4.42, -0.0697571,-0.0229976,0.00145662,-0.057638,0.0528342,-0.0802714,-0.0802714;
4.43, -0.115132,-0.0225777,0.00130996,-0.0576605,0.0530668,-0.0802242,-0.0802242;
4.44, -0.0751376,-0.0221691,0.00148192,-0.0580932,0.0536632,-0.0807435,-0.0807435;
4.45, -0.0994363,-0.0233981,0.00155254,-0.0568012,0.0509059,-0.0789489,-0.0789489;
4.46, -0.0807169,-0.023597,0.00161018,-0.057041,0.0510111,-0.0792262,-0.0792262;
4.47, -0.0666108,-0.0237257,0.0014681,-0.0563827,0.0495551,-0.0782731,-0.0782731;
4.48, -0.0774213,-0.0258587,0.00133126,-0.0564034,0.0494875,-0.078223,-0.078223;
4.49, -0.112092,-0.0278906,0.00132956,-0.0570029,0.0505415,-0.0789857,-0.0789857;
4.5, -0.0715044,-0.0277028,0.00140988,-0.0570807,0.0508931,-0.0790188,-0.0790188;
4.51, -0.041357,-0.0249163,0.0015319,-0.0556387,0.0487201,-0.0769855,-0.0769855;
4.52, -0.0451259,-0.0241113,0.0016878,-0.055787,0.0494717,-0.0770879,-0.0770879;
4.53, -0.0361492,-0.0239464,0.00158641,-0.0573739,0.0524525,-0.0791665,-0.0791665;
4.54, -0.0483322,-0.0242213,0.00164453,-0.0588702,0.0550709,-0.0811208,-0.0811208;
4.55, -0.0539485,-0.0240769,0.00149943,-0.0606354,0.0581217,-0.0834163,-0.0834163;
4.56, -0.0630781,-0.0225849,0.00149716,-0.0617891,0.0601258,-0.0848957,-0.0848957;
4.57, -0.0882041,-0.0217222,0.00170613,-0.0626265,0.0615063,-0.0859535,-0.0859535;
4.58, -0.061889,-0.0217927,0.00176217,-0.0631134,0.0620164,-0.0865526,-0.0865526;
4.59, -0.0691409,-0.0224353,0.0017745,-0.0626029,0.060557,-0.085812,-0.085812;
4.6, -0.0823705,-0.0240096,0.00183366,-0.0631161,0.0609788,-0.0864275,-0.0864275;
4.61, -0.0615957,-0.0227378,0.00197604,-0.063331,0.0609971,-0.086643,-0.086643;
4.62, -0.0743401,-0.0213111,0.00192624,-0.0628775,0.0600881,-0.0859698,-0.0859698;
4.63, -0.0639289,-0.0210369,0.00158518,-0.063318,0.0606169,-0.0864964,-0.0864964;
4.64, -0.0620397,-0.0209446,0.00139917,-0.0634028,0.0602142,-0.0865471,-0.0865471;
4.65, -0.0320716,-0.022002,0.00152324,-0.0638952,0.0605212,-0.0871442,-0.0871442;
4.66, -0.0683103,-0.0213622,0.0017826,-0.064456,0.0609776,-0.0878301,-0.0878301;
4.67, -0.089825,-0.0231647,0.00182174,-0.0661272,0.063628,-0.0899878,-0.0899878;
4.68, -0.0815078,-0.0245802,0.00178312,-0.066355,0.0635803,-0.090236,-0.090236;
4.69, -0.0875197,-0.0239103,0.00192449,-0.0654727,0.0618688,-0.0889826,-0.0889826;
4.7, -0.0950669,-0.0221367,0.00199797,-0.0648108,0.0608302,-0.0880189,-0.0880189;
4.71, -0.0625985,-0.0229605,0.00227852,-0.0640334,0.0594222,-0.0869046,-0.0869046;
4.72, -0.0833756,-0.0232318,0.00201134,-0.0631217,0.0574592,-0.0856358,-0.0856358;
4.73, -0.113136,-0.0226068,0.00164605,-0.0635118,0.057967,-0.0860925,-0.0860925;
4.74, -0.132528,-0.0224038,0.0015548,-0.063111,0.0571053,-0.0854901,-0.0854901;
4.75, -0.0878983,-0.0230863,0.00172162,-0.0615224,0.0540372,-0.0833376,-0.0833376;
4.76, -0.060476,-0.0224084,0.00137761,-0.0591762,0.0496118,-0.0801836,-0.0801836;
4.77, -0.0862021,-0.023476,0.00131888,-0.0587217,0.0486371,-0.0795293,-0.0795293;
4.78, -0.082505,-0.0235006,0.0014024,-0.0596304,0.0498907,-0.0806838,-0.0806838;
4.79, -0.0441487,-0.0221213,0.00163105,-0.0594344,0.0493974,-0.0803772,-0.0803772;
4.8, -0.0429877,-0.0246076,0.00192873,-0.0593332,0.0490922,-0.0801773,-0.0801773;
4.81, -0.0930942,-0.0232639,0.00203749,-0.060925,0.0515131,-0.082224,-0.082224;
4.82, -0.08724,-0.023286,0.00183636,-0.0624396,0.0541315,-0.084148,-0.084148;
4.83, -0.0826331,-0.0207854,0.00180604,-0.0618137,0.0529242,-0.0832711,-0.0832711;
4.84, -0.0758362,-0.0206033,0.00177613,-0.0613272,0.0519659,-0.0825721,-0.0825721;
4.85, -0.0731725,-0.0245645,0.00172241,-0.0612541,0.0512975,-0.0824362,-0.0824362;
4.86, -0.0595169,-0.0230834,0.00163996,-0.0615288,0.0511632,-0.0827531,-0.0827531;
4.87, -0.0897468,-0.0225755,0.00189621,-0.0616584,0.0514337,-0.0828517,-0.0828517;
4.88, -0.0784625,-0.0223097,0.0018075,-0.0624341,0.0526332,-0.0838183,-0.0838183;
4.89, -0.0685437,-0.0194959,0.00193989,-0.0619564,0.0516045,-0.0831468,-0.0831468;
4.9, -0.0416544,-0.0224401,0.00188452,-0.0619262,0.0513015,-0.0830443,-0.0830443;
4.91, -0.0903658,-0.0260818,0.00191982,-0.0625455,0.0516407,-0.0838109,-0.0838109;
4.92, -0.068422,-0.0269414,0.00224778,-0.0641143,0.054053,-0.0858059,-0.0858059;
4.93, -0.0470802,-0.0262097,0.00184924,-0.063329,0.053108,-0.0847049,-0.0847049;
4.94, -0.0671456,-0.024744,0.00191198,-0.0633483,0.0536009,-0.084618,-0.084618;
4.95, -0.0838016,-0.021249,0.00212105,-0.0643811,0.0556494,-0.0858636,-0.0858636;
4.96, -0.0977529,-0.0226764,0.00177655,-0.0646445,0.0561595,-0.0861402,-0.0861402;
4.97, -0.070239,-0.0249342,0.00177014,-0.0643228,0.055176,-0.0856916,-0.0856916;
4.98, -0.0659875,-0.0207456,0.00176436,-0.0633004,0.0532175,-0.0843105,-0.0843105;
4.99, -0.0570268,-0.0184964,0.00181337,-0.0633737,0.0533953,-0.0843076,-0.0843076;
5, -0.0689708,-0.0195618,0.00179516,-0.063949,0.0538065,-0.0850309,-0.0850309;
5.01, -0.0648934,-0.017646,0.0020006,-0.0650899,0.0547369,-0.0864782,-0.0864782;
5.02, -0.0542267,-0.0185134,0.00205019,-0.0655748,0.0548351,-0.0870782,-0.0870782;
5.03, -0.0643612,-0.0204988,0.00218228,-0.0662813,0.0550685,-0.0879758,-0.0879758;
5.04, -0.102369,-0.0189051,0.00218803,-0.0673676,0.0560836,-0.0893525,-0.0893525;
5.05, -0.102255,-0.0200364,0.00225463,-0.0678531,0.056447,-0.0899187,-0.0899187;
5.06, -0.116048,-0.0207783,0.0023394,-0.0666931,0.0539592,-0.0883851,-0.0883851;
5.07, -0.115279,-0.0233381,0.00204805,-0.0654276,0.0514869,-0.0867226,-0.0867226;
5.08, -0.0960128,-0.0250964,0.00208541,-0.0635858,0.0482323,-0.0843041,-0.0843041;
5.09, -0.105806,-0.0255686,0.00199648,-0.0617116,0.0453165,-0.0818217,-0.0818217;
5.1, -0.113259,-0.0235628,0.00208209,-0.0606993,0.0440583,-0.0804547,-0.0804547;
5.11, -0.083341,-0.0215045,0.0019601,-0.0593725,0.0423118,-0.0786678,-0.0786678;
5.12, -0.088471,-0.0212406,0.00185384,-0.0579006,0.0400283,-0.0767385,-0.0767385;
5.13, -0.0607749,-0.0217911,0.00191048,-0.058002,0.0398818,-0.076831,-0.076831;
5.14, -0.0515046,-0.02234,0.00184178,-0.0580023,0.0395152,-0.0767901,-0.0767901;
5.15, -0.055937,-0.0239397,0.001413,-0.0591869,0.0411396,-0.0782822,-0.0782822;
5.16, -0.0482181,-0.0251003,0.00141423,-0.0607734,0.0434668,-0.0802628,-0.0802628;
5.17, -0.0994737,-0.024187,0.00184341,-0.0619709,0.0454295,-0.081738,-0.081738;
5.18, -0.0968794,-0.0223714,0.00210758,-0.0633216,0.0478362,-0.0833943,-0.0833943;
5.19, -0.0932836,-0.0223275,0.00213348,-0.0623507,0.0464406,-0.0820934,-0.0820934;
5.2, -0.0996749,-0.0246168,0.00201226,-0.0615282,0.0449805,-0.0809822,-0.0809822;
5.21, -0.0721488,-0.0249201,0.00195742,-0.0609208,0.04386,-0.0801603,-0.0801603;
5.22, -0.0309137,-0.0218651,0.00159222,-0.0599419,0.0424801,-0.0788638,-0.0788638;
5.23, -0.0520227,-0.0232588,0.00164231,-0.0602357,0.0431288,-0.0791669,-0.0791669;
5.24, -0.0684703,-0.0232974,0.00213549,-0.0626731,0.0466347,-0.0822199,-0.0822199;
5.25, -0.0691424,-0.0211823,0.00243705,-0.0640565,0.0486667,-0.0839329,-0.0839329;
5.26, -0.108573,-0.0224899,0.00212518,-0.064528,0.0492998,-0.0844696,-0.0844696;
5.27, -0.0716759,-0.0213284,0.00195463,-0.0649813,0.0496452,-0.0850138,-0.0850138;
5.28, -0.044196,-0.0187388,0.00216027,-0.0635334,0.0472186,-0.0831269,-0.0831269;
5.29, -0.076063,-0.0205973,0.00217084,-0.0638155,0.0473165,-0.083433,-0.083433;
5.3, -0.0604219,-0.019401,0.00228849,-0.0656179,0.0493801,-0.0856972,-0.0856972;
5.31, -0.0524223,-0.0185187,0.00237509,-0.0658357,0.0492753,-0.0859393,-0.0859393;
5.32, -0.0683771,-0.0196708,0.00222498,-0.0667193,0.0500744,-0.0870294,-0.0870294;
5.33, -0.0853783,-0.0227985,0.00215684,-0.0680257,0.0513914,-0.0886607,-0.0886607;
5.34, -0.088252,-0.0235094,0.00223338,-0.0684552,0.0515754,-0.0891633,-0.0891633;
5.35, -0.0838453,-0.0209308,0.00233413,-0.0677874,0.0506253,-0.0882453,-0.0882453;
5.36, -0.0711571,-0.0199559,0.0023031,-0.0669149,0.0494815,-0.0870815,-0.0870815;
5.37, -0.0774753,-0.022084,0.00222856,-0.0664748,0.0485916,-0.0864636,-0.0864636;
5.38, -0.0572782,-0.0263955,0.00203649,-0.0667487,0.04861,-0.0867731,-0.0867731;
5.39, -0.0692811,-0.0264387,0.00177969,-0.0666181,0.0483396,-0.0865543,-0.0865543;
5.4, -0.0641118,-0.0244961,0.0022096,-0.0671559,0.04968,-0.087133,-0.087133;
5.41, -0.0656714,-0.0222181,0.00247013,-0.0671418,0.0501917,-0.0870223,-0.0870223;
5.42, -0.0856638,-0.0212094,0.00218167,-0.0674544,0.05088,-0.0873256,-0.0873256;
5.43, -0.0806423,-0.022725,0.00212728,-0.0678476,0.051305,-0.0877608,-0.0877608;
5.44, -0.0816272,-0.0229157,0.00222701,-0.0673372,0.0502424,-0.0870822,-0.0870822;
5.45, -0.0681865,-0.021297,0.00214487,-0.0669326,0.0495558,-0.0865335,-0.0865335;
5.46, -0.0584785,-0.0207543,0.00213598,-0.0665205,0.0488858,-0.0859483,-0.0859483;
5.47, -0.051813,-0.024444,0.0022235,-0.0668997,0.0491177,-0.0863751,-0.0863751;
5.48, -0.0579681,-0.0240539,0.00232135,-0.0678039,0.050036,-0.0874692,-0.0874692;
5.49, -0.0394629,-0.0202916,0.00229028,-0.068748,0.0515734,-0.0885788,-0.0885788;
5.5, -0.0418293,-0.0179887,0.00209235,-0.069362,0.0525914,-0.0892742,-0.0892742;
5.51, -0.0770175,-0.0236569,0.0025283,-0.0710647,0.0546174,-0.0913474,-0.0913474;
5.52, -0.106631,-0.0245623,0.00269402,-0.0727483,0.056291,-0.0934397,-0.0934397;
5.53, -0.078173,-0.020336,0.00199654,-0.0722656,0.0556285,-0.0927654,-0.0927654;
5.54, -0.0671972,-0.0193044,0.00182727,-0.0701689,0.0528322,-0.0900526,-0.0900526;
5.55, -0.0661831,-0.0205582,0.00213393,-0.0697486,0.0518688,-0.0894876,-0.0894876;
5.56, -0.0473777,-0.0221699,0.00255762,-0.0700776,0.0517986,-0.089884,-0.089884;
5.57, -0.058744,-0.0219896,0.0024012,-0.070426,0.0519061,-0.0902736,-0.0902736;
5.58, -0.106914,-0.0218226,0.00230581,-0.0715551,0.0533966,-0.091612,-0.091612;
5.59, -0.0917168,-0.0221434,0.00240231,-0.0721318,0.0540789,-0.09226,-0.09226;
5.6, -0.0582402,-0.0224465,0.00234063,-0.0702707,0.0513074,-0.089898,-0.089898;
5.61, -0.0734197,-0.0233123,0.00202753,-0.0690891,0.0495388,-0.0883846,-0.0883846;
5.62, -0.0974809,-0.0222683,0.00231493,-0.0696839,0.0502919,-0.0890644,-0.0890644;
5.63, -0.0793613,-0.0218912,0.0025676,-0.0695654,0.0501526,-0.0888379,-0.0888379;
5.64, -0.0713628,-0.0221165,0.00278535,-0.0682653,0.0482426,-0.0871877,-0.0871877;
5.65, -0.09745,-0.0227048,0.00241822,-0.0679075,0.0475669,-0.0866987,-0.0866987;
5.66, -0.0975387,-0.0238269,0.00212543,-0.0680362,0.0475731,-0.0868022,-0.0868022;
5.67, -0.0862604,-0.0215708,0.00224588,-0.0668413,0.0458454,-0.0852753,-0.0852753;
5.68, -0.0861176,-0.0214157,0.00236522,-0.0655787,0.0441654,-0.0836574,-0.0836574;
5.69, -0.0798325,-0.0230254,0.0021501,-0.065111,0.0432568,-0.0830503,-0.0830503;
5.7, -0.0594894,-0.0219082,0.00222244,-0.0647439,0.0424674,-0.0825588,-0.0825588;
5.71, -0.0791764,-0.0214337,0.00242827,-0.0646233,0.0422484,-0.0823644,-0.0823644;
5.72, -0.0753765,-0.0211186,0.0024757,-0.0656249,0.0434164,-0.0835616,-0.0835616;
5.73, -0.0773942,-0.0220036,0.0024929,-0.0656791,0.0432155,-0.0835942,-0.0835942;
5.74, -0.0497422,-0.0224266,0.00252741,-0.0658622,0.0431697,-0.083801,-0.083801;
5.75, -0.0428071,-0.0211806,0.00238365,-0.0658972,0.0430383,-0.0838116,-0.0838116;
5.76, -0.0434635,-0.0213744,0.00217998,-0.0672993,0.0448223,-0.0854696,-0.0854696;
5.77, -0.0976797,-0.0222554,0.00228547,-0.0691151,0.0470258,-0.0876682,-0.0876682;
5.78, -0.0905778,-0.0217336,0.00237433,-0.070811,0.0490718,-0.0897052,-0.0897052;
5.79, -0.0641563,-0.0230645,0.00251756,-0.069562,0.0472846,-0.0881172,-0.0881172;
5.8, -0.0686855,-0.0234608,0.00250061,-0.068554,0.0458183,-0.0868523,-0.0868523;
5.81, -0.0613996,-0.0219045,0.00242515,-0.068919,0.0463384,-0.0872272,-0.0872272;
5.82, -0.0449064,-0.0225996,0.00219127,-0.0691132,0.0466515,-0.0874059,-0.0874059;
5.83, -0.0784422,-0.0214997,0.00253104,-0.0697561,0.0473528,-0.0881425,-0.0881425;
5.84, -0.0737445,-0.0194735,0.00284238,-0.0711771,0.0491891,-0.0898345,-0.0898345;
5.85, -0.0615543,-0.0197844,0.00261443,-0.0709227,0.0486218,-0.0894712,-0.0894712;
5.86, -0.0683451,-0.0209931,0.00241088,-0.0709252,0.0481476,-0.0894505,-0.0894505;
5.87, -0.0866112,-0.0194104,0.00237145,-0.0715612,0.0485492,-0.0901961,-0.0901961;
5.88, -0.0711225,-0.0193047,0.00235357,-0.071766,0.0485689,-0.0904035,-0.0904035;
5.89, -0.0607499,-0.0221113,0.00207214,-0.0710738,0.0472433,-0.0895451,-0.0895451;
5.9, -0.0987771,-0.0210114,0.00228565,-0.0712018,0.0469556,-0.0896692,-0.0896692;
5.91, -0.0841351,-0.0191096,0.00255269,-0.0717378,0.0476001,-0.0902633,-0.0902633;
5.92, -0.0900083,-0.0242819,0.00263976,-0.0703461,0.0456164,-0.08852,-0.08852;
5.93, -0.0653418,-0.0215785,0.00228388,-0.0698036,0.044482,-0.0878335,-0.0878335;
5.94, -0.0993001,-0.0200902,0.00235671,-0.06871,0.0433217,-0.0864476,-0.0864476;
5.95, -0.108265,-0.0231212,0.00261327,-0.0691262,0.0437782,-0.0869055,-0.0869055;
5.96, -0.0741856,-0.02559,0.00259375,-0.067953,0.0419229,-0.0854446,-0.0854446;
5.97, -0.067548,-0.0233422,0.00269575,-0.0660809,0.0395827,-0.0831066,-0.0831066;
5.98, -0.0634765,-0.0195554,0.00278329,-0.0659244,0.0397932,-0.0828459,-0.0828459;
5.99, -0.0538518,-0.0192846,0.00260848,-0.066392,0.0404894,-0.0833687,-0.0833687;
6, -0.060787,-0.0208776,0.00242476,-0.0673389,0.0412592,-0.084501,-0.084501;
6.01, -0.0751681,-0.0216091,0.00251199,-0.0688031,0.0426059,-0.0862556,-0.0862556;
6.02, -0.0609021,-0.0198604,0.00266901,-0.0697094,0.0435077,-0.0873155,-0.0873155;
6.03, -0.0473639,-0.0205926,0.00253714,-0.0696959,0.0433773,-0.0872593,-0.0872593;
6.04, -0.0633241,-0.0229133,0.00268215,-0.0704721,0.0440538,-0.0881824,-0.0881824;
6.05, -0.0738143,-0.0206396,0.00270756,-0.0719693,0.0456872,-0.0899467,-0.0899467;
6.06, -0.085929,-0.0184439,0.00229389,-0.0723993,0.0463023,-0.0904029,-0.0904029;
6.07, -0.121057,-0.0198384,0.00227181,-0.072294,0.0459807,-0.0902343,-0.0902343;
6.08, -0.0784881,-0.0223293,0.00245606,-0.0716685,0.0446895,-0.0894648,-0.0894648;
6.09, -0.0713382,-0.0232479,0.0022423,-0.0690571,0.0411216,-0.0862871,-0.0862871;
6.1, -0.0841531,-0.0224293,0.0022275,-0.0686307,0.0406112,-0.085718,-0.085718;
6.11, -0.0569034,-0.0224822,0.00234339,-0.0687118,0.040872,-0.0857445,-0.0857445;
6.12, -0.0400407,-0.0218763,0.00274074,-0.0681906,0.0402558,-0.0850699,-0.0850699;
6.13, -0.0229075,-0.0240669,0.00261911,-0.0691328,0.0414479,-0.0861576,-0.0861576;
6.14, -0.0304532,-0.0210473,0.00234379,-0.0710612,0.0437844,-0.0884252,-0.0884252;
6.15, -0.0416048,-0.019514,0.00280242,-0.0737322,0.0472781,-0.0915648,-0.0915648;
6.16, -0.0604976,-0.0195688,0.00302692,-0.0760547,0.0499588,-0.0943111,-0.0943111;
6.17, -0.103232,-0.0192662,0.00295345,-0.0776669,0.0515648,-0.0962272,-0.0962272;
6.18, -0.0806498,-0.0202292,0.00285146,-0.0780889,0.0517179,-0.0966941,-0.0966941;
6.19, -0.0934218,-0.0191333,0.00287925,-0.0760672,0.0488754,-0.0942422,-0.0942422;
6.2, -0.0880519,-0.0184349,0.00279135,-0.0751943,0.0475808,-0.0931466,-0.0931466;
6.21, -0.101194,-0.020073,0.00277572,-0.0738343,0.045568,-0.0914771,-0.0914771;
6.22, -0.104786,-0.0212714,0.0026544,-0.072878,0.0439654,-0.0903098,-0.0903098;
6.23, -0.0913719,-0.0233548,0.00235273,-0.0711856,0.0416902,-0.0882605,-0.0882605;
6.24, -0.142569,-0.0241668,0.00234519,-0.0693006,0.0393316,-0.085951,-0.085951;
6.25, -0.107675,-0.0207217,0.00252636,-0.0681302,0.0381244,-0.0845004,-0.0845004;
6.26, -0.0590495,-0.0198526,0.0026752,-0.0642283,0.0337047,-0.0797629,-0.0797629;
6.27, -0.0503045,-0.0209519,0.00292735,-0.0625447,0.0315219,-0.0777243,-0.0777243;
6.28, -0.0460985,-0.0198198,0.00279067,-0.0639081,0.0328219,-0.0793385,-0.0793385;
6.29, -0.0405989,-0.0193032,0.00261813,-0.065835,0.0348876,-0.0816221,-0.0816221;
6.3, -0.0732556,-0.0197396,0.00276312,-0.0679588,0.0370933,-0.0841406,-0.0841406;
6.31, -0.0817042,-0.0204129,0.00304553,-0.0702899,0.039481,-0.0869012,-0.0869012;
6.32, -0.0525044,-0.0209281,0.00290651,-0.0705953,0.0395713,-0.0872544,-0.0872544;
6.33, -0.0266871,-0.0230862,0.00270686,-0.0702232,0.0389706,-0.0867711,-0.0867711;
6.34, -0.101021,-0.0236194,0.00275491,-0.0714418,0.0403129,-0.088174,-0.088174;
6.35, -0.0575867,-0.0218967,0.00301786,-0.0739714,0.0435131,-0.0911286,-0.0911286;
6.36, -0.0140339,-0.0211619,0.00297328,-0.0722243,0.0417158,-0.0889796,-0.0889796;
6.37, -0.0864885,-0.0203715,0.00268026,-0.0728493,0.0424805,-0.0896644,-0.0896644;
6.38, -0.063085,-0.021435,0.00291032,-0.0760989,0.04619,-0.0934907,-0.0934907;
6.39, -0.0545553,-0.0214289,0.0026045,-0.0752864,0.0450275,-0.092479,-0.092479;
6.4, -0.072401,-0.0219029,0.00292894,-0.0754769,0.0452094,-0.0926472,-0.0926472;
6.41, -0.0628295,-0.0207703,0.003089,-0.0762059,0.0460272,-0.0934644,-0.0934644;
6.42, -0.0707204,-0.0224242,0.00267409,-0.0758744,0.0456645,-0.0930228,-0.0930228;
6.43, -0.0839653,-0.022494,0.00277779,-0.0761262,0.0458191,-0.0932688,-0.0932688;
6.44, -0.0597377,-0.0189395,0.00293,-0.0758443,0.0455555,-0.0928713,-0.0928713;
6.45, -0.0557232,-0.0190061,0.00278251,-0.0747729,0.0443995,-0.0915437,-0.0915437;
6.46, -0.0822539,-0.0195503,0.00273838,-0.0753496,0.0446652,-0.0922036,-0.0922036;
6.47, -0.0677498,-0.0208771,0.00250156,-0.0762443,0.0452771,-0.0932327,-0.0932327;
6.48, -0.073238,-0.0207511,0.00253087,-0.075513,0.044154,-0.0923495,-0.0923495;
6.49, -0.0608081,-0.0191778,0.00299217,-0.0754779,0.0440045,-0.0922683,-0.0922683;
6.5, -0.0423798,-0.0203903,0.00318312,-0.075207,0.0435418,-0.0919013,-0.0919013;
6.51, -0.0716379,-0.0221523,0.00317422,-0.0757541,0.0438251,-0.0925163,-0.0925163;
6.52, -0.0697185,-0.0216328,0.00291342,-0.0772973,0.0454021,-0.0943049,-0.0943049;
6.53, -0.0587614,-0.0183792,0.00286987,-0.0769977,0.0451124,-0.0938879,-0.0938879;
6.54, -0.0930448,-0.0163731,0.00298706,-0.0767213,0.0448178,-0.0935131,-0.0935131;
6.55, -0.105449,-0.0179764,0.00314779,-0.0773295,0.0450947,-0.0942088,-0.0942088;
6.56, -0.0790213,-0.019509,0.00301631,-0.0760935,0.0430369,-0.0927469,-0.0927469;
6.57, -0.0925865,-0.0194272,0.00254527,-0.0739841,0.0402268,-0.0902422,-0.0902422;
6.58, -0.100445,-0.0209107,0.00276552,-0.0733859,0.0393552,-0.0895274,-0.0895274;
6.59, -0.09348,-0.0209088,0.00294143,-0.0721863,0.0377719,-0.0880769,-0.0880769;
6.6, -0.0496374,-0.0222912,0.00305644,-0.0704454,0.0358149,-0.0859839,-0.0859839;
6.61, -0.0577257,-0.0244195,0.00296162,-0.0691966,0.0344153,-0.0844871,-0.0844871;
6.62, -0.0769323,-0.0206136,0.00292642,-0.0705795,0.036052,-0.0860615,-0.0860615;
6.63, -0.0747879,-0.0196495,0.00286128,-0.0714376,0.0373683,-0.0869868,-0.0869868;
6.64, -0.0493422,-0.0201456,0.00276894,-0.0713134,0.0371261,-0.0868075,-0.0868075;
6.65, -0.0347225,-0.0212756,0.00246726,-0.0713227,0.036879,-0.0867967,-0.0867967;
6.66, -0.0514989,-0.0218272,0.00280284,-0.0727976,0.0383161,-0.0885136,-0.0885136;
6.67, -0.0545599,-0.0204704,0.00311924,-0.0750856,0.040763,-0.0911484,-0.0911484;
6.68, -0.0471458,-0.0198828,0.00305408,-0.0762434,0.0420463,-0.0924464,-0.0924464;
6.69, -0.0455004,-0.0201681,0.00287887,-0.0771111,0.0428975,-0.0934214,-0.0934214;
6.7, -0.0841624,-0.020393,0.00285803,-0.0783831,0.0441018,-0.0948825,-0.0948825;
6.71, -0.0631618,-0.0182409,0.00305332,-0.0796922,0.0453528,-0.0963799,-0.0963799;
6.72, -0.0641911,-0.01822,0.00314456,-0.0785652,0.0440325,-0.0950238,-0.0950238;
6.73, -0.0650515,-0.0169946,0.00300711,-0.0787682,0.0438599,-0.0952305,-0.0952305;
6.74, -0.0611204,-0.0192822,0.0028209,-0.0789605,0.0437076,-0.095434,-0.095434;
6.75, -0.0594735,-0.0227052,0.00308124,-0.0791893,0.0434382,-0.0956808,-0.0956808;
6.76, -0.0603459,-0.0217233,0.00296904,-0.0794805,0.0435419,-0.0959953,-0.0959953;
6.77, -0.0713301,-0.0207963,0.00311287,-0.0796351,0.0439395,-0.0961062,-0.0961062;
6.78, -0.0902872,-0.0200012,0.00336839,-0.0797958,0.0442182,-0.0962176,-0.0962176;
6.79, -0.0796829,-0.0197185,0.00315626,-0.0793209,0.0437092,-0.0956167,-0.0956167;
6.8, -0.0652342,-0.0198184,0.00286582,-0.0777288,0.0419133,-0.0937246,-0.0937246;
6.81, -0.0504277,-0.0188418,0.00271769,-0.076841,0.0408105,-0.0926452,-0.0926452;
6.82, -0.0820417,-0.0196996,0.0029671,-0.07694,0.0407624,-0.0927371,-0.0927371;
6.83, -0.0978735,-0.0219752,0.00331181,-0.0781002,0.0416851,-0.0940499,-0.0940499;
6.84, -0.0791142,-0.02202,0.00361851,-0.0772501,0.0406148,-0.0930312,-0.0930312;
6.85, -0.0731182,-0.0214383,0.0032684,-0.0751902,0.0385746,-0.0905799,-0.0905799;
6.86, -0.0842531,-0.0205934,0.00306502,-0.0743317,0.0378114,-0.0895184,-0.0895184;
6.87, -0.0629695,-0.0196831,0.0031267,-0.0740393,0.0375351,-0.0891337,-0.0891337;
6.88, -0.101026,-0.0185919,0.00292319,-0.0731753,0.0365512,-0.0880935,-0.0880935;
6.89, -0.113821,-0.0196099,0.00283723,-0.0737081,0.0368805,-0.0886952,-0.0886952;
6.9, -0.0695351,-0.0204445,0.00297861,-0.0720411,0.0347958,-0.0867456,-0.0867456;
6.91, -0.0508358,-0.0212087,0.00310974,-0.069472,0.0319176,-0.0837401,-0.0837401;
6.92, -0.0303112,-0.020246,0.00308874,-0.0696886,0.032054,-0.0839708,-0.0839708;
6.93, -0.0329912,-0.0201424,0.00263476,-0.0712172,0.0336016,-0.0857054,-0.0857054;
6.94, -0.0511698,-0.0196004,0.00295597,-0.0740932,0.0363721,-0.0890144,-0.0890144;
6.95, -0.0588868,-0.0200285,0.0033087,-0.0766915,0.0388677,-0.0919929,-0.0919929;
6.96, -0.0647601,-0.0216758,0.00329952,-0.077953,0.0399785,-0.0934373,-0.0934373;
6.97, -0.0549828,-0.021696,0.00288836,-0.0785311,0.0404464,-0.0940727,-0.0940727;
6.98, -0.0896005,-0.0200308,0.00291823,-0.0785416,0.0405481,-0.0940206,-0.0940206;
6.99, -0.0960034,-0.0192771,0.00357416,-0.0791143,0.0412272,-0.0946301,-0.0946301;
7, -0.0758434,-0.0191001,0.00352787,-0.0776297,0.0396083,-0.0928768,-0.0928768;
7.01, -0.0885737,-0.0190551,0.00322023,-0.075746,0.037498,-0.0906635,-0.0906635;
7.02, -0.0911544,-0.0182976,0.0030106,-0.0752438,0.0367618,-0.0900545,-0.0900545;
7.03, -0.0781758,-0.0188565,0.00314069,-0.0740868,0.0353476,-0.0887012,-0.0887012;
7.04, -0.0748578,-0.0215824,0.00319928,-0.0728532,0.0337804,-0.0872699,-0.0872699;
7.05, -0.0521601,-0.0204137,0.00313683,-0.0724856,0.033154,-0.0868372,-0.0868372;
7.06, -0.0600336,-0.0210379,0.00292915,-0.0722558,0.0329804,-0.0865185,-0.0865185;
7.07, -0.05447,-0.0230568,0.00307194,-0.0735616,0.0342144,-0.0879858,-0.0879858;
7.08, -0.0340221,-0.0205354,0.00339746,-0.0743328,0.0349852,-0.088836,-0.088836;
7.09, -0.0429955,-0.0179308,0.00344131,-0.075213,0.0361301,-0.0898021,-0.0898021;
7.1, -0.0356008,-0.0172726,0.00322885,-0.0775188,0.0383586,-0.0924176,-0.0924176;
7.11, -0.0492691,-0.0218053,0.00333304,-0.0793746,0.0397952,-0.0945408,-0.0945408;
7.12, -0.0429161,-0.021608,0.00368348,-0.0815728,0.0414994,-0.0970773,-0.0970773;
7.13, -0.0588726,-0.0186145,0.0035525,-0.0824731,0.0424897,-0.098049,-0.098049;
7.14, -0.0522765,-0.0159792,0.00310824,-0.083619,0.0437438,-0.0993022,-0.0993022;
7.15, -0.0911275,-0.016004,0.00310575,-0.0838691,0.043756,-0.0995616,-0.0995616;
7.16, -0.0843503,-0.0162437,0.00319765,-0.0846245,0.0439505,-0.100439,-0.100439;
7.17, -0.0655551,-0.0168682,0.00319119,-0.0828778,0.0416998,-0.0984142,-0.0984142;
7.18, -0.0564257,-0.0183247,0.00324247,-0.0814916,0.0398682,-0.0968094,-0.0968094;
7.19, -0.0858927,-0.0215425,0.00315602,-0.0813863,0.0393982,-0.096685,-0.096685;
7.2, -0.094072,-0.0218251,0.00284132,-0.0818789,0.0396879,-0.0972299,-0.0972299;
7.21, -0.0877066,-0.0222142,0.00282907,-0.0802829,0.0383475,-0.0953215,-0.0953215;
7.22, -0.106044,-0.0217739,0.00329362,-0.0781051,0.0364779,-0.0927444,-0.0927444;
7.23, -0.0440042,-0.0205464,0.00337428,-0.076382,0.0351255,-0.0907151,-0.0907151;
7.24, -0.0568624,-0.0212367,0.00342766,-0.0736741,0.0327259,-0.0875465,-0.0875465;
7.25, -0.0464301,-0.0195305,0.0032981,-0.0752536,0.0341956,-0.089305,-0.089305;
7.26, -0.0474673,-0.0196143,0.00318854,-0.076124,0.0350565,-0.0902838,-0.0902838;
7.27, -0.0643802,-0.0192404,0.00350073,-0.0776947,0.0363708,-0.0920471,-0.0920471;
7.28, -0.0766634,-0.0175038,0.00371287,-0.0791055,0.0375705,-0.0936341,-0.0936341;
7.29, -0.0724294,-0.0189294,0.00343879,-0.0793074,0.0375944,-0.0938442,-0.0938442;
7.3, -0.0962057,-0.0213747,0.00317045,-0.0787313,0.0366751,-0.0931693,-0.0931693;
7.31, -0.0750838,-0.0185604,0.00317754,-0.0783216,0.0360838,-0.0926838,-0.0926838;
7.32, -0.0880381,-0.0170904,0.00296936,-0.0762023,0.0342144,-0.0902079,-0.0902079;
7.33, -0.0571549,-0.0176695,0.00301607,-0.0757167,0.0335253,-0.089625,-0.089625;
7.34, -0.0515484,-0.0183465,0.00312427,-0.0746258,0.0320921,-0.0883842,-0.0883842;
7.35, -0.0597626,-0.0188679,0.00348866,-0.075565,0.0326358,-0.0894527,-0.0894527;
7.36, -0.0614861,-0.0210214,0.00356918,-0.0769197,0.033645,-0.090988,-0.090988;
7.37, -0.0765389,-0.0210608,0.00344208,-0.0776281,0.0341346,-0.0917587,-0.0917587;
7.38, -0.0774193,-0.0189478,0.00337105,-0.0779615,0.0345575,-0.0921024,-0.0921024;
7.39, -0.0480283,-0.0211703,0.00339751,-0.077248,0.0340223,-0.0912315,-0.0912315;
7.4, -0.0254965,-0.023163,0.00328783,-0.0765825,0.033278,-0.0904499,-0.0904499;
7.41, -0.0241896,-0.0197401,0.00327157,-0.077795,0.0344902,-0.091774,-0.091774;
7.42, -0.0555187,-0.0198389,0.00374161,-0.0804204,0.0372437,-0.094697,-0.094697;
7.43, -0.0671862,-0.0198149,0.00371813,-0.0832809,0.039791,-0.0979348,-0.0979348;
7.44, -0.0457019,-0.0189444,0.00349895,-0.0838516,0.0402279,-0.0985464,-0.0985464;
7.45, -0.048517,-0.0193433,0.00331756,-0.0834311,0.0397636,-0.0980159,-0.0980159;
7.46, -0.0824426,-0.0179506,0.00355594,-0.0844554,0.0405278,-0.099151,-0.099151;
7.47, -0.0711449,-0.0190018,0.00351607,-0.0852906,0.0411632,-0.100072,-0.100072;
7.48, -0.0773609,-0.0199361,0.00300943,-0.0838574,0.0395953,-0.0984204,-0.0984204;
7.49, -0.0619564,-0.0187774,0.00315785,-0.0830451,0.0387245,-0.09747,-0.09747;
7.5, -0.0628253,-0.0179329,0.00340886,-0.0818669,0.0376393,-0.0960736,-0.0960736;
7.51, -0.0533736,-0.017725,0.00343693,-0.081853,0.0374785,-0.0960294,-0.0960294;
7.52, -0.0512593,-0.0169348,0.00356703,-0.0819437,0.037277,-0.0961189,-0.0961189;
7.53, -0.0540022,-0.0175296,0.00359864,-0.0827043,0.0376389,-0.0969619,-0.0969619;
7.54, -0.0587961,-0.0190794,0.00344393,-0.0836449,0.0380861,-0.0980203,-0.0980203;
7.55, -0.054847,-0.0190237,0.00351677,-0.0842893,0.0383823,-0.0987343,-0.0987343;
7.56, -0.0753716,-0.018089,0.00345059,-0.0844402,0.0384294,-0.0988711,-0.0988711;
7.57, -0.0609889,-0.017056,0.00356142,-0.0848088,0.0386778,-0.0992623,-0.0992623;
7.58, -0.0740003,-0.0171007,0.0035936,-0.0838259,0.037632,-0.0981179,-0.0981179;
7.59, -0.0931966,-0.0180406,0.00361206,-0.0838598,0.0373753,-0.0981431,-0.0981431;
7.6, -0.064725,-0.0193117,0.0035421,-0.0830791,0.0363943,-0.0972354,-0.0972354;
7.61, -0.04727,-0.018197,0.00356289,-0.0809145,0.0343106,-0.0947463,-0.0947463;
7.62, -0.0601882,-0.0161046,0.00341448,-0.0806806,0.0340834,-0.0944461,-0.0944461;
7.63, -0.0400738,-0.0162495,0.00338258,-0.0818858,0.0349838,-0.0957992,-0.0957992;
7.64, -0.041385,-0.0179735,0.00333997,-0.0823456,0.035001,-0.0963134,-0.0963134;
7.65, -0.0548778,-0.0189044,0.0033974,-0.0841193,0.0361667,-0.0983038,-0.0983038;
7.66, -0.0887245,-0.0203057,0.00368568,-0.0856514,0.0373376,-0.100015,-0.100015;
7.67, -0.106547,-0.020895,0.00371597,-0.0860398,0.0376642,-0.100412,-0.100412;
7.68, -0.0864757,-0.0210504,0.00359105,-0.0838536,0.0359387,-0.0978868,-0.0978868;
7.69, -0.0943331,-0.0199709,0.00365324,-0.0803605,0.0331615,-0.0938735,-0.0938735;
7.7, -0.0847712,-0.0215191,0.00338081,-0.0784304,0.0317038,-0.091632,-0.091632;
7.71, -0.0887457,-0.0183886,0.00333646,-0.0762656,0.0299063,-0.0891482,-0.0891482;
7.72, -0.0589882,-0.0172974,0.00324232,-0.0748096,0.0288745,-0.0874474,-0.0874474;
7.73, -0.0482808,-0.0194644,0.00329412,-0.0734535,0.0275305,-0.0858906,-0.0858906;
7.74, -0.047936,-0.0190337,0.00373512,-0.0743735,0.0279733,-0.0869255,-0.0869255;
7.75, -0.0398282,-0.0174994,0.00367108,-0.0760032,0.029257,-0.088759,-0.088759;
7.76, -0.0403489,-0.0201179,0.00361728,-0.0776128,0.0305039,-0.0905529,-0.0905529;
7.77, -0.0473216,-0.018975,0.00367404,-0.079792,0.0320532,-0.0929865,-0.0929865;
7.78, -0.100066,-0.020795,0.00350702,-0.0816081,0.033625,-0.0950104,-0.0950104;
7.79, -0.0977811,-0.022095,0.00351274,-0.0828438,0.0346065,-0.0963678,-0.0963678;
7.8, -0.0572004,-0.0208826,0.00379043,-0.0800991,0.0324361,-0.0932174,-0.0932174;
7.81, -0.0740389,-0.0192508,0.00379358,-0.0773269,0.0304013,-0.0900346,-0.0900346;
7.82, -0.0600698,-0.0186819,0.00351653,-0.0777221,0.0308443,-0.0904382,-0.0904382;
7.83, -0.0733596,-0.0215431,0.00379405,-0.0772314,0.0303394,-0.0898603,-0.0898603;
7.84, -0.0664712,-0.021203,0.00344417,-0.0777673,0.0305853,-0.0904367,-0.0904367;
7.85, -0.035871,-0.0197979,0.00363625,-0.0771736,0.030246,-0.0897187,-0.0897187;
7.86, -0.0398755,-0.0181833,0.00363588,-0.0770544,0.0302652,-0.0895415,-0.0895415;
7.87, -0.0417065,-0.0167716,0.00348682,-0.0792829,0.0320287,-0.0920255,-0.0920255;
7.88, -0.0437427,-0.0158389,0.00378517,-0.081308,0.0334691,-0.0942986,-0.0942986;
7.89, -0.059728,-0.017473,0.00371611,-0.0831492,0.0345755,-0.0963581,-0.0963581;
7.9, -0.0789391,-0.0174053,0.00368865,-0.084746,0.0353958,-0.0981694,-0.0981694;
7.91, -0.0824938,-0.0167095,0.00362749,-0.0849636,0.0352904,-0.0983916,-0.0983916;
7.92, -0.0895342,-0.0187186,0.00396001,-0.0836595,0.0339934,-0.096917,-0.096917;
7.93, -0.0802949,-0.0181176,0.00402154,-0.0821089,0.0324515,-0.0951652,-0.0951652;
7.94, -0.0938282,-0.0164949,0.00354569,-0.0800221,0.0306943,-0.0927851,-0.0927851;
7.95, -0.0860679,-0.0186288,0.00361372,-0.0787653,0.0295366,-0.0913421,-0.0913421;
7.96, -0.0604997,-0.0187834,0.00344696,-0.0767801,0.0276061,-0.0891202,-0.0891202;
7.97, -0.0671903,-0.0193744,0.00338467,-0.0753068,0.0263291,-0.0874499,-0.0874499;
7.98, -0.0749144,-0.0190187,0.00322384,-0.0758389,0.0266894,-0.08802,-0.08802;
7.99, -0.0657748,-0.0208825,0.00334,-0.0759574,0.0267786,-0.0881168,-0.0881168;
8, -0.0406459,-0.0200221,0.00353122,-0.0754907,0.0263715,-0.0875715,-0.0875715;
8.01, -0.0504204,-0.0180947,0.0035144,-0.075554,0.0265875,-0.0875931,-0.0875931;
8.02, -0.0472662,-0.0184166,0.00352356,-0.0775551,0.0282325,-0.0897943,-0.0897943;
8.03, -0.0817625,-0.0168665,0.00331218,-0.0789615,0.0291669,-0.0913626,-0.0913626;
8.04, -0.10362,-0.0179454,0.00354595,-0.0804116,0.030201,-0.0929726,-0.0929726;
8.05, -0.0490583,-0.0194272,0.00392186,-0.0793438,0.0290647,-0.0917691,-0.0917691;
8.06, -0.0460677,-0.020614,0.00392692,-0.0764734,0.0266384,-0.0885418,-0.0885418;
8.07, -0.0653486,-0.0219845,0.00369439,-0.0775902,0.0275429,-0.0897479,-0.0897479;
8.08, -0.066264,-0.0211404,0.00373528,-0.0790783,0.0288385,-0.0913646,-0.0913646;
8.09, -0.0503566,-0.0187024,0.0037805,-0.0789619,0.0290375,-0.0911814,-0.0911814;
8.1, -0.0356143,-0.0195057,0.00365669,-0.0787009,0.0290426,-0.0908414,-0.0908414;
8.11, -0.0375556,-0.0196772,0.00366997,-0.0797857,0.0298039,-0.0920282,-0.0920282;
8.12, -0.0868013,-0.0184032,0.00362744,-0.0819422,0.0314544,-0.0944152,-0.0944152;
8.13, -0.0665147,-0.0190231,0.00386203,-0.0838825,0.0329369,-0.0965357,-0.0965357;
8.14, -0.0636657,-0.0195969,0.00394097,-0.0820516,0.031392,-0.0944793,-0.0944793;
8.15, -0.0834912,-0.0165092,0.00365636,-0.0815435,0.0309434,-0.0938776,-0.0938776;
8.16, -0.0645399,-0.0175774,0.00345755,-0.081364,0.0307923,-0.0936326,-0.0936326;
8.17, -0.0773783,-0.0177156,0.00373758,-0.0799343,0.0293414,-0.0920453,-0.0920453;
8.18, -0.0876221,-0.0156385,0.00390957,-0.0798676,0.0290425,-0.0919525,-0.0919525;
8.19, -0.0422062,-0.0162134,0.00365514,-0.0789181,0.0281173,-0.0908879,-0.0908879;
8.2, -0.0459561,-0.017864,0.00365642,-0.0773436,0.0264947,-0.0891475,-0.0891475;
8.21, -0.0482323,-0.0172438,0.00375389,-0.0792124,0.0275726,-0.0912279,-0.0912279;
8.22, -0.0620291,-0.0163204,0.00386563,-0.0808006,0.0286339,-0.0929771,-0.0929771;
8.23, -0.0504151,-0.0179777,0.00380693,-0.0821371,0.0294371,-0.0944488,-0.0944488;
8.24, -0.0378569,-0.0186894,0.00376062,-0.0823647,0.029323,-0.0946946,-0.0946946;
8.25, -0.0494179,-0.0193294,0.00365994,-0.08323,0.0299077,-0.0956435,-0.0956435;
8.26, -0.0669932,-0.0197584,0.00388703,-0.0849994,0.031249,-0.0975806,-0.0975806;
8.27, -0.0427851,-0.0194243,0.00343042,-0.0857814,0.0319313,-0.0984096,-0.0984096;
8.28, -0.0314862,-0.0184751,0.00361952,-0.0850767,0.0315202,-0.0975783,-0.0975783;
8.29, -0.0394987,-0.0175618,0.00413089,-0.0861742,0.0324229,-0.0987458,-0.0987458;
8.3, -0.0485694,-0.0176464,0.00429412,-0.0882395,0.0339406,-0.101006,-0.101006;
8.31, -0.0675354,-0.0163934,0.00421606,-0.0896643,0.0348725,-0.102567,-0.102567;
8.32, -0.0517645,-0.0135312,0.00419818,-0.0902313,0.0351707,-0.103176,-0.103176;
8.33, -0.0893877,-0.0159988,0.0039874,-0.0893291,0.0342528,-0.102157,-0.102157;
8.34, -0.0626179,-0.0177611,0.00405856,-0.0897687,0.0340364,-0.102658,-0.102658;
8.35, -0.0564283,-0.0160997,0.00407461,-0.0872339,0.0318866,-0.0998415,-0.0998415;
8.36, -0.0711141,-0.0171479,0.00394254,-0.086619,0.0313655,-0.0991124,-0.0991124;
8.37, -0.0655263,-0.0188105,0.0037689,-0.0867616,0.0312437,-0.0992506,-0.0992506;
8.38, -0.0492919,-0.0196709,0.00400373,-0.0857575,0.0303799,-0.0981206,-0.0981206;
8.39, -0.0953628,-0.0191272,0.00399435,-0.0850425,0.0299294,-0.0972967,-0.0972967;
8.4, -0.104769,-0.0174255,0.00378757,-0.0856047,0.0304996,-0.0978611,-0.0978611;
8.41, -0.0609652,-0.0172356,0.00391769,-0.0827304,0.0284708,-0.0946171,-0.0946171;
8.42, -0.0744009,-0.0191427,0.00380662,-0.0791865,0.0257682,-0.0906655,-0.0906655;
8.43, -0.0626393,-0.0203827,0.00360727,-0.0792248,0.0256531,-0.0907091,-0.0907091;
8.44, -0.0366459,-0.019562,0.00362143,-0.0783827,0.0250793,-0.0897401,-0.0897401;
8.45, -0.0486733,-0.0187975,0.00368332,-0.0783729,0.0252421,-0.08968,-0.08968;
8.46, -0.0556784,-0.0181894,0.00389407,-0.0804861,0.0268411,-0.0919831,-0.0919831;
8.47, -0.0781253,-0.0196357,0.00417654,-0.0817162,0.0277112,-0.0933122,-0.0933122;
8.48, -0.0342456,-0.0183973,0.0040946,-0.0822846,0.0280319,-0.0939201,-0.0939201;
8.49, -0.0251474,-0.0189733,0.00378483,-0.0809156,0.027109,-0.0923708,-0.0923708;
8.5, -0.0535697,-0.0183273,0.0040439,-0.0829865,0.0285371,-0.0946498,-0.0946498;
8.51, -0.0318514,-0.0180214,0.00423536,-0.0858505,0.0305712,-0.0977789,-0.0977789;
8.52, -0.0429718,-0.0171959,0.00403634,-0.0863842,0.0308621,-0.0983377,-0.0983377;
8.53, -0.0544975,-0.0152427,0.00395658,-0.0883901,0.0321967,-0.100537,-0.100537;
8.54, -0.0454757,-0.0172801,0.00412681,-0.0895376,0.0328419,-0.101793,-0.101793;
8.55, -0.0338481,-0.0164743,0.00405562,-0.089771,0.0326268,-0.10205,-0.10205;
8.56, -0.0402329,-0.0155758,0.00380653,-0.0904818,0.0329758,-0.102819,-0.102819;
8.57, -0.0575558,-0.0162009,0.00379969,-0.0921511,0.0339325,-0.10464,-0.10464;
8.58, -0.0607214,-0.0170645,0.00399933,-0.0933161,0.0344616,-0.105917,-0.105917;
8.59, -0.0606423,-0.0182179,0.00413971,-0.0929377,0.0339837,-0.105488,-0.105488;
8.6, -0.0807058,-0.0171561,0.0042497,-0.0921656,0.0333451,-0.104603,-0.104603;
8.61, -0.0858596,-0.0170928,0.00402251,-0.0913671,0.0327943,-0.103678,-0.103678;
8.62, -0.0704385,-0.0175876,0.00402884,-0.089098,0.0311083,-0.101142,-0.101142;
8.63, -0.0740711,-0.0176722,0.00436775,-0.0864823,0.0291846,-0.098225,-0.098225;
8.64, -0.0325837,-0.0184619,0.00424468,-0.0851893,0.0282511,-0.096783,-0.096783;
8.65, -0.0746916,-0.0174522,0.00405733,-0.0838204,0.0272481,-0.0952413,-0.0952413;
8.66, -0.114832,-0.0163407,0.00404048,-0.0858238,0.0286228,-0.0974082,-0.0974082;
8.67, -0.0834683,-0.0177253,0.00402163,-0.0846258,0.0276889,-0.0960797,-0.0960797;
8.68, -0.0806442,-0.0172779,0.00397925,-0.0801488,0.024396,-0.0456767,-0.0456767;
8.69, -0.0844868,-0.0162394,0.00386167,-0.0781521,0.0229639,-0.00859618,-0.00859618;
8.7, -0.0806961,-0.0172326,0.00392873,-0.0765208,0.0220393,-0.00142095,-0.00142095;
8.71, -0.0670156,-0.0197732,0.00389456,-0.074619,0.0210611,-0.000234883,-0.000234883;
8.72, -0.0404919,-0.0190808,0.00372773,-0.073048,0.0204281,-3.88261e-05,-3.88261e-05;
8.73, -0.047416,-0.0168108,0.00394027,-0.0725717,0.0207488,-6.41796e-06,-6.41796e-06;
8.74, -0.0769839,-0.0170883,0.00397866,-0.0743784,0.0225039,-1.06089e-06,-1.06089e-06;
8.75, -0.0814525,-0.0156747,0.00385737,-0.0758379,0.0237066,-1.75365e-07,-1.75365e-07;
8.76, -0.0480943,-0.0153142,0.00358937,-0.0747467,0.0232069,-2.89878e-08,-2.89878e-08;
8.77, -0.0865666,-0.0166762,0.00374689,-0.0732324,0.0223053,-4.79168e-09,-4.79168e-09;
8.78, -0.0449499,-0.0168267,0.00378102,-0.0745501,0.0232101,-7.92065e-10,-7.92065e-10;
8.79, -0.0407976,-0.0144814,0.00368333,-0.0727763,0.0221798,-1.30928e-10,-1.30928e-10;
8.8, -0.0402854,-0.0148847,0.00376352,-0.0742493,0.023332,-2.16425e-11,-2.16425e-11;
8.81, -0.0237066,-0.0162246,0.00391866,-0.0763753,0.0246248,-3.5775e-12,-3.5775e-12;
8.82, -0.0267114,-0.0152102,0.00413378,-0.0783932,0.0258747,-5.91361e-13,-5.91361e-13;
8.83, -0.0437935,-0.013848,0.00405545,-0.0814815,0.0280166,-9.77519e-14,-9.77519e-14;
8.84, -0.0663361,-0.0129519,0.00383065,-0.0842297,0.0298404,-1.61584e-14,-1.61584e-14;
8.85, -0.0823878,-0.0119424,0.00380876,-0.0854309,0.0305215,-2.67098e-15,-2.67098e-15;
8.86, -0.0610158,-0.0133705,0.00381009,-0.0846038,0.0298232,-4.41513e-16,-4.41513e-16;
8.87, -0.0519392,-0.0150332,0.00404603,-0.0824189,0.028156,-7.29821e-17,-7.29821e-17;
8.88, -0.0842626,-0.0134159,0.00403392,-0.0819628,0.0277538,-1.20639e-17,-1.20639e-17;
8.89, -0.0732832,-0.0127561,0.00429432,-0.0823497,0.0280411,-1.99417e-18,-1.99417e-18;
8.9, -0.039252,-0.0150558,0.00422678,-0.0801733,0.0265316,-3.29636e-19,-3.29636e-19;
8.91, -0.0514373,-0.0157076,0.00415541,-0.0789179,0.0255348,-5.44889e-20,-5.44889e-20;
8.92, -0.0446309,-0.0149053,0.00408661,-0.0805023,0.0265881,-9.00701e-21,-9.00701e-21;
8.93, -0.0215816,-0.0157257,0.00391096,-0.0811477,0.0270949,-1.48886e-21,-1.48886e-21;
8.94, -0.0300289,-0.0153537,0.00396957,-0.0822811,0.0278266,-2.46108e-22,-2.46108e-22;
8.95, -0.0617962,-0.0129882,0.00391092,-0.0852272,0.029782,-4.06817e-23,-4.06817e-23;
8.96, -0.058187,-0.0147609,0.0039209,-0.0873952,0.0312156,-6.72469e-24,-6.72469e-24;
8.97, -0.0502379,-0.0142241,0.00402377,-0.0868319,0.0306903,-1.11159e-24,-1.11159e-24;
8.98, -0.0452051,-0.0161463,0.00415998,-0.086286,0.0303708,-1.83746e-25,-1.83746e-25;
8.99, -0.0391725,-0.0165806,0.00425014,-0.0864773,0.0304706,-3.03732e-26,-3.03732e-26;
9, -0.0358694,-0.0150682,0.00402816,-0.0870034,0.0309626,-5.02069e-27,-5.02069e-27;
9.01, -0.0684334,-0.0139284,0.00405634,-0.0879957,0.031776,-8.2992e-28,-8.2992e-28;
9.02, -0.107702,-0.0131584,0.00397087,-0.0893296,0.0326319,-1.37186e-28,-1.37186e-28;
9.03, -0.0839914,-0.0103628,0.00411356,-0.0879198,0.0316567,-2.26768e-29,-2.26768e-29;
9.04, -0.0494202,-0.0110564,0.00400009,-0.0831074,0.0285315,-3.74848e-30,-3.74848e-30;
9.05, -0.060833,-0.00997274,0.00389124,-0.0805843,0.0265131,-6.19623e-31,-6.19623e-31;
9.06, -0.0537382,-0.0127848,0.00384879,-0.0813409,0.026549,-1.02424e-31,-1.02424e-31;
9.07, -0.0345213,-0.0145363,0.00379786,-0.0813987,0.0260474,-1.69306e-32,-1.69306e-32;
9.08, -0.0373264,-0.0131413,0.0038269,-0.0818183,0.0260793,-2.79864e-33,-2.79864e-33;
9.09, -0.0818714,-0.0132878,0.00387125,-0.0837537,0.0272493,-4.62614e-34,-4.62614e-34;
9.1, -0.0331325,-0.0142604,0.00439813,-0.0854969,0.0281669,-7.64702e-35,-7.64702e-35;
9.11, -0.0476974,-0.0149372,0.00436819,-0.0832696,0.0267184,-1.26405e-35,-1.26405e-35;
9.12, -0.0869302,-0.0145152,0.00410166,-0.0850158,0.027765,-2.08948e-36,-2.08948e-36;
9.13, -0.0821223,-0.0138822,0.00395715,-0.0856415,0.0281978,-3.45391e-37,-3.45391e-37;
9.14, -0.0770217,-0.013499,0.00408343,-0.0828025,0.026527,-5.70931e-38,-5.70931e-38;
9.15, -0.0946992,-0.0133744,0.00386233,-0.0803355,0.0250298,-9.43748e-39,-9.43748e-39;
9.16, -0.0847801,-0.0135797,0.00369256,-0.078573,0.0238701,-1.56002e-39,-1.56002e-39;
9.17, -0.0753046,-0.0142645,0.00369394,-0.0754779,0.0219024,-2.57871e-40,-2.57871e-40;
9.18, -0.0685879,-0.0138965,0.0041558,-0.0733645,0.0205256,-4.26261e-41,-4.26261e-41;
9.19, -0.0545668,-0.0135424,0.00412368,-0.0722819,0.0197981,-7.04713e-42,-7.04713e-42;
9.2, -0.0575055,-0.0145722,0.00404934,-0.0719561,0.0194736,-1.16448e-42,-1.16448e-42;
9.21, -0.0662485,-0.0162379,0.00395955,-0.0729409,0.0198785,-1.93379e-43,-1.93379e-43;
9.22, -0.0665082,-0.0169175,0.00371434,-0.073643,0.0202144,-3.08286e-44,-3.08286e-44;
9.23, -0.0490429,-0.0152908,0.00369437,-0.0733953,0.0201939,-5.60519e-45,-5.60519e-45;
9.24, -0.0288665,-0.0146014,0.00426619,-0.073033,0.0201762,-1.4013e-45,-1.4013e-45;
9.25, -0.0500243,-0.0141583,0.00424332,-0.0743028,0.0209263,0,0;
9.26, -0.0462028,-0.0130019,0.00417908,-0.0773851,0.0226389,0,0;
9.27, -0.0755125,-0.0144439,0.00431805,-0.0785499,0.0232139,0,0;
9.28, -0.104829,-0.0153347,0.00436104,-0.0798644,0.0237711,0,0;
9.29, -0.0690371,-0.0128206,0.0039643,-0.0784349,0.0229129,0,0;
9.3, -0.0670072,-0.0140155,0.00395024,-0.074264,0.0206204,0,0;
9.31, -0.0440794,-0.0139697,0.00419864,-0.0735056,0.0200034,0,0;
9.32, -0.0202328,-0.0140927,0.00423809,-0.0731569,0.019715,0,0;
9.33, -0.0239421,-0.012824,0.0039701,-0.0749041,0.0205922,0,0;
9.34, -0.0189212,-0.0121594,0.00388094,-0.0787652,0.0226764,0,0;
9.35, -0.0191386,-0.0148659,0.00395001,-0.0822354,0.0244321,0,0;
9.36, -0.0433321,-0.0140013,0.00386582,-0.0858706,0.0262483,0,0;
9.37, -0.0703571,-0.0143206,0.00422785,-0.0890562,0.0281006,0,0;
9.38, -0.0750871,-0.0150528,0.00442357,-0.0898709,0.0285674,0,0;
9.39, -0.0914972,-0.013514,0.00413732,-0.0879778,0.0276082,0,0;
9.4, -0.0908418,-0.0139589,0.00420211,-0.0855707,0.0264193,0,0;
9.41, -0.0483703,-0.0143917,0.00416332,-0.0819454,0.0243881,0,0;
9.42, -0.0842215,-0.0169107,0.00383601,-0.0785267,0.0224897,0,0;
9.43, -0.0852251,-0.0179659,0.00382417,-0.0791694,0.0228324,0,0;
9.44, -0.0429508,-0.0148052,0.00414858,-0.0767144,0.0217083,0,0;
9.45, -0.0307101,-0.0126834,0.00424672,-0.0740565,0.0205804,0,0;
9.46, -0.0670085,-0.0144225,0.00436471,-0.0755803,0.0213793,0,0;
9.47, -0.0655028,-0.0129231,0.00415295,-0.0785263,0.0226924,0,0;
9.48, -0.100419,-0.0117351,0.00413614,-0.0779873,0.0222906,0,0;
9.49, -0.0957344,-0.0109838,0.00431849,-0.0774406,0.0217854,0,0;
9.5, -0.0411394,-0.0134403,0.00413284,-0.0738544,0.0195294,0,0;
9.51, -0.087566,-0.0161505,0.0040364,-0.0707508,0.017493,0,0;
9.52, -0.0660659,-0.0170337,0.00411118,-0.0727095,0.0183921,0,0;
9.53, -0.0400123,-0.0141239,0.00416736,-0.0705891,0.0173642,0,0;
9.54, -0.0256653,-0.0132367,0.00405217,-0.0701826,0.0173631,0,0;
9.55, -0.0376366,-0.0147378,0.00392806,-0.0724543,0.0184931,0,0;
9.56, -0.0802689,-0.014238,0.00404968,-0.0761041,0.020249,0,0;
9.57, -0.0485079,-0.0139569,0.00435726,-0.0784287,0.0214362,0,0;
9.58, -0.0306532,-0.0138682,0.00468264,-0.0766026,0.0204424,0,0;
9.59, -0.0289056,-0.0154402,0.0043457,-0.0774595,0.020863,0,0;
9.6, -0.0414471,-0.0140862,0.00405943,-0.0801122,0.0221771,0,0;
9.61, -0.0658161,-0.0137863,0.00431831,-0.0827693,0.023645,0,0;
9.62, -0.0405684,-0.0138586,0.00451345,-0.0841291,0.024335,0,0;
9.63, -0.080061,-0.01285,0.00421769,-0.0830838,0.0237489,0,0;
9.64, -0.0969733,-0.0138477,0.00419686,-0.0842255,0.0243121,0,0;
9.65, -0.0820355,-0.0148663,0.00436301,-0.0818629,0.0229732,0,0;
9.66, -0.0533411,-0.0142675,0.00433635,-0.0778124,0.0208682,0,0;
9.67, -0.043541,-0.0147774,0.00422852,-0.0752491,0.0196216,0,0;
9.68, -0.0552118,-0.0145045,0.00413038,-0.0756769,0.0198158,0,0;
9.69, -0.0621989,-0.0140551,0.00425965,-0.0771951,0.0205837,0,0;
9.7, -0.0747482,-0.0129836,0.00442661,-0.0776242,0.0207554,0,0;
9.71, -0.0762937,-0.0136736,0.00453292,-0.0772816,0.020535,0,0;
9.72, -0.0572871,-0.0120543,0.00455657,-0.0758011,0.0196424,0,0;
9.73, -0.0357226,-0.0119947,0.00437861,-0.0741687,0.0187228,0,0;
9.74, -0.00468311,-0.0127349,0.00420698,-0.0744737,0.0186408,0,0;
9.75, -0.0386642,-0.0142679,0.0042774,-0.0769501,0.0196074,0,0;
9.76, -0.0432849,-0.0136659,0.00430131,-0.0822355,0.0220631,0,0;
9.77, -0.0576028,-0.0114509,0.00411741,-0.08406,0.0229767,0,0;
9.78, -0.0546233,-0.0116066,0.00408182,-0.085088,0.0234632,0,0;
9.79, -0.0359582,-0.0170818,0.00410611,-0.0847221,0.0230832,0,0;
9.8, -0.0545706,-0.0174453,0.00427989,-0.0845497,0.0228023,0,0;
9.81, -0.0556298,-0.0148375,0.00442615,-0.08586,0.0237758,0,0;
9.82, -0.052535,-0.0127136,0.00440861,-0.0853913,0.0239279,0,0;
9.83, -0.0199316,-0.0131386,0.00439519,-0.0848794,0.0237807,0,0;
9.84, -0.0307198,-0.0139616,0.00444076,-0.0848092,0.0236122,0,0;
9.85, -0.0461879,-0.0113713,0.00451634,-0.0878208,0.0249698,0,0;
9.86, -0.0322706,-0.00950591,0.00446955,-0.0897845,0.0258973,0,0;
9.87, -0.0543867,-0.00930985,0.00452613,-0.0901842,0.0258466,0,0;
9.88, -0.0642779,-0.010944,0.00436837,-0.0918417,0.026232,0,0;
9.89, -0.0657953,-0.0124885,0.00414915,-0.0913994,0.0255932,0,0;
9.9, -0.023754,-0.0131547,0.00432499,-0.0897566,0.0245942,0,0;
9.91, -0.0552045,-0.0121895,0.00451871,-0.0879103,0.0236641,0,0;
9.92, -0.092851,-0.0133885,0.00461655,-0.0901855,0.0247331,0,0;
9.93, -0.0839465,-0.0130486,0.00447418,-0.0896636,0.0243812,0,0;
9.94, -0.0526226,-0.012221,0.00429785,-0.0852888,0.0223382,0,0;
9.95, -0.115209,-0.0128216,0.00414728,-0.0818,0.0207045,0,0;
9.96, -0.0908383,-0.0109055,0.00424893,-0.0817109,0.0205433,0,0;
9.97, -0.0812854,-0.0132932,0.00456033,-0.0758737,0.0177324,0,0;
9.98, -0.0670337,-0.0157627,0.00470511,-0.0724725,0.0158914,0,0;
9.99, -0.0293656,-0.0146335,0.00449444,-0.0703073,0.0148312,0,0;
