0, -0.000343323,-0.000567198,0.100032,-1.5708,0,0,0;
0.01, -0.000529289,-0.000551224,0.100049,-1.5708,0,0,0;
0.02, -0.0344281,0.0118806,0.100336,-1.59648,0.0838774,0.0107858,0.0107858;
0.03, -0.111635,0.0227654,0.100588,-1.62216,0.167834,0.0215176,0.0215176;
0.04, -0.182439,0.0304315,0.100985,-1.64446,0.244068,0.0273336,0.0273336;
0.05, -0.25285,0.0380156,0.101846,-1.66432,0.307799,0.028289,0.028289;
0.06, -0.315043,0.04477,0.10305,-1.68266,0.359516,0.0258091,0.0258091;
0.07, -0.365667,0.0503767,0.104495,-1.69993,0.399454,0.0208645,0.0208645;
0.08, -0.407915,0.0547163,0.105955,-1.71636,0.429058,0.0143304,0.0143304;
0.09, -0.438607,0.0579898,0.107358,-1.73201,0.450365,0.00693081,0.00693081;
0.1, -0.459522,0.060816,0.108616,-1.74683,0.4651,-0.000767094,-0.000767094;
0.11, -0.474617,0.0631564,0.109692,-1.76079,0.475169,-0.00840331,-0.00840331;
0.12, -0.483971,0.0648949,0.110585,-1.77386,0.482113,-0.0158159,-0.0158159;
0.13, -0.490443,0.0662324,0.111331,-1.78604,0.486895,-0.0229041,-0.0229041;
0.14, -0.494778,0.0673001,0.111938,-1.79738,0.490326,-0.0296227,-0.0296227;
0.15, -0.497288,0.068126,0.112433,-1.80789,0.492854,-0.0359532,-0.0359532;
0.16, -0.499912,0.0687778,0.112829,-1.81762,0.494787,-0.041903,-0.041903;
0.17, -0.501169,0.0692532,0.113158,-1.82663,0.496366,-0.0474936,-0.0474936;
0.18, -0.501987,0.0695684,0.113415,-1.83496,0.497633,-0.0527258,-0.0527258;
0.19, -0.502918,0.0698454,0.113655,-1.84266,0.498743,-0.0576312,-0.0576312;
0.2, -0.504034,0.0699975,0.113829,-1.84977,0.499763,-0.0622286,-0.0622286;
0.21, -0.505349,0.0701559,0.113975,-1.85634,0.500699,-0.0665356,-0.0665356;
0.22, -0.50652,0.0703185,0.114103,-1.86241,0.501548,-0.0705595,-0.0705595;
0.23, -0.507523,0.070431,0.114193,-1.86801,0.502303,-0.0743178,-0.0743178;
0.24, -0.508078,0.0703766,0.114252,-1.87318,0.502985,-0.0778345,-0.0778345;
0.25, -0.509028,0.0703037,0.114313,-1.87796,0.503618,-0.0811292,-0.0811292;
0.26, -0.509334,0.0702002,0.114369,-1.88237,0.504251,-0.0842174,-0.0842174;
0.27, -0.510292,0.0699046,0.114383,-1.88645,0.504856,-0.0871042,-0.0871042;
0.28, -0.511286,0.0698316,0.114415,-1.89021,0.50549,-0.0898203,-0.0898203;
0.29, -0.510977,0.0697105,0.114432,-1.89368,0.506106,-0.0923477,-0.0923477;
0.3, -0.511873,0.0695984,0.114436,-1.89689,0.506695,-0.0947179,-0.0947179;
0.31, -0.513216,0.0695255,0.114433,-1.89987,0.50737,-0.0969771,-0.0969771;
0.32, -0.51394,0.0694187,0.114435,-1.90263,0.508031,-0.0991058,-0.0991058;
0.33, -0.515658,0.069279,0.114432,-1.90518,0.508637,-0.101103,-0.101103;
0.34, -0.51646,0.0691226,0.114426,-1.90754,0.509242,-0.102994,-0.102994;
0.35, -0.517133,0.0689051,0.114418,-1.90973,0.509768,-0.104757,-0.104757;
0.36, -0.518118,0.0687211,0.114412,-1.91175,0.510291,-0.106425,-0.106425;
0.37, -0.51865,0.0685804,0.114399,-1.91364,0.51083,-0.108007,-0.108007;
0.38, -0.519378,0.0683501,0.114386,-1.91538,0.511359,-0.109504,-0.109504;
0.39, -0.519943,0.0681541,0.114375,-1.91701,0.511913,-0.110939,-0.110939;
0.4, -0.520686,0.0679581,0.114361,-1.91853,0.512478,-0.112307,-0.112307;
0.41, -0.521119,0.0675986,0.114346,-1.91994,0.513067,-0.11362,-0.11362;
0.42, -0.522021,0.067363,0.114327,-1.92126,0.513663,-0.114877,-0.114877;
0.43, -0.522025,0.0672042,0.114319,-1.92249,0.514296,-0.11608,-0.11608;
0.44, -0.522523,0.0669906,0.11429,-1.92363,0.514924,-0.117228,-0.117228;
0.45, -0.523856,0.0668085,0.114286,-1.92472,0.515615,-0.118361,-0.118361;
0.46, -0.524383,0.0666759,0.114276,-1.92574,0.516331,-0.119463,-0.119463;
0.47, -0.525466,0.0664694,0.114277,-1.92669,0.516999,-0.120511,-0.120511;
0.48, -0.526548,0.0662863,0.114265,-1.92759,0.517681,-0.121538,-0.121538;
0.49, -0.526957,0.0660994,0.11425,-1.92844,0.518338,-0.122525,-0.122525;
0.5, -0.528179,0.0658724,0.114233,-1.92924,0.518969,-0.123473,-0.123473;
0.51, -0.52891,0.0656898,0.114216,-1.92999,0.519629,-0.12441,-0.12441;
0.52, -0.529491,0.0655158,0.114204,-1.93071,0.520255,-0.125306,-0.125306;
0.53, -0.530535,0.06513,0.114181,-1.93138,0.520886,-0.126184,-0.126184;
0.54, -0.531048,0.0649273,0.114178,-1.93203,0.521533,-0.127052,-0.127052;
0.55, -0.531374,0.0646799,0.114176,-1.93264,0.522167,-0.127879,-0.127879;
0.56, -0.533012,0.0643766,0.114158,-1.93322,0.522823,-0.128697,-0.128697;
0.57, -0.533684,0.0641463,0.114153,-1.93378,0.523519,-0.129513,-0.129513;
0.58, -0.534741,0.0639112,0.114152,-1.93431,0.524148,-0.13028,-0.13028;
0.59, -0.53589,0.0637605,0.114142,-1.93481,0.524785,-0.131036,-0.131036;
0.6, -0.536205,0.0635245,0.114128,-1.93529,0.525403,-0.131771,-0.131771;
0.61, -0.537058,0.0632532,0.114124,-1.93575,0.52599,-0.132491,-0.132491;
0.62, -0.538068,0.063019,0.114108,-1.9362,0.52662,-0.133217,-0.133217;
0.63, -0.538351,0.0627697,0.114101,-1.93664,0.52725,-0.133929,-0.133929;
0.64, -0.538519,0.062516,0.114084,-1.93705,0.527864,-0.134626,-0.134626;
0.65, -0.539429,0.0622847,0.114071,-1.93746,0.528522,-0.135332,-0.135332;
0.66, -0.540071,0.0620244,0.114061,-1.93787,0.529235,-0.13605,-0.13605;
0.67, -0.540898,0.0617764,0.11405,-1.93826,0.529938,-0.136758,-0.136758;
0.68, -0.541587,0.0614793,0.114039,-1.93864,0.530651,-0.137461,-0.137461;
0.69, -0.54265,0.0612466,0.114019,-1.93902,0.531359,-0.138156,-0.138156;
0.7, -0.543828,0.0609968,0.11401,-1.93938,0.532073,-0.138843,-0.138843;
0.71, -0.54468,0.0607293,0.113987,-1.93973,0.532764,-0.139516,-0.139516;
0.72, -0.54529,0.0604227,0.113968,-1.94007,0.53342,-0.14017,-0.14017;
0.73, -0.546154,0.0601428,0.113948,-1.94041,0.534071,-0.140816,-0.140816;
0.74, -0.546628,0.0599816,0.113941,-1.94073,0.534739,-0.141459,-0.141459;
0.75, -0.54754,0.0596688,0.113931,-1.94105,0.535404,-0.142095,-0.142095;
0.76, -0.547967,0.0594432,0.113918,-1.94138,0.536092,-0.142746,-0.142746;
0.77, -0.548888,0.0592248,0.113915,-1.94169,0.536773,-0.143386,-0.143386;
0.78, -0.549418,0.0589907,0.113907,-1.94201,0.537481,-0.144037,-0.144037;
0.79, -0.550445,0.0588267,0.113893,-1.94232,0.538177,-0.144684,-0.144684;
0.8, -0.551637,0.0585091,0.113883,-1.94264,0.538892,-0.145339,-0.145339;
0.81, -0.552421,0.0582597,0.113868,-1.94295,0.539584,-0.14599,-0.14599;
0.82, -0.55356,0.058006,0.113862,-1.94325,0.540242,-0.146619,-0.146619;
0.83, -0.554405,0.0577557,0.113847,-1.94355,0.5409,-0.147246,-0.147246;
0.84, -0.555395,0.0575187,0.113846,-1.94384,0.541531,-0.14786,-0.14786;
0.85, -0.555958,0.0573032,0.113836,-1.94413,0.542159,-0.148471,-0.148471;
0.86, -0.557203,0.0570462,0.113826,-1.94441,0.542773,-0.149077,-0.149077;
0.87, -0.557769,0.0568011,0.113819,-1.9447,0.543407,-0.149694,-0.149694;
0.88, -0.558457,0.0565922,0.113806,-1.94499,0.544008,-0.150295,-0.150295;
0.89, -0.55915,0.0563524,0.113788,-1.94527,0.54463,-0.150905,-0.150905;
0.9, -0.559811,0.0560687,0.113783,-1.94556,0.545264,-0.151523,-0.151523;
0.91, -0.560783,0.0558302,0.113779,-1.94585,0.545908,-0.152146,-0.152146;
0.92, -0.561669,0.0556309,0.113766,-1.94614,0.546566,-0.15277,-0.15277;
0.93, -0.562605,0.0554616,0.113759,-1.94643,0.547212,-0.15339,-0.15339;
0.94, -0.563441,0.0551178,0.113725,-1.94672,0.547849,-0.15401,-0.15401;
0.95, -0.564537,0.0548246,0.113714,-1.94701,0.548473,-0.154633,-0.154633;
0.96, -0.565688,0.0545561,0.113709,-1.94729,0.5491,-0.155246,-0.155246;
0.97, -0.56662,0.0541508,0.113698,-1.94757,0.549706,-0.155845,-0.155845;
0.98, -0.567099,0.054014,0.113689,-1.94784,0.550287,-0.156431,-0.156431;
0.99, -0.567901,0.0538619,0.113687,-1.94811,0.550866,-0.157001,-0.157001;
1, -0.568219,0.0535395,0.113675,-1.94838,0.551473,-0.157594,-0.157594;
1.01, -0.569461,0.0532715,0.113678,-1.94867,0.552081,-0.158199,-0.158199;
1.02, -0.570143,0.0530689,0.113674,-1.94895,0.552734,-0.158817,-0.158817;
1.03, -0.571141,0.0529249,0.113689,-1.94923,0.553355,-0.159419,-0.159419;
1.04, -0.571791,0.0527103,0.113673,-1.94951,0.553985,-0.16003,-0.16003;
1.05, -0.572596,0.052407,0.113662,-1.9498,0.554598,-0.160644,-0.160644;
1.06, -0.573036,0.052068,0.113651,-1.95009,0.555225,-0.161268,-0.161268;
1.07, -0.573892,0.0517533,0.113631,-1.95038,0.555855,-0.161888,-0.161888;
1.08, -0.575055,0.0515668,0.113621,-1.95067,0.55652,-0.162513,-0.162513;
1.09, -0.575355,0.0514042,0.113623,-1.95096,0.557184,-0.163131,-0.163131;
1.1, -0.57659,0.0511653,0.113613,-1.95124,0.557818,-0.163742,-0.163742;
1.11, -0.577463,0.0509388,0.113603,-1.95154,0.558488,-0.164379,-0.164379;
1.12, -0.577951,0.0506866,0.113591,-1.95183,0.559125,-0.165003,-0.165003;
1.13, -0.578954,0.0504739,0.113589,-1.95213,0.559755,-0.165626,-0.165626;
1.14, -0.579485,0.0501869,0.113578,-1.95242,0.560411,-0.16626,-0.16626;
1.15, -0.580712,0.0499513,0.113568,-1.95272,0.561053,-0.166891,-0.166891;
1.16, -0.58154,0.0497115,0.113557,-1.95302,0.561717,-0.167528,-0.167528;
1.17, -0.582436,0.0494602,0.113544,-1.95332,0.562348,-0.168152,-0.168152;
1.18, -0.583315,0.049227,0.113538,-1.95361,0.562976,-0.168776,-0.168776;
1.19, -0.584047,0.0489566,0.113526,-1.95391,0.563599,-0.169397,-0.169397;
1.2, -0.584667,0.0486906,0.113517,-1.9542,0.564217,-0.170017,-0.170017;
1.21, -0.58514,0.0484359,0.11351,-1.9545,0.564843,-0.170639,-0.170639;
1.22, -0.585648,0.0481713,0.1135,-1.9548,0.565488,-0.171267,-0.171267;
1.23, -0.586464,0.0478623,0.113488,-1.9551,0.566161,-0.171907,-0.171907;
1.24, -0.587053,0.0476277,0.113475,-1.95541,0.566859,-0.172557,-0.172557;
1.25, -0.588537,0.0473492,0.113466,-1.95571,0.567557,-0.173202,-0.173202;
1.26, -0.589723,0.0471694,0.113462,-1.95602,0.568269,-0.173854,-0.173854;
1.27, -0.59059,0.0469062,0.113458,-1.95632,0.568925,-0.17448,-0.17448;
1.28, -0.591327,0.0465925,0.11346,-1.95662,0.569545,-0.175097,-0.175097;
1.29, -0.592085,0.0463583,0.113453,-1.95692,0.57016,-0.175712,-0.175712;
1.3, -0.59293,0.0461566,0.11344,-1.95721,0.570785,-0.176325,-0.176325;
1.31, -0.593484,0.0459106,0.113435,-1.95751,0.571415,-0.176943,-0.176943;
1.32, -0.594431,0.0456946,0.113422,-1.95781,0.572043,-0.177566,-0.177566;
1.33, -0.594992,0.0454524,0.113418,-1.95812,0.572693,-0.178199,-0.178199;
1.34, -0.595402,0.0452116,0.113416,-1.95843,0.573332,-0.178832,-0.178832;
1.35, -0.596391,0.044956,0.113408,-1.95874,0.57399,-0.179475,-0.179475;
1.36, -0.597276,0.0447452,0.113398,-1.95906,0.574681,-0.180134,-0.180134;
1.37, -0.597789,0.0444906,0.11339,-1.95938,0.575356,-0.180785,-0.180785;
1.38, -0.598672,0.0442274,0.113383,-1.95969,0.576022,-0.181436,-0.181436;
1.39, -0.599997,0.0439794,0.113379,-1.96002,0.576711,-0.182096,-0.182096;
1.4, -0.600498,0.0437233,0.113373,-1.96034,0.577392,-0.182752,-0.182752;
1.41, -0.601541,0.0434935,0.113363,-1.96065,0.57803,-0.183389,-0.183389;
1.42, -0.602383,0.0432475,0.113356,-1.96097,0.578691,-0.184036,-0.184036;
1.43, -0.602661,0.042979,0.113342,-1.96129,0.579333,-0.184676,-0.184676;
1.44, -0.603266,0.0427907,0.11334,-1.9616,0.579971,-0.185316,-0.185316;
1.45, -0.604008,0.0425336,0.113341,-1.96193,0.580654,-0.185974,-0.185974;
1.46, -0.604611,0.0422852,0.113336,-1.96226,0.581351,-0.186644,-0.186644;
1.47, -0.60579,0.0419838,0.113321,-1.96259,0.582051,-0.187316,-0.187316;
1.48, -0.606807,0.0418169,0.113317,-1.96293,0.582765,-0.187994,-0.187994;
1.49, -0.607968,0.0416572,0.113308,-1.96326,0.583448,-0.188653,-0.188653;
1.5, -0.608634,0.0414226,0.113302,-1.96358,0.584107,-0.189309,-0.189309;
1.51, -0.609895,0.0411103,0.113294,-1.96391,0.584733,-0.18996,-0.18996;
1.52, -0.611143,0.0407946,0.113284,-1.96424,0.585369,-0.190617,-0.190617;
1.53, -0.612085,0.0404761,0.113285,-1.96456,0.585973,-0.191253,-0.191253;
1.54, -0.612378,0.040179,0.11328,-1.96487,0.586544,-0.191866,-0.191866;
1.55, -0.613348,0.0399196,0.113275,-1.96518,0.58711,-0.19247,-0.19247;
1.56, -0.614605,0.0397389,0.113279,-1.96549,0.587724,-0.193091,-0.193091;
1.57, -0.614806,0.0393488,0.113278,-1.9658,0.588331,-0.19371,-0.19371;
1.58, -0.6154,0.039077,0.113273,-1.96611,0.588901,-0.19432,-0.19432;
1.59, -0.615383,0.0388319,0.113268,-1.96643,0.589527,-0.194943,-0.194943;
1.6, -0.615956,0.0385768,0.113262,-1.96675,0.590176,-0.195575,-0.195575;
1.61, -0.616246,0.0383294,0.113255,-1.96709,0.590892,-0.19624,-0.19624;
1.62, -0.617171,0.0381849,0.113241,-1.96743,0.591627,-0.196915,-0.196915;
1.63, -0.617901,0.0380023,0.113237,-1.96778,0.592399,-0.197608,-0.197608;
1.64, -0.618738,0.0377076,0.113237,-1.96814,0.593152,-0.198305,-0.198305;
1.65, -0.619744,0.0374229,0.113234,-1.96849,0.593901,-0.199009,-0.199009;
1.66, -0.620855,0.0372245,0.113228,-1.96885,0.594643,-0.199705,-0.199705;
1.67, -0.621587,0.0369856,0.113223,-1.9692,0.595364,-0.200388,-0.200388;
1.68, -0.622301,0.0367525,0.113221,-1.96955,0.596053,-0.201062,-0.201062;
1.69, -0.623157,0.0365183,0.113218,-1.96989,0.596743,-0.201738,-0.201738;
1.7, -0.624537,0.0362728,0.113216,-1.97025,0.597437,-0.202418,-0.202418;
1.71, -0.625429,0.0360219,0.113209,-1.9706,0.598124,-0.203097,-0.203097;
1.72, -0.626326,0.0357792,0.113203,-1.97094,0.598762,-0.203754,-0.203754;
1.73, -0.627103,0.0355332,0.113201,-1.97128,0.599391,-0.204407,-0.204407;
1.74, -0.627987,0.035289,0.113197,-1.97162,0.600014,-0.205058,-0.205058;
1.75, -0.628716,0.0350463,0.113196,-1.97196,0.600639,-0.205712,-0.205712;
1.76, -0.629427,0.0347745,0.11319,-1.9723,0.60126,-0.206364,-0.206364;
1.77, -0.63045,0.0345223,0.113188,-1.97265,0.601889,-0.20702,-0.20702;
1.78, -0.631268,0.0342515,0.113189,-1.97299,0.602527,-0.207679,-0.207679;
1.79, -0.631667,0.0339596,0.113179,-1.97333,0.60315,-0.208331,-0.208331;
1.8, -0.632235,0.0336773,0.113177,-1.97368,0.603772,-0.208982,-0.208982;
1.81, -0.63307,0.0334504,0.113169,-1.97403,0.60443,-0.209645,-0.209645;
1.82, -0.633876,0.0332196,0.113165,-1.97438,0.60511,-0.210315,-0.210315;
1.83, -0.63481,0.0329893,0.113167,-1.97473,0.605786,-0.210987,-0.210987;
1.84, -0.635798,0.0327475,0.113162,-1.97509,0.606459,-0.211661,-0.211661;
1.85, -0.637038,0.0325058,0.113163,-1.97545,0.607119,-0.212332,-0.212332;
1.86, -0.637734,0.0322564,0.11316,-1.9758,0.607763,-0.212997,-0.212997;
1.87, -0.638882,0.0320256,0.113159,-1.97614,0.608372,-0.213646,-0.213646;
1.88, -0.639775,0.0318015,0.113164,-1.97649,0.608989,-0.2143,-0.2143;
1.89, -0.640713,0.0315783,0.113156,-1.97684,0.609581,-0.214945,-0.214945;
1.9, -0.641585,0.031316,0.113152,-1.97719,0.610167,-0.21559,-0.21559;
1.91, -0.641944,0.0310414,0.113149,-1.97753,0.610745,-0.216235,-0.216235;
1.92, -0.643189,0.0308077,0.113139,-1.97788,0.611321,-0.216878,-0.216878;
1.93, -0.643719,0.0305774,0.113136,-1.97823,0.611939,-0.217538,-0.217538;
1.94, -0.644436,0.030338,0.113133,-1.97858,0.612525,-0.218186,-0.218186;
1.95, -0.645308,0.0300753,0.113133,-1.97894,0.613135,-0.218847,-0.218847;
1.96, -0.646373,0.0298097,0.113133,-1.9793,0.613754,-0.219514,-0.219514;
1.97, -0.646886,0.029556,0.113133,-1.97966,0.614372,-0.220179,-0.220179;
1.98, -0.647537,0.0293152,0.113126,-1.98001,0.61497,-0.220834,-0.220834;
1.99, -0.64806,0.0291154,0.113116,-1.98038,0.615594,-0.2215,-0.2215;
2, -0.648756,0.0287731,0.113114,-1.98074,0.616233,-0.222176,-0.222176;
2.01, -0.64972,0.0285227,0.113114,-1.98112,0.616893,-0.222867,-0.222867;
2.02, -0.650186,0.0282919,0.113118,-1.98149,0.617566,-0.223555,-0.223555;
2.03, -0.650971,0.0280406,0.113128,-1.98186,0.618225,-0.224236,-0.224236;
2.04, -0.651713,0.027807,0.11312,-1.98224,0.618908,-0.224931,-0.224931;
2.05, -0.652086,0.0275319,0.113133,-1.98262,0.619592,-0.225627,-0.225627;
2.06, -0.65314,0.0273602,0.11313,-1.98301,0.620277,-0.226326,-0.226326;
2.07, -0.65452,0.0270817,0.113129,-1.9834,0.620995,-0.227039,-0.227039;
2.08, -0.65469,0.0268323,0.113127,-1.98379,0.621688,-0.227748,-0.227748;
2.09, -0.655913,0.0265925,0.113123,-1.98416,0.622331,-0.228431,-0.228431;
2.1, -0.656334,0.026439,0.113119,-1.98455,0.623021,-0.229137,-0.229137;
2.11, -0.657493,0.0261557,0.113112,-1.98493,0.623678,-0.229827,-0.229827;
2.12, -0.658121,0.0259373,0.113107,-1.98533,0.624359,-0.23054,-0.23054;
2.13, -0.659057,0.0256035,0.113107,-1.98571,0.625012,-0.231236,-0.231236;
2.14, -0.659787,0.025295,0.11311,-1.9861,0.625675,-0.23194,-0.23194;
2.15, -0.660817,0.0251057,0.113112,-1.98649,0.62633,-0.232631,-0.232631;
2.16, -0.661593,0.0249622,0.113113,-1.98687,0.626991,-0.233319,-0.233319;
2.17, -0.662312,0.0247114,0.11311,-1.98725,0.627631,-0.234004,-0.234004;
2.18, -0.663362,0.0244629,0.113108,-1.98764,0.628269,-0.234699,-0.234699;
2.19, -0.664118,0.0242031,0.113114,-1.98803,0.628914,-0.235398,-0.235398;
2.2, -0.664507,0.0238888,0.113117,-1.98842,0.629539,-0.236087,-0.236087;
2.21, -0.665374,0.0236609,0.113117,-1.9888,0.630168,-0.236777,-0.236777;
2.22, -0.666141,0.0234001,0.113112,-1.9892,0.630832,-0.237478,-0.237478;
2.23, -0.667123,0.0231698,0.11311,-1.98959,0.631492,-0.238178,-0.238178;
2.24, -0.667331,0.0228989,0.11311,-1.98999,0.632153,-0.238879,-0.238879;
2.25, -0.668044,0.0226109,0.113109,-1.99038,0.632798,-0.239574,-0.239574;
2.26, -0.669003,0.0223925,0.113107,-1.99078,0.63349,-0.24029,-0.24029;
2.27, -0.669518,0.0221426,0.113107,-1.99119,0.634189,-0.241006,-0.241006;
2.28, -0.670376,0.021898,0.113107,-1.99159,0.634871,-0.241718,-0.241718;
2.29, -0.671057,0.0216405,0.113109,-1.992,0.635573,-0.242441,-0.242441;
2.3, -0.672189,0.0213912,0.113108,-1.99241,0.636266,-0.24316,-0.24316;
2.31, -0.673051,0.021157,0.113107,-1.99282,0.636966,-0.243882,-0.243882;
2.32, -0.67408,0.0209186,0.113108,-1.99322,0.637636,-0.24459,-0.24459;
2.33, -0.675366,0.0206583,0.11311,-1.99363,0.638297,-0.245295,-0.245295;
2.34, -0.676564,0.0203974,0.113107,-1.99402,0.638937,-0.245992,-0.245992;
2.35, -0.676896,0.020118,0.113107,-1.99441,0.639539,-0.246668,-0.246668;
2.36, -0.677738,0.0198815,0.113112,-1.99479,0.640109,-0.247329,-0.247329;
2.37, -0.678592,0.0196116,0.113115,-1.99518,0.64072,-0.248007,-0.248007;
2.38, -0.679098,0.0193665,0.113114,-1.99557,0.641331,-0.248688,-0.248688;
2.39, -0.679758,0.0191286,0.113115,-1.99596,0.641941,-0.249366,-0.249366;
2.4, -0.680722,0.0188768,0.113114,-1.99636,0.642575,-0.250059,-0.250059;
2.41, -0.681307,0.0186303,0.113111,-1.99677,0.643221,-0.25076,-0.25076;
2.42, -0.682021,0.0183861,0.113109,-1.99717,0.643855,-0.251456,-0.251456;
2.43, -0.682616,0.0181568,0.113108,-1.99758,0.644506,-0.252161,-0.252161;
2.44, -0.683525,0.0179164,0.11311,-1.99799,0.645162,-0.25287,-0.25287;
2.45, -0.684644,0.017669,0.113113,-1.99841,0.645834,-0.253591,-0.253591;
2.46, -0.685803,0.0174177,0.113113,-1.99883,0.646495,-0.254307,-0.254307;
2.47, -0.686885,0.0171654,0.113118,-1.99924,0.647128,-0.25501,-0.25501;
2.48, -0.687542,0.0168812,0.11312,-1.99964,0.647732,-0.255698,-0.255698;
2.49, -0.688291,0.0166304,0.113122,-2.00003,0.648314,-0.256375,-0.256375;
2.5, -0.68872,0.0163777,0.113129,-2.00043,0.64891,-0.257056,-0.257056;
2.51, -0.689896,0.0161374,0.113134,-2.00084,0.649514,-0.257742,-0.257742;
2.52, -0.690631,0.0158575,0.113135,-2.00125,0.650149,-0.258445,-0.258445;
2.53, -0.691774,0.0156333,0.113129,-2.00165,0.650756,-0.259135,-0.259135;
2.54, -0.692532,0.0153487,0.113129,-2.00206,0.65137,-0.259825,-0.259825;
2.55, -0.693505,0.0150964,0.11313,-2.00246,0.651957,-0.260506,-0.260506;
2.56, -0.694165,0.0148675,0.113134,-2.00286,0.65255,-0.261187,-0.261187;
2.57, -0.695047,0.0146577,0.113138,-2.00326,0.653132,-0.261863,-0.261863;
2.58, -0.695885,0.0144122,0.113145,-2.00367,0.653728,-0.26255,-0.26255;
2.59, -0.696639,0.01424,0.113141,-2.00408,0.654318,-0.263239,-0.263239;
2.6, -0.697206,0.0139391,0.113142,-2.00449,0.654907,-0.263929,-0.263929;
2.61, -0.69752,0.0136554,0.113143,-2.0049,0.6555,-0.264629,-0.264629;
2.62, -0.698548,0.0134556,0.113139,-2.00532,0.656116,-0.265337,-0.265337;
2.63, -0.699549,0.0132148,0.113144,-2.00575,0.656773,-0.266062,-0.266062;
2.64, -0.700225,0.0129187,0.113151,-2.00618,0.657411,-0.266784,-0.266784;
2.65, -0.701043,0.0125792,0.113153,-2.00661,0.658031,-0.267497,-0.267497;
2.66, -0.701716,0.0123103,0.113145,-2.00704,0.658662,-0.268211,-0.268211;
2.67, -0.702398,0.0120847,0.113139,-2.00746,0.659295,-0.268917,-0.268917;
2.68, -0.702927,0.0119045,0.113147,-2.00788,0.659939,-0.269627,-0.269627;
2.69, -0.70392,0.0117376,0.113153,-2.00831,0.660591,-0.270345,-0.270345;
2.7, -0.704365,0.0114791,0.113159,-2.00876,0.66126,-0.271081,-0.271081;
2.71, -0.704921,0.0111883,0.113163,-2.0092,0.661909,-0.271817,-0.271817;
2.72, -0.705399,0.0109532,0.11317,-2.00965,0.662583,-0.272565,-0.272565;
2.73, -0.706175,0.010679,0.113172,-2.0101,0.663277,-0.273319,-0.273319;
2.74, -0.707584,0.010433,0.11318,-2.01057,0.663991,-0.274085,-0.274085;
2.75, -0.708279,0.0101402,0.113192,-2.01103,0.664704,-0.274849,-0.274849;
2.76, -0.709508,0.00987887,0.113194,-2.01147,0.665363,-0.275584,-0.275584;
2.77, -0.710472,0.00962186,0.113198,-2.01192,0.666026,-0.276317,-0.276317;
2.78, -0.71112,0.00937009,0.113202,-2.01235,0.666654,-0.27703,-0.27703;
2.79, -0.712357,0.0091145,0.113205,-2.01278,0.667267,-0.277736,-0.277736;
2.8, -0.713444,0.00891423,0.11321,-2.01321,0.667891,-0.278448,-0.278448;
2.81, -0.714757,0.00870824,0.113215,-2.01364,0.668482,-0.279143,-0.279143;
2.82, -0.715764,0.00845551,0.113218,-2.01406,0.669049,-0.279831,-0.279831;
2.83, -0.716274,0.00821185,0.113223,-2.01447,0.669576,-0.280504,-0.280504;
2.84, -0.716877,0.00796103,0.113228,-2.01488,0.670091,-0.281171,-0.281171;
2.85, -0.717469,0.00772309,0.11323,-2.0153,0.670634,-0.281854,-0.281854;
2.86, -0.718023,0.00749278,0.113233,-2.01572,0.671199,-0.282549,-0.282549;
2.87, -0.718313,0.00728345,0.11324,-2.01616,0.671785,-0.283258,-0.283258;
2.88, -0.719189,0.00707173,0.113242,-2.0166,0.672392,-0.283981,-0.283981;
2.89, -0.720093,0.00684667,0.11325,-2.01706,0.673039,-0.284731,-0.284731;
2.9, -0.720799,0.0065825,0.113254,-2.01752,0.67368,-0.285481,-0.285481;
2.91, -0.721301,0.00632119,0.113263,-2.01799,0.674309,-0.286227,-0.286227;
2.92, -0.722122,0.00606608,0.113268,-2.01845,0.674945,-0.286975,-0.286975;
2.93, -0.722972,0.00583482,0.113274,-2.01892,0.675604,-0.287734,-0.287734;
2.94, -0.724119,0.00563169,0.113281,-2.01938,0.676259,-0.288489,-0.288489;
2.95, -0.725041,0.00535417,0.113286,-2.01985,0.676907,-0.289242,-0.289242;
2.96, -0.725744,0.0050962,0.11329,-2.02031,0.677524,-0.289983,-0.289983;
2.97, -0.726511,0.00484681,0.113293,-2.02077,0.67813,-0.290715,-0.290715;
2.98, -0.727518,0.00463176,0.113297,-2.02122,0.678744,-0.291449,-0.291449;
2.99, -0.728392,0.00441623,0.113301,-2.02168,0.679361,-0.292186,-0.292186;
3, -0.729066,0.00412107,0.11331,-2.02214,0.67996,-0.292916,-0.292916;
3.01, -0.72996,0.00386596,0.113314,-2.02259,0.680552,-0.293646,-0.293646;
3.02, -0.730461,0.00360417,0.113321,-2.02305,0.681156,-0.294378,-0.294378;
3.03, -0.731354,0.00337863,0.113327,-2.02351,0.681754,-0.295105,-0.295105;
3.04, -0.732683,0.00324082,0.113335,-2.02397,0.682376,-0.295845,-0.295845;
3.05, -0.73359,0.0029552,0.113343,-2.02443,0.682991,-0.296583,-0.296583;
3.06, -0.734185,0.00261712,0.113347,-2.02489,0.683559,-0.297308,-0.297308;
3.07, -0.734897,0.00234675,0.113355,-2.02534,0.684121,-0.298025,-0.298025;
3.08, -0.735681,0.00216603,0.11336,-2.02579,0.684704,-0.298744,-0.298744;
3.09, -0.736637,0.00197005,0.113365,-2.02625,0.685298,-0.299467,-0.299467;
3.1, -0.737016,0.00161386,0.113366,-2.02671,0.685891,-0.300197,-0.300197;
3.11, -0.737534,0.00133491,0.113369,-2.02717,0.686472,-0.300927,-0.300927;
3.12, -0.738146,0.00109601,0.113377,-2.02764,0.68709,-0.301666,-0.301666;
3.13, -0.73867,0.000907183,0.113383,-2.02811,0.687732,-0.302415,-0.302415;
3.14, -0.73917,0.000573874,0.113396,-2.02859,0.688387,-0.303174,-0.303174;
3.15, -0.740245,0.000643492,0.113401,-2.02909,0.689059,-0.30395,-0.30395;
3.16, -0.740991,0.000196218,0.113407,-2.02958,0.689753,-0.30473,-0.30473;
3.17, -0.741705,-0.000306129,0.113415,-2.03009,0.69041,-0.305523,-0.305523;
3.18, -0.742919,-0.000799894,0.113434,-2.03058,0.691073,-0.306299,-0.306299;
3.19, -0.744183,-0.00119138,0.113444,-2.03106,0.691748,-0.307053,-0.307053;
3.2, -0.745372,-0.00130224,0.113449,-2.03152,0.692396,-0.307764,-0.307764;
3.21, -0.745822,-0.00111198,0.113462,-2.03195,0.69301,-0.308441,-0.308441;
3.22, -0.746626,-0.00122046,0.113456,-2.03238,0.693585,-0.309116,-0.309116;
3.23, -0.746969,-0.00143957,0.113457,-2.03285,0.694169,-0.30985,-0.30985;
3.24, -0.747736,-0.00173354,0.113458,-2.03333,0.69475,-0.310602,-0.310602;
3.25, -0.749078,-0.00227666,0.113461,-2.03383,0.695365,-0.311377,-0.311377;
3.26, -0.74969,-0.00238323,0.113465,-2.03433,0.695986,-0.312149,-0.312149;
3.27, -0.75006,-0.00247693,0.113478,-2.03479,0.696575,-0.312869,-0.312869;
3.28, -0.75124,-0.0027802,0.113483,-2.03527,0.697171,-0.313608,-0.313608;
3.29, -0.751948,-0.00298667,0.113496,-2.03577,0.697795,-0.314382,-0.314382;
3.3, -0.753244,-0.00328207,0.113504,-2.03625,0.698392,-0.315135,-0.315135;
3.31, -0.754415,-0.00350308,0.113514,-2.03674,0.698992,-0.315893,-0.315893;
3.32, -0.755164,-0.0036428,0.113515,-2.03722,0.699556,-0.316625,-0.316625;
3.33, -0.755841,-0.00384951,0.113517,-2.03768,0.70009,-0.317342,-0.317342;
3.34, -0.756284,-0.0040822,0.113527,-2.03816,0.700626,-0.318072,-0.318072;
3.35, -0.757409,-0.00435448,0.113532,-2.03864,0.701173,-0.318814,-0.318814;
3.36, -0.757972,-0.00455999,0.113539,-2.03913,0.70175,-0.319575,-0.319575;
3.37, -0.758876,-0.0047946,0.113547,-2.03962,0.702307,-0.320319,-0.320319;
3.38, -0.759454,-0.00503349,0.113556,-2.04011,0.70288,-0.321077,-0.321077;
3.39, -0.760272,-0.0052886,0.113566,-2.0406,0.703447,-0.321832,-0.321832;
3.4, -0.761147,-0.00557566,0.113575,-2.0411,0.704032,-0.322597,-0.322597;
3.41, -0.761988,-0.00584316,0.113582,-2.0416,0.704617,-0.32336,-0.32336;
3.42, -0.762766,-0.00608969,0.113592,-2.04209,0.705198,-0.324116,-0.324116;
3.43, -0.763598,-0.00635028,0.113602,-2.04259,0.705777,-0.324867,-0.324867;
3.44, -0.764358,-0.00653577,0.113614,-2.04308,0.706358,-0.325619,-0.325619;
3.45, -0.765201,-0.00678253,0.113623,-2.04357,0.706937,-0.326369,-0.326369;
3.46, -0.766058,-0.00703526,0.113631,-2.04407,0.707517,-0.327126,-0.327126;
3.47, -0.767148,-0.00730324,0.113638,-2.04456,0.708094,-0.327882,-0.327882;
3.48, -0.768037,-0.00756359,0.113646,-2.04506,0.708667,-0.328634,-0.328634;
3.49, -0.768853,-0.00780058,0.113651,-2.04555,0.70922,-0.329371,-0.329371;
3.5, -0.769376,-0.0080359,0.113658,-2.04603,0.709766,-0.330103,-0.330103;
3.51, -0.769873,-0.00828409,0.113666,-2.04651,0.710313,-0.330837,-0.330837;
3.52, -0.770569,-0.00850821,0.113677,-2.04701,0.710883,-0.331586,-0.331586;
3.53, -0.771259,-0.00875688,0.113686,-2.04751,0.711478,-0.332351,-0.332351;
3.54, -0.771599,-0.00903344,0.113694,-2.04803,0.712081,-0.333123,-0.333123;
3.55, -0.772582,-0.00929689,0.113704,-2.04854,0.712691,-0.3339,-0.3339;
3.56, -0.773087,-0.00951433,0.113711,-2.04907,0.713335,-0.334693,-0.334693;
3.57, -0.773741,-0.00975776,0.113723,-2.04959,0.713964,-0.335476,-0.335476;
3.58, -0.774574,-0.00999689,0.11374,-2.05012,0.71461,-0.336273,-0.336273;
3.59, -0.775324,-0.0102637,0.113751,-2.05065,0.715263,-0.337075,-0.337075;
3.6, -0.776398,-0.0104783,0.113762,-2.05118,0.715909,-0.337873,-0.337873;
3.61, -0.777111,-0.0107691,0.113775,-2.05172,0.716555,-0.338669,-0.338669;
3.62, -0.777835,-0.0109975,0.113784,-2.05224,0.717173,-0.339452,-0.339452;
3.63, -0.779466,-0.0112972,0.11379,-2.05276,0.717795,-0.340233,-0.340233;
3.64, -0.780096,-0.0115135,0.113793,-2.05329,0.718419,-0.341017,-0.341017;
3.65, -0.781114,-0.0117404,0.113804,-2.05378,0.71898,-0.341757,-0.341757;
3.66, -0.782294,-0.0119958,0.113815,-2.05429,0.719548,-0.342506,-0.342506;
3.67, -0.782645,-0.0121922,0.113822,-2.05478,0.7201,-0.343247,-0.343247;
3.68, -0.783415,-0.012408,0.113842,-2.05527,0.720624,-0.343971,-0.343971;
3.69, -0.784556,-0.0126293,0.11385,-2.05578,0.721181,-0.344723,-0.344723;
3.7, -0.784837,-0.0128186,0.113857,-2.05629,0.721742,-0.345481,-0.345481;
3.71, -0.785523,-0.0130887,0.113866,-2.05679,0.722277,-0.346226,-0.346226;
3.72, -0.785924,-0.013356,0.113876,-2.05731,0.722849,-0.347001,-0.347001;
3.73, -0.78682,-0.0136228,0.113897,-2.05784,0.723433,-0.347781,-0.347781;
3.74, -0.78753,-0.0139637,0.113913,-2.05838,0.724047,-0.348577,-0.348577;
3.75, -0.788592,-0.0141964,0.113922,-2.05891,0.724654,-0.349365,-0.349365;
3.76, -0.788953,-0.0144365,0.113929,-2.05944,0.725268,-0.350147,-0.350147;
3.77, -0.78976,-0.0146563,0.113943,-2.05996,0.725859,-0.350916,-0.350916;
3.78, -0.790362,-0.0149207,0.113953,-2.0605,0.726479,-0.351706,-0.351706;
3.79, -0.791463,-0.0151417,0.113963,-2.06104,0.727096,-0.352497,-0.352497;
3.8, -0.79242,-0.0153522,0.11397,-2.06158,0.727725,-0.353294,-0.353294;
3.81, -0.792734,-0.015558,0.113981,-2.06211,0.728326,-0.354078,-0.354078;
3.82, -0.793327,-0.0157492,0.113989,-2.06264,0.72891,-0.354855,-0.354855;
3.83, -0.793946,-0.0159743,0.114001,-2.06319,0.729526,-0.355658,-0.355658;
3.84, -0.794318,-0.0161974,0.114011,-2.06375,0.730154,-0.356474,-0.356474;
3.85, -0.795321,-0.0164118,0.114022,-2.06431,0.73079,-0.3573,-0.3573;
3.86, -0.795942,-0.0167139,0.114042,-2.06489,0.731454,-0.358144,-0.358144;
3.87, -0.796747,-0.0169764,0.114057,-2.06546,0.732095,-0.358977,-0.358977;
3.88, -0.797959,-0.0172243,0.114067,-2.06603,0.732746,-0.359808,-0.359808;
3.89, -0.798529,-0.0174532,0.11408,-2.0666,0.73339,-0.360633,-0.360633;
3.9, -0.799546,-0.0176973,0.11409,-2.06715,0.733998,-0.361433,-0.361433;
3.91, -0.800684,-0.0179443,0.114096,-2.06771,0.734617,-0.362242,-0.362242;
3.92, -0.801625,-0.0181465,0.11411,-2.06825,0.735215,-0.363039,-0.363039;
3.93, -0.802343,-0.0183716,0.114121,-2.06879,0.735784,-0.363816,-0.363816;
3.94, -0.802926,-0.0186334,0.114132,-2.06932,0.736338,-0.364589,-0.364589;
3.95, -0.80346,-0.0188735,0.114145,-2.06986,0.736895,-0.365367,-0.365367;
3.96, -0.803968,-0.0191047,0.114161,-2.0704,0.73747,-0.366154,-0.366154;
3.97, -0.804998,-0.0193248,0.114169,-2.07096,0.738063,-0.366954,-0.366954;
3.98, -0.805745,-0.0195508,0.114179,-2.07152,0.738676,-0.367768,-0.367768;
3.99, -0.806667,-0.0197794,0.11419,-2.07208,0.739268,-0.368572,-0.368572;
4, -0.807706,-0.0199931,0.114206,-2.07264,0.739859,-0.369377,-0.369377;
4.01, -0.80835,-0.0202279,0.114221,-2.07319,0.740437,-0.370175,-0.370175;
4.02, -0.808931,-0.0204654,0.114234,-2.07374,0.740993,-0.370962,-0.370962;
4.03, -0.810724,-0.0206883,0.114247,-2.07429,0.741558,-0.371756,-0.371756;
4.04, -0.811625,-0.0209134,0.114259,-2.07485,0.742138,-0.372561,-0.372561;
4.05, -0.812331,-0.0211499,0.114268,-2.07538,0.742642,-0.373317,-0.373317;
4.06, -0.813271,-0.0213988,0.114279,-2.0759,0.743135,-0.374067,-0.374067;
4.07, -0.813418,-0.0216331,0.114291,-2.07643,0.743637,-0.374825,-0.374825;
4.08, -0.814325,-0.0218778,0.114304,-2.07695,0.744132,-0.375577,-0.375577;
4.09, -0.81531,-0.0221422,0.114317,-2.0775,0.744678,-0.376363,-0.376363;
4.1, -0.815922,-0.0223761,0.114328,-2.07805,0.745219,-0.377146,-0.377146;
4.11, -0.816802,-0.0225842,0.114341,-2.07859,0.745746,-0.377918,-0.377918;
4.12, -0.817815,-0.0228276,0.114352,-2.07914,0.746287,-0.378699,-0.378699;
4.13, -0.818358,-0.0230625,0.114361,-2.07968,0.746821,-0.37948,-0.37948;
4.14, -0.819202,-0.0232952,0.114372,-2.08022,0.747339,-0.380249,-0.380249;
4.15, -0.819899,-0.0235832,0.114388,-2.08077,0.747876,-0.381033,-0.381033;
4.16, -0.821227,-0.0238242,0.114406,-2.08132,0.74841,-0.381816,-0.381816;
4.17, -0.821728,-0.0240595,0.114421,-2.08188,0.748954,-0.3826,-0.3826;
4.18, -0.822094,-0.0242853,0.114434,-2.08241,0.749458,-0.383357,-0.383357;
4.19, -0.823281,-0.0245688,0.114447,-2.08295,0.749983,-0.38413,-0.38413;
4.2, -0.824416,-0.0247993,0.114462,-2.08352,0.750541,-0.384927,-0.384927;
4.21, -0.825186,-0.0250156,0.114474,-2.08406,0.751073,-0.385702,-0.385702;
4.22, -0.825711,-0.0252771,0.114487,-2.0846,0.751578,-0.386461,-0.386461;
4.23, -0.826266,-0.025454,0.114502,-2.08514,0.752084,-0.387223,-0.387223;
4.24, -0.827445,-0.0257037,0.114515,-2.08569,0.752612,-0.388,-0.388;
4.25, -0.828065,-0.0259769,0.114528,-2.08625,0.753157,-0.388796,-0.388796;
4.26, -0.828442,-0.0261757,0.114543,-2.0868,0.753674,-0.389572,-0.389572;
4.27, -0.829083,-0.0263617,0.114565,-2.08736,0.754205,-0.390354,-0.390354;
4.28, -0.829665,-0.0265648,0.114584,-2.08793,0.754766,-0.391162,-0.391162;
4.29, -0.830663,-0.0268147,0.1146,-2.08851,0.755335,-0.391983,-0.391983;
4.3, -0.831365,-0.0270572,0.114617,-2.08911,0.755916,-0.392816,-0.392816;
4.31, -0.832125,-0.0273006,0.114629,-2.08969,0.75648,-0.393636,-0.393636;
4.32, -0.833065,-0.0275714,0.114641,-2.09028,0.757048,-0.394458,-0.394458;
4.33, -0.833637,-0.027812,0.114652,-2.09086,0.757615,-0.395278,-0.395278;
4.34, -0.834171,-0.0279889,0.114664,-2.09144,0.758171,-0.396086,-0.396086;
4.35, -0.835166,-0.0282187,0.114684,-2.09202,0.75874,-0.396904,-0.396904;
4.36, -0.836125,-0.0284271,0.1147,-2.09262,0.759323,-0.397739,-0.397739;
4.37, -0.836827,-0.0286641,0.114716,-2.09321,0.759888,-0.398563,-0.398563;
4.38, -0.837758,-0.0288565,0.114735,-2.09379,0.760436,-0.399378,-0.399378;
4.39, -0.838743,-0.0291016,0.114746,-2.09438,0.760987,-0.400195,-0.400195;
4.4, -0.839411,-0.0293806,0.114761,-2.09496,0.761525,-0.401008,-0.401008;
4.41, -0.840207,-0.0296166,0.114774,-2.09554,0.762047,-0.401809,-0.401809;
4.42, -0.84083,-0.0298362,0.11479,-2.09611,0.762578,-0.402612,-0.402612;
4.43, -0.842415,-0.0300641,0.114801,-2.09669,0.763109,-0.403414,-0.403414;
4.44, -0.84258,-0.0302811,0.114818,-2.09728,0.763651,-0.404226,-0.404226;
4.45, -0.844111,-0.0305283,0.114833,-2.09783,0.764133,-0.404997,-0.404997;
4.46, -0.844457,-0.0307586,0.11485,-2.09841,0.764659,-0.405802,-0.405802;
4.47, -0.845258,-0.0310001,0.114863,-2.09896,0.765133,-0.406569,-0.406569;
4.48, -0.846051,-0.0312748,0.114876,-2.09953,0.765639,-0.40736,-0.40736;
4.49, -0.847461,-0.0315623,0.11489,-2.1001,0.766148,-0.408152,-0.408152;
4.5, -0.847664,-0.0318329,0.114904,-2.10068,0.766658,-0.408941,-0.408941;
4.51, -0.848102,-0.0320616,0.11492,-2.10122,0.767126,-0.409694,-0.409694;
4.52, -0.848572,-0.0323071,0.114938,-2.10179,0.767638,-0.410475,-0.410475;
4.53, -0.848845,-0.0325427,0.114953,-2.10237,0.768178,-0.411279,-0.411279;
4.54, -0.849483,-0.0327895,0.11497,-2.10296,0.768743,-0.4121,-0.4121;
4.55, -0.849985,-0.0330265,0.114983,-2.10358,0.769343,-0.412948,-0.412948;
4.56, -0.850716,-0.0332415,0.114999,-2.1042,0.769951,-0.413802,-0.413802;
4.57, -0.85176,-0.0334573,0.115018,-2.10484,0.770574,-0.414668,-0.414668;
4.58, -0.852061,-0.0336766,0.115035,-2.10547,0.771194,-0.415535,-0.415535;
4.59, -0.852992,-0.0339057,0.115053,-2.10609,0.771787,-0.416386,-0.416386;
4.6, -0.853797,-0.0341568,0.115072,-2.10673,0.772407,-0.41726,-0.41726;
4.61, -0.854244,-0.0343671,0.115093,-2.10736,0.773012,-0.418123,-0.418123;
4.62, -0.855191,-0.0345774,0.115111,-2.10798,0.773608,-0.418979,-0.418979;
4.63, -0.855627,-0.0347869,0.115124,-2.10862,0.774221,-0.41985,-0.41985;
4.64, -0.856344,-0.034996,0.115138,-2.10925,0.774816,-0.420713,-0.420713;
4.65, -0.856352,-0.0352254,0.115154,-2.1099,0.775428,-0.421591,-0.421591;
4.66, -0.857522,-0.0354283,0.115174,-2.11055,0.776038,-0.422471,-0.422471;
4.67, -0.858335,-0.0356815,0.115192,-2.11122,0.776697,-0.423389,-0.423389;
4.68, -0.859126,-0.0359275,0.115209,-2.11188,0.77732,-0.424283,-0.424283;
4.69, -0.860067,-0.0361607,0.11523,-2.11253,0.777931,-0.425167,-0.425167;
4.7, -0.861046,-0.03637,0.11525,-2.11317,0.778534,-0.426042,-0.426042;
4.71, -0.861376,-0.0366135,0.115275,-2.11381,0.779119,-0.426904,-0.426904;
4.72, -0.862554,-0.0368404,0.115291,-2.11443,0.779682,-0.427754,-0.427754;
4.73, -0.863751,-0.0370641,0.115307,-2.11508,0.780273,-0.428622,-0.428622;
4.74, -0.865207,-0.0372877,0.115322,-2.1157,0.78083,-0.429468,-0.429468;
4.75, -0.865628,-0.0375247,0.115341,-2.11631,0.781351,-0.430288,-0.430288;
4.76, -0.866251,-0.0377395,0.115351,-2.11688,0.78182,-0.43107,-0.43107;
4.77, -0.867325,-0.0379887,0.115366,-2.11747,0.782313,-0.43187,-0.43187;
4.78, -0.868,-0.0382159,0.115379,-2.11808,0.782819,-0.432684,-0.432684;
4.79, -0.868193,-0.0384295,0.115398,-2.11867,0.783305,-0.433481,-0.433481;
4.8, -0.868751,-0.0387013,0.115419,-2.11926,0.783798,-0.434285,-0.434285;
4.81, -0.870044,-0.038908,0.115439,-2.11988,0.784333,-0.435124,-0.435124;
4.82, -0.870664,-0.0391555,0.115456,-2.12051,0.784886,-0.435973,-0.435973;
4.83, -0.871591,-0.0393336,0.115474,-2.12112,0.785398,-0.436794,-0.436794;
4.84, -0.872235,-0.0395546,0.115492,-2.12174,0.785919,-0.43762,-0.43762;
4.85, -0.873007,-0.0398262,0.115509,-2.12235,0.786425,-0.438443,-0.438443;
4.86, -0.873462,-0.0400298,0.115524,-2.12297,0.786939,-0.439274,-0.439274;
4.87, -0.874699,-0.0402663,0.115546,-2.12358,0.787455,-0.440101,-0.440101;
4.88, -0.875197,-0.0404811,0.115562,-2.12421,0.787991,-0.440949,-0.440949;
4.89, -0.875956,-0.0406563,0.115584,-2.12482,0.788493,-0.441769,-0.441769;
4.9, -0.876099,-0.0409172,0.115601,-2.12545,0.789011,-0.442605,-0.442605;
4.91, -0.877576,-0.0411892,0.115621,-2.12608,0.789527,-0.443447,-0.443447;
4.92, -0.877752,-0.0414598,0.115646,-2.12673,0.790089,-0.44432,-0.44432;
4.93, -0.878321,-0.0417149,0.11566,-2.12735,0.7906,-0.445149,-0.445149;
4.94, -0.879111,-0.0419536,0.115682,-2.12799,0.791151,-0.446004,-0.446004;
4.95, -0.880027,-0.0421407,0.115703,-2.12864,0.791717,-0.446869,-0.446869;
4.96, -0.881082,-0.0423939,0.115718,-2.12929,0.792278,-0.447729,-0.447729;
4.97, -0.881503,-0.0426481,0.115737,-2.12993,0.792822,-0.448583,-0.448583;
4.98, -0.882283,-0.0428166,0.115754,-2.13055,0.793341,-0.449416,-0.449416;
4.99, -0.882709,-0.0430038,0.115773,-2.13119,0.793884,-0.450265,-0.450265;
5, -0.883582,-0.0432074,0.11579,-2.13183,0.794421,-0.451118,-0.451118;
5.01, -0.884094,-0.0433629,0.115812,-2.13249,0.794977,-0.451994,-0.451994;
5.02, -0.88462,-0.0435672,0.115832,-2.13315,0.795521,-0.452864,-0.452864;
5.03, -0.88536,-0.0437787,0.115856,-2.13382,0.796076,-0.453752,-0.453752;
5.04, -0.886659,-0.0439503,0.115877,-2.1345,0.796643,-0.454652,-0.454652;
5.05, -0.887527,-0.0441701,0.1159,-2.13517,0.797207,-0.455552,-0.455552;
5.06, -0.888893,-0.0443735,0.115924,-2.13583,0.797726,-0.456423,-0.456423;
5.07, -0.889925,-0.0446315,0.115942,-2.13648,0.798231,-0.457283,-0.457283;
5.08, -0.890786,-0.044884,0.115964,-2.1371,0.79869,-0.458109,-0.458109;
5.09, -0.891984,-0.0451429,0.115982,-2.13771,0.799131,-0.458915,-0.458915;
5.1, -0.893103,-0.0453594,0.116005,-2.13831,0.799568,-0.459715,-0.459715;
5.11, -0.893685,-0.0455673,0.116023,-2.1389,0.799978,-0.460489,-0.460489;
5.12, -0.894754,-0.0457814,0.116041,-2.13947,0.800366,-0.461246,-0.461246;
5.13, -0.89502,-0.0460031,0.116061,-2.14006,0.80077,-0.462021,-0.462021;
5.14, -0.895645,-0.0462291,0.116078,-2.14063,0.801159,-0.462785,-0.462785;
5.15, -0.896181,-0.0464809,0.116089,-2.14124,0.801588,-0.463583,-0.463583;
5.16, -0.89661,-0.046735,0.116105,-2.14185,0.802033,-0.464394,-0.464394;
5.17, -0.898077,-0.0469673,0.116126,-2.14248,0.802498,-0.465219,-0.465219;
5.18, -0.898761,-0.0471807,0.116148,-2.14312,0.802991,-0.466063,-0.466063;
5.19, -0.899821,-0.0474093,0.116169,-2.14373,0.803436,-0.466867,-0.466867;
5.2, -0.900802,-0.0476723,0.116189,-2.14434,0.803884,-0.467677,-0.467677;
5.21, -0.901294,-0.0479147,0.116208,-2.14495,0.804314,-0.468472,-0.468472;
5.22, -0.901375,-0.0481107,0.116221,-2.14554,0.804732,-0.469253,-0.469253;
5.23, -0.902205,-0.048368,0.11624,-2.14615,0.805172,-0.470051,-0.470051;
5.24, -0.902859,-0.0485876,0.116264,-2.1468,0.805664,-0.470896,-0.470896;
5.25, -0.903573,-0.0487885,0.116289,-2.14744,0.806154,-0.471738,-0.471738;
5.26, -0.904987,-0.0490308,0.116307,-2.14809,0.80665,-0.472586,-0.472586;
5.27, -0.905202,-0.0492244,0.116327,-2.14874,0.807148,-0.473439,-0.473439;
5.28, -0.905686,-0.0494003,0.11635,-2.14936,0.807599,-0.474252,-0.474252;
5.29, -0.906699,-0.0496287,0.116371,-2.15001,0.808085,-0.475099,-0.475099;
5.3, -0.907027,-0.0497999,0.116396,-2.15067,0.808589,-0.475969,-0.475969;
5.31, -0.907636,-0.0499902,0.116419,-2.15133,0.809075,-0.476823,-0.476823;
5.32, -0.908411,-0.050194,0.11644,-2.15201,0.809586,-0.477706,-0.477706;
5.33, -0.909361,-0.0504451,0.116462,-2.15269,0.810106,-0.4786,-0.4786;
5.34, -0.910215,-0.0506735,0.116485,-2.15338,0.81062,-0.479491,-0.479491;
5.35, -0.911031,-0.0508642,0.116509,-2.15405,0.811119,-0.480366,-0.480366;
5.36, -0.911645,-0.0510657,0.116531,-2.15471,0.811608,-0.481231,-0.481231;
5.37, -0.912529,-0.0513039,0.116553,-2.15538,0.812089,-0.482093,-0.482093;
5.38, -0.912866,-0.0515954,0.116572,-2.15605,0.812578,-0.482965,-0.482965;
5.39, -0.913794,-0.0518448,0.116588,-2.15671,0.813058,-0.483827,-0.483827;
5.4, -0.91426,-0.0520813,0.116615,-2.15739,0.813568,-0.484705,-0.484705;
5.41, -0.915027,-0.0522885,0.116639,-2.15806,0.814067,-0.48557,-0.48557;
5.42, -0.915995,-0.0525002,0.116659,-2.15874,0.814584,-0.486449,-0.486449;
5.43, -0.916696,-0.0527408,0.116681,-2.15941,0.815096,-0.487327,-0.487327;
5.44, -0.91758,-0.0529642,0.116704,-2.16008,0.81559,-0.488192,-0.488192;
5.45, -0.918108,-0.0531664,0.116724,-2.16075,0.816084,-0.489056,-0.489056;
5.46, -0.918694,-0.0533752,0.116746,-2.16141,0.816568,-0.489911,-0.489911;
5.47, -0.919154,-0.0536509,0.116769,-2.16209,0.817064,-0.490781,-0.490781;
5.48, -0.919819,-0.0538707,0.116793,-2.16277,0.817569,-0.491662,-0.491662;
5.49, -0.920006,-0.0540526,0.116815,-2.16346,0.818096,-0.492554,-0.492554;
5.5, -0.920561,-0.0542243,0.116834,-2.16416,0.818624,-0.493449,-0.493449;
5.51, -0.921559,-0.0545144,0.116864,-2.16488,0.819186,-0.494379,-0.494379;
5.52, -0.922755,-0.054738,0.11689,-2.16562,0.819755,-0.495322,-0.495322;
5.53, -0.923218,-0.0549171,0.116905,-2.16633,0.820302,-0.496239,-0.496239;
5.54, -0.923972,-0.0551147,0.116924,-2.16702,0.820812,-0.497122,-0.497122;
5.55, -0.92458,-0.0553286,0.116948,-2.16772,0.821333,-0.498022,-0.498022;
5.56, -0.924921,-0.0555596,0.116976,-2.16842,0.821849,-0.498922,-0.498922;
5.57, -0.925681,-0.0557728,0.116997,-2.16913,0.82237,-0.499827,-0.499827;
5.58, -0.927071,-0.0559933,0.117021,-2.16985,0.822915,-0.500753,-0.500753;
5.59, -0.927678,-0.0562162,0.117045,-2.17058,0.823456,-0.501676,-0.501676;
5.6, -0.928143,-0.0564425,0.117068,-2.17126,0.823945,-0.502555,-0.502555;
5.61, -0.929074,-0.0566821,0.117086,-2.17195,0.824438,-0.503437,-0.503437;
5.62, -0.930147,-0.0568922,0.117113,-2.17266,0.824949,-0.504334,-0.504334;
5.63, -0.930729,-0.0571148,0.117139,-2.17335,0.825445,-0.505217,-0.505217;
5.64, -0.931492,-0.0573359,0.117168,-2.17402,0.825914,-0.506078,-0.506078;
5.65, -0.932665,-0.0575681,0.117188,-2.1747,0.826391,-0.506947,-0.506947;
5.66, -0.93353,-0.0578132,0.117209,-2.17538,0.826866,-0.507814,-0.507814;
5.67, -0.934356,-0.0580056,0.117233,-2.17604,0.82731,-0.508654,-0.508654;
5.68, -0.935237,-0.0582314,0.117257,-2.17669,0.827745,-0.509484,-0.509484;
5.69, -0.93597,-0.0584691,0.117276,-2.17734,0.828174,-0.510313,-0.510313;
5.7, -0.936425,-0.0586743,0.1173,-2.17799,0.828594,-0.511135,-0.511135;
5.71, -0.937465,-0.0588923,0.117325,-2.17863,0.829017,-0.511959,-0.511959;
5.72, -0.938048,-0.0590987,0.11735,-2.1793,0.829461,-0.512805,-0.512805;
5.73, -0.938934,-0.059329,0.117375,-2.17995,0.829886,-0.513635,-0.513635;
5.74, -0.93913,-0.0595512,0.117401,-2.18061,0.830321,-0.514478,-0.514478;
5.75, -0.939666,-0.0597534,0.117423,-2.18127,0.830748,-0.515314,-0.515314;
5.76, -0.940046,-0.0599742,0.117444,-2.18195,0.831214,-0.516184,-0.516184;
5.77, -0.941522,-0.0602005,0.117468,-2.18265,0.831693,-0.517071,-0.517071;
5.78, -0.942089,-0.0604112,0.117492,-2.18337,0.832197,-0.51798,-0.51798;
5.79, -0.942691,-0.060657,0.117518,-2.18405,0.832647,-0.518841,-0.518841;
5.8, -0.943439,-0.0608866,0.117543,-2.18474,0.833105,-0.51971,-0.51971;
5.81, -0.943956,-0.061095,0.117567,-2.18543,0.833573,-0.520585,-0.520585;
5.82, -0.944316,-0.0613329,0.117587,-2.18612,0.83404,-0.521459,-0.521459;
5.83, -0.94544,-0.0615318,0.117616,-2.18682,0.834519,-0.522347,-0.522347;
5.84, -0.945948,-0.061718,0.117645,-2.18755,0.835024,-0.523256,-0.523256;
5.85, -0.946586,-0.0619233,0.117669,-2.18825,0.835498,-0.524142,-0.524142;
5.86, -0.947315,-0.0621395,0.117692,-2.18896,0.835982,-0.525041,-0.525041;
5.87, -0.948314,-0.0623164,0.117716,-2.18968,0.83647,-0.525947,-0.525947;
5.88, -0.948817,-0.0625181,0.117739,-2.1904,0.836954,-0.526851,-0.526851;
5.89, -0.949451,-0.0627587,0.117758,-2.1911,0.837416,-0.527739,-0.527739;
5.9, -0.950753,-0.0629485,0.117784,-2.19182,0.837889,-0.528641,-0.528641;
5.91, -0.951293,-0.0631344,0.11781,-2.19254,0.838368,-0.529545,-0.529545;
5.92, -0.952411,-0.0634248,0.117837,-2.19323,0.838805,-0.530414,-0.530414;
5.93, -0.95273,-0.0635908,0.117856,-2.19393,0.839251,-0.531296,-0.531296;
5.94, -0.954203,-0.0638065,0.117882,-2.1946,0.839674,-0.532147,-0.532147;
5.95, -0.955096,-0.0640557,0.117909,-2.19531,0.840121,-0.533027,-0.533027;
5.96, -0.955649,-0.0643229,0.117935,-2.19597,0.840519,-0.533863,-0.533863;
5.97, -0.956372,-0.0645306,0.117963,-2.19662,0.840907,-0.534684,-0.534684;
5.98, -0.956945,-0.0647078,0.117991,-2.19728,0.841311,-0.535516,-0.535516;
5.99, -0.957435,-0.0649085,0.118015,-2.19795,0.841718,-0.536352,-0.536352;
6, -0.95813,-0.0651267,0.118039,-2.19863,0.842136,-0.537205,-0.537205;
6.01, -0.958957,-0.0653439,0.118065,-2.19933,0.842571,-0.538078,-0.538078;
6.02, -0.959401,-0.0655267,0.118092,-2.20003,0.843009,-0.538955,-0.538955;
6.03, -0.959849,-0.0657477,0.118116,-2.20072,0.84344,-0.539825,-0.539825;
6.04, -0.960634,-0.0659885,0.118145,-2.20144,0.843888,-0.540716,-0.540716;
6.05, -0.961379,-0.0661688,0.118171,-2.20216,0.844355,-0.541626,-0.541626;
6.06, -0.962339,-0.0663488,0.118191,-2.20289,0.844818,-0.542528,-0.542528;
6.07, -0.963797,-0.0665617,0.118215,-2.20361,0.845275,-0.54343,-0.54343;
6.08, -0.964077,-0.0667984,0.118241,-2.20432,0.845712,-0.544318,-0.544318;
6.09, -0.965009,-0.0670314,0.118261,-2.20499,0.846098,-0.545157,-0.545157;
6.1, -0.96584,-0.0672483,0.118284,-2.20569,0.846514,-0.546023,-0.546023;
6.11, -0.966179,-0.0674777,0.118308,-2.20637,0.846919,-0.546876,-0.546876;
6.12, -0.966562,-0.0676887,0.118339,-2.20705,0.847318,-0.547723,-0.547723;
6.13, -0.966653,-0.0679526,0.118362,-2.20775,0.847745,-0.548596,-0.548596;
6.14, -0.967099,-0.0681241,0.118385,-2.20847,0.848196,-0.549494,-0.549494;
6.15, -0.967533,-0.0683277,0.118417,-2.20923,0.848692,-0.550429,-0.550429;
6.16, -0.968291,-0.0685191,0.118447,-2.21,0.849202,-0.551385,-0.551385;
6.17, -0.969608,-0.0687115,0.118476,-2.21078,0.849726,-0.552357,-0.552357;
6.18, -0.970061,-0.0689223,0.118504,-2.21156,0.85024,-0.553322,-0.553322;
6.19, -0.971302,-0.0690994,0.118533,-2.21231,0.850706,-0.554244,-0.554244;
6.2, -0.971965,-0.0692856,0.11856,-2.21306,0.851183,-0.555178,-0.555178;
6.21, -0.973212,-0.0694995,0.118588,-2.21378,0.85162,-0.556077,-0.556077;
6.22, -0.97416,-0.0697153,0.118614,-2.21451,0.852056,-0.556978,-0.556978;
6.23, -0.975013,-0.0699651,0.118635,-2.21521,0.852455,-0.557844,-0.557844;
6.24, -0.976915,-0.0702047,0.11866,-2.21589,0.852838,-0.558693,-0.558693;
6.25, -0.977425,-0.0703833,0.118686,-2.21657,0.853215,-0.559531,-0.559531;
6.26, -0.977911,-0.0705903,0.118713,-2.21718,0.853516,-0.560292,-0.560292;
6.27, -0.978397,-0.0708046,0.118745,-2.21781,0.853832,-0.561072,-0.561072;
6.28, -0.978831,-0.0709903,0.11877,-2.21846,0.854171,-0.561878,-0.561878;
6.29, -0.979204,-0.0711858,0.118796,-2.21913,0.854532,-0.562707,-0.562707;
6.3, -0.980237,-0.0713856,0.118825,-2.21982,0.854916,-0.563563,-0.563563;
6.31, -0.98096,-0.0715942,0.118857,-2.22054,0.855324,-0.564448,-0.564448;
6.32, -0.981285,-0.0718055,0.118884,-2.22124,0.855713,-0.565315,-0.565315;
6.33, -0.98144,-0.0720539,0.118911,-2.22194,0.856101,-0.566181,-0.566181;
6.34, -0.983155,-0.0722849,0.118939,-2.22267,0.856517,-0.567076,-0.567076;
6.35, -0.982963,-0.0724919,0.118971,-2.22342,0.856973,-0.568005,-0.568005;
6.36, -0.983154,-0.0727038,0.118999,-2.22412,0.857363,-0.568866,-0.568866;
6.37, -0.984617,-0.0729005,0.119024,-2.22487,0.857809,-0.569785,-0.569785;
6.38, -0.984713,-0.073128,0.119057,-2.22565,0.858291,-0.570741,-0.570741;
6.39, -0.985483,-0.0733349,0.119078,-2.22638,0.85872,-0.571645,-0.571645;
6.4, -0.986236,-0.0735621,0.119113,-2.22715,0.859186,-0.572584,-0.572584;
6.41, -0.986765,-0.0737555,0.119142,-2.22791,0.859646,-0.573519,-0.573519;
6.42, -0.987596,-0.074002,0.119166,-2.22866,0.860099,-0.574445,-0.574445;
6.43, -0.988482,-0.0742152,0.119196,-2.22943,0.86056,-0.575382,-0.575382;
6.44, -0.988844,-0.0743804,0.119226,-2.23018,0.861012,-0.576305,-0.576305;
6.45, -0.989497,-0.0745845,0.119252,-2.23092,0.861448,-0.577213,-0.577213;
6.46, -0.990496,-0.0747769,0.11928,-2.23169,0.861902,-0.578145,-0.578145;
6.47, -0.99095,-0.0749989,0.119303,-2.23245,0.862356,-0.57908,-0.57908;
6.48, -0.991854,-0.0751979,0.119329,-2.2332,0.862787,-0.579994,-0.579994;
6.49, -0.992259,-0.0753808,0.119363,-2.23396,0.863232,-0.580922,-0.580922;
6.5, -0.992636,-0.0756001,0.119394,-2.23471,0.86366,-0.581835,-0.581835;
6.51, -0.993632,-0.0758283,0.119426,-2.23547,0.864105,-0.582769,-0.582769;
6.52, -0.994157,-0.0760365,0.119453,-2.23625,0.864569,-0.583722,-0.583722;
6.53, -0.994745,-0.0761967,0.119482,-2.23702,0.865012,-0.584652,-0.584652;
6.54, -0.995972,-0.0763562,0.119513,-2.23778,0.865462,-0.585589,-0.585589;
6.55, -0.996969,-0.0765522,0.119545,-2.23856,0.865914,-0.586536,-0.586536;
6.56, -0.997563,-0.0767515,0.119574,-2.23931,0.866326,-0.587448,-0.587448;
6.57, -0.998715,-0.0769427,0.119596,-2.24004,0.866714,-0.588337,-0.588337;
6.58, -0.999661,-0.0771663,0.119627,-2.24077,0.867108,-0.589234,-0.589234;
6.59, -1.00057,-0.0773673,0.119656,-2.24148,0.867472,-0.590101,-0.590101;
6.6, -1.0007,-0.0776067,0.119688,-2.24218,0.867821,-0.59095,-0.59095;
6.61, -1.00155,-0.0778601,0.119716,-2.24287,0.868158,-0.591788,-0.591788;
6.62, -1.00233,-0.0780282,0.119746,-2.24359,0.868537,-0.592666,-0.592666;
6.63, -1.00306,-0.0782375,0.119774,-2.2443,0.868912,-0.593535,-0.593535;
6.64, -1.00334,-0.0784361,0.119801,-2.24501,0.86928,-0.594402,-0.594402;
6.65, -1.00368,-0.0786602,0.119823,-2.24573,0.869649,-0.59527,-0.59527;
6.66, -1.00435,-0.078877,0.119856,-2.24647,0.870044,-0.59617,-0.59617;
6.67, -1.00483,-0.0790708,0.119887,-2.24723,0.870466,-0.597096,-0.597096;
6.68, -1.00527,-0.0792706,0.119917,-2.248,0.87089,-0.598024,-0.598024;
6.69, -1.00573,-0.0794742,0.119945,-2.24877,0.871324,-0.598965,-0.598965;
6.7, -1.00691,-0.079679,0.119974,-2.24956,0.871773,-0.599922,-0.599922;
6.71, -1.00717,-0.0798423,0.120006,-2.25037,0.872233,-0.600894,-0.600894;
6.72, -1.00803,-0.080035,0.120037,-2.25114,0.872658,-0.601828,-0.601828;
6.73, -1.00856,-0.0801885,0.120066,-2.25194,0.873104,-0.602791,-0.602791;
6.74, -1.0092,-0.0804102,0.120093,-2.25272,0.873536,-0.603741,-0.603741;
6.75, -1.00977,-0.0806508,0.120127,-2.25352,0.873971,-0.604703,-0.604703;
6.76, -1.0104,-0.080852,0.120154,-2.25431,0.874407,-0.605663,-0.605663;
6.77, -1.01119,-0.0810609,0.120188,-2.25511,0.874849,-0.606625,-0.606625;
6.78, -1.01221,-0.0812535,0.120222,-2.25591,0.875292,-0.607587,-0.607587;
6.79, -1.01285,-0.0814524,0.120252,-2.2567,0.875724,-0.608538,-0.608538;
6.8, -1.01347,-0.0816505,0.120279,-2.25747,0.87613,-0.609462,-0.609462;
6.81, -1.01386,-0.0818305,0.120306,-2.25823,0.876536,-0.610387,-0.610387;
6.82, -1.01502,-0.0820396,0.120338,-2.259,0.876945,-0.611316,-0.611316;
6.83, -1.01595,-0.0822723,0.120373,-2.25979,0.877369,-0.612267,-0.612267;
6.84, -1.0166,-0.0824857,0.12041,-2.26055,0.877762,-0.613182,-0.613182;
6.85, -1.01736,-0.0826988,0.120439,-2.26129,0.878137,-0.614075,-0.614075;
6.86, -1.01828,-0.0828981,0.12047,-2.26204,0.878515,-0.614968,-0.614968;
6.87, -1.01868,-0.0830908,0.120502,-2.26278,0.878888,-0.615857,-0.615857;
6.88, -1.02015,-0.0832696,0.120529,-2.2635,0.879246,-0.616731,-0.616731;
6.89, -1.02115,-0.0834785,0.120558,-2.26425,0.879622,-0.617627,-0.617627;
6.9, -1.02154,-0.083683,0.120589,-2.26495,0.879948,-0.618472,-0.618472;
6.91, -1.02205,-0.0839016,0.12062,-2.26563,0.880254,-0.619296,-0.619296;
6.92, -1.02217,-0.0840921,0.120651,-2.26634,0.880583,-0.620145,-0.620145;
6.93, -1.02263,-0.0842993,0.120673,-2.26706,0.880928,-0.621012,-0.621012;
6.94, -1.02323,-0.0844874,0.120708,-2.26782,0.881311,-0.621926,-0.621926;
6.95, -1.02384,-0.0846958,0.120741,-2.2686,0.88171,-0.622858,-0.622858;
6.96, -1.02452,-0.0849223,0.120774,-2.26938,0.882114,-0.623798,-0.623798;
6.97, -1.02497,-0.085134,0.120799,-2.27017,0.88252,-0.624741,-0.624741;
6.98, -1.02622,-0.0853229,0.120831,-2.27095,0.882925,-0.62568,-0.62568;
6.99, -1.02704,-0.0855155,0.120871,-2.27175,0.883344,-0.626632,-0.626632;
7, -1.0277,-0.085705,0.120903,-2.27251,0.883722,-0.627542,-0.627542;
7.01, -1.02875,-0.085896,0.120935,-2.27326,0.884089,-0.62844,-0.62844;
7.02, -1.02959,-0.0860722,0.120963,-2.27401,0.884455,-0.62934,-0.62934;
7.03, -1.0303,-0.0862694,0.120997,-2.27474,0.884797,-0.630216,-0.630216;
7.04, -1.03106,-0.086504,0.121028,-2.27547,0.885128,-0.631083,-0.631083;
7.05, -1.03138,-0.0866876,0.121059,-2.27619,0.885458,-0.631951,-0.631951;
7.06, -1.03216,-0.0869148,0.121087,-2.27691,0.885787,-0.632813,-0.632813;
7.07, -1.03256,-0.0871534,0.12112,-2.27766,0.88614,-0.633707,-0.633707;
7.08, -1.0328,-0.0873325,0.121155,-2.2784,0.88649,-0.634595,-0.634595;
7.09, -1.03336,-0.0875039,0.121189,-2.27916,0.886861,-0.635502,-0.635502;
7.1, -1.03358,-0.0876753,0.12122,-2.27995,0.887259,-0.636444,-0.636444;
7.11, -1.03427,-0.0879333,0.121255,-2.28075,0.887661,-0.637398,-0.637398;
7.12, -1.03454,-0.0881255,0.121294,-2.28158,0.888089,-0.638386,-0.638386;
7.13, -1.03535,-0.088299,0.121327,-2.28241,0.888515,-0.639365,-0.639365;
7.14, -1.03569,-0.088443,0.121356,-2.28325,0.888963,-0.640369,-0.640369;
7.15, -1.03704,-0.0886121,0.121388,-2.28409,0.889395,-0.641361,-0.641361;
7.16, -1.03758,-0.0887716,0.12142,-2.28494,0.889839,-0.642375,-0.642375;
7.17, -1.03824,-0.0889473,0.121452,-2.28575,0.890234,-0.643336,-0.643336;
7.18, -1.03873,-0.0891392,0.121485,-2.28657,0.890629,-0.644303,-0.644303;
7.19, -1.03989,-0.0893776,0.121515,-2.28738,0.891021,-0.64527,-0.64527;
7.2, -1.04073,-0.0895855,0.121542,-2.2882,0.891421,-0.646247,-0.646247;
7.21, -1.04161,-0.0898168,0.121571,-2.28899,0.891791,-0.647181,-0.647181;
7.22, -1.04283,-0.0900257,0.121607,-2.28976,0.892147,-0.648097,-0.648097;
7.23, -1.04264,-0.0902255,0.12164,-2.29052,0.892492,-0.648993,-0.648993;
7.24, -1.04367,-0.0904469,0.121675,-2.29124,0.892802,-0.649847,-0.649847;
7.25, -1.04379,-0.0906224,0.121707,-2.29201,0.893166,-0.650767,-0.650767;
7.26, -1.04446,-0.0908303,0.121739,-2.29277,0.893512,-0.651663,-0.651663;
7.27, -1.04514,-0.091013,0.121776,-2.29356,0.89389,-0.652603,-0.652603;
7.28, -1.04599,-0.0911784,0.121814,-2.29435,0.894268,-0.653542,-0.653542;
7.29, -1.04663,-0.0913854,0.121845,-2.29515,0.894643,-0.654481,-0.654481;
7.3, -1.04785,-0.0916104,0.121876,-2.29593,0.895002,-0.655407,-0.655407;
7.31, -1.04828,-0.0917654,0.121909,-2.29671,0.895362,-0.656333,-0.656333;
7.32, -1.04945,-0.0919406,0.121936,-2.29746,0.895689,-0.657214,-0.657214;
7.33, -1.04959,-0.0921199,0.121968,-2.29822,0.896026,-0.658117,-0.658117;
7.34, -1.0503,-0.0923078,0.121999,-2.29895,0.896334,-0.658986,-0.658986;
7.35, -1.05086,-0.0924985,0.122037,-2.29972,0.896672,-0.659898,-0.659898;
7.36, -1.05151,-0.0927262,0.122072,-2.3005,0.897011,-0.660811,-0.660811;
7.37, -1.05238,-0.0929275,0.122106,-2.30128,0.897355,-0.661734,-0.661734;
7.38, -1.0531,-0.0931039,0.122139,-2.30206,0.897703,-0.662655,-0.662655;
7.39, -1.05336,-0.0933421,0.122174,-2.30282,0.898037,-0.66356,-0.66356;
7.4, -1.05355,-0.0935762,0.122205,-2.30359,0.898367,-0.664462,-0.664462;
7.41, -1.05382,-0.0937426,0.122239,-2.30438,0.898724,-0.665392,-0.665392;
7.42, -1.05463,-0.0939591,0.12228,-2.3052,0.899113,-0.666357,-0.666357;
7.43, -1.05526,-0.094147,0.122315,-2.30605,0.899524,-0.667355,-0.667355;
7.44, -1.05555,-0.0943346,0.122349,-2.30688,0.899923,-0.668335,-0.668335;
7.45, -1.05615,-0.0945325,0.122381,-2.30771,0.900318,-0.669313,-0.669313;
7.46, -1.0572,-0.0946975,0.122419,-2.30857,0.900731,-0.670316,-0.670316;
7.47, -1.05769,-0.0949047,0.122453,-2.30942,0.901144,-0.671319,-0.671319;
7.48, -1.05864,-0.0951025,0.122479,-2.31025,0.901526,-0.672287,-0.672287;
7.49, -1.05903,-0.0952811,0.122514,-2.31108,0.901913,-0.673262,-0.673262;
7.5, -1.0598,-0.0954583,0.122548,-2.31189,0.90228,-0.674211,-0.674211;
7.51, -1.06017,-0.0956349,0.122583,-2.31271,0.902659,-0.675178,-0.675178;
7.52, -1.06075,-0.0957978,0.12262,-2.31353,0.903028,-0.676136,-0.676136;
7.53, -1.06128,-0.0959818,0.122655,-2.31436,0.90341,-0.677114,-0.677114;
7.54, -1.06192,-0.0961812,0.122689,-2.3152,0.903791,-0.678099,-0.678099;
7.55, -1.0624,-0.0963662,0.122725,-2.31605,0.904177,-0.67909,-0.67909;
7.56, -1.06337,-0.0965419,0.122758,-2.31689,0.904561,-0.680078,-0.680078;
7.57, -1.06374,-0.0967064,0.122796,-2.31774,0.90495,-0.681074,-0.681074;
7.58, -1.06472,-0.0968812,0.122831,-2.31857,0.905316,-0.682043,-0.682043;
7.59, -1.06568,-0.0970676,0.122867,-2.31942,0.905693,-0.683032,-0.683032;
7.6, -1.06607,-0.0972683,0.122902,-2.32024,0.906047,-0.683993,-0.683993;
7.61, -1.06654,-0.0974364,0.122938,-2.32103,0.906378,-0.684925,-0.684925;
7.62, -1.06725,-0.0975871,0.122971,-2.32185,0.906723,-0.685875,-0.685875;
7.63, -1.06742,-0.0977566,0.123005,-2.32267,0.907078,-0.686842,-0.686842;
7.64, -1.06797,-0.0979474,0.123038,-2.3235,0.907426,-0.687805,-0.687805;
7.65, -1.06856,-0.0981383,0.123073,-2.32435,0.907799,-0.688805,-0.688805;
7.66, -1.06972,-0.0983524,0.123112,-2.32521,0.908176,-0.68981,-0.68981;
7.67, -1.07079,-0.0985603,0.123148,-2.32607,0.908553,-0.690815,-0.690815;
7.68, -1.07148,-0.0987728,0.123183,-2.32689,0.908897,-0.691772,-0.691772;
7.69, -1.07259,-0.0989621,0.123221,-2.32768,0.909213,-0.692688,-0.692688;
7.7, -1.07326,-0.0991964,0.123252,-2.32846,0.909527,-0.693597,-0.693597;
7.71, -1.07428,-0.0993426,0.123286,-2.3292,0.909812,-0.694471,-0.694471;
7.72, -1.07454,-0.0995271,0.123317,-2.32995,0.9101,-0.695341,-0.695341;
7.73, -1.07511,-0.0997341,0.123351,-2.33067,0.910364,-0.696189,-0.696189;
7.74, -1.07554,-0.0999138,0.123392,-2.33143,0.910654,-0.697073,-0.697073;
7.75, -1.07589,-0.100081,0.123426,-2.3322,0.910952,-0.697968,-0.697968;
7.76, -1.07632,-0.100309,0.123463,-2.33298,0.911264,-0.698885,-0.698885;
7.77, -1.07684,-0.100474,0.1235,-2.33379,0.911594,-0.69983,-0.69983;
7.78, -1.07827,-0.100712,0.123534,-2.33462,0.911939,-0.700789,-0.700789;
7.79, -1.07899,-0.100928,0.12357,-2.33545,0.912289,-0.701759,-0.701759;
7.8, -1.07936,-0.101129,0.123609,-2.33623,0.912592,-0.702661,-0.702661;
7.81, -1.08036,-0.101311,0.123646,-2.33699,0.91289,-0.703551,-0.703551;
7.82, -1.08069,-0.101499,0.12368,-2.33778,0.913206,-0.704464,-0.704464;
7.83, -1.08169,-0.101739,0.123721,-2.33854,0.913501,-0.705353,-0.705353;
7.84, -1.08215,-0.101934,0.123751,-2.33933,0.913814,-0.706268,-0.706268;
7.85, -1.08236,-0.102129,0.123791,-2.34009,0.914109,-0.707153,-0.707153;
7.86, -1.08288,-0.102299,0.123825,-2.34086,0.914416,-0.708053,-0.708053;
7.87, -1.08324,-0.102461,0.12386,-2.34167,0.914749,-0.708992,-0.708992;
7.88, -1.08373,-0.102614,0.123901,-2.34249,0.915089,-0.709945,-0.709945;
7.89, -1.08444,-0.102806,0.123936,-2.34334,0.915442,-0.710921,-0.710921;
7.9, -1.08533,-0.10297,0.123973,-2.34419,0.915799,-0.711911,-0.711911;
7.91, -1.08613,-0.103137,0.124009,-2.34504,0.916149,-0.712892,-0.712892;
7.92, -1.0871,-0.103342,0.124052,-2.34587,0.916479,-0.71385,-0.71385;
7.93, -1.08778,-0.103508,0.124091,-2.34668,0.916796,-0.714793,-0.714793;
7.94, -1.0889,-0.103667,0.124123,-2.34747,0.917092,-0.715705,-0.715705;
7.95, -1.08959,-0.103875,0.124161,-2.34825,0.917383,-0.716615,-0.716615;
7.96, -1.09007,-0.104052,0.124193,-2.349,0.917645,-0.717489,-0.717489;
7.97, -1.09087,-0.104257,0.124228,-2.34975,0.917905,-0.718358,-0.718358;
7.98, -1.09162,-0.104438,0.124258,-2.35052,0.918177,-0.719246,-0.719246;
7.99, -1.0922,-0.104668,0.124294,-2.35127,0.918443,-0.720124,-0.720124;
8, -1.09243,-0.104849,0.124329,-2.35203,0.918704,-0.720997,-0.720997;
8.01, -1.09311,-0.105024,0.124364,-2.35278,0.918973,-0.721875,-0.721875;
8.02, -1.09346,-0.105214,0.1244,-2.35358,0.919268,-0.722791,-0.722791;
8.03, -1.09465,-0.105366,0.124431,-2.35437,0.919561,-0.723708,-0.723708;
8.04, -1.09567,-0.105564,0.124469,-2.35518,0.919871,-0.724649,-0.724649;
8.05, -1.09569,-0.105761,0.12451,-2.35596,0.920147,-0.72555,-0.72555;
8.06, -1.09639,-0.105976,0.124549,-2.35671,0.920401,-0.726417,-0.726417;
8.07, -1.09708,-0.106203,0.124584,-2.3575,0.920691,-0.727335,-0.727335;
8.08, -1.09773,-0.106403,0.124623,-2.3583,0.920982,-0.728251,-0.728251;
8.09, -1.0981,-0.106575,0.12466,-2.35908,0.921273,-0.72916,-0.72916;
8.1, -1.0984,-0.106785,0.124696,-2.35987,0.921563,-0.730067,-0.730067;
8.11, -1.09882,-0.106975,0.124733,-2.36068,0.921868,-0.730999,-0.730999;
8.12, -1.10009,-0.107152,0.124769,-2.36151,0.922193,-0.731957,-0.731957;
8.13, -1.10036,-0.107352,0.12481,-2.36236,0.922529,-0.732933,-0.732933;
8.14, -1.10119,-0.107547,0.124848,-2.36316,0.922826,-0.733854,-0.733854;
8.15, -1.10209,-0.107686,0.124883,-2.36398,0.923141,-0.734801,-0.734801;
8.16, -1.10254,-0.107886,0.124917,-2.36479,0.923445,-0.735731,-0.735731;
8.17, -1.10353,-0.108051,0.124957,-2.36558,0.923728,-0.736641,-0.736641;
8.18, -1.10437,-0.108196,0.124996,-2.36638,0.924021,-0.737565,-0.737565;
8.19, -1.10442,-0.108369,0.12503,-2.36716,0.924293,-0.738462,-0.738462;
8.2, -1.10512,-0.108556,0.125068,-2.36793,0.924549,-0.739345,-0.739345;
8.21, -1.10549,-0.108718,0.125106,-2.36874,0.924839,-0.74028,-0.74028;
8.22, -1.10629,-0.108879,0.125145,-2.36955,0.925127,-0.741213,-0.741213;
8.23, -1.10659,-0.109075,0.125183,-2.37038,0.925427,-0.742168,-0.742168;
8.24, -1.10698,-0.109259,0.12522,-2.3712,0.925716,-0.743111,-0.743111;
8.25, -1.10757,-0.109459,0.125256,-2.37204,0.926023,-0.744078,-0.744078;
8.26, -1.10834,-0.109657,0.125297,-2.3729,0.926343,-0.745065,-0.745065;
8.27, -1.1085,-0.109848,0.125326,-2.37376,0.926664,-0.74605,-0.74605;
8.28, -1.10886,-0.110026,0.125367,-2.37461,0.926974,-0.747018,-0.747018;
8.29, -1.1093,-0.110198,0.12541,-2.37548,0.927309,-0.74802,-0.74802;
8.3, -1.10984,-0.110377,0.125454,-2.37637,0.927656,-0.749042,-0.749042;
8.31, -1.11065,-0.110528,0.125495,-2.37728,0.928008,-0.750074,-0.750074;
8.32, -1.11096,-0.110646,0.125537,-2.37818,0.92836,-0.751107,-0.751107;
8.33, -1.11229,-0.110837,0.125575,-2.37907,0.928695,-0.752119,-0.752119;
8.34, -1.11244,-0.111013,0.125617,-2.37997,0.929038,-0.753156,-0.753156;
8.35, -1.11322,-0.111161,0.125657,-2.38082,0.929337,-0.754124,-0.754124;
8.36, -1.11394,-0.111348,0.125696,-2.38169,0.929657,-0.755126,-0.755126;
8.37, -1.11454,-0.111542,0.125733,-2.38256,0.929965,-0.756114,-0.756114;
8.38, -1.11492,-0.111743,0.125775,-2.38341,0.930264,-0.757088,-0.757088;
8.39, -1.11634,-0.111927,0.125814,-2.38426,0.930562,-0.758058,-0.758058;
8.4, -1.11721,-0.112091,0.125851,-2.38512,0.930872,-0.759043,-0.759043;
8.41, -1.11754,-0.112267,0.125891,-2.38592,0.931136,-0.759957,-0.759957;
8.42, -1.11856,-0.112473,0.125928,-2.38669,0.931382,-0.760847,-0.760847;
8.43, -1.11893,-0.112679,0.125963,-2.3875,0.931644,-0.761764,-0.761764;
8.44, -1.11921,-0.112866,0.126,-2.38827,0.931887,-0.762648,-0.762648;
8.45, -1.11985,-0.113053,0.126037,-2.38906,0.932145,-0.763552,-0.763552;
8.46, -1.12038,-0.11323,0.126077,-2.38988,0.932424,-0.764487,-0.764487;
8.47, -1.12137,-0.113441,0.126121,-2.3907,0.932703,-0.765423,-0.765423;
8.48, -1.12122,-0.113606,0.12616,-2.39152,0.932985,-0.766366,-0.766366;
8.49, -1.12167,-0.113812,0.126196,-2.39232,0.933247,-0.767274,-0.767274;
8.5, -1.12234,-0.113981,0.12624,-2.39317,0.93355,-0.768249,-0.768249;
8.51, -1.12239,-0.114166,0.126282,-2.39404,0.933864,-0.769238,-0.769238;
8.52, -1.12307,-0.114328,0.126321,-2.39491,0.93417,-0.77022,-0.77022;
8.53, -1.12358,-0.114469,0.126361,-2.39581,0.934505,-0.771245,-0.771245;
8.54, -1.12397,-0.114666,0.126403,-2.3967,0.934832,-0.772263,-0.772263;
8.55, -1.12424,-0.11481,0.126442,-2.3976,0.935157,-0.773286,-0.773286;
8.56, -1.12474,-0.11497,0.126479,-2.39851,0.935491,-0.774319,-0.774319;
8.57, -1.12541,-0.115135,0.126518,-2.39945,0.935836,-0.775379,-0.775379;
8.58, -1.12599,-0.115311,0.126559,-2.40038,0.936182,-0.776442,-0.776442;
8.59, -1.12661,-0.1155,0.126601,-2.40131,0.936517,-0.777491,-0.777491;
8.6, -1.12758,-0.115659,0.126644,-2.40222,0.936848,-0.778532,-0.778532;
8.61, -1.1284,-0.115837,0.126682,-2.40313,0.937172,-0.779564,-0.779564;
8.62, -1.12899,-0.116013,0.126724,-2.40401,0.937471,-0.780556,-0.780556;
8.63, -1.12982,-0.11619,0.126769,-2.40486,0.937753,-0.781524,-0.781524;
8.64, -1.12974,-0.116381,0.12681,-2.40571,0.938033,-0.782487,-0.782487;
8.65, -1.13108,-0.116544,0.12685,-2.40654,0.938298,-0.783429,-0.783429;
8.66, -1.13225,-0.116704,0.12689,-2.40742,0.9386,-0.784428,-0.784428;
8.67, -1.1328,-0.116895,0.12693,-2.40824,0.93886,-0.785363,-0.785363;
8.68, -1.13374,-0.117056,0.12697,-2.40901,0.939085,-0.785398,-0.785398;
8.69, -1.13454,-0.117216,0.127008,-2.40979,0.939313,-0.785398,-0.785398;
8.7, -1.13534,-0.117399,0.127048,-2.41055,0.939526,-0.785398,-0.785398;
8.71, -1.1359,-0.117613,0.127086,-2.41128,0.939732,-0.785398,-0.785398;
8.72, -1.13614,-0.117788,0.127122,-2.41201,0.939934,-0.785398,-0.785398;
8.73, -1.13676,-0.117945,0.127164,-2.41273,0.940145,-0.785398,-0.785398;
8.74, -1.1377,-0.118125,0.127203,-2.41349,0.940383,-0.785398,-0.785398;
8.75, -1.13846,-0.118264,0.127241,-2.41425,0.940624,-0.785398,-0.785398;
8.76, -1.13868,-0.118424,0.127275,-2.41499,0.94085,-0.785398,-0.785398;
8.77, -1.14003,-0.118599,0.127315,-2.41571,0.941068,-0.785398,-0.785398;
8.78, -1.13985,-0.118764,0.127352,-2.41648,0.941311,-0.785398,-0.785398;
8.79, -1.14057,-0.11889,0.127388,-2.41718,0.941518,-0.785398,-0.785398;
8.8, -1.1408,-0.119053,0.127427,-2.41795,0.941769,-0.785398,-0.785398;
8.81, -1.14099,-0.119219,0.127467,-2.41872,0.942017,-0.785398,-0.785398;
8.82, -1.14131,-0.11936,0.127509,-2.41951,0.942285,-0.785398,-0.785398;
8.83, -1.14186,-0.119493,0.127548,-2.42035,0.942578,-0.785398,-0.785398;
8.84, -1.14266,-0.119618,0.127586,-2.4212,0.942886,-0.785398,-0.785398;
8.85, -1.14355,-0.119731,0.127624,-2.42206,0.943192,-0.785398,-0.785398;
8.86, -1.14393,-0.119881,0.127662,-2.4229,0.943483,-0.785398,-0.785398;
8.87, -1.1445,-0.120037,0.127705,-2.42371,0.943754,-0.785398,-0.785398;
8.88, -1.1456,-0.120154,0.127744,-2.42453,0.944034,-0.785398,-0.785398;
8.89, -1.14609,-0.120285,0.12779,-2.42536,0.944316,-0.785398,-0.785398;
8.9, -1.14632,-0.120453,0.12783,-2.42614,0.944567,-0.785398,-0.785398;
8.91, -1.14703,-0.120606,0.127872,-2.42693,0.944822,-0.785398,-0.785398;
8.92, -1.14731,-0.120751,0.127912,-2.42775,0.945097,-0.785398,-0.785398;
8.93, -1.14742,-0.120918,0.12795,-2.42856,0.945367,-0.785398,-0.785398;
8.94, -1.14785,-0.121063,0.127991,-2.42939,0.945652,-0.785398,-0.785398;
8.95, -1.14867,-0.121177,0.128029,-2.43026,0.945963,-0.785398,-0.785398;
8.96, -1.14911,-0.121348,0.128069,-2.43114,0.946281,-0.785398,-0.785398;
8.97, -1.14962,-0.121473,0.128109,-2.432,0.94658,-0.785398,-0.785398;
8.98, -1.15003,-0.121661,0.128152,-2.43287,0.946885,-0.785398,-0.785398;
8.99, -1.15039,-0.121815,0.128195,-2.43373,0.94719,-0.785398,-0.785398;
9, -1.15074,-0.121959,0.128233,-2.43461,0.947504,-0.785398,-0.785398;
9.01, -1.15171,-0.122092,0.128275,-2.43549,0.947826,-0.785398,-0.785398;
9.02, -1.15297,-0.122221,0.128313,-2.43639,0.948157,-0.785398,-0.785398;
9.03, -1.1535,-0.122302,0.128356,-2.43726,0.948463,-0.785398,-0.785398;
9.04, -1.15387,-0.122431,0.128394,-2.43805,0.948727,-0.785398,-0.785398;
9.05, -1.15465,-0.122511,0.128433,-2.43886,0.948987,-0.785398,-0.785398;
9.06, -1.15503,-0.122674,0.128471,-2.43968,0.949256,-0.785398,-0.785398;
9.07, -1.15529,-0.122815,0.128509,-2.44049,0.94951,-0.785398,-0.785398;
9.08, -1.15574,-0.122937,0.128548,-2.44131,0.949774,-0.785398,-0.785398;
9.09, -1.1569,-0.123076,0.128586,-2.44216,0.950055,-0.785398,-0.785398;
9.1, -1.15662,-0.123224,0.128635,-2.44303,0.95034,-0.785398,-0.785398;
9.11, -1.15756,-0.123376,0.128676,-2.44384,0.950593,-0.785398,-0.785398;
9.12, -1.15851,-0.123516,0.128716,-2.44471,0.950888,-0.785398,-0.785398;
9.13, -1.15925,-0.123652,0.128755,-2.44556,0.951164,-0.785398,-0.785398;
9.14, -1.16002,-0.123785,0.128797,-2.44637,0.951418,-0.785398,-0.785398;
9.15, -1.16112,-0.123919,0.128833,-2.44716,0.951661,-0.785398,-0.785398;
9.16, -1.1618,-0.124057,0.12887,-2.44794,0.951894,-0.785398,-0.785398;
9.17, -1.16256,-0.124204,0.128907,-2.44867,0.952099,-0.785398,-0.785398;
9.18, -1.16318,-0.124337,0.128953,-2.4494,0.9523,-0.785398,-0.785398;
9.19, -1.16364,-0.124473,0.128991,-2.45012,0.952494,-0.785398,-0.785398;
9.2, -1.16429,-0.124628,0.129033,-2.45084,0.952688,-0.785398,-0.785398;
9.21, -1.16499,-0.124799,0.129071,-2.45157,0.952891,-0.785398,-0.785398;
9.22, -1.16564,-0.124969,0.129107,-2.45231,0.953094,-0.785398,-0.785398;
9.23, -1.16599,-0.125108,0.129144,-2.45304,0.953295,-0.785398,-0.785398;
9.24, -1.16618,-0.125256,0.129191,-2.45377,0.953497,-0.785398,-0.785398;
9.25, -1.16691,-0.125392,0.129231,-2.45453,0.953713,-0.785398,-0.785398;
9.26, -1.16721,-0.125515,0.129274,-2.45532,0.95395,-0.785398,-0.785398;
9.27, -1.16831,-0.125676,0.129318,-2.4561,0.954181,-0.785398,-0.785398;
9.28, -1.16942,-0.125828,0.129361,-2.45691,0.954425,-0.785398,-0.785398;
9.29, -1.16977,-0.125935,0.129398,-2.45768,0.954643,-0.785398,-0.785398;
9.3, -1.17061,-0.126097,0.129439,-2.4584,0.954835,-0.785398,-0.785398;
9.31, -1.17076,-0.126225,0.129482,-2.45914,0.955038,-0.785398,-0.785398;
9.32, -1.17092,-0.126374,0.129524,-2.45986,0.955231,-0.785398,-0.785398;
9.33, -1.17121,-0.126486,0.129562,-2.46063,0.955447,-0.785398,-0.785398;
9.34, -1.17133,-0.126611,0.129601,-2.46144,0.955686,-0.785398,-0.785398;
9.35, -1.17156,-0.126781,0.129641,-2.46228,0.955939,-0.785398,-0.785398;
9.36, -1.17218,-0.126902,0.129678,-2.46316,0.956212,-0.785398,-0.785398;
9.37, -1.17302,-0.127059,0.129724,-2.46407,0.956503,-0.785398,-0.785398;
9.38, -1.17373,-0.127208,0.129768,-2.46497,0.956787,-0.785398,-0.785398;
9.39, -1.17481,-0.12733,0.129807,-2.46583,0.957056,-0.785398,-0.785398;
9.4, -1.17562,-0.127481,0.129851,-2.46667,0.957314,-0.785398,-0.785398;
9.41, -1.17579,-0.127622,0.129891,-2.46747,0.957544,-0.785398,-0.785398;
9.42, -1.17712,-0.127815,0.129928,-2.46824,0.95776,-0.785398,-0.785398;
9.43, -1.17771,-0.12799,0.129967,-2.46904,0.957996,-0.785398,-0.785398;
9.44, -1.17792,-0.128113,0.130011,-2.46978,0.958199,-0.785398,-0.785398;
9.45, -1.17824,-0.128236,0.130053,-2.47052,0.958403,-0.785398,-0.785398;
9.46, -1.17922,-0.128397,0.130098,-2.47129,0.958625,-0.785398,-0.785398;
9.47, -1.17969,-0.128504,0.130137,-2.47209,0.958859,-0.785398,-0.785398;
9.48, -1.1811,-0.128624,0.130179,-2.47286,0.959074,-0.785398,-0.785398;
9.49, -1.18179,-0.128726,0.130223,-2.47363,0.959292,-0.785398,-0.785398;
9.5, -1.18188,-0.128886,0.130263,-2.47434,0.959468,-0.785398,-0.785398;
9.51, -1.18334,-0.129056,0.130303,-2.47504,0.959636,-0.785398,-0.785398;
9.52, -1.18349,-0.129229,0.130345,-2.47579,0.959831,-0.785398,-0.785398;
9.53, -1.18394,-0.129344,0.130387,-2.47646,0.95999,-0.785398,-0.785398;
9.54, -1.18405,-0.129483,0.130426,-2.47718,0.960172,-0.785398,-0.785398;
9.55, -1.18461,-0.12964,0.130465,-2.47791,0.960362,-0.785398,-0.785398;
9.56, -1.18568,-0.129773,0.130507,-2.4787,0.960577,-0.785398,-0.785398;
9.57, -1.18574,-0.129915,0.130552,-2.47949,0.960794,-0.785398,-0.785398;
9.58, -1.18613,-0.130052,0.130601,-2.48024,0.960988,-0.785398,-0.785398;
9.59, -1.18636,-0.130221,0.130641,-2.48103,0.961206,-0.785398,-0.785398;
9.6, -1.18691,-0.130342,0.130681,-2.48184,0.961434,-0.785398,-0.785398;
9.61, -1.1877,-0.130488,0.130726,-2.48269,0.96168,-0.785398,-0.785398;
9.62, -1.18782,-0.130623,0.130772,-2.48353,0.961924,-0.785398,-0.785398;
9.63, -1.18912,-0.130745,0.130811,-2.48435,0.962156,-0.785398,-0.785398;
9.64, -1.18996,-0.130895,0.130855,-2.48521,0.962407,-0.785398,-0.785398;
9.65, -1.19072,-0.131046,0.130899,-2.486,0.962621,-0.785398,-0.785398;
9.66, -1.19104,-0.131182,0.130942,-2.48676,0.96282,-0.785398,-0.785398;
9.67, -1.19151,-0.131338,0.130983,-2.4875,0.963011,-0.785398,-0.785398;
9.68, -1.19214,-0.131476,0.131024,-2.48827,0.963214,-0.785398,-0.785398;
9.69, -1.19278,-0.131617,0.131068,-2.48905,0.963424,-0.785398,-0.785398;
9.7, -1.19363,-0.131737,0.131113,-2.48982,0.963631,-0.785398,-0.785398;
9.71, -1.19435,-0.131885,0.131159,-2.49059,0.963834,-0.785398,-0.785398;
9.72, -1.19478,-0.131986,0.131204,-2.49134,0.964024,-0.785398,-0.785398;
9.73, -1.19503,-0.132116,0.131247,-2.49207,0.964207,-0.785398,-0.785398;
9.74, -1.19487,-0.132244,0.131288,-2.49282,0.964395,-0.785398,-0.785398;
9.75, -1.19567,-0.1324,0.131332,-2.49361,0.964599,-0.785398,-0.785398;
9.76, -1.19591,-0.132524,0.131375,-2.49447,0.964836,-0.785398,-0.785398;
9.77, -1.19671,-0.132626,0.131414,-2.49531,0.965065,-0.785398,-0.785398;
9.78, -1.19711,-0.132751,0.131456,-2.49617,0.965304,-0.785398,-0.785398;
9.79, -1.19739,-0.132964,0.131497,-2.49701,0.965529,-0.785398,-0.785398;
9.8, -1.19814,-0.133118,0.131541,-2.49786,0.965758,-0.785398,-0.785398;
9.81, -1.19859,-0.133255,0.131586,-2.49872,0.966004,-0.785398,-0.785398;
9.82, -1.19915,-0.13337,0.131629,-2.49957,0.96624,-0.785398,-0.785398;
9.83, -1.19905,-0.133512,0.131673,-2.50042,0.966478,-0.785398,-0.785398;
9.84, -1.19962,-0.133653,0.131718,-2.50126,0.966712,-0.785398,-0.785398;
9.85, -1.20007,-0.133744,0.131764,-2.50217,0.966975,-0.785398,-0.785398;
9.86, -1.20028,-0.133835,0.131808,-2.50307,0.967235,-0.785398,-0.785398;
9.87, -1.20107,-0.133929,0.131854,-2.50397,0.967492,-0.785398,-0.785398;
9.88, -1.20166,-0.134052,0.131896,-2.5049,0.967758,-0.785398,-0.785398;
9.89, -1.20236,-0.134182,0.131936,-2.50581,0.968007,-0.785398,-0.785398;
9.9, -1.20221,-0.134317,0.131982,-2.5067,0.968248,-0.785398,-0.785398;
9.91, -1.20325,-0.134429,0.132027,-2.50756,0.968479,-0.785398,-0.785398;
9.92, -1.20424,-0.134578,0.132074,-2.50849,0.968739,-0.785398,-0.785398;
9.93, -1.20497,-0.134697,0.132117,-2.50937,0.968973,-0.785398,-0.785398;
9.94, -1.20528,-0.134819,0.13216,-2.5102,0.969184,-0.785398,-0.785398;
9.95, -1.20709,-0.134953,0.1322,-2.511,0.969384,-0.785398,-0.785398;
9.96, -1.20742,-0.135042,0.132244,-2.51182,0.969592,-0.785398,-0.785398;
9.97, -1.20848,-0.135206,0.132292,-2.51253,0.969743,-0.785398,-0.785398;
9.98, -1.20889,-0.135368,0.132339,-2.51325,0.969901,-0.785398,-0.785398;
9.99, -1.209,-0.135502,0.132382,-2.51394,0.970041,-0.785398,-0.785398;
