0, -97.1511,7.88602,13.1479,0,0,0,0;
0.01, -70.2711,4.80598,12.5417,0,0,0,0;
0.02, -6.47637,-2.95085,10.6902,0,0,0,0;
0.03, 16.3181,-4.14091,9.08929,0,0,0,0;
0.04, 24.5377,-3.31319,7.09765,0,0,0,0;
0.05, 26.1813,-2.747,4.40397,0,0,0,0;
0.06, 25.3489,-2.47716,2.08958,0,0,0,0;
0.07, 21.9882,-2.14256,0.390023,0,0,0,0;
0.08, 18.2225,-1.74293,-0.647654,0,0,0,0;
0.09, 14.0539,-1.37514,-1.16186,0,0,0,0;
0.1, 9.90223,-1.15896,-1.34528,0,0,0,0;
0.11, 6.85368,-1.01692,-1.31913,0,0,0,0;
0.12, 4.51921,-0.857209,-1.18554,0,0,0,0;
0.13, 2.92062,-0.715432,-1.03094,0,0,0,0;
0.14, 1.92335,-0.615227,-0.880943,0,0,0,0;
0.15, 1.17677,-0.537869,-0.745214,0,0,0,0;
0.16, 0.881529,-0.474938,-0.629129,0,0,0,0;
0.17, 0.585093,-0.421468,-0.53651,0,0,0,0;
0.18, 0.309737,-0.371708,-0.454185,0,0,0,0;
0.19, 0.24079,-0.343796,-0.406845,0,0,0,0;
0.2, 0.275972,-0.314704,-0.355257,0,0,0,0;
0.21, 0.337617,-0.299979,-0.309499,0,0,0,0;
0.22, 0.341005,-0.300639,-0.283329,0,0,0,0;
0.23, 0.294744,-0.294317,-0.25107,0,0,0,0;
0.24, 0.185641,-0.262157,-0.212312,0,0,0,0;
0.25, 0.195176,-0.238594,-0.195621,0,0,0,0;
0.26, 0.116936,-0.229956,-0.189941,0,0,0,0;
0.27, 0.158392,-0.192638,-0.160832,0,0,0,0;
0.28, 0.238668,-0.20688,-0.155192,0,0,0,0;
0.29, 0.01183,-0.225648,-0.149991,0,0,0,0;
0.3, 0.063509,-0.225936,-0.137794,0,0,0,0;
0.31, 0.278985,-0.231983,-0.130284,0,0,0,0;
0.32, 0.244442,-0.232521,-0.128252,0,0,0,0;
0.33, 0.360385,-0.223061,-0.127822,0,0,0,0;
0.34, 0.311435,-0.217319,-0.123021,0,0,0,0;
0.35, 0.184882,-0.206064,-0.118194,0,0,0,0;
0.36, 0.209302,-0.203784,-0.118558,0,0,0,0;
0.37, 0.160501,-0.215632,-0.115935,0,0,0,0;
0.38, 0.141608,-0.206798,-0.11209,0,0,0,0;
0.39, 0.128069,-0.203338,-0.11171,0,0,0,0;
0.4, 0.14145,-0.206077,-0.111277,0,0,0,0;
0.41, 0.103965,-0.178762,-0.106643,0,0,0,0;
0.42, 0.152098,-0.179838,-0.104112,0,0,0,0;
0.43, 0.0406436,-0.207083,-0.109215,0,0,0,0;
0.44, 0.0209891,-0.209185,-0.100938,0,0,0,0;
0.45, 0.22329,-0.208066,-0.109369,0,0,0,0;
0.46, 0.192169,-0.220649,-0.115428,0,0,0,0;
0.47, 0.207487,-0.214774,-0.120111,0,0,0,0;
0.48, 0.267145,-0.210217,-0.117398,0,0,0,0;
0.49, 0.151348,-0.21262,-0.109858,0,0,0,0;
0.5, 0.214347,-0.205047,-0.106911,0,0,0,0;
0.51, 0.217132,-0.20792,-0.105652,0,0,0,0;
0.52, 0.138662,-0.215183,-0.10822,0,0,0,0;
0.53, 0.196446,-0.180012,-0.101901,0,0,0,0;
0.54, 0.154849,-0.186057,-0.108795,0,0,0,0;
0.55, 0.0584733,-0.198035,-0.116615,0,0,0,0;
0.56, 0.266524,-0.184205,-0.110004,0,0,0,0;
0.57, 0.25619,-0.189225,-0.111018,0,0,0,0;
0.58, 0.226245,-0.196909,-0.118565,0,0,0,0;
0.59, 0.27847,-0.212005,-0.117662,0,0,0,0;
0.6, 0.14159,-0.20898,-0.109897,0,0,0,0;
0.61, 0.133071,-0.194137,-0.112298,0,0,0,0;
0.62, 0.216075,-0.194497,-0.109704,0,0,0,0;
0.63, 0.110265,-0.196271,-0.109198,0,0,0,0;
0.64, -0.00363359,-0.19508,-0.10524,0,0,0,0;
0.65, 0.102973,-0.197288,-0.104511,0,0,0,0;
0.66, 0.146315,-0.194646,-0.10743,0,0,0,0;
0.67, 0.159708,-0.19345,-0.108104,0,0,0,0;
0.68, 0.155388,-0.186192,-0.107248,0,0,0,0;
0.69, 0.209471,-0.190731,-0.10282,0,0,0,0;
0.7, 0.278146,-0.194314,-0.106215,0,0,0,0;
0.71, 0.240881,-0.190746,-0.101505,0,0,0,0;
0.72, 0.156598,-0.182165,-0.096952,0,0,0,0;
0.73, 0.164785,-0.181677,-0.0975533,0,0,0,0;
0.74, 0.119829,-0.204989,-0.105656,0,0,0,0;
0.75, 0.153417,-0.19378,-0.108594,0,0,0,0;
0.76, 0.113666,-0.192908,-0.105808,0,0,0,0;
0.77, 0.148331,-0.202142,-0.110966,0,0,0,0;
0.78, 0.131947,-0.202033,-0.111684,0,0,0,0;
0.79, 0.180924,-0.211788,-0.107893,0,0,0,0;
0.8, 0.270902,-0.192817,-0.107056,0,0,0,0;
0.81, 0.226964,-0.18749,-0.104849,0,0,0,0;
0.82, 0.243828,-0.192462,-0.108465,0,0,0,0;
0.83, 0.228696,-0.193506,-0.106464,0,0,0,0;
0.84, 0.222898,-0.196359,-0.111696,0,0,0,0;
0.85, 0.157692,-0.20252,-0.111301,0,0,0,0;
0.86, 0.229481,-0.197657,-0.108989,0,0,0,0;
0.87, 0.185513,-0.195443,-0.109107,0,0,0,0;
0.88, 0.130654,-0.202793,-0.107117,0,0,0,0;
0.89, 0.135189,-0.201807,-0.101562,0,0,0,0;
0.9, 0.129987,-0.191703,-0.105529,0,0,0,0;
0.91, 0.183186,-0.192943,-0.111802,0,0,0,0;
0.92, 0.207465,-0.204116,-0.108393,0,0,0,0;
0.93, 0.21179,-0.214788,-0.109105,0,0,0,0;
0.94, 0.199152,-0.188851,-0.0937333,0,0,0,0;
0.95, 0.234997,-0.176744,-0.0954258,0,0,0,0;
0.96, 0.277812,-0.184031,-0.107789,0,0,0,0;
0.97, 0.250133,-0.163736,-0.106149,0,0,0,0;
0.98, 0.139249,-0.194572,-0.106077,0,0,0,0;
0.99, 0.134182,-0.223198,-0.113041,0,0,0,0;
1, 0.0765393,-0.196973,-0.107344,0,0,0,0;
1.01, 0.187956,-0.184844,-0.111976,0,0,0,0;
1.02, 0.196975,-0.199513,-0.115075,0,0,0,0;
1.03, 0.19939,-0.218448,-0.125291,0,0,0,0;
1.04, 0.167553,-0.215091,-0.114155,0,0,0,0;
1.05, 0.155228,-0.192414,-0.103891,0,0,0,0;
1.06, 0.101587,-0.174087,-0.101274,0,0,0,0;
1.07, 0.13154,-0.171425,-0.0962188,0,0,0,0;
1.08, 0.235764,-0.19464,-0.101482,0,0,0,0;
1.09, 0.124337,-0.216412,-0.111575,0,0,0,0;
1.1, 0.190343,-0.208582,-0.110474,0,0,0,0;
1.11, 0.230085,-0.201553,-0.106125,0,0,0,0;
1.12, 0.128148,-0.19762,-0.102726,0,0,0,0;
1.13, 0.167087,-0.201388,-0.108277,0,0,0,0;
1.14, 0.139061,-0.193267,-0.106061,0,0,0,0;
1.15, 0.214263,-0.192736,-0.104411,0,0,0,0;
1.16, 0.224012,-0.197133,-0.103947,0,0,0,0;
1.17, 0.197289,-0.195533,-0.101933,0,0,0,0;
1.18, 0.196876,-0.197298,-0.10454,0,0,0,0;
1.19, 0.16782,-0.192996,-0.103188,0,0,0,0;
1.2, 0.126969,-0.189842,-0.102305,0,0,0,0;
1.21, 0.081447,-0.191754,-0.103758,0,0,0,0;
1.22, 0.0648125,-0.191515,-0.102846,0,0,0,0;
1.23, 0.122093,-0.182449,-0.100388,0,0,0,0;
1.24, 0.120712,-0.189196,-0.0984378,0,0,0,0;
1.25, 0.262085,-0.189275,-0.101679,0,0,0,0;
1.26, 0.322103,-0.201866,-0.107972,0,0,0,0;
1.27, 0.24287,-0.199791,-0.109431,0,0,0,0;
1.28, 0.173666,-0.182914,-0.111088,0,0,0,0;
1.29, 0.152773,-0.189164,-0.108623,0,0,0,0;
1.3, 0.16726,-0.203399,-0.103335,0,0,0,0;
1.31, 0.124741,-0.201332,-0.103699,0,0,0,0;
1.32, 0.16013,-0.201546,-0.102021,0,0,0,0;
1.33, 0.134637,-0.200371,-0.103778,0,0,0,0;
1.34, 0.0629308,-0.198358,-0.106878,0,0,0,0;
1.35, 0.142026,-0.19473,-0.10539,0,0,0,0;
1.36, 0.194751,-0.200083,-0.103014,0,0,0,0;
1.37, 0.12396,-0.197914,-0.101663,0,0,0,0;
1.38, 0.142458,-0.191809,-0.102428,0,0,0,0;
1.39, 0.264525,-0.192405,-0.10612,0,0,0,0;
1.4, 0.177971,-0.192775,-0.105102,0,0,0,0;
1.41, 0.179418,-0.196583,-0.102634,0,0,0,0;
1.42, 0.197918,-0.196987,-0.102839,0,0,0,0;
1.43, 0.0763601,-0.191934,-0.0977137,0,0,0,0;
1.44, 0.0587128,-0.203119,-0.10214,0,0,0,0;
1.45, 0.114124,-0.200465,-0.108612,0,0,0,0;
1.46, 0.111233,-0.194676,-0.106521,0,0,0,0;
1.47, 0.202147,-0.184799,-0.0987957,0,0,0,0;
1.48, 0.245939,-0.201258,-0.102281,0,0,0,0;
1.49, 0.263593,-0.217974,-0.104521,0,0,0,0;
1.5, 0.190329,-0.208942,-0.10336,0,0,0,0;
1.51, 0.237175,-0.186749,-0.102034,0,0,0,0;
1.52, 0.30359,-0.17483,-0.100239,0,0,0,0;
1.53, 0.256895,-0.172093,-0.104641,0,0,0,0;
1.54, 0.098848,-0.175683,-0.104286,0,0,0,0;
1.55, 0.130951,-0.185122,-0.103233,0,0,0,0;
1.56, 0.258025,-0.203108,-0.110931,0,0,0,0;
1.57, 0.113595,-0.178152,-0.107933,0,0,0,0;
1.58, 0.0541694,-0.174519,-0.10302,0,0,0,0;
1.59, -0.0285787,-0.189844,-0.101369,0,0,0,0;
1.6, 0.00313374,-0.192919,-0.100181,0,0,0,0;
1.61, 0.0158913,-0.193706,-0.0985785,0,0,0,0;
1.62, 0.104956,-0.211922,-0.0969617,0,0,0,0;
1.63, 0.148155,-0.217789,-0.100012,0,0,0,0;
1.64, 0.154957,-0.195757,-0.103597,0,0,0,0;
1.65, 0.198048,-0.183109,-0.104106,0,0,0,0;
1.66, 0.24173,-0.196468,-0.103461,0,0,0,0;
1.67, 0.190135,-0.200224,-0.101536,0,0,0,0;
1.68, 0.139827,-0.198463,-0.102741,0,0,0,0;
1.69, 0.155993,-0.198695,-0.103652,0,0,0,0;
1.7, 0.2694,-0.195831,-0.105593,0,0,0,0;
1.71, 0.251754,-0.193407,-0.102574,0,0,0,0;
1.72, 0.199995,-0.194412,-0.100699,0,0,0,0;
1.73, 0.170416,-0.19482,-0.102176,0,0,0,0;
1.74, 0.173075,-0.19473,-0.102848,0,0,0,0;
1.75, 0.155508,-0.195363,-0.103983,0,0,0,0;
1.76, 0.133601,-0.190566,-0.101447,0,0,0,0;
1.77, 0.185343,-0.189929,-0.102258,0,0,0,0;
1.78, 0.187596,-0.188867,-0.105015,0,0,0,0;
1.79, 0.090084,-0.183256,-0.0984557,0,0,0,0;
1.8, 0.0623882,-0.181896,-0.0981081,0,0,0,0;
1.81, 0.123446,-0.191943,-0.0987599,0,0,0,0;
1.82, 0.154836,-0.198312,-0.0995564,0,0,0,0;
1.83, 0.180533,-0.198867,-0.10392,0,0,0,0;
1.84, 0.207551,-0.196673,-0.103127,0,0,0,0;
1.85, 0.263643,-0.195403,-0.104707,0,0,0,0;
1.86, 0.198904,-0.193931,-0.103383,0,0,0,0;
1.87, 0.216231,-0.195952,-0.103714,0,0,0,0;
1.88, 0.218216,-0.199556,-0.10828,0,0,0,0;
1.89, 0.200878,-0.200948,-0.103578,0,0,0,0;
1.9, 0.190538,-0.194507,-0.0996995,0,0,0,0;
1.91, 0.0879116,-0.187555,-0.098825,0,0,0,0;
1.92, 0.181106,-0.192415,-0.0971825,0,0,0,0;
1.93, 0.155209,-0.197629,-0.0983863,0,0,0,0;
1.94, 0.11216,-0.196864,-0.100149,0,0,0,0;
1.95, 0.152317,-0.192166,-0.102143,0,0,0,0;
1.96, 0.209952,-0.188172,-0.103405,0,0,0,0;
1.97, 0.137839,-0.189568,-0.103102,0,0,0,0;
1.98, 0.0946575,-0.193193,-0.0983875,0,0,0,0;
1.99, 0.0779983,-0.202071,-0.0938504,0,0,0,0;
2, 0.0938126,-0.182396,-0.095645,0,0,0,0;
2.01, 0.162403,-0.181447,-0.100269,0,0,0,0;
2.02, 0.109437,-0.193448,-0.103707,0,0,0,0;
2.03, 0.108706,-0.193755,-0.108837,0,0,0,0;
2.04, 0.132547,-0.194837,-0.101522,0,0,0,0;
2.05, 0.0643774,-0.189793,-0.10476,0,0,0,0;
2.06, 0.140154,-0.202453,-0.105029,0,0,0,0;
2.07, 0.281081,-0.195576,-0.102215,0,0,0,0;
2.08, 0.115914,-0.189586,-0.0986855,0,0,0,0;
2.09, 0.158698,-0.192983,-0.0981221,0,0,0,0;
2.1, 0.126034,-0.209368,-0.0976791,0,0,0,0;
2.11, 0.173708,-0.197847,-0.0955458,0,0,0,0;
2.12, 0.159783,-0.194436,-0.0948048,0,0,0,0;
2.13, 0.159758,-0.180357,-0.0966733,0,0,0,0;
2.14, 0.153058,-0.171544,-0.099843,0,0,0,0;
2.15, 0.185912,-0.192765,-0.103312,0,0,0,0;
2.16, 0.175196,-0.215711,-0.104223,0,0,0,0;
2.17, 0.137411,-0.205206,-0.100011,0,0,0,0;
2.18, 0.185673,-0.193553,-0.0983136,0,0,0,0;
2.19, 0.173533,-0.190265,-0.101971,0,0,0,0;
2.2, 0.0748659,-0.179085,-0.101701,0,0,0,0;
2.21, 0.108392,-0.186604,-0.100161,0,0,0,0;
2.22, 0.143405,-0.190533,-0.0965848,0,0,0,0;
2.23, 0.178116,-0.193199,-0.096446,0,0,0,0;
2.24, 0.0645349,-0.189217,-0.0960608,0,0,0,0;
2.25, 0.0592355,-0.18211,-0.0959022,0,0,0,0;
2.26, 0.154003,-0.191088,-0.0970526,0,0,0,0;
2.27, 0.113266,-0.193911,-0.096875,0,0,0,0;
2.28, 0.124073,-0.191893,-0.0972614,0,0,0,0;
2.29, 0.128106,-0.18986,-0.0983379,0,0,0,0;
2.3, 0.192916,-0.189554,-0.0986874,0,0,0,0;
2.31, 0.200172,-0.192809,-0.0976582,0,0,0,0;
2.32, 0.204321,-0.194149,-0.0986075,0,0,0,0;
2.33, 0.269191,-0.190113,-0.100187,0,0,0,0;
2.34, 0.29007,-0.187297,-0.0981889,0,0,0,0;
2.35, 0.126839,-0.183827,-0.0957565,0,0,0,0;
2.36, 0.105428,-0.189029,-0.0996287,0,0,0,0;
2.37, 0.155784,-0.187741,-0.100922,0,0,0,0;
2.38, 0.101252,-0.188749,-0.0973344,0,0,0,0;
2.39, 0.0849078,-0.192686,-0.0969944,0,0,0,0;
2.4, 0.153028,-0.191097,-0.0968063,0,0,0,0;
2.41, 0.125625,-0.190334,-0.094166,0,0,0,0;
2.42, 0.106002,-0.191391,-0.0937443,0,0,0,0;
2.43, 0.0940045,-0.194312,-0.0942469,0,0,0,0;
2.44, 0.137015,-0.194181,-0.0962508,0,0,0,0;
2.45, 0.213917,-0.191596,-0.098932,0,0,0,0;
2.46, 0.254796,-0.189729,-0.0987387,0,0,0,0;
2.47, 0.251919,-0.189022,-0.100018,0,0,0,0;
2.48, 0.166666,-0.18345,-0.0988185,0,0,0,0;
2.49, 0.126507,-0.185173,-0.0975006,0,0,0,0;
2.5, 0.0709969,-0.188278,-0.0994492,0,0,0,0;
2.51, 0.164924,-0.190932,-0.10153,0,0,0,0;
2.52, 0.17519,-0.185056,-0.0984077,0,0,0,0;
2.53, 0.206529,-0.190026,-0.0936108,0,0,0,0;
2.54, 0.182852,-0.185707,-0.0930164,0,0,0,0;
2.55, 0.179117,-0.185031,-0.0952034,0,0,0,0;
2.56, 0.143439,-0.192018,-0.0972764,0,0,0,0;
2.57, 0.146349,-0.198556,-0.0997841,0,0,0,0;
2.58, 0.161202,-0.195271,-0.10153,0,0,0,0;
2.59, 0.143539,-0.203552,-0.0965312,0,0,0,0;
2.6, 0.0980251,-0.189948,-0.0927999,0,0,0,0;
2.61, 0.0257842,-0.178088,-0.0924535,0,0,0,0;
2.62, 0.117269,-0.192397,-0.0917592,0,0,0,0;
2.63, 0.199364,-0.195517,-0.0956364,0,0,0,0;
2.64, 0.150826,-0.182492,-0.0986392,0,0,0,0;
2.65, 0.135877,-0.167208,-0.0956399,0,0,0,0;
2.66, 0.121154,-0.172796,-0.0883627,0,0,0,0;
2.67, 0.10553,-0.18812,-0.0860784,0,0,0,0;
2.68, 0.0762644,-0.202195,-0.0940988,0,0,0,0;
2.69, 0.139942,-0.211151,-0.100327,0,0,0,0;
2.7, 0.097352,-0.19816,-0.0987844,0,0,0,0;
2.71, 0.0554659,-0.181461,-0.0956326,0,0,0,0;
2.72, 0.0453092,-0.185176,-0.095942,0,0,0,0;
2.73, 0.0890615,-0.184288,-0.0946522,0,0,0,0;
2.74, 0.240818,-0.185531,-0.0980303,0,0,0,0;
2.75, 0.200133,-0.180117,-0.101023,0,0,0,0;
2.76, 0.218421,-0.180332,-0.0979168,0,0,0,0;
2.77, 0.227683,-0.183832,-0.0962634,0,0,0,0;
2.78, 0.145585,-0.185835,-0.0955091,0,0,0,0;
2.79, 0.206909,-0.186051,-0.095614,0,0,0,0;
2.8, 0.2489,-0.195545,-0.097641,0,0,0,0;
2.81, 0.28174,-0.201399,-0.0993714,0,0,0,0;
2.82, 0.254957,-0.193131,-0.0975859,0,0,0,0;
2.83, 0.130172,-0.189124,-0.095705,0,0,0,0;
2.84, 0.0764822,-0.187964,-0.0952206,0,0,0,0;
2.85, 0.0746916,-0.189245,-0.0941617,0,0,0,0;
2.86, 0.0660267,-0.19196,-0.092875,0,0,0,0;
2.87, 0.0125427,-0.196551,-0.0945544,0,0,0,0;
2.88, 0.0828126,-0.198757,-0.0944641,0,0,0,0;
2.89, 0.158044,-0.196308,-0.0965228,0,0,0,0;
2.9, 0.136774,-0.188064,-0.0951648,0,0,0,0;
2.91, 0.0767165,-0.183064,-0.0950844,0,0,0,0;
2.92, 0.104076,-0.183722,-0.0949166,0,0,0,0;
2.93, 0.145391,-0.188313,-0.0952456,0,0,0,0;
2.94, 0.208436,-0.196591,-0.0974538,0,0,0,0;
2.95, 0.208114,-0.187574,-0.0960374,0,0,0,0;
2.96, 0.146097,-0.181774,-0.0930171,0,0,0,0;
2.97, 0.125563,-0.184558,-0.0917442,0,0,0,0;
2.98, 0.171715,-0.191958,-0.0932167,0,0,0,0;
2.99, 0.179553,-0.196065,-0.0936742,0,0,0,0;
3, 0.131331,-0.183054,-0.0947955,0,0,0,0;
3.01, 0.143019,-0.180253,-0.0944641,0,0,0,0;
3.02, 0.0958135,-0.18198,-0.093452,0,0,0,0;
3.03, 0.119274,-0.187798,-0.0939913,0,0,0,0;
3.04, 0.241039,-0.207821,-0.0983088,0,0,0,0;
3.05, 0.228467,-0.193602,-0.0980477,0,0,0,0;
3.06, 0.128174,-0.167921,-0.091944,0,0,0,0;
3.07, 0.10153,-0.170414,-0.0924997,0,0,0,0;
3.08, 0.121581,-0.192654,-0.0945392,0,0,0,0;
3.09, 0.162789,-0.202224,-0.0943456,0,0,0,0;
3.1, 0.0825904,-0.1741,-0.0881476,0,0,0,0;
3.11, 0.0367249,-0.167568,-0.0862601,0,0,0,0;
3.12, 0.0595821,-0.180937,-0.0907073,0,0,0,0;
3.13, 0.0565097,-0.195502,-0.0925238,0,0,0,0;
3.14, 0.0426975,-0.176985,-0.0938685,0,0,0,0;
3.15, 0.141585,-0.229961,-0.0977249,0,0,0,0;
3.16, 0.155275,-0.188305,-0.0919209,0,0,0,0;
3.17, 0.118746,-0.122064,-0.0873227,0,0,0,0;
3.18, 0.199522,-0.10793,-0.0942583,0,0,0,0;
3.19, 0.271836,-0.124042,-0.0959647,0,0,0,0;
3.2, 0.275669,-0.184677,-0.0954375,0,0,0,0;
3.21, 0.136828,-0.272881,-0.102167,0,0,0,0;
3.22, 0.103728,-0.26498,-0.0935769,0,0,0,0;
3.23, 0.0503385,-0.215484,-0.0851281,0,0,0,0;
3.24, 0.0713435,-0.184018,-0.0845106,0,0,0,0;
3.25, 0.220206,-0.129189,-0.0832067,0,0,0,0;
3.26, 0.171038,-0.171071,-0.0872576,0,0,0,0;
3.27, 0.0468266,-0.22173,-0.0953736,0,0,0,0;
3.28, 0.147637,-0.195664,-0.0933721,0,0,0,0;
3.29, 0.159989,-0.187547,-0.0944879,0,0,0,0;
3.3, 0.220404,-0.18053,-0.0952795,0,0,0,0;
3.31, 0.266593,-0.183708,-0.0957794,0,0,0,0;
3.32, 0.186251,-0.204734,-0.0917089,0,0,0,0;
3.33, 0.118252,-0.204533,-0.0878005,0,0,0,0;
3.34, 0.0578415,-0.193414,-0.0901194,0,0,0,0;
3.35, 0.146843,-0.182456,-0.0904059,0,0,0,0;
3.36, 0.128136,-0.187996,-0.0901406,0,0,0,0;
3.37, 0.130282,-0.190214,-0.0915775,0,0,0,0;
3.38, 0.105959,-0.186804,-0.0920074,0,0,0,0;
3.39, 0.11226,-0.183269,-0.0923171,0,0,0,0;
3.4, 0.147454,-0.175439,-0.0917122,0,0,0,0;
3.41, 0.152225,-0.174441,-0.0902219,0,0,0,0;
3.42, 0.13845,-0.179623,-0.0916543,0,0,0,0;
3.43, 0.139771,-0.180008,-0.092299,0,0,0,0;
3.44, 0.132271,-0.191573,-0.0940924,0,0,0,0;
3.45, 0.13869,-0.189973,-0.0937066,0,0,0,0;
3.46, 0.150288,-0.182807,-0.0911272,0,0,0,0;
3.47, 0.195263,-0.178318,-0.0902693,0,0,0,0;
3.48, 0.189759,-0.177471,-0.0900469,0,0,0,0;
3.49, 0.155906,-0.182063,-0.0884912,0,0,0,0;
3.5, 0.0906899,-0.184906,-0.0877199,0,0,0,0;
3.51, 0.0461343,-0.182836,-0.0876868,0,0,0,0;
3.52, 0.0716143,-0.185424,-0.0903342,0,0,0,0;
3.53, 0.0939815,-0.184173,-0.0906444,0,0,0,0;
3.54, 0.0341881,-0.176035,-0.0873559,0,0,0,0;
3.55, 0.104256,-0.174656,-0.0883777,0,0,0,0;
3.56, 0.0942323,-0.183253,-0.0879705,0,0,0,0;
3.57, 0.0713527,-0.184698,-0.0890188,0,0,0,0;
3.58, 0.114372,-0.183314,-0.0940106,0,0,0,0;
3.59, 0.12429,-0.178497,-0.092912,0,0,0,0;
3.6, 0.175603,-0.184064,-0.092097,0,0,0,0;
3.61, 0.151492,-0.176567,-0.0917742,0,0,0,0;
3.62, 0.113791,-0.178792,-0.089473,0,0,0,0;
3.63, 0.270649,-0.173806,-0.0884936,0,0,0,0;
3.64, 0.207484,-0.179835,-0.0846524,0,0,0,0;
3.65, 0.167595,-0.186561,-0.0874643,0,0,0,0;
3.66, 0.228492,-0.18252,-0.0912154,0,0,0,0;
3.67, 0.106734,-0.188418,-0.0881793,0,0,0,0;
3.68, 0.0797307,-0.191509,-0.0940011,0,0,0,0;
3.69, 0.182609,-0.190046,-0.0939829,0,0,0,0;
3.7, 0.0827756,-0.193471,-0.0871434,0,0,0,0;
3.71, 0.053203,-0.183274,-0.0858142,0,0,0,0;
3.72, 0.0372933,-0.174301,-0.0859053,0,0,0,0;
3.73, 0.094612,-0.173393,-0.0930965,0,0,0,0;
3.74, 0.119521,-0.16034,-0.0941863,0,0,0,0;
3.75, 0.16756,-0.169724,-0.0903826,0,0,0,0;
3.76, 0.0852192,-0.179758,-0.0850983,0,0,0,0;
3.77, 0.0820253,-0.184118,-0.0881042,0,0,0,0;
3.78, 0.0890236,-0.179151,-0.0877531,0,0,0,0;
3.79, 0.15845,-0.181934,-0.0875237,0,0,0,0;
3.8, 0.193657,-0.188079,-0.0868311,0,0,0,0;
3.81, 0.0707221,-0.190088,-0.0859518,0,0,0,0;
3.82, 0.0369586,-0.193124,-0.0852501,0,0,0,0;
3.83, 0.0630409,-0.18965,-0.0866635,0,0,0,0;
3.84, 0.0256886,-0.185581,-0.0851495,0,0,0,0;
3.85, 0.107357,-0.187163,-0.0865748,0,0,0,0;
3.86, 0.114872,-0.173047,-0.0907881,0,0,0,0;
3.87, 0.111175,-0.168717,-0.0907514,0,0,0,0;
3.88, 0.200956,-0.175015,-0.088495,0,0,0,0;
3.89, 0.141766,-0.180093,-0.0873785,0,0,0,0;
3.9, 0.148237,-0.180486,-0.0866141,0,0,0,0;
3.91, 0.214916,-0.178865,-0.0843439,0,0,0,0;
3.92, 0.203273,-0.185694,-0.08763,0,0,0,0;
3.93, 0.142427,-0.186607,-0.0879028,0,0,0,0;
3.94, 0.0863064,-0.178246,-0.0853288,0,0,0,0;
3.95, 0.0551549,-0.176702,-0.085531,0,0,0,0;
3.96, 0.0404342,-0.179807,-0.0881681,0,0,0,0;
3.97, 0.127549,-0.183891,-0.0864739,0,0,0,0;
3.98, 0.143077,-0.184107,-0.0841417,0,0,0,0;
3.99, 0.148766,-0.183078,-0.0849142,0,0,0,0;
4, 0.187803,-0.185686,-0.0888934,0,0,0,0;
4.01, 0.135793,-0.183391,-0.0894954,0,0,0,0;
4.02, 0.0772187,-0.18006,-0.0875432,0,0,0,0;
4.03, 0.276379,-0.183233,-0.0896046,0,0,0,0;
4.04, 0.270269,-0.184272,-0.0886636,0,0,0,0;
4.05, 0.146823,-0.181287,-0.0850663,0,0,0,0;
4.06, 0.14902,-0.178226,-0.0848436,0,0,0,0;
4.07, 0.0320531,-0.177483,-0.0836062,0,0,0,0;
4.08, 0.0692226,-0.177517,-0.0852408,0,0,0,0;
4.09, 0.163443,-0.173916,-0.0867932,0,0,0,0;
4.1, 0.120428,-0.175636,-0.0844414,0,0,0,0;
4.11, 0.124347,-0.183278,-0.0856459,0,0,0,0;
4.12, 0.174682,-0.181324,-0.0855634,0,0,0,0;
4.13, 0.112629,-0.178576,-0.082561,0,0,0,0;
4.14, 0.109439,-0.179241,-0.0826836,0,0,0,0;
4.15, 0.112486,-0.170168,-0.0853055,0,0,0,0;
4.16, 0.209959,-0.171851,-0.0903099,0,0,0,0;
4.17, 0.141754,-0.17688,-0.0888999,0,0,0,0;
4.18, 0.0257975,-0.178675,-0.0850706,0,0,0,0;
4.19, 0.138035,-0.1712,-0.0851538,0,0,0,0;
4.2, 0.227824,-0.174255,-0.0873492,0,0,0,0;
4.21, 0.172967,-0.181175,-0.0858264,0,0,0,0;
4.22, 0.0848175,-0.175387,-0.0834858,0,0,0,0;
4.23, 0.0519029,-0.184496,-0.0851517,0,0,0,0;
4.24, 0.159333,-0.181992,-0.0863564,0,0,0,0;
4.25, 0.139127,-0.170234,-0.0841308,0,0,0,0;
4.26, 0.038315,-0.177821,-0.084018,0,0,0,0;
4.27, 0.04442,-0.188899,-0.0897281,0,0,0,0;
4.28, 0.0607866,-0.188677,-0.09062,0,0,0,0;
4.29, 0.130636,-0.179355,-0.0881066,0,0,0,0;
4.3, 0.130337,-0.174461,-0.0866606,0,0,0,0;
4.31, 0.111638,-0.173553,-0.083679,0,0,0,0;
4.32, 0.145851,-0.169036,-0.082031,0,0,0,0;
4.33, 0.103898,-0.170668,-0.0802975,0,0,0,0;
4.34, 0.0548469,-0.184004,-0.0806854,0,0,0,0;
4.35, 0.124223,-0.183822,-0.0862243,0,0,0,0;
4.36, 0.173963,-0.182841,-0.0879509,0,0,0,0;
4.37, 0.13346,-0.17898,-0.0858686,0,0,0,0;
4.38, 0.142162,-0.183483,-0.0877352,0,0,0,0;
4.39, 0.175337,-0.179785,-0.0848129,0,0,0,0;
4.4, 0.13021,-0.167627,-0.0819137,0,0,0,0;
4.41, 0.114501,-0.169652,-0.0817864,0,0,0,0;
4.42, 0.0940221,-0.176708,-0.0828853,0,0,0,0;
4.43, 0.242629,-0.179349,-0.0839438,0,0,0,0;
4.44, 0.111486,-0.179069,-0.0833459,0,0,0,0;
4.45, 0.191358,-0.176368,-0.0853522,0,0,0,0;
4.46, 0.129878,-0.174299,-0.0846879,0,0,0,0;
4.47, 0.0836836,-0.173541,-0.0823786,0,0,0,0;
4.48, 0.118927,-0.167347,-0.080775,0,0,0,0;
4.49, 0.232276,-0.161723,-0.0820191,0,0,0,0;
4.5, 0.0993248,-0.160604,-0.0803568,0,0,0,0;
4.51, 0.000901997,-0.168319,-0.0807567,0,0,0,0;
4.52, 0.0130796,-0.170964,-0.0825937,0,0,0,0;
4.53, -0.016513,-0.170928,-0.0804698,0,0,0,0;
4.54, 0.0229124,-0.169991,-0.0813043,0,0,0,0;
4.55, 0.0406309,-0.170565,-0.0795846,0,0,0,0;
4.56, 0.0703418,-0.175323,-0.0800817,0,0,0,0;
4.57, 0.152438,-0.178704,-0.0837157,0,0,0,0;
4.58, 0.0661433,-0.177434,-0.0825734,0,0,0,0;
4.59, 0.0900205,-0.175445,-0.0829451,0,0,0,0;
4.6, 0.13315,-0.170795,-0.0836985,0,0,0,0;
4.61, 0.0653849,-0.173956,-0.0841191,0,0,0,0;
4.62, 0.107026,-0.17924,-0.0846281,0,0,0,0;
4.63, 0.0727371,-0.1794,-0.0802195,0,0,0,0;
4.64, 0.0668462,-0.17932,-0.0779517,0,0,0,0;
4.65, -0.031078,-0.174733,-0.0769725,0,0,0,0;
4.66, 0.0870427,-0.178416,-0.0818059,0,0,0,0;
4.67, 0.157079,-0.172837,-0.0824668,0,0,0,0;
4.68, 0.129667,-0.167546,-0.0811639,0,0,0,0;
4.69, 0.149476,-0.170323,-0.0831783,0,0,0,0;
4.7, 0.174071,-0.176535,-0.084913,0,0,0,0;
4.71, 0.0685832,-0.172217,-0.0857551,0,0,0,0;
4.72, 0.136575,-0.172076,-0.0840676,0,0,0,0;
4.73, 0.233006,-0.175416,-0.0819428,0,0,0,0;
4.74, 0.296209,-0.176569,-0.082243,0,0,0,0;
4.75, 0.15121,-0.172447,-0.0814393,0,0,0,0;
4.76, 0.0624181,-0.174049,-0.0765648,0,0,0,0;
4.77, 0.146349,-0.171493,-0.0770965,0,0,0,0;
4.78, 0.134006,-0.170803,-0.0775447,0,0,0,0;
4.79, 0.00923383,-0.17367,-0.0779636,0,0,0,0;
4.8, 0.00539273,-0.166071,-0.0802176,0,0,0,0;
4.81, 0.168273,-0.171653,-0.0842879,0,0,0,0;
4.82, 0.14862,-0.17082,-0.081414,0,0,0,0;
4.83, 0.133708,-0.178815,-0.0815091,0,0,0,0;
4.84, 0.111744,-0.179245,-0.0807271,0,0,0,0;
4.85, 0.10303,-0.166146,-0.0788934,0,0,0,0;
4.86, 0.0585691,-0.170167,-0.0774572,0,0,0,0;
4.87, 0.156955,-0.17291,-0.081893,0,0,0,0;
4.88, 0.119935,-0.172769,-0.0801065,0,0,0,0;
4.89, 0.0878685,-0.181578,-0.0816293,0,0,0,0;
4.9, 0.000492483,-0.170847,-0.0784843,0,0,0,0;
4.91, 0.158453,-0.161017,-0.0806215,0,0,0,0;
4.92, 0.0868082,-0.157402,-0.0821576,0,0,0,0;
4.93, 0.0176509,-0.158558,-0.0767722,0,0,0,0;
4.94, 0.082741,-0.164086,-0.0787287,0,0,0,0;
4.95, 0.136772,-0.175412,-0.0825524,0,0,0,0;
4.96, 0.181816,-0.171176,-0.0791476,0,0,0,0;
4.97, 0.0923323,-0.162702,-0.076848,0,0,0,0;
4.98, 0.0790581,-0.176058,-0.0776143,0,0,0,0;
4.99, 0.0499347,-0.182939,-0.0779777,0,0,0,0;
5, 0.088689,-0.179488,-0.0779879,0,0,0,0;
5.01, 0.0754424,-0.185267,-0.0801203,0,0,0,0;
5.02, 0.0408389,-0.181874,-0.0796375,0,0,0,0;
5.03, 0.0734514,-0.175922,-0.0808916,0,0,0,0;
5.04, 0.196361,-0.182553,-0.0833809,0,0,0,0;
5.05, 0.195867,-0.178976,-0.0835843,0,0,0,0;
5.06, 0.240714,-0.177013,-0.0853674,0,0,0,0;
5.07, 0.238174,-0.168775,-0.0817521,0,0,0,0;
5.08, 0.176054,-0.162473,-0.0807924,0,0,0,0;
5.09, 0.207979,-0.161462,-0.0804901,0,0,0,0;
5.1, 0.232214,-0.168184,-0.0824606,0,0,0,0;
5.11, 0.135709,-0.173294,-0.079968,0,0,0,0;
5.12, 0.15241,-0.174243,-0.0793309,0,0,0,0;
5.13, 0.0628427,-0.171122,-0.0779526,0,0,0,0;
5.14, 0.0328031,-0.168811,-0.0764155,0,0,0,0;
5.15, 0.0469529,-0.163648,-0.0712965,0,0,0,0;
5.16, 0.0217161,-0.159035,-0.0701244,0,0,0,0;
5.17, 0.186791,-0.164326,-0.0777712,0,0,0,0;
5.18, 0.17802,-0.169606,-0.0805669,0,0,0,0;
5.19, 0.166581,-0.169297,-0.0807085,0,0,0,0;
5.2, 0.187178,-0.162591,-0.0791786,0,0,0,0;
5.21, 0.0985062,-0.159893,-0.0768397,0,0,0,0;
5.22, -0.0340866,-0.167432,-0.071167,0,0,0,0;
5.23, 0.0336183,-0.164196,-0.072412,0,0,0,0;
5.24, 0.0862022,-0.164601,-0.0781262,0,0,0,0;
5.25, 0.0882883,-0.170857,-0.0816069,0,0,0,0;
5.26, 0.215013,-0.168582,-0.080137,0,0,0,0;
5.27, 0.0961596,-0.169989,-0.0761695,0,0,0,0;
5.28, 0.00822559,-0.176822,-0.0774536,0,0,0,0;
5.29, 0.110495,-0.172602,-0.0788536,0,0,0,0;
5.3, 0.0599518,-0.175244,-0.0790756,0,0,0,0;
5.31, 0.0341584,-0.177663,-0.079613,0,0,0,0;
5.32, 0.0855833,-0.174504,-0.0783401,0,0,0,0;
5.33, 0.139896,-0.16469,-0.0775688,0,0,0,0;
5.34, 0.148918,-0.162814,-0.0781982,0,0,0,0;
5.35, 0.134948,-0.170563,-0.0796902,0,0,0,0;
5.36, 0.0943183,-0.173052,-0.0788033,0,0,0,0;
5.37, 0.114575,-0.166355,-0.0777888,0,0,0,0;
5.38, 0.0492971,-0.151591,-0.0732169,0,0,0,0;
5.39, 0.0878609,-0.152029,-0.0710394,0,0,0,0;
5.4, 0.0713466,-0.157417,-0.0755465,0,0,0,0;
5.41, 0.0763973,-0.16483,-0.0787861,0,0,0,0;
5.42, 0.14039,-0.168784,-0.0769963,0,0,0,0;
5.43, 0.124243,-0.16358,-0.0754821,0,0,0,0;
5.44, 0.127362,-0.162764,-0.076587,0,0,0,0;
5.45, 0.0841042,-0.167335,-0.0752654,0,0,0,0;
5.46, 0.0531965,-0.168485,-0.0745785,0,0,0,0;
5.47, 0.0317374,-0.15598,-0.0739441,0,0,0,0;
5.48, 0.0514367,-0.157348,-0.0751674,0,0,0,0;
5.49, -0.00808325,-0.168124,-0.0743644,0,0,0,0;
5.5, -0.000354022,-0.175365,-0.0726287,0,0,0,0;
5.51, 0.112062,-0.159297,-0.0774894,0,0,0,0;
5.52, 0.206638,-0.157467,-0.0805395,0,0,0,0;
5.53, 0.115472,-0.168944,-0.0724595,0,0,0,0;
5.54, 0.080694,-0.17181,-0.0704238,0,0,0,0;
5.55, 0.0775382,-0.167903,-0.0731981,0,0,0,0;
5.56, 0.0173376,-0.161467,-0.0759778,0,0,0,0;
5.57, 0.0536533,-0.16262,-0.074832,0,0,0,0;
5.58, 0.207608,-0.16544,-0.0764923,0,0,0,0;
5.59, 0.158931,-0.163491,-0.0762756,0,0,0,0;
5.6, 0.0519249,-0.160832,-0.0737467,0,0,0,0;
5.61, 0.10067,-0.158601,-0.0710845,0,0,0,0;
5.62, 0.177485,-0.163178,-0.075671,0,0,0,0;
5.63, 0.119536,-0.163319,-0.0773046,0,0,0,0;
5.64, 0.0941738,-0.162214,-0.0791612,0,0,0,0;
5.65, 0.177658,-0.161578,-0.076556,0,0,0,0;
5.66, 0.177474,-0.157963,-0.0730722,0,0,0,0;
5.67, 0.141711,-0.164567,-0.0743334,0,0,0,0;
5.68, 0.141515,-0.164711,-0.0757046,0,0,0,0;
5.69, 0.121218,-0.159202,-0.0726099,0,0,0,0;
5.7, 0.0565087,-0.161511,-0.0723033,0,0,0,0;
5.71, 0.119387,-0.16405,-0.0757399,0,0,0,0;
5.72, 0.107216,-0.16463,-0.0757911,0,0,0,0;
5.73, 0.113419,-0.161863,-0.0757527,0,0,0,0;
5.74, 0.0253406,-0.158657,-0.074137,0,0,0,0;
5.75, 0.0033226,-0.162023,-0.0723779,0,0,0,0;
5.76, 0.00507405,-0.161218,-0.0697813,0,0,0,0;
5.77, 0.17752,-0.16115,-0.0736494,0,0,0,0;
5.78, 0.154748,-0.16187,-0.0739443,0,0,0,0;
5.79, 0.0706624,-0.156055,-0.0735655,0,0,0,0;
5.8, 0.0851377,-0.15547,-0.0735469,0,0,0,0;
5.81, 0.0619667,-0.159613,-0.0724866,0,0,0,0;
5.82, 0.00947213,-0.156122,-0.0685701,0,0,0,0;
5.83, 0.116116,-0.161565,-0.0743523,0,0,0,0;
5.84, 0.10111,-0.167398,-0.0775125,0,0,0,0;
5.85, 0.0623583,-0.165475,-0.0741694,0,0,0,0;
5.86, 0.084082,-0.161909,-0.0719385,0,0,0,0;
5.87, 0.141972,-0.167769,-0.0729034,0,0,0,0;
5.88, 0.0926183,-0.167045,-0.0716361,0,0,0,0;
5.89, 0.0595224,-0.15743,-0.067275,0,0,0,0;
5.9, 0.180527,-0.162959,-0.0720949,0,0,0,0;
5.91, 0.13402,-0.167942,-0.0743042,0,0,0,0;
5.92, 0.152489,-0.152127,-0.0743457,0,0,0,0;
5.93, 0.0746078,-0.158889,-0.069661,0,0,0,0;
5.94, 0.182434,-0.165757,-0.0729918,0,0,0,0;
5.95, 0.210349,-0.156424,-0.0753593,0,0,0,0;
5.96, 0.102139,-0.146666,-0.0724785,0,0,0,0;
5.97, 0.0816776,-0.153406,-0.0738142,0,0,0,0;
5.98, 0.0688536,-0.164846,-0.0753802,0,0,0,0;
5.99, 0.038253,-0.165142,-0.0727314,0,0,0,0;
6, 0.0603047,-0.159956,-0.0704724,0,0,0,0;
6.01, 0.105494,-0.158255,-0.0718668,0,0,0,0;
6.02, 0.0603851,-0.162541,-0.0728312,0,0,0,0;
6.03, 0.0173062,-0.159554,-0.0702708,0,0,0,0;
6.04, 0.0676931,-0.152991,-0.0719352,0,0,0,0;
6.05, 0.100915,-0.160296,-0.0731163,0,0,0,0;
6.06, 0.13909,-0.167876,-0.0698316,0,0,0,0;
6.07, 0.250112,-0.165216,-0.0713819,0,0,0,0;
6.08, 0.115444,-0.154975,-0.0700523,0,0,0,0;
6.09, 0.09311,-0.151416,-0.0673468,0,0,0,0;
6.1, 0.133622,-0.154877,-0.0680972,0,0,0,0;
6.11, 0.0474417,-0.152838,-0.0674719,0,0,0,0;
6.12, -0.0056442,-0.153357,-0.0707301,0,0,0,0;
6.13, -0.0599517,-0.145532,-0.0673974,0,0,0,0;
6.14, -0.0361561,-0.155024,-0.0652523,0,0,0,0;
6.15, -0.00100881,-0.16023,-0.0706511,0,0,0,0;
6.16, 0.0584663,-0.160908,-0.0737677,0,0,0,0;
6.17, 0.193154,-0.164308,-0.0754017,0,0,0,0;
6.18, 0.121715,-0.159409,-0.0725083,0,0,0,0;
6.19, 0.162206,-0.163652,-0.0741537,0,0,0,0;
6.2, 0.145364,-0.165515,-0.0730237,0,0,0,0;
6.21, 0.186831,-0.161328,-0.0733902,0,0,0,0;
6.22, 0.198173,-0.157762,-0.0720016,0,0,0,0;
6.23, 0.155769,-0.1503,-0.0675675,0,0,0,0;
6.24, 0.316997,-0.151171,-0.0707247,0,0,0,0;
6.25, 0.207314,-0.159398,-0.0714331,0,0,0,0;
6.26, 0.0546153,-0.15917,-0.0705463,0,0,0,0;
6.27, 0.0272011,-0.155749,-0.0724103,0,0,0,0;
6.28, 0.0138915,-0.158367,-0.0707282,0,0,0,0;
6.29, -0.00336874,-0.159348,-0.068223,0,0,0,0;
6.3, 0.0991305,-0.159687,-0.0713376,0,0,0,0;
6.31, 0.125291,-0.157675,-0.0743748,0,0,0,0;
6.32, 0.0333872,-0.154002,-0.070757,0,0,0,0;
6.33, -0.0476202,-0.145093,-0.0662708,0,0,0,0;
6.34, 0.185679,-0.148437,-0.0710315,0,0,0,0;
6.35, 0.0491116,-0.150457,-0.0710663,0,0,0,0;
6.36, -0.0872839,-0.149917,-0.0680456,0,0,0,0;
6.37, 0.139983,-0.156984,-0.0694666,0,0,0,0;
6.38, 0.066179,-0.151363,-0.069582,0,0,0,0;
6.39, 0.039475,-0.150643,-0.0657979,0,0,0,0;
6.4, 0.0955206,-0.150355,-0.0700682,0,0,0,0;
6.41, 0.0653892,-0.153094,-0.07126,0,0,0,0;
6.42, 0.0899981,-0.148156,-0.0667766,0,0,0,0;
6.43, 0.131653,-0.148686,-0.0685143,0,0,0,0;
6.44, 0.05595,-0.158216,-0.0694317,0,0,0,0;
6.45, 0.0433575,-0.157686,-0.0675712,0,0,0,0;
6.46, 0.126391,-0.157311,-0.0684944,0,0,0,0;
6.47, 0.0807262,-0.151987,-0.0644495,0,0,0,0;
6.48, 0.0980234,-0.153015,-0.0650781,0,0,0,0;
6.49, 0.0592781,-0.1569,-0.0695227,0,0,0,0;
6.5, 0.0016349,-0.151635,-0.0699641,0,0,0,0;
6.51, 0.0932384,-0.148091,-0.0710083,0,0,0,0;
6.52, 0.0870425,-0.14909,-0.0679042,0,0,0,0;
6.53, 0.0527906,-0.158384,-0.0675333,0,0,0,0;
6.54, 0.160234,-0.166986,-0.0713813,0,0,0,0;
6.55, 0.19879,-0.162696,-0.0733075,0,0,0,0;
6.56, 0.116122,-0.155872,-0.0699857,0,0,0,0;
6.57, 0.158644,-0.157293,-0.0659819,0,0,0,0;
6.58, 0.18321,-0.152809,-0.0683954,0,0,0,0;
6.59, 0.161422,-0.15241,-0.0699388,0,0,0,0;
6.6, 0.0246879,-0.145218,-0.0680441,0,0,0,0;
6.61, 0.0499579,-0.138773,-0.067026,0,0,0,0;
6.62, 0.109833,-0.151928,-0.0685707,0,0,0,0;
6.63, 0.103022,-0.154532,-0.0677112,0,0,0,0;
6.64, 0.0237144,-0.150907,-0.0648533,0,0,0,0;
6.65, -0.0218077,-0.146156,-0.0602314,0,0,0,0;
6.66, 0.0303582,-0.145497,-0.0644011,0,0,0,0;
6.67, 0.0398775,-0.149233,-0.067933,0,0,0,0;
6.68, 0.0166467,-0.150378,-0.0666034,0,0,0,0;
6.69, 0.0114811,-0.149422,-0.0642353,0,0,0,0;
6.7, 0.131851,-0.151019,-0.0661628,0,0,0,0;
6.71, 0.066317,-0.156193,-0.0672113,0,0,0,0;
6.72, 0.0698512,-0.1559,-0.0682411,0,0,0,0;
6.73, 0.0726331,-0.159886,-0.066973,0,0,0,0;
6.74, 0.0601704,-0.152295,-0.0639964,0,0,0,0;
6.75, 0.0549031,-0.141313,-0.0656269,0,0,0,0;
6.76, 0.0576618,-0.144202,-0.064575,0,0,0,0;
6.77, 0.0918705,-0.147752,-0.0668838,0,0,0,0;
6.78, 0.150846,-0.151432,-0.0708772,0,0,0,0;
6.79, 0.117952,-0.151278,-0.0679125,0,0,0,0;
6.8, 0.0729652,-0.149891,-0.0639839,0,0,0,0;
6.81, 0.0270936,-0.151874,-0.0616615,0,0,0,0;
6.82, 0.125333,-0.151495,-0.0659375,0,0,0,0;
6.83, 0.174218,-0.145303,-0.0697999,0,0,0,0;
6.84, 0.116081,-0.143491,-0.0719424,0,0,0,0;
6.85, 0.0975273,-0.14503,-0.0680563,0,0,0,0;
6.86, 0.132133,-0.14823,-0.0667906,0,0,0,0;
6.87, 0.0662366,-0.1496,-0.0662111,0,0,0,0;
6.88, 0.184047,-0.155646,-0.0667841,0,0,0,0;
6.89, 0.223615,-0.153214,-0.0662203,0,0,0,0;
6.9, 0.0863386,-0.147056,-0.0648667,0,0,0,0;
6.91, 0.0286371,-0.143457,-0.0650421,0,0,0,0;
6.92, -0.0347985,-0.145286,-0.0635029,0,0,0,0;
6.93, -0.0265116,-0.145121,-0.0585079,0,0,0,0;
6.94, 0.0297509,-0.147634,-0.062771,0,0,0,0;
6.95, 0.0533165,-0.146613,-0.0665143,0,0,0,0;
6.96, 0.0713877,-0.141504,-0.0660822,0,0,0,0;
6.97, 0.0411456,-0.140453,-0.060819,0,0,0,0;
6.98, 0.148292,-0.148193,-0.0636176,0,0,0,0;
6.99, 0.168005,-0.150799,-0.0710971,0,0,0,0;
7, 0.10571,-0.149642,-0.0695064,0,0,0,0;
7.01, 0.145132,-0.150967,-0.067107,0,0,0,0;
7.02, 0.153068,-0.153349,-0.0651867,0,0,0,0;
7.03, 0.112933,-0.15056,-0.0656263,0,0,0,0;
7.04, 0.102607,-0.14182,-0.0653688,0,0,0,0;
7.05, 0.0326921,-0.143533,-0.0634954,0,0,0,0;
7.06, 0.0570579,-0.141962,-0.0614655,0,0,0,0;
7.07, 0.0396801,-0.134813,-0.061815,0,0,0,0;
7.08, -0.0231226,-0.141015,-0.0643967,0,0,0,0;
7.09, 0.00466841,-0.14982,-0.0658331,0,0,0,0;
7.1, -0.0182929,-0.151011,-0.062829,0,0,0,0;
7.11, 0.0234342,-0.137394,-0.063311,0,0,0,0;
7.12, 0.00394455,-0.137142,-0.0663035,0,0,0,0;
7.13, 0.0533162,-0.147577,-0.066437,0,0,0,0;
7.14, 0.0331898,-0.154876,-0.0616417,0,0,0,0;
7.15, 0.152789,-0.157721,-0.0639491,0,0,0,0;
7.16, 0.13182,-0.156317,-0.0642596,0,0,0,0;
7.17, 0.0740283,-0.152687,-0.0629683,0,0,0,0;
7.18, 0.0460342,-0.147506,-0.0625904,0,0,0,0;
7.19, 0.136343,-0.139617,-0.062603,0,0,0,0;
7.2, 0.161359,-0.139271,-0.0595206,0,0,0,0;
7.21, 0.141903,-0.136969,-0.0590206,0,0,0,0;
7.22, 0.19837,-0.140048,-0.0653831,0,0,0,0;
7.23, 0.00770512,-0.139408,-0.0626063,0,0,0,0;
7.24, 0.0473244,-0.138407,-0.0639337,0,0,0,0;
7.25, 0.0154346,-0.142523,-0.0620042,0,0,0,0;
7.26, 0.0185493,-0.141722,-0.0606883,0,0,0,0;
7.27, 0.0705222,-0.144077,-0.0648376,0,0,0,0;
7.28, 0.108198,-0.150404,-0.0681145,0,0,0,0;
7.29, 0.0949831,-0.145459,-0.0643916,0,0,0,0;
7.3, 0.167948,-0.139139,-0.0623798,0,0,0,0;
7.31, 0.103286,-0.146491,-0.061761,0,0,0,0;
7.32, 0.142882,-0.152027,-0.0609369,0,0,0,0;
7.33, 0.0483663,-0.147494,-0.0592042,0,0,0,0;
7.34, 0.0312584,-0.145078,-0.0598186,0,0,0,0;
7.35, 0.0564565,-0.143832,-0.0638723,0,0,0,0;
7.36, 0.0615514,-0.137006,-0.0640287,0,0,0,0;
7.37, 0.107525,-0.137714,-0.0634488,0,0,0,0;
7.38, 0.110295,-0.144308,-0.0631193,0,0,0,0;
7.39, 0.0202704,-0.134717,-0.060902,0,0,0,0;
7.4, -0.0486816,-0.126459,-0.0576369,0,0,0,0;
7.41, -0.0524555,-0.137143,-0.0579432,0,0,0,0;
7.42, 0.0432427,-0.139035,-0.0644841,0,0,0,0;
7.43, 0.0788066,-0.139631,-0.0645229,0,0,0,0;
7.44, 0.0132886,-0.140288,-0.0608222,0,0,0,0;
7.45, 0.0220004,-0.139083,-0.0588362,0,0,0,0;
7.46, 0.125606,-0.14602,-0.0637174,0,0,0,0;
7.47, 0.0909776,-0.141436,-0.0620849,0,0,0,0;
7.48, 0.10987,-0.138685,-0.056872,0,0,0,0;
7.49, 0.0630589,-0.14108,-0.0577347,0,0,0,0;
7.5, 0.0657512,-0.14411,-0.0606982,0,0,0,0;
7.51, 0.0369917,-0.143998,-0.0602807,0,0,0,0;
7.52, 0.0307654,-0.146155,-0.0615979,0,0,0,0;
7.53, 0.0390496,-0.144009,-0.0617785,0,0,0,0;
7.54, 0.0535434,-0.139472,-0.0597682,0,0,0,0;
7.55, 0.0416053,-0.139176,-0.0600824,0,0,0,0;
7.56, 0.104148,-0.143429,-0.0608673,0,0,0,0;
7.57, 0.0604385,-0.145304,-0.061217,0,0,0,0;
7.58, 0.100082,-0.146197,-0.0623429,0,0,0,0;
7.59, 0.158567,-0.144831,-0.0633912,0,0,0,0;
7.6, 0.0716596,-0.138411,-0.0605288,0,0,0,0;
7.61, 0.0186701,-0.140522,-0.0600458,0,0,0,0;
7.62, 0.0582933,-0.147671,-0.0597136,0,0,0,0;
7.63, -0.00294578,-0.145545,-0.057742,0,0,0,0;
7.64, 0.000955433,-0.14023,-0.0567216,0,0,0,0;
7.65, 0.0420198,-0.137864,-0.0576234,0,0,0,0;
7.66, 0.14485,-0.136127,-0.0622175,0,0,0,0;
7.67, 0.198721,-0.13543,-0.0634125,0,0,0,0;
7.68, 0.137598,-0.133376,-0.0609022,0,0,0,0;
7.69, 0.161658,-0.137388,-0.0626167,0,0,0,0;
7.7, 0.132466,-0.131488,-0.0587761,0,0,0,0;
7.71, 0.144843,-0.141879,-0.0595038,0,0,0,0;
7.72, 0.0544872,-0.142746,-0.0569082,0,0,0,0;
7.73, 0.0218266,-0.135287,-0.0561751,0,0,0,0;
7.74, 0.0210232,-0.136324,-0.0607702,0,0,0,0;
7.75, -0.00358465,-0.140129,-0.0597092,0,0,0,0;
7.76, -0.00209287,-0.131565,-0.058127,0,0,0,0;
7.77, 0.0192138,-0.135207,-0.0591242,0,0,0,0;
7.78, 0.178721,-0.133669,-0.0599099,0,0,0,0;
7.79, 0.17156,-0.129176,-0.0592655,0,0,0,0;
7.8, 0.0488105,-0.129744,-0.0601283,0,0,0,0;
7.81, 0.0999649,-0.136161,-0.0618291,0,0,0,0;
7.82, 0.0576628,-0.136748,-0.0578985,0,0,0,0;
7.83, 0.0976972,-0.128498,-0.0609676,0,0,0,0;
7.84, 0.0769269,-0.128809,-0.0566864,0,0,0,0;
7.85, -0.0157147,-0.130787,-0.0570611,0,0,0,0;
7.86, -0.00330418,-0.135624,-0.057591,0,0,0,0;
7.87, 0.00242427,-0.140022,-0.0560642,0,0,0,0;
7.88, 0.0086481,-0.143085,-0.0592877,0,0,0,0;
7.89, 0.0567935,-0.138944,-0.0588391,0,0,0,0;
7.9, 0.114707,-0.140293,-0.0595698,0,0,0,0;
7.91, 0.12559,-0.142287,-0.0592412,0,0,0,0;
7.92, 0.146677,-0.136721,-0.06279,0,0,0,0;
7.93, 0.118894,-0.137957,-0.0630565,0,0,0,0;
7.94, 0.159778,-0.144152,-0.0593598,0,0,0,0;
7.95, 0.136218,-0.136733,-0.0590415,0,0,0,0;
7.96, 0.0590368,-0.134041,-0.0556948,0,0,0,0;
7.97, 0.0791785,-0.132567,-0.0553766,0,0,0,0;
7.98, 0.10234,-0.134121,-0.0540655,0,0,0,0;
7.99, 0.0747133,-0.127251,-0.0540954,0,0,0,0;
8, -0.000906318,-0.127966,-0.0546572,0,0,0,0;
8.01, 0.0287473,-0.134852,-0.0554283,0,0,0,0;
8.02, 0.0191767,-0.132872,-0.0549333,0,0,0,0;
8.03, 0.123009,-0.140418,-0.0550627,0,0,0,0;
8.04, 0.188708,-0.138602,-0.0584182,0,0,0,0;
8.05, 0.0244907,-0.129087,-0.0585785,0,0,0,0;
8.06, 0.0154669,-0.125589,-0.0582591,0,0,0,0;
8.07, 0.0733449,-0.122519,-0.0563694,0,0,0,0;
8.08, 0.0762113,-0.124621,-0.0568484,0,0,0,0;
8.09, 0.0285423,-0.130691,-0.0568584,0,0,0,0;
8.1, -0.0159129,-0.127028,-0.0542138,0,0,0,0;
8.11, -0.0099715,-0.126614,-0.0541322,0,0,0,0;
8.12, 0.13802,-0.134085,-0.0568956,0,0,0,0;
8.13, 0.0769897,-0.130007,-0.0576286,0,0,0,0;
8.14, 0.0682949,-0.128097,-0.0582137,0,0,0,0;
8.15, 0.128134,-0.139467,-0.0571715,0,0,0,0;
8.16, 0.0711886,-0.13421,-0.0534312,0,0,0,0;
8.17, 0.109645,-0.134772,-0.0572987,0,0,0,0;
8.18, 0.140477,-0.142097,-0.0602829,0,0,0,0;
8.19, 0.00427374,-0.136183,-0.054445,0,0,0,0;
8.2, 0.015556,-0.131301,-0.0542907,0,0,0,0;
8.21, 0.0224208,-0.133491,-0.0553272,0,0,0,0;
8.22, 0.0638024,-0.137158,-0.0574079,0,0,0,0;
8.23, 0.0290025,-0.130503,-0.0553316,0,0,0,0;
8.24, -0.00865746,-0.127197,-0.0537115,0,0,0,0;
8.25, 0.0258864,-0.125788,-0.0529956,0,0,0,0;
8.26, 0.0785965,-0.125906,-0.0560994,0,0,0,0;
8.27, 0.00604799,-0.124378,-0.0495855,0,0,0,0;
8.28, -0.0276921,-0.12626,-0.051053,0,0,0,0;
8.29, -0.00342858,-0.12974,-0.0569756,0,0,0,0;
8.3, 0.0238479,-0.130086,-0.0588953,0,0,0,0;
8.31, 0.0805774,-0.135237,-0.0593497,0,0,0,0;
8.32, 0.0336785,-0.142591,-0.0587407,0,0,0,0;
8.33, 0.145865,-0.138055,-0.0582169,0,0,0,0;
8.34, 0.0657941,-0.130093,-0.0566589,0,0,0,0;
8.35, 0.0474575,-0.134721,-0.0570688,0,0,0,0;
8.36, 0.0911876,-0.1328,-0.0562087,0,0,0,0;
8.37, 0.0745154,-0.126657,-0.0534463,0,0,0,0;
8.38, 0.0261461,-0.122567,-0.0546576,0,0,0,0;
8.39, 0.16335,-0.128299,-0.057587,0,0,0,0;
8.4, 0.191405,-0.134236,-0.0562645,0,0,0,0;
8.41, 0.060778,-0.130835,-0.0551066,0,0,0,0;
8.42, 0.100767,-0.126132,-0.0544928,0,0,0,0;
8.43, 0.0655782,-0.121143,-0.0511358,0,0,0,0;
8.44, -0.0117496,-0.121274,-0.0497851,0,0,0,0;
8.45, 0.0241508,-0.124493,-0.0513133,0,0,0,0;
8.46, 0.0450351,-0.126831,-0.0538287,0,0,0,0;
8.47, 0.111754,-0.124184,-0.0576403,0,0,0,0;
8.48, -0.0187124,-0.123915,-0.0540948,0,0,0,0;
8.49, -0.0458223,-0.121063,-0.0500664,0,0,0,0;
8.5, 0.0389199,-0.12561,-0.0544196,0,0,0,0;
8.51, -0.0255287,-0.124089,-0.0547912,0,0,0,0;
8.52, 0.00768095,-0.127386,-0.05338,0,0,0,0;
8.53, 0.0420518,-0.134288,-0.0534413,0,0,0,0;
8.54, 0.0151905,-0.126979,-0.0539266,0,0,0,0;
8.55, -0.0192274,-0.128297,-0.052482,0,0,0,0;
8.56, -0.000276327,-0.131285,-0.0502993,0,0,0,0;
8.57, 0.0513218,-0.130628,-0.0507915,0,0,0,0;
8.58, 0.0606654,-0.127906,-0.0526803,0,0,0,0;
8.59, 0.0604309,-0.12463,-0.0537571,0,0,0,0;
8.6, 0.120081,-0.129481,-0.0564648,0,0,0,0;
8.61, 0.135161,-0.129794,-0.0543826,0,0,0,0;
8.62, 0.0895124,-0.126696,-0.0534879,0,0,0,0;
8.63, 0.100271,-0.126955,-0.0574449,0,0,0,0;
8.64, -0.0227893,-0.121072,-0.0532266,0,0,0,0;
8.65, 0.10195,-0.127911,-0.0541974,0,0,0,0;
8.66, 0.220904,-0.134437,-0.0565678,0,0,0,0;
8.67, 0.127845,-0.12699,-0.0541019,0,0,0,0;
8.68, 0.119935,-0.123546,-0.0544599,0,0,0,0;
8.69, 0.131662,-0.123399,-0.054249,0,0,0,0;
8.7, 0.120345,-0.11924,-0.0545735,0,0,0,0;
8.71, 0.0795717,-0.110402,-0.0526505,0,0,0,0;
8.72, 0.00121999,-0.110151,-0.0493366,0,0,0,0;
8.73, 0.0217841,-0.118027,-0.0524986,0,0,0,0;
8.74, 0.109192,-0.119109,-0.0543909,0,0,0,0;
8.75, 0.122372,-0.123157,-0.0535982,0,0,0,0;
8.76, 0.02366,-0.121442,-0.0486789,0,0,0,0;
8.77, 0.137118,-0.120543,-0.0524195,0,0,0,0;
8.78, 0.014261,-0.116094,-0.0498828,0,0,0,0;
8.79, 0.00207844,-0.123309,-0.0491983,0,0,0,0;
8.8, 0.000818193,-0.121665,-0.0496237,0,0,0,0;
8.81, -0.0481527,-0.1153,-0.0495979,0,0,0,0;
8.82, -0.0390925,-0.118424,-0.0520517,0,0,0,0;
8.83, 0.0115096,-0.123266,-0.0523405,0,0,0,0;
8.84, 0.0780862,-0.127138,-0.0512608,0,0,0,0;
8.85, 0.125365,-0.131425,-0.0521131,0,0,0,0;
8.86, 0.0622071,-0.125048,-0.0503777,0,0,0,0;
8.87, 0.0352605,-0.119476,-0.0519603,0,0,0,0;
8.88, 0.130809,-0.127187,-0.0541909,0,0,0,0;
8.89, 0.0984042,-0.128136,-0.0563157,0,0,0,0;
8.9, -0.00204363,-0.117904,-0.0529408,0,0,0,0;
8.91, 0.0337456,-0.117209,-0.0527288,0,0,0,0;
8.92, 0.0137874,-0.118904,-0.0515037,0,0,0,0;
8.93, -0.0539193,-0.113894,-0.0477378,0,0,0,0;
8.94, -0.0289795,-0.11554,-0.0487429,0,0,0,0;
8.95, 0.06479,-0.124997,-0.0503782,0,0,0,0;
8.96, 0.054083,-0.118382,-0.0495189,0,0,0,0;
8.97, 0.0306313,-0.119338,-0.0502553,0,0,0,0;
8.98, 0.0157921,-0.112822,-0.0507467,0,0,0,0;
8.99, -0.00181702,-0.11096,-0.0510356,0,0,0,0;
9, -0.0115028,-0.115085,-0.0486902,0,0,0,0;
9.01, 0.0842197,-0.121219,-0.0511127,0,0,0,0;
9.02, 0.199707,-0.126401,-0.052631,0,0,0,0;
9.03, 0.130096,-0.133487,-0.0534564,0,0,0,0;
9.04, 0.0283046,-0.128711,-0.0502535,0,0,0,0;
9.05, 0.0618803,-0.133526,-0.0501487,0,0,0,0;
9.06, 0.0410294,-0.123788,-0.0483142,0,0,0,0;
9.07, -0.0155534,-0.116503,-0.0460231,0,0,0,0;
9.08, -0.00709638,-0.121059,-0.0467185,0,0,0,0;
9.09, 0.123645,-0.123931,-0.0496293,0,0,0,0;
9.1, -0.0191201,-0.116318,-0.0517361,0,0,0,0;
9.11, 0.0233192,-0.11575,-0.0521783,0,0,0,0;
9.12, 0.13817,-0.119944,-0.0516531,0,0,0,0;
9.13, 0.124152,-0.120962,-0.0498888,0,0,0,0;
9.14, 0.109137,-0.122125,-0.0511321,0,0,0,0;
9.15, 0.160635,-0.124396,-0.0499959,0,0,0,0;
9.16, 0.131471,-0.122913,-0.0475389,0,0,0,0;
9.17, 0.103496,-0.1203,-0.0469289,0,0,0,0;
9.18, 0.0839183,-0.121144,-0.0515777,0,0,0,0;
9.19, 0.0428623,-0.121169,-0.0504057,0,0,0,0;
9.2, 0.0513831,-0.118096,-0.0494032,0,0,0,0;
9.21, 0.0767395,-0.113056,-0.0484486,0,0,0,0;
9.22, 0.077451,-0.110656,-0.0454851,0,0,0,0;
9.23, 0.0264654,-0.114231,-0.0445189,0,0,0,0;
9.24, -0.0322345,-0.114482,-0.0494593,0,0,0,0;
9.25, 0.0295963,-0.117166,-0.0504372,0,0,0,0;
9.26, 0.0186798,-0.120091,-0.0494652,0,0,0,0;
9.27, 0.104037,-0.117733,-0.0522307,0,0,0,0;
9.28, 0.189492,-0.116814,-0.0541687,0,0,0,0;
9.29, 0.0850666,-0.121578,-0.0483834,0,0,0,0;
9.3, 0.0788955,-0.118112,-0.0479151,0,0,0,0;
9.31, 0.0121729,-0.116481,-0.0490435,0,0,0,0;
9.32, -0.0573667,-0.113824,-0.0479198,0,0,0,0;
9.33, -0.0463756,-0.117643,-0.0453855,0,0,0,0;
9.34, -0.0606966,-0.118433,-0.0438811,0,0,0,0;
9.35, -0.0599613,-0.109244,-0.0435765,0,0,0,0;
9.36, 0.0107058,-0.113468,-0.0440181,0,0,0,0;
9.37, 0.0894309,-0.113763,-0.0491904,0,0,0,0;
9.38, 0.103109,-0.11185,-0.0511999,0,0,0,0;
9.39, 0.150787,-0.118127,-0.0495973,0,0,0,0;
9.4, 0.148675,-0.117016,-0.0502007,0,0,0,0;
9.41, 0.0249347,-0.112233,-0.0472053,0,0,0,0;
9.42, 0.128917,-0.107856,-0.0453135,0,0,0,0;
9.43, 0.131625,-0.104441,-0.0448097,0,0,0,0;
9.44, 0.0088979,-0.110798,-0.0465918,0,0,0,0;
9.45, -0.0264518,-0.116785,-0.0474371,0,0,0,0;
9.46, 0.0788295,-0.11441,-0.0502206,0,0,0,0;
9.47, 0.0746338,-0.118029,-0.0480402,0,0,0,0;
9.48, 0.175908,-0.12473,-0.0503358,0,0,0,0;
9.49, 0.162173,-0.126505,-0.0521361,0,0,0,0;
9.5, 0.00356147,-0.114393,-0.0462589,0,0,0,0;
9.51, 0.137782,-0.110595,-0.0474546,0,0,0,0;
9.52, 0.0754965,-0.10538,-0.046424,0,0,0,0;
9.53, 6.24061e-05,-0.112078,-0.0462453,0,0,0,0;
9.54, -0.0413694,-0.113501,-0.0442593,0,0,0,0;
9.55, -0.00667906,-0.109616,-0.0429809,0,0,0,0;
9.56, 0.11684,-0.113969,-0.0467997,0,0,0,0;
9.57, 0.0251131,-0.111283,-0.0479817,0,0,0,0;
9.58, -0.026608,-0.110479,-0.050331,0,0,0,0;
9.59, -0.0317047,-0.105071,-0.0459934,0,0,0,0;
9.6, 0.00489122,-0.109643,-0.0438337,0,0,0,0;
9.61, 0.0754337,-0.112135,-0.0479231,0,0,0,0;
9.62, 0.00241867,-0.109314,-0.0482428,0,0,0,0;
9.63, 0.116715,-0.11587,-0.047726,0,0,0,0;
9.64, 0.165338,-0.11386,-0.0481223,0,0,0,0;
9.65, 0.121926,-0.109471,-0.0487877,0,0,0,0;
9.66, 0.0389416,-0.10948,-0.0469928,0,0,0,0;
9.67, 0.0104632,-0.10735,-0.045118,0,0,0,0;
9.68, 0.0443221,-0.109098,-0.0446876,0,0,0,0;
9.69, 0.0644872,-0.110312,-0.0464995,0,0,0,0;
9.7, 0.100697,-0.114553,-0.0492303,0,0,0,0;
9.71, 0.105043,-0.11271,-0.0501481,0,0,0,0;
9.72, 0.050398,-0.11598,-0.0496564,0,0,0,0;
9.73, -0.0119834,-0.114555,-0.0464168,0,0,0,0;
9.74, -0.10139,-0.109247,-0.0423188,0,0,0,0;
9.75, -0.00331926,-0.106912,-0.0445204,0,0,0,0;
9.76, 0.0102544,-0.108171,-0.0448587,0,0,0,0;
9.77, 0.0517063,-0.115669,-0.044198,0,0,0,0;
9.78, 0.0432398,-0.114655,-0.0433828,0,0,0,0;
9.79, -0.0109661,-0.0956993,-0.0409309,0,0,0,0;
9.8, 0.0426421,-0.0961985,-0.0437424,0,0,0,0;
9.81, 0.0459451,-0.10414,-0.0458696,0,0,0,0;
9.82, 0.0372832,-0.110459,-0.045911,0,0,0,0;
9.83, -0.0566435,-0.106124,-0.0435816,0,0,0,0;
9.84, -0.0255797,-0.104299,-0.0444285,0,0,0,0;
9.85, 0.0193009,-0.113192,-0.0465924,0,0,0,0;
9.86, -0.0205588,-0.117361,-0.0455091,0,0,0,0;
9.87, 0.0431108,-0.119792,-0.0473841,0,0,0,0;
9.88, 0.0716752,-0.114837,-0.0456926,0,0,0,0;
9.89, 0.0758801,-0.110154,-0.0429556,0,0,0,0;
9.9, -0.0450543,-0.104654,-0.0420887,0,0,0,0;
9.91, 0.0451979,-0.110759,-0.0462822,0,0,0,0;
9.92, 0.153353,-0.109835,-0.0490303,0,0,0,0;
9.93, 0.127634,-0.109653,-0.0470988,0,0,0,0;
9.94, 0.037593,-0.110148,-0.0436476,0,0,0,0;
9.95, 0.216783,-0.114353,-0.0457577,0,0,0,0;
9.96, 0.146988,-0.11788,-0.0458065,0,0,0,0;
9.97, 0.118964,-0.110404,-0.0481215,0,0,0,0;
9.98, 0.077711,-0.102123,-0.0482122,0,0,0,0;
9.99, -0.0301632,-0.102441,-0.0439852,0,0,0,0;
