0, -0.0233643,-0.0336089,3.57004,0,0,0,0;
0.01, -0.044921,0.470895,0.0649369,0,0,0,0;
0.02, 92.0494,-25.3992,3.26791,0,0,0,0;
0.03, 36.6278,1.26927,-6.63962,0,0,0,0;
0.04, 22.5582,5.1669,-5.61566,0,0,0,0;
0.05, -10.8881,5.03583,-7.75112,0,0,0,0;
0.06, -22.0705,4.22819,-5.61503,0,0,0,0;
0.07, -20.4605,4.01544,-3.2038,0,0,0,0;
0.08, -24.3051,3.69305,-1.962,0,0,0,0;
0.09, -18.2355,3.08447,-0.897447,0,0,0,0;
0.1, -16.0425,1.64233,0.141144,0,0,0,0;
0.11, -15.1275,1.34125,0.0931393,0,0,0,0;
0.12, -8.55302,1.39843,0.878572,0,0,0,0;
0.13, -3.85268,1.25392,0.709602,0,0,0,0;
0.14, -2.83928,0.762493,0.695722,0,0,0,0;
0.15, -2.86676,0.605324,0.60665,0,0,0,0;
0.16, -1.79078,0.657903,0.654737,0,0,0,0;
0.17, -0.571737,0.365728,0.661685,0,0,0,0;
0.18, -0.459805,0.204686,0.682043,0,0,0,0;
0.19, 0.473142,0.521018,0.328886,0,0,0,0;
0.2, 0.0340554,0.209674,0.514376,0,0,0,0;
0.21, 0.308314,-0.0422114,0.574343,0,0,0,0;
0.22, 0.214745,0.387994,0.208883,0,0,0,0;
0.23, 0.892955,0.0801506,0.505124,0,0,0,0;
0.24, -0.325545,0.213192,0.117614,0,0,0,0;
0.25, -0.752924,0.187017,0.355259,0,0,0,0;
0.26, 0.0403314,0.17551,0.247951,0,0,0,0;
0.27, 0.0632855,0.455303,0.239542,0,0,0,0;
0.28, 0.444416,-0.163309,0.197842,0,0,0,0;
0.29, -0.134777,0.0447707,0.269254,0,0,0,0;
0.3, -0.193069,0.101071,0.14692,0,0,0,0;
0.31, 1.4017,0.0723858,0.19855,0,0,0,0;
0.32, 0.963359,0.00188643,0.190693,0,0,0,0;
0.33, 0.153282,0.179626,0.13223,0,0,0,0;
0.34, -0.0986736,0.10454,0.14237,0,0,0,0;
0.35, -0.882024,0.239633,0.102134,0,0,0,0;
0.36, -0.136164,0.0102608,0.149353,0,0,0,0;
0.37, 0.817303,-0.0747773,0.170651,0,0,0,0;
0.38, 0.131621,0.354996,0.175774,0,0,0,0;
0.39, -0.164695,-0.121332,0.140208,0,0,0,0;
0.4, 0.20573,0.059789,0.150162,0,0,0,0;
0.41, 0.383323,0.335254,0.147628,0,0,0,0;
0.42, -0.0447112,-0.0871698,0.148457,0,0,0,0;
0.43, 0.316584,-0.171085,0.203123,0,0,0,0;
0.44, -0.73776,0.400283,0.105145,0,0,0,0;
0.45, 1.01553,0.147611,0.205482,0,0,0,0;
0.46, 1.7988,-0.26066,0.283699,0,0,0,0;
0.47, -1.25057,-0.00757737,-0.150238,0,0,0,0;
0.48, 0.96391,0.538958,0.40799,0,0,0,0;
0.49, 0.294076,0.0546457,0.0503538,0,0,0,0;
0.5, -0.505596,-0.219217,0.335108,0,0,0,0;
0.51, 0.745666,0.109831,0.0668522,0,0,0,0;
0.52, -0.482701,0.10033,0.135125,0,0,0,0;
0.53, 0.12197,0.0578697,0.234688,0,0,0,0;
0.54, 1.02599,0.333321,0.043406,0,0,0,0;
0.55, -0.251078,-0.393924,0.0555067,0,0,0,0;
0.56, 0.0704659,0.579557,0.216189,0,0,0,0;
0.57, 1.1676,-0.215918,0.15555,0,0,0,0;
0.58, -0.105375,0.0323862,0.131079,0,0,0,0;
0.59, 0.0831007,-0.0250553,0.13286,0,0,0,0;
0.6, -0.372642,0.119289,0.0558837,0,0,0,0;
0.61, 0.239051,0.266873,0.0724612,0,0,0,0;
0.62, 0.464941,0.0162181,0.214486,0,0,0,0;
0.63, 0.150252,0.155673,0.0523166,0,0,0,0;
0.64, -0.367263,0.0484996,0.10546,0,0,0,0;
0.65, 0.107568,0.133267,0.1004,0,0,0,0;
0.66, 0.703671,-0.0340479,0.0923681,0,0,0,0;
0.67, 0.306713,0.125339,0.11439,0,0,0,0;
0.68, 0.458412,0.138803,0.0476384,0,0,0,0;
0.69, -0.0634698,0.118815,0.130555,0,0,0,0;
0.7, 0.744936,-0.0174465,0.0740834,0,0,0,0;
0.71, 0.283577,0.249614,0.0141461,0,0,0,0;
0.72, 0.0562658,0.02093,0.169649,0,0,0,0;
0.73, -0.313223,0.209713,-0.0481029,0,0,0,0;
0.74, 0.147935,-0.0846578,0.223869,0,0,0,0;
0.75, 0.406843,0.125917,0.0327319,0,0,0,0;
0.76, 0.0499142,-0.107097,0.047552,0,0,0,0;
0.77, -0.072651,0.382869,0.000231564,0,0,0,0;
0.78, 0.38829,-0.0305566,0.173191,0,0,0,0;
0.79, 0.867455,0.058568,0.0249419,0,0,0,0;
0.8, 0.698477,0.268139,0.108433,0,0,0,0;
0.81, 0.482534,0.037687,0.0952909,0,0,0,0;
0.82, -0.628608,0.132785,0.0249907,0,0,0,0;
0.83, 0.0345331,0.141155,0.059817,0,0,0,0;
0.84, 0.241396,0.0344136,0.111414,0,0,0,0;
0.85, 0.607304,0.0562013,0.123629,0,0,0,0;
0.86, -0.24181,0.177068,0.0519933,0,0,0,0;
0.87, 0.140336,0.0480746,0.135088,0,0,0,0;
0.88, 0.105522,0.108148,0.0955342,0,0,0,0;
0.89, 0.544511,0.134832,0.141999,0,0,0,0;
0.9, 0.239651,0.199781,0.160989,0,0,0,0;
0.91, -0.256109,-0.0835493,-0.00368929,0,0,0,0;
0.92, 1.01793,-0.0239139,0.216844,0,0,0,0;
0.93, 0.203906,0.133981,0.131429,0,0,0,0;
0.94, 0.0881785,0.299375,0.185963,0,0,0,0;
0.95, 0.354313,0.0963951,0.0333876,0,0,0,0;
0.96, 0.764796,0.0384484,0.163854,0,0,0,0;
0.97, -0.078707,0.239803,0.187749,0,0,0,0;
0.98, -0.207574,-0.253409,0.0817632,0,0,0,0;
0.99, -0.642537,-0.310623,0.20647,0,0,0,0;
1, 0.474866,0.539896,0.0343607,0,0,0,0;
1.01, 0.328312,0.246165,0.144412,0,0,0,0;
1.02, 1.30736,-0.214931,0.284294,0,0,0,0;
1.03, -0.121024,0.000388995,0.0122152,0,0,0,0;
1.04, -0.109701,0.17286,0.124193,0,0,0,0;
1.05, -0.583265,0.269468,0.173382,0,0,0,0;
1.06, 0.43981,0.0923583,0.119246,0,0,0,0;
1.07, 0.772455,0.0726446,0.201598,0,0,0,0;
1.08, 1.16371,-0.0434749,0.14467,0,0,0,0;
1.09, -0.228522,-0.0736116,0.0823128,0,0,0,0;
1.1, -0.303547,0.19476,0.0676561,0,0,0,0;
1.11, 0.494142,0.100794,0.11808,0,0,0,0;
1.12, 0.41132,0.190071,0.166274,0,0,0,0;
1.13, -0.211164,-0.0312216,0.0834409,0,0,0,0;
1.14, 0.169392,0.218994,0.118698,0,0,0,0;
1.15, 0.548376,0.0930903,0.150136,0,0,0,0;
1.16, 0.481821,0.0434372,0.0875276,0,0,0,0;
1.17, 0.274229,0.100729,0.0755267,0,0,0,0;
1.18, 0.235299,0.110586,0.0980761,0,0,0,0;
1.19, -0.370122,0.155813,0.0660386,0,0,0,0;
1.2, 0.0142894,0.0870338,0.126005,0,0,0,0;
1.21, 0.166722,0.130244,0.083836,0,0,0,0;
1.22, 0.503599,0.0872269,0.0439342,0,0,0,0;
1.23, 0.353807,0.135024,0.146069,0,0,0,0;
1.24, 0.339807,0.118272,0.0701246,0,0,0,0;
1.25, 0.717098,-0.00557854,0.0854692,0,0,0,0;
1.26, 0.603537,0.0879386,0.0386039,0,0,0,0;
1.27, -0.0922022,0.103825,0.0693387,0,0,0,0;
1.28, -0.30603,0.242677,0.0335424,0,0,0,0;
1.29, -0.0806457,0.0684728,0.109826,0,0,0,0;
1.3, 0.531429,-0.0563079,0.079764,0,0,0,0;
1.31, 0.529884,0.0650878,0.109645,0,0,0,0;
1.32, -0.421919,0.320737,0.0148531,0,0,0,0;
1.33, 0.425214,0.012875,0.153152,0,0,0,0;
1.34, -0.0391849,0.144424,0.0444681,0,0,0,0;
1.35, -0.137972,0.129877,0.124728,0,0,0,0;
1.36, 1.15846,0.0118032,0.156904,0,0,0,0;
1.37, 0.461432,0.118284,0.0597094,0,0,0,0;
1.38, 0.0296112,0.155146,0.0487871,0,0,0,0;
1.39, 0.184549,0.114894,0.13435,0,0,0,0;
1.4, 0.703651,0.0532635,0.102022,0,0,0,0;
1.41, -0.460076,0.148785,0.0916136,0,0,0,0;
1.42, 0.484483,0.0466637,0.128372,0,0,0,0;
1.43, -0.0605606,0.219762,0.107878,0,0,0,0;
1.44, -0.0484622,-0.0556339,0.0956654,0,0,0,0;
1.45, 0.273243,0.236003,0.113997,0,0,0,0;
1.46, -0.0305657,0.0818725,0.102323,0,0,0,0;
1.47, 1.47396,0.116154,0.220798,0,0,0,0;
1.48, 0.150154,0.0855323,0.0716503,0,0,0,0;
1.49, 0.74088,-0.231374,0.0758874,0,0,0,0;
1.5, 0.176783,0.212435,0.0898894,0,0,0,0;
1.51, 0.132319,0.213551,0.178523,0,0,0,0;
1.52, -0.0721973,0.235569,0.0872359,0,0,0,0;
1.53, 0.383578,-0.00996079,0.209277,0,0,0,0;
1.54, -0.104737,0.099999,0.0766481,0,0,0,0;
1.55, -0.458963,0.0120551,0.147841,0,0,0,0;
1.56, 0.608404,-0.032794,0.209744,0,0,0,0;
1.57, 0.793426,0.37619,0.0569753,0,0,0,0;
1.58, -1.0031,0.137091,0.035124,0,0,0,0;
1.59, 0.180606,-0.105427,0.234304,0,0,0,0;
1.6, 0.442309,0.258212,0.0964487,0,0,0,0;
1.61, 0.243537,0.106891,0.121555,0,0,0,0;
1.62, 0.722385,-0.297107,0.147307,0,0,0,0;
1.63, 1.43646,0.179058,0.132915,0,0,0,0;
1.64, -0.562068,0.201944,0.0227938,0,0,0,0;
1.65, 0.506849,0.168719,0.176232,0,0,0,0;
1.66, 0.866533,0.0210404,0.108434,0,0,0,0;
1.67, -0.193764,0.10068,0.0661328,0,0,0,0;
1.68, -0.171318,0.156823,0.105558,0,0,0,0;
1.69, 0.23346,0.0935681,0.083489,0,0,0,0;
1.7, 0.69939,0.139062,0.134235,0,0,0,0;
1.71, 0.305488,0.111305,0.0830296,0,0,0,0;
1.72, 0.260425,0.0880707,0.130861,0,0,0,0;
1.73, -0.0148841,0.14017,0.057942,0,0,0,0;
1.74, 0.0677221,0.082474,0.0699669,0,0,0,0;
1.75, 0.435976,0.141615,0.115862,0,0,0,0;
1.76, 0.178731,0.115875,0.0895626,0,0,0,0;
1.77, -0.165294,0.10913,0.0562303,0,0,0,0;
1.78, 0.669624,0.175275,0.0862633,0,0,0,0;
1.79, 0.175895,0.1531,0.132254,0,0,0,0;
1.8, 0.126512,0.154027,0.0406532,0,0,0,0;
1.81, 0.0208968,-0.056647,0.115307,0,0,0,0;
1.82, 0.492824,0.115923,0.0605772,0,0,0,0;
1.83, 0.145889,0.120423,0.080112,0,0,0,0;
1.84, 0.786678,0.115436,0.123123,0,0,0,0;
1.85, 0.316106,0.116036,0.0802827,0,0,0,0;
1.86, 0.231194,0.110413,0.0920163,0,0,0,0;
1.87, 0.033564,0.13528,0.0658715,0,0,0,0;
1.88, 0.691814,0.0330938,0.0547432,0,0,0,0;
1.89, 0.00561541,0.112576,0.122617,0,0,0,0;
1.9, -0.275887,0.175458,0.0641874,0,0,0,0;
1.91, 0.324438,0.195141,0.140597,0,0,0,0;
1.92, 0.246181,0.0769044,0.0900521,0,0,0,0;
1.93, 0.464553,-0.00771439,0.0987078,0,0,0,0;
1.94, 0.174341,0.232358,0.101659,0,0,0,0;
1.95, 0.134526,0.0642859,0.0638701,0,0,0,0;
1.96, 0.259548,0.171424,0.147745,0,0,0,0;
1.97, 0.611574,0.10145,0.11508,0,0,0,0;
1.98, 0.10838,0.0121668,0.086465,0,0,0,0;
1.99, 0.0815692,-0.00577232,0.166043,0,0,0,0;
2, 0.237527,0.41726,0.0640124,0,0,0,0;
2.01, 0.0949993,0.0533804,0.0715375,0,0,0,0;
2.02, 0.118682,-0.0848807,0.124702,0,0,0,0;
2.03, 0.298466,0.332765,0.108411,0,0,0,0;
2.04, 0.603917,0.0380707,0.194474,0,0,0,0;
2.05, -0.00463063,-0.0240144,0.0395042,0,0,0,0;
2.06, 0.365222,0.106708,0.17648,0,0,0,0;
2.07, 1.16675,0.128259,0.118485,0,0,0,0;
2.08, -0.0838485,0.328273,0.0838763,0,0,0,0;
2.09, 0.333279,-0.018795,0.192876,0,0,0,0;
2.1, 0.116952,-0.130908,0.0320331,0,0,0,0;
2.11, -0.0382323,0.252192,0.148701,0,0,0,0;
2.12, 0.742028,0.0769078,0.131628,0,0,0,0;
2.13, -0.664564,0.299218,0.0429117,0,0,0,0;
2.14, 0.757945,0.144533,0.23963,0,0,0,0;
2.15, 0.475108,-0.0814878,-0.0125309,0,0,0,0;
2.16, 1.12345,-0.081092,0.232615,0,0,0,0;
2.17, -0.832499,0.251763,-0.0352895,0,0,0,0;
2.18, -0.105071,0.263046,0.157208,0,0,0,0;
2.19, 0.976337,-0.0526991,0.117297,0,0,0,0;
2.2, 0.0621661,0.294321,0.108255,0,0,0,0;
2.21, 0.137534,0.0081492,0.110879,0,0,0,0;
2.22, 0.605186,0.0750678,0.142301,0,0,0,0;
2.23, -0.0978001,0.131673,0.0674355,0,0,0,0;
2.24, 0.33329,0.157983,0.0812897,0,0,0,0;
2.25, 0.18212,0.177793,0.111288,0,0,0,0;
2.26, 0.00515012,0.0492611,0.098393,0,0,0,0;
2.27, 0.878836,0.0608715,0.103134,0,0,0,0;
2.28, 0.227382,0.127089,0.0579013,0,0,0,0;
2.29, 0.648304,0.143883,0.103516,0,0,0,0;
2.3, 0.268491,0.158637,0.0881091,0,0,0,0;
2.31, -0.0311833,0.0796867,0.0902006,0,0,0,0;
2.32, 0.918225,0.0855912,0.104557,0,0,0,0;
2.33, -0.154355,0.173117,0.0275129,0,0,0,0;
2.34, 0.246345,0.122244,0.120506,0,0,0,0;
2.35, 0.409506,0.171437,0.0885249,0,0,0,0;
2.36, -0.366927,0.0316234,0.0413688,0,0,0,0;
2.37, 0.0988017,0.185321,0.114787,0,0,0,0;
2.38, 0.281957,0.104041,0.129662,0,0,0,0;
2.39, 0.211054,0.0791983,0.0306811,0,0,0,0;
2.4, 0.604604,0.139174,0.112164,0,0,0,0;
2.41, 0.693719,0.129264,0.12485,0,0,0,0;
2.42, -0.191164,0.0823417,0.0447832,0,0,0,0;
2.43, 0.394844,0.112093,0.133645,0,0,0,0;
2.44, 0.00315756,0.112789,0.0406271,0,0,0,0;
2.45, 0.908185,0.166991,0.115322,0,0,0,0;
2.46, 1.01263,0.103834,0.127047,0,0,0,0;
2.47, 0.325406,0.130151,0.0297201,0,0,0,0;
2.48, -0.853663,0.132189,0.0931989,0,0,0,0;
2.49, 0.0520071,0.167164,0.146024,0,0,0,0;
2.5, 0.165721,0.0774312,0.0395623,0,0,0,0;
2.51, 0.415709,0.127125,0.14878,0,0,0,0;
2.52, 0.935598,0.0421309,0.103431,0,0,0,0;
2.53, 0.186154,0.133508,0.0788837,0,0,0,0;
2.54, 0.643932,0.26867,0.139084,0,0,0,0;
2.55, -0.475834,0.0346476,0.0530322,0,0,0,0;
2.56, 0.224692,0.10692,0.137854,0,0,0,0;
2.57, 0.478378,-0.0664373,0.135645,0,0,0,0;
2.58, 0.45061,0.285002,0.096812,0,0,0,0;
2.59, 0.11639,-0.109301,0.148826,0,0,0,0;
2.6, -0.149324,0.428632,0.0693865,0,0,0,0;
2.61, 0.183451,0.125771,0.117534,0,0,0,0;
2.62, 0.0993942,0.0295007,0.0986812,0,0,0,0;
2.63, 1.23077,0.0712472,0.163512,0,0,0,0;
2.64, 0.751587,0.257638,0.0688806,0,0,0,0;
2.65, -0.48545,0.0201026,0.0560779,0,0,0,0;
2.66, -0.483016,0.120792,0.102798,0,0,0,0;
2.67, 1.48865,0.0192818,0.194014,0,0,0,0;
2.68, -0.290848,0.140657,0.0410076,0,0,0,0;
2.69, 0.242112,-0.0311888,0.140485,0,0,0,0;
2.7, 0.51094,0.293965,0.121967,0,0,0,0;
2.71, 0.380457,0.149047,0.0621121,0,0,0,0;
2.72, -0.144239,0.0990614,0.1191,0,0,0,0;
2.73, 0.512034,0.0870809,0.136877,0,0,0,0;
2.74, 0.709823,0.0961291,0.0605242,0,0,0,0;
2.75, 0.368459,0.207061,0.096171,0,0,0,0;
2.76, 0.0134282,0.103473,0.0728424,0,0,0,0;
2.77, 0.927724,0.0850971,0.110071,0,0,0,0;
2.78, 0.0701664,0.138664,0.136477,0,0,0,0;
2.79, 0.0607194,0.143832,0.0565492,0,0,0,0;
2.8, 0.697221,0.0177643,0.151359,0,0,0,0;
2.81, 0.290192,0.109225,0.0368678,0,0,0,0;
2.82, 0.170805,0.142497,0.143349,0,0,0,0;
2.83, 0.22013,0.165806,0.0496768,0,0,0,0;
2.84, -0.555929,0.162264,0.0578421,0,0,0,0;
2.85, -0.133384,0.130555,0.122627,0,0,0,0;
2.86, 0.493048,0.0869411,0.0620738,0,0,0,0;
2.87, 0.497779,0.114439,0.142107,0,0,0,0;
2.88, 0.823226,0.0846769,0.0771767,0,0,0,0;
2.89, 0.263477,0.172602,0.0695125,0,0,0,0;
2.9, 0.0352987,0.17908,0.0415988,0,0,0,0;
2.91, 0.389381,0.183888,0.110147,0,0,0,0;
2.92, 0.247553,0.0818512,0.123565,0,0,0,0;
2.93, 0.203356,0.0648757,0.0607934,0,0,0,0;
2.94, 0.479367,0.129752,0.0813648,0,0,0,0;
2.95, 1.03757,0.144506,0.130505,0,0,0,0;
2.96, 0.118492,0.142039,0.0720492,0,0,0,0;
2.97, -0.221936,0.0952461,0.0512823,0,0,0,0;
2.98, -0.0265732,0.188172,0.113777,0,0,0,0;
2.99, 0.600173,0.050761,0.0814281,0,0,0,0;
3, 0.517046,0.209385,0.109438,0,0,0,0;
3.01, -0.190868,0.141189,0.0733224,0,0,0,0;
3.02, 0.349583,0.057378,0.0891196,0,0,0,0;
3.03, 0.234968,0.137225,0.102736,0,0,0,0;
3.04, 1.07136,0.115859,0.103516,0,0,0,0;
3.05, 0.305865,0.024344,0.0846881,0,0,0,0;
3.06, 0.505907,0.230156,0.0813402,0,0,0,0;
3.07, -0.672074,0.157094,0.0638565,0,0,0,0;
3.08, 0.358589,-0.0249231,0.135326,0,0,0,0;
3.09, 0.356526,0.17319,0.102599,0,0,0,0;
3.1, 0.127248,0.263223,0.0935541,0,0,0,0;
3.11, 0.448339,0.112337,0.133234,0,0,0,0;
3.12, -0.0511824,0.132926,0.0846332,0,0,0,0;
3.13, -0.0181217,0.211116,0.123981,0,0,0,0;
3.14, 0.853284,-0.0438788,0.101594,0,0,0,0;
3.15, 0.701497,0.309987,0.0629369,0,0,0,0;
3.16, 1.13717,-0.129142,0.189973,0,0,0,0;
3.17, -0.685127,0.150851,-0.00705412,0,0,0,0;
3.18, 0.602636,0.220229,0.0735241,0,0,0,0;
3.19, 0.379886,0.147843,0.19181,0,0,0,0;
3.2, 1.04523,-0.0725457,0.137218,0,0,0,0;
3.21, -0.305564,0.0319058,-0.0131171,0,0,0,0;
3.22, -0.615794,0.102444,0.122353,0,0,0,0;
3.23, 0.285505,0.330566,0.156045,0,0,0,0;
3.24, 0.263212,0.197757,0.0880039,0,0,0,0;
3.25, 0.575247,0.0887171,0.142519,0,0,0,0;
3.26, 1.14965,0.121755,0.0969399,0,0,0,0;
3.27, 0.085134,0.0679184,0.0496213,0,0,0,0;
3.28, -0.493393,0.15534,0.0626761,0,0,0,0;
3.29, 1.08141,0.0518059,0.142552,0,0,0,0;
3.3, 0.447859,0.105244,0.0931975,0,0,0,0;
3.31, 0.719511,0.156922,0.107284,0,0,0,0;
3.32, 0.0816353,0.128896,0.0571615,0,0,0,0;
3.33, -0.0135772,0.19821,0.13885,0,0,0,0;
3.34, -0.286841,0.130768,-0.00526026,0,0,0,0;
3.35, 0.111092,0.111868,0.221595,0,0,0,0;
3.36, 1.35431,0.0865964,0.0573786,0,0,0,0;
3.37, -0.251348,0.178183,0.0466774,0,0,0,0;
3.38, 0.434126,0.157324,0.125271,0,0,0,0;
3.39, 0.254848,0.119971,0.0412169,0,0,0,0;
3.4, 0.147839,0.197846,0.093353,0,0,0,0;
3.41, 0.240098,0.0896738,0.0821391,0,0,0,0;
3.42, 0.280012,0.109824,0.114245,0,0,0,0;
3.43, 0.752928,0.122408,0.0835457,0,0,0,0;
3.44, 0.360344,0.114099,0.0843787,0,0,0,0;
3.45, 0.135444,0.126941,0.0678832,0,0,0,0;
3.46, 0.45155,0.131972,0.117454,0,0,0,0;
3.47, 0.223443,0.166342,0.0753832,0,0,0,0;
3.48, 0.745494,0.0891374,0.114569,0,0,0,0;
3.49, 0.0899016,0.178251,0.0922126,0,0,0,0;
3.5, -0.312575,0.151069,-0.00291537,0,0,0,0;
3.51, 0.135405,0.122498,0.1356,0,0,0,0;
3.52, 0.5907,0.111942,0.0990207,0,0,0,0;
3.53, 0.00351074,0.0957166,0.0391846,0,0,0,0;
3.54, 0.379629,0.229374,0.115445,0,0,0,0;
3.55, 0.127073,0.0680975,0.0957188,0,0,0,0;
3.56, 0.577622,0.1426,0.0867281,0,0,0,0;
3.57, 0.352466,0.113887,0.0677738,0,0,0,0;
3.58, 0.840627,0.159599,0.10949,0,0,0,0;
3.59, -0.251293,0.139372,0.048817,0,0,0,0;
3.6, 1.18939,-0.00380009,0.143873,0,0,0,0;
3.61, 0.0555006,0.222337,0.0757387,0,0,0,0;
3.62, -0.00350422,0.141168,0.0683119,0,0,0,0;
3.63, 0.524877,0.126034,0.132217,0,0,0,0;
3.64, 1.01609,0.095799,0.106715,0,0,0,0;
3.65, -0.352094,0.170237,0.0458285,0,0,0,0;
3.66, 0.425809,0.116528,0.140483,0,0,0,0;
3.67, 0.0728727,0.165634,0.0499076,0,0,0,0;
3.68, 0.400868,-0.0545146,0.0910113,0,0,0,0;
3.69, 0.0700872,0.282089,0.071782,0,0,0,0;
3.7, 0.264922,0.0316225,0.224376,0,0,0,0;
3.71, 0.262923,0.145,0.0337747,0,0,0,0;
3.72, 0.58913,0.183337,0.114006,0,0,0,0;
3.73, 0.285987,0.145413,0.0461351,0,0,0,0;
3.74, 0.0544706,0.323149,0.0936443,0,0,0,0;
3.75, 0.776803,-0.0176272,0.146743,0,0,0,0;
3.76, 0.260408,0.0122646,0.0481302,0,0,0,0;
3.77, -0.0710021,0.234514,0.100085,0,0,0,0;
3.78, 0.255947,0.112197,0.0601122,0,0,0,0;
3.79, 0.58766,0.0234445,0.211357,0,0,0,0;
3.8, 0.462549,0.161404,0.021981,0,0,0,0;
3.81, 0.72765,0.0101314,0.14545,0,0,0,0;
3.82, -0.436188,0.266822,0.0794351,0,0,0,0;
3.83, -0.202218,0.178001,0.0350252,0,0,0,0;
3.84, 0.954213,0.149275,0.162547,0,0,0,0;
3.85, 0.0666857,0.145992,0.0425234,0,0,0,0;
3.86, 0.379309,0.176597,0.10637,0,0,0,0;
3.87, 1.01829,0.203533,0.0719145,0,0,0,0;
3.88, 0.775174,-0.0434348,0.122641,0,0,0,0;
3.89, 0.265459,0.149773,0.107916,0,0,0,0;
3.9, -0.551921,0.106493,0.0273165,0,0,0,0;
3.91, 1.06492,0.216438,0.171503,0,0,0,0;
3.92, 0.346741,0.0409041,0.0186951,0,0,0,0;
3.93, 0.0111672,0.143838,0.092406,0,0,0,0;
3.94, -0.02334,0.182327,0.103238,0,0,0,0;
3.95, 0.37679,0.166016,0.070863,0,0,0,0;
3.96, -0.0508685,0.14163,0.0707226,0,0,0,0;
3.97, 0.436264,0.0813648,0.1372,0,0,0,0;
3.98, 0.878155,0.143964,0.107363,0,0,0,0;
3.99, 0.466427,0.150289,0.0186377,0,0,0,0;
4, -0.0819129,0.130687,0.0984021,0,0,0,0;
4.01, 0.51112,0.104621,0.0706888,0,0,0,0;
4.02, 0.353163,0.208385,0.0764316,0,0,0,0;
4.03, 0.368642,0.040721,0.109976,0,0,0,0;
4.04, 1.09489,0.156748,0.106591,0,0,0,0;
4.05, 0.0213459,0.149728,0.0330611,0,0,0,0;
4.06, -0.630035,0.233241,0.0729869,0,0,0,0;
4.07, 0.422514,0.157293,0.132782,0,0,0,0;
4.08, 0.541138,0.0766361,0.056713,0,0,0,0;
4.09, 0.739264,0.128247,0.0804102,0,0,0,0;
4.1, -0.125168,0.144493,0.0817532,0,0,0,0;
4.11, 0.251287,0.0255206,0.0916148,0,0,0,0;
4.12, 0.180472,0.193914,0.0868351,0,0,0,0;
4.13, 0.462782,0.161918,0.118364,0,0,0,0;
4.14, 0.597824,0.14392,0.0691956,0,0,0,0;
4.15, 0.544496,0.233194,0.0742643,0,0,0,0;
4.16, -0.0913617,0.0847856,0.0481287,0,0,0,0;
4.17, 0.641071,0.100415,0.1149,0,0,0,0;
4.18, 0.153412,0.046603,0.114261,0,0,0,0;
4.19, 0.35699,0.272339,0.0413062,0,0,0,0;
4.2, 0.961495,0.112151,0.134185,0,0,0,0;
4.21, -0.290565,0.113078,0.0685564,0,0,0,0;
4.22, 0.411727,0.168272,0.0961952,0,0,0,0;
4.23, -0.0640257,-0.0234341,0.0874246,0,0,0,0;
4.24, 0.0934363,0.277093,0.0778686,0,0,0,0;
4.25, 1.26701,0.113177,0.156973,0,0,0,0;
4.26, -0.121979,0.0806347,0.0458853,0,0,0,0;
4.27, 0.0745149,0.0329045,0.0790154,0,0,0,0;
4.28, 0.116085,0.307859,0.0633246,0,0,0,0;
4.29, 0.727281,0.0536075,0.113126,0,0,0,0;
4.3, 0.567604,0.158067,0.119645,0,0,0,0;
4.31, 0.75119,0.167301,0.121778,0,0,0,0;
4.32, 0.277598,0.139902,0.080781,0,0,0,0;
4.33, -0.212712,0.156467,0.0371537,0,0,0,0;
4.34, -0.135991,0.00103377,0.1187,0,0,0,0;
4.35, 1.1596,0.187439,0.0963215,0,0,0,0;
4.36, 0.370048,0.0657906,0.0826617,0,0,0,0;
4.37, 0.380381,0.195879,0.0953904,0,0,0,0;
4.38, 0.220842,0.10354,0.0753977,0,0,0,0;
4.39, -0.112692,0.162617,0.0490615,0,0,0,0;
4.4, 0.935507,0.256146,0.164716,0,0,0,0;
4.41, 0.145438,0.0711461,0.0531396,0,0,0,0;
4.42, 0.594192,0.123075,0.100063,0,0,0,0;
4.43, 0.0200612,0.147566,0.085041,0,0,0,0;
4.44, 0.918958,-0.00930443,0.14347,0,0,0,0;
4.45, -0.287194,0.308998,0.0127616,0,0,0,0;
4.46, 0.68386,0.0959217,0.10968,0,0,0,0;
4.47, 0.143375,0.168599,0.0616087,0,0,0,0;
4.48, 0.322481,0.211565,0.0853506,0,0,0,0;
4.49, 0.254385,0.0893269,0.101525,0,0,0,0;
4.5, 0.562325,0.100938,0.116212,0,0,0,0;
4.51, -0.376046,0.15415,0.0397101,0,0,0,0;
4.52, -0.0728059,0.137974,0.074956,0,0,0,0;
4.53, 0.601623,0.0933529,0.0927955,0,0,0,0;
4.54, 0.467559,0.181318,0.0577492,0,0,0,0;
4.55, 0.675314,0.123099,0.12664,0,0,0,0;
4.56, 0.834159,0.0922979,0.0640039,0,0,0,0;
4.57, 0.0752178,0.128283,0.0828505,0,0,0,0;
4.58, 0.122659,0.128074,0.0631019,0,0,0,0;
4.59, 0.469137,0.208082,0.028652,0,0,0,0;
4.6, 0.233086,0.153421,0.157149,0,0,0,0;
4.61, 0.710672,0.0814373,0.0431864,0,0,0,0;
4.62, -0.253324,0.116784,0.0558137,0,0,0,0;
4.63, 0.967628,0.117243,0.148564,0,0,0,0;
4.64, -0.544478,0.2115,0.010518,0,0,0,0;
4.65, 0.609276,0.125288,0.131819,0,0,0,0;
4.66, 0.0346487,0.149522,0.0282502,0,0,0,0;
4.67, 1.18465,0.247161,0.148064,0,0,0,0;
4.68, 0.309555,0.0510803,0.0664263,0,0,0,0;
4.69, 0.795918,0.107186,0.0584909,0,0,0,0;
4.7, 0.614968,0.137087,0.128744,0,0,0,0;
4.71, -0.283958,0.180917,-0.023315,0,0,0,0;
4.72, -0.0831337,0.100037,0.115172,0,0,0,0;
4.73, 1.2132,0.0926129,0.176943,0,0,0,0;
4.74, 0.105608,0.194737,0.000987232,0,0,0,0;
4.75, 0.696109,0.14424,0.107415,0,0,0,0;
4.76, -0.422317,0.188272,0.117039,0,0,0,0;
4.77, 0.48618,0.125135,0.047012,0,0,0,0;
4.78, 0.4493,0.0971952,0.105559,0,0,0,0;
4.79, -0.156931,0.130074,0.0623444,0,0,0,0;
4.8, -0.117947,0.286003,0.0696699,0,0,0,0;
4.81, 0.984799,-0.120721,0.104498,0,0,0,0;
4.82, 1.10761,0.231975,0.111428,0,0,0,0;
4.83, 0.0363028,0.17085,0.0796015,0,0,0,0;
4.84, -0.0539322,0.0477449,0.055286,0,0,0,0;
4.85, 1.02627,0.328858,0.148203,0,0,0,0;
4.86, 0.42488,-0.101626,0.066938,0,0,0,0;
4.87, -0.21391,0.289619,0.00953478,0,0,0,0;
4.88, 0.157912,0.0746378,0.129647,0,0,0,0;
4.89, 0.27831,0.174701,0.0618732,0,0,0,0;
4.9, 0.0119141,0.139913,0.0841874,0,0,0,0;
4.91, 0.937222,0.275759,0.0750135,0,0,0,0;
4.92, 0.956487,0.0831527,0.153082,0,0,0,0;
4.93, -0.61308,0.22286,0.0123003,0,0,0,0;
4.94, 0.479906,-0.00705414,0.169276,0,0,0,0;
4.95, 0.895832,0.0565622,0.0464221,0,0,0,0;
4.96, 0.32766,0.247912,0.099148,0,0,0,0;
4.97, -0.155973,0.178809,0.0322762,0,0,0,0;
4.98, 0.471541,-0.0589025,0.173121,0,0,0,0;
4.99, 0.753306,0.144749,0.00798857,0,0,0,0;
5, 0.162072,0.191797,0.128051,0,0,0,0;
5.01, 0.0184171,0.0617277,0.0334458,0,0,0,0;
5.02, 0.502591,0.167153,0.112696,0,0,0,0;
5.03, 0.0318928,0.230673,0.0693157,0,0,0,0;
5.04, 1.54338,0.0146629,0.113386,0,0,0,0;
5.05, 0.417954,0.213187,0.00507838,0,0,0,0;
5.06, -0.0190311,0.129645,0.138477,0,0,0,0;
5.07, 0.689003,0.175203,0.0541587,0,0,0,0;
5.08, -0.0183757,0.165088,0.0943147,0,0,0,0;
5.09, 0.167781,0.183243,0.0890579,0,0,0,0;
5.1, 0.920417,0.0666753,0.0711473,0,0,0,0;
5.11, 0.559852,0.134642,0.143396,0,0,0,0;
5.12, -1.09768,0.156374,-0.0728295,0,0,0,0;
5.13, 0.950651,0.179228,0.165945,0,0,0,0;
5.14, 0.181383,0.0948969,0.0637214,0,0,0,0;
5.15, -0.10769,0.245211,0.0942027,0,0,0,0;
5.16, 0.301467,0.145173,0.105316,0,0,0,0;
5.17, 1.23691,0.0962908,0.0549788,0,0,0,0;
5.18, 0.78819,0.109219,0.112543,0,0,0,0;
5.19, 0.328604,0.0568003,0.00881147,0,0,0,0;
5.2, 0.300077,0.210555,0.0882617,0,0,0,0;
5.21, -0.39553,0.228699,0.0668828,0,0,0,0;
5.22, -0.39699,0.0586938,0.0826802,0,0,0,0;
5.23, 0.969633,0.177898,0.135821,0,0,0,0;
5.24, 0.808608,0.116931,0.0548269,0,0,0,0;
5.25, 0.372898,0.13517,0.0476902,0,0,0,0;
5.26, 0.390856,0.128468,0.0564835,0,0,0,0;
5.27, 0.438471,0.133332,0.112572,0,0,0,0;
5.28, -0.16935,0.0395786,0.0626426,0,0,0,0;
5.29, 0.478433,0.210104,0.0759456,0,0,0,0;
5.3, -0.0288826,0.198624,0.053021,0,0,0,0;
5.31, 0.568204,0.0450244,0.114515,0,0,0,0;
5.32, 0.97271,0.189806,0.0868059,0,0,0,0;
5.33, 0.572131,0.126494,0.0585549,0,0,0,0;
5.34, 0.124928,0.227967,0.0693649,0,0,0,0;
5.35, 0.415944,0.0714191,0.0619648,0,0,0,0;
5.36, 0.172631,0.109908,0.114345,0,0,0,0;
5.37, -0.0649379,0.193434,0.0335615,0,0,0,0;
5.38, 0.84408,0.215449,0.1503,0,0,0,0;
5.39, 0.077576,0.159138,0.101598,0,0,0,0;
5.4, 0.62065,0.03507,0.00992662,0,0,0,0;
5.41, 0.249293,0.152907,0.125127,0,0,0,0;
5.42, 0.0415946,0.0817813,0.0396448,0,0,0,0;
5.43, 1.42217,0.0465053,0.16585,0,0,0,0;
5.44, 0.0424945,0.310815,0.032491,0,0,0,0;
5.45, -0.279967,0.0685421,0.0722829,0,0,0,0;
5.46, 0.391721,0.191925,0.101037,0,0,0,0;
5.47, 0.372311,0.247483,0.0785996,0,0,0,0;
5.48, 0.0345534,0.00523206,0.0526974,0,0,0,0;
5.49, 0.766823,0.106459,0.12117,0,0,0,0;
5.5, 0.678616,0.0576751,0.0739331,0,0,0,0;
5.51, 0.102755,0.303256,0.0269589,0,0,0,0;
5.52, 0.971471,0.147623,0.150633,0,0,0,0;
5.53, 0.331805,0.060617,0.082497,0,0,0,0;
5.54, 0.162962,0.144723,0.0499094,0,0,0,0;
5.55, -0.341782,0.149387,0.00197268,0,0,0,0;
5.56, 0.572251,0.151013,0.164949,0,0,0,0;
5.57, 0.351641,0.23255,0.0515788,0,0,0,0;
5.58, 0.550725,0.0347139,0.0654241,0,0,0,0;
5.59, 1.03479,0.125822,0.128137,0,0,0,0;
5.6, -0.0370726,0.221993,0.0099858,0,0,0,0;
5.61, 0.066862,0.110534,0.0941204,0,0,0,0;
5.62, 1.19969,0.127264,0.111231,0,0,0,0;
5.63, 0.00646603,0.156808,0.0547189,0,0,0,0;
5.64, 0.37441,0.170698,0.0397205,0,0,0,0;
5.65, 0.188061,0.0698954,0.0790856,0,0,0,0;
5.66, 1.02556,0.206596,0.135218,0,0,0,0;
5.67, -0.047162,0.0411553,0.0412803,0,0,0,0;
5.68, 0.410912,0.194622,0.105808,0,0,0,0;
5.69, 0.272248,0.232878,0.0223527,0,0,0,0;
5.7, -0.10682,0.0846813,0.10764,0,0,0,0;
5.71, 0.793251,0.0641267,0.0548188,0,0,0,0;
5.72, 0.366365,0.121211,0.0339062,0,0,0,0;
5.73, 0.356534,0.214375,0.153115,0,0,0,0;
5.74, 0.0330448,0.143652,0.00480229,0,0,0,0;
5.75, -0.210666,0.139699,0.0350136,0,0,0,0;
5.76, 0.441403,0.173345,0.220974,0,0,0,0;
5.77, 1.06288,0.141659,-0.001908,0,0,0,0;
5.78, 1.09889,0.056497,0.142465,0,0,0,0;
5.79, 0.0807778,0.23059,-0.0271016,0,0,0,0;
5.8, 0.172405,0.107136,0.0978992,0,0,0,0;
5.81, -0.214993,0.0840029,0.0709882,0,0,0,0;
5.82, 0.307553,0.199043,0.0936712,0,0,0,0;
5.83, 0.964048,0.120579,0.0516656,0,0,0,0;
5.84, 0.491324,0.154663,0.114662,0,0,0,0;
5.85, 0.0415498,0.121479,0.0294294,0,0,0,0;
5.86, 0.316911,0.148448,0.0825811,0,0,0,0;
5.87, 0.58032,0.120471,0.0973746,0,0,0,0;
5.88, 0.716992,0.0706455,0.103423,0,0,0,0;
5.89, -0.403868,0.289569,0.00910163,0,0,0,0;
5.9, 0.595224,0.138149,0.134449,0,0,0,0;
5.91, 1.17811,0.00903711,0.0640346,0,0,0,0;
5.92, 0.0814503,0.29383,0.0431051,0,0,0,0;
5.93, 0.708517,0.0204515,0.127938,0,0,0,0;
5.94, -0.870488,0.24094,-0.0515527,0,0,0,0;
5.95, 1.8992,0.0902206,0.240665,0,0,0,0;
5.96, 0.193862,0.206235,0.0421771,0,0,0,0;
5.97, -0.569071,0.174835,-0.0159211,0,0,0,0;
5.98, 0.801239,-0.096028,0.124941,0,0,0,0;
5.99, -0.254645,0.228206,0.0533398,0,0,0,0;
6, 0.467757,0.160387,0.08086,0,0,0,0;
6.01, 0.816464,0.168189,0.0889949,0,0,0,0;
6.02, 0.331763,0.107285,0.0802352,0,0,0,0;
6.03, 0.0195967,0.192516,0.0585185,0,0,0,0;
6.04, 0.165702,0.130488,0.0879769,0,0,0,0;
6.05, 0.628115,0.112839,0.0579818,0,0,0,0;
6.06, 1.22373,0.0378502,0.136419,0,0,0,0;
6.07, 0.417491,0.222211,0.030298,0,0,0,0;
6.08, 0.314391,0.131389,0.108534,0,0,0,0;
6.09, -0.155222,0.251588,0.0146175,0,0,0,0;
6.1, 0.73852,0.0117803,0.147793,0,0,0,0;
6.11, -0.349683,0.261318,-0.00349522,0,0,0,0;
6.12, -0.224983,0.150679,0.063588,0,0,0,0;
6.13, 0.450109,0.153856,0.118729,0,0,0,0;
6.14, 0.321003,-0.00443008,0.116528,0,0,0,0;
6.15, 1.67656,0.149975,0.0543556,0,0,0,0;
6.16, -0.487963,0.149514,0.0260207,0,0,0,0;
6.17, 1.26168,0.109965,0.0797538,0,0,0,0;
6.18, 0.738207,0.151065,0.10488,0,0,0,0;
6.19, 0.555832,0.13088,0.0495597,0,0,0,0;
6.2, 0.13718,0.111426,0.080673,0,0,0,0;
6.21, -0.0488172,0.200422,0.0596758,0,0,0,0;
6.22, 0.25954,0.262843,0.0820655,0,0,0,0;
6.23, 1.17493,0.0611947,0.14688,0,0,0,0;
6.24, 0.649533,0.132841,0.0329262,0,0,0,0;
6.25, 0.13064,0.112881,0.0356364,0,0,0,0;
6.26, -0.486099,0.114433,0.0611755,0,0,0,0;
6.27, -0.185865,0.222022,0.0400079,0,0,0,0;
6.28, 0.546382,0.096583,0.11761,0,0,0,0;
6.29, 0.345034,0.134836,0.0402611,0,0,0,0;
6.3, 0.447227,0.18464,0.0772482,0,0,0,0;
6.31, 1.23912,0.0518266,0.0923319,0,0,0,0;
6.32, 0.272773,0.193696,0.0539696,0,0,0,0;
6.33, -0.331422,0.236295,0.0272528,0,0,0,0;
6.34, 0.696461,0.124411,0.119068,0,0,0,0;
6.35, 0.865349,0.0584289,0.0863309,0,0,0,0;
6.36, -0.874338,0.158368,0.00851029,0,0,0,0;
6.37, 0.423556,0.159046,0.0764582,0,0,0,0;
6.38, 1.79083,0.163338,0.142827,0,0,0,0;
6.39, 0.252417,0.0686727,0.0248054,0,0,0,0;
6.4, -0.52551,0.163023,-0.0167135,0,0,0,0;
6.41, 0.976746,0.0984187,0.137791,0,0,0,0;
6.42, 0.00673547,0.240676,0.073403,0,0,0,0;
6.43, 0.863711,0.0925582,0.101817,0,0,0,0;
6.44, 0.309564,0.0527062,-0.0131254,0,0,0,0;
6.45, 0.305284,0.124576,0.108981,0,0,0,0;
6.46, 0.247872,0.246754,0.1121,0,0,0,0;
6.47, 0.732214,0.105379,0.0917578,0,0,0,0;
6.48, 0.0870399,0.19282,0.0107152,0,0,0,0;
6.49, 0.431077,0.102657,0.0573697,0,0,0,0;
6.5, 0.301992,0.13794,0.0922213,0,0,0,0;
6.51, 0.263949,0.168318,0.0731792,0,0,0,0;
6.52, 0.476519,0.191603,0.0916115,0,0,0,0;
6.53, 0.63393,0.00519093,0.0486457,0,0,0,0;
6.54, 0.245549,-0.00354036,0.060555,0,0,0,0;
6.55, 1.44498,0.293588,0.101524,0,0,0,0;
6.56, -0.203849,0.103056,0.0431325,0,0,0,0;
6.57, 0.626648,0.194774,0.119339,0,0,0,0;
6.58, -0.181548,0.136459,0.0458714,0,0,0,0;
6.59, 0.0175282,0.164347,0.0624418,0,0,0,0;
6.6, 0.727629,0.179028,0.105022,0,0,0,0;
6.61, -0.0301175,0.223933,-0.0130501,0,0,0,0;
6.62, 1.0988,-0.00641083,0.152453,0,0,0,0;
6.63, 0.639993,0.0710702,0.0383633,0,0,0,0;
6.64, -0.382719,0.223304,0.0981111,0,0,0,0;
6.65, -0.0960626,0.124264,0.0560563,0,0,0,0;
6.66, 0.577302,0.158264,0.0675215,0,0,0,0;
6.67, 0.465899,0.108371,0.109561,0,0,0,0;
6.68, 0.508454,0.204753,0.0241222,0,0,0,0;
6.69, 0.666863,0.0830949,0.0820088,0,0,0,0;
6.7, 0.173169,0.137118,0.06503,0,0,0,0;
6.71, 1.23311,0.114924,0.131141,0,0,0,0;
6.72, -0.700004,0.129571,-0.0377982,0,0,0,0;
6.73, 0.588844,0.107363,0.16429,0,0,0,0;
6.74, 0.800719,0.165832,0.0680921,0,0,0,0;
6.75, 0.761285,0.232427,0.0428306,0,0,0,0;
6.76, 0.138871,0.0900505,0.0540738,0,0,0,0;
6.77, 0.354154,0.144369,0.0941658,0,0,0,0;
6.78, 0.470513,0.112076,-0.0377058,0,0,0,0;
6.79, 0.45864,0.158837,0.152411,0,0,0,0;
6.8, 0.26461,0.143528,0.0397021,0,0,0,0;
6.81, -0.113406,0.166287,0.0599949,0,0,0,0;
6.82, 0.704804,0.0679386,0.143966,0,0,0,0;
6.83, 0.738856,0.231653,0.000776649,0,0,0,0;
6.84, 0.64766,0.137846,0.0611867,0,0,0,0;
6.85, -0.471852,0.137032,0.0292082,0,0,0,0;
6.86, 1.26231,0.0539739,0.126313,0,0,0,0;
6.87, 0.741413,0.125271,0.101327,0,0,0,0;
6.88, 0.359247,0.154285,0.0125754,0,0,0,0;
6.89, 0.0210776,0.123142,0.102926,0,0,0,0;
6.9, -0.16636,0.228841,-0.0208994,0,0,0,0;
6.91, -0.0766114,0.152846,0.127244,0,0,0,0;
6.92, 0.225023,0.10263,0.0536888,0,0,0,0;
6.93, 0.781325,0.171045,0.0909106,0,0,0,0;
6.94, 0.356732,0.0631901,0.0492008,0,0,0,0;
6.95, 0.899217,0.217512,0.0726847,0,0,0,0;
6.96, 0.401948,0.134622,0.0308166,0,0,0,0;
6.97, 0.508392,0.121746,0.11651,0,0,0,0;
6.98, 0.0633761,0.0954361,0.0487363,0,0,0,0;
6.99, 0.994843,0.124109,0.0666897,0,0,0,0;
7, 0.600468,0.12934,0.0750769,0,0,0,0;
7.01, 0.426988,0.181855,0.0261596,0,0,0,0;
7.02, 0.0606934,0.080591,0.0716423,0,0,0,0;
7.03, 0.287118,0.171912,0.110293,0,0,0,0;
7.04, 0.444442,0.169632,0.0201151,0,0,0,0;
7.05, 0.0407813,0.105519,0.0756087,0,0,0,0;
7.06, 0.0217925,0.242043,0.0601309,0,0,0,0;
7.07, 0.735472,0.138362,0.0958703,0,0,0,0;
7.08, 0.0317138,0.0931117,0.0246354,0,0,0,0;
7.09, 0.652175,0.0694273,0.116506,0,0,0,0;
7.1, 0.259499,0.101614,0.023042,0,0,0,0;
7.11, 0.568364,0.286037,0.0559876,0,0,0,0;
7.12, 0.35284,0.0227934,0.0423143,0,0,0,0;
7.13, 0.323753,0.121169,0.0948615,0,0,0,0;
7.14, 0.792971,0.102398,0.125579,0,0,0,0;
7.15, 0.0488911,0.112773,0.0082736,0,0,0,0;
7.16, 1.22263,0.150188,0.0833451,0,0,0,0;
7.17, 0.143924,0.154105,0.0378773,0,0,0,0;
7.18, 0.2764,0.222068,0.119172,0,0,0,0;
7.19, 0.593752,0.0893613,0.0686946,0,0,0,0;
7.2, 0.908428,0.185433,0.0930244,0,0,0,0;
7.21, -0.400099,0.0648381,0.0205634,0,0,0,0;
7.22, 0.556043,0.240987,0.0745292,0,0,0,0;
7.23, 0.451184,0.0547629,0.0565951,0,0,0,0;
7.24, -0.343238,0.314217,0.0621041,0,0,0,0;
7.25, 1.38877,-0.0478797,0.0802199,0,0,0,0;
7.26, -0.0784128,0.0955031,0.0553381,0,0,0,0;
7.27, 0.00766739,0.211943,0.0360243,0,0,0,0;
7.28, 1.17333,0.0776396,0.0990242,0,0,0,0;
7.29, 0.266417,0.159411,0.0854877,0,0,0,0;
7.3, 0.0817638,0.241739,0.0627117,0,0,0,0;
7.31, 1.15675,-0.00227585,0.0718178,0,0,0,0;
7.32, -0.34906,0.148155,0.017562,0,0,0,0;
7.33, 0.8583,0.14552,0.0815154,0,0,0,0;
7.34, -0.313077,0.201449,0.0234881,0,0,0,0;
7.35, 0.309776,0.0906876,0.102172,0,0,0,0;
7.36, 0.760057,0.177931,0.0641614,0,0,0,0;
7.37, 0.948584,0.179931,0.0809126,0,0,0,0;
7.38, 0.178945,0.0403752,0.0406648,0,0,0,0;
7.39, -0.0166013,0.223751,0.0596454,0,0,0,0;
7.4, 0.107044,0.160681,0.0380288,0,0,0,0;
7.41, 0.408904,0.0510021,0.0788537,0,0,0,0;
7.42, 0.585739,0.189888,0.104217,0,0,0,0;
7.43, 0.894616,0.0846405,0.0379977,0,0,0,0;
7.44, 0.316935,0.133372,0.0383913,0,0,0,0;
7.45, 0.198785,0.146048,0.047587,0,0,0,0;
7.46, 0.436898,0.117741,0.071091,0,0,0,0;
7.47, 0.789165,0.167446,0.0844775,0,0,0,0;
7.48, 0.386925,0.121084,0.078997,0,0,0,0;
7.49, 0.864093,0.103974,0.0948491,0,0,0,0;
7.5, -0.402047,0.124715,-0.0303847,0,0,0,0;
7.51, 0.410553,0.142483,0.125835,0,0,0,0;
7.52, 0.107319,0.186873,0.00826013,0,0,0,0;
7.53, 0.610273,0.132586,0.100871,0,0,0,0;
7.54, 0.690925,0.0964608,0.0347977,0,0,0,0;
7.55, -0.116005,0.205199,0.0661643,0,0,0,0;
7.56, 0.825498,0.0617982,0.0674265,0,0,0,0;
7.57, 1.12088,0.0932894,0.0824296,0,0,0,0;
7.58, -0.099368,0.178748,0.011762,0,0,0,0;
7.59, 0.513723,0.148688,0.0903029,0,0,0,0;
7.6, 0.52984,0.126062,0.0265645,0,0,0,0;
7.61, -0.318693,0.179971,0.0814416,0,0,0,0;
7.62, 0.319925,0.0744015,0.0961198,0,0,0,0;
7.63, 0.392011,0.188111,0.0399726,0,0,0,0;
7.64, 0.26755,0.187511,0.0553584,0,0,0,0;
7.65, 0.958955,0.0904158,0.120044,0,0,0,0;
7.66, 0.87743,0.154668,-0.0214117,0,0,0,0;
7.67, 0.741958,0.197876,0.142773,0,0,0,0;
7.68, 0.697102,0.0365481,0.0846384,0,0,0,0;
7.69, -0.500649,0.134119,-0.0615376,0,0,0,0;
7.7, 0.743753,0.156684,0.127634,0,0,0,0;
7.71, 0.0714353,0.120443,0.0648609,0,0,0,0;
7.72, 0.680494,0.0749271,0.0505504,0,0,0,0;
7.73, -0.137503,0.216811,0.0796777,0,0,0,0;
7.74, 0.435534,0.106729,0.0607169,0,0,0,0;
7.75, -0.288975,0.113857,0.00294387,0,0,0,0;
7.76, 1.13015,0.185801,0.168274,0,0,0,0;
7.77, 0.327414,0.106824,-0.0209765,0,0,0,0;
7.78, 0.768648,0.142177,0.107516,0,0,0,0;
7.79, 0.969227,0.152868,0.0713933,0,0,0,0;
7.8, -0.434181,0.19823,-0.00964791,0,0,0,0;
7.81, 0.568823,0.0284247,0.12434,0,0,0,0;
7.82, 0.993909,0.150618,0.0771029,0,0,0,0;
7.83, -0.522362,0.141805,-0.0190768,0,0,0,0;
7.84, 0.487372,0.173004,0.114238,0,0,0,0;
7.85, 0.552645,0.101946,0.0343264,0,0,0,0;
7.86, 0.0355525,0.143403,0.0893825,0,0,0,0;
7.87, 0.78666,0.00860804,0.064957,0,0,0,0;
7.88, 0.388062,0.160792,0.0378592,0,0,0,0;
7.89, 0.505935,0.200758,0.0362369,0,0,0,0;
7.9, 0.645706,0.096321,0.116412,0,0,0,0;
7.91, 0.936899,0.113982,0.0283619,0,0,0,0;
7.92, 0.159923,0.1689,0.0554355,0,0,0,0;
7.93, 0.251587,0.131805,0.113915,0,0,0,0;
7.94, 0.160152,0.0490771,0.0162191,0,0,0,0;
7.95, 1.13838,0.202307,0.0877316,0,0,0,0;
7.96, -0.0648744,0.141299,0.0393483,0,0,0,0;
7.97, 0.0223342,0.201357,0.00322491,0,0,0,0;
7.98, 0.323868,0.0771733,0.121843,0,0,0,0;
7.99, 0.468301,0.219106,0.0492754,0,0,0,0;
8, 0.687791,0.0311128,0.0811873,0,0,0,0;
8.01, 0.190482,0.142023,0.0478089,0,0,0,0;
8.02, 0.357015,0.154094,0.0343583,0,0,0,0;
8.03, 0.367752,0.0865213,0.123894,0,0,0,0;
8.04, 1.09412,0.155153,0.0452982,0,0,0,0;
8.05, 0.441506,0.140644,0.026682,0,0,0,0;
8.06, -0.344305,0.148625,-0.0192597,0,0,0,0;
8.07, 0.528236,0.20937,0.118332,0,0,0,0;
8.08, 0.982089,0.0304532,0.101492,0,0,0,0;
8.09, -0.205451,0.127157,-0.0249914,0,0,0,0;
8.1, 0.353843,0.185766,0.0980296,0,0,0,0;
8.11, 0.705049,0.150258,0.080351,0,0,0,0;
8.12, 0.522223,0.030051,0.0715646,0,0,0,0;
8.13, 0.643767,0.203624,-0.0059731,0,0,0,0;
8.14, -0.0110343,0.159596,0.0744754,0,0,0,0;
8.15, 0.190435,0.0429815,0.0712684,0,0,0,0;
8.16, 0.60487,0.17111,0.0728624,0,0,0,0;
8.17, 0.551958,0.0996009,0.0510918,0,0,0,0;
8.18, 1.03528,0.0839722,0.0753982,0,0,0,0;
8.19, -0.12138,0.219935,-0.0141506,0,0,0,0;
8.2, 0.0583236,0.150303,0.114342,0,0,0,0;
8.21, 0.14169,0.09246,0.0119856,0,0,0,0;
8.22, 0.35549,0.154789,0.0765564,0,0,0,0;
8.23, 0.731763,0.124035,0.078308,0,0,0,0;
8.24, 0.692991,0.139429,0.0323323,0,0,0,0;
8.25, 0.766537,0.0982815,0.0598847,0,0,0,0;
8.26, 0.056443,0.202174,0.0388944,0,0,0,0;
8.27, 0.195624,0.0910739,0.0828041,0,0,0,0;
8.28, -0.113041,0.147176,0.0360034,0,0,0,0;
8.29, 0.413004,0.0908069,0.0208741,0,0,0,0;
8.3, 1.08381,0.090868,0.128667,0,0,0,0;
8.31, 0.58396,0.132699,0.0087682,0,0,0,0;
8.32, 0.831357,0.0473873,0.0712508,0,0,0,0;
8.33, -0.067289,0.242353,0.032418,0,0,0,0;
8.34, 0.641425,0.121643,0.114864,0,0,0,0;
8.35, 0.089742,0.144145,0.0303987,0,0,0,0;
8.36, 0.613128,0.132684,0.0760533,0,0,0,0;
8.37, 0.832556,0.100902,0.0342178,0,0,0,0;
8.38, -0.0231623,0.203221,0.0375119,0,0,0,0;
8.39, 0.258418,0.114677,0.106839,0,0,0,0;
8.4, 0.761156,0.0543882,0.0960215,0,0,0,0;
8.41, 0.757368,0.131268,0.0184883,0,0,0,0;
8.42, -0.160748,0.202079,0.0255921,0,0,0,0;
8.43, 1.11995,0.0930077,0.1257,0,0,0,0;
8.44, -0.376643,0.131633,0.00273415,0,0,0,0;
8.45, 0.0918752,0.198335,0.0433344,0,0,0,0;
8.46, 0.924071,0.0726672,0.114793,0,0,0,0;
8.47, 1.01329,0.102046,0.0470862,0,0,0,0;
8.48, 0.0357968,0.140394,0.0304462,0,0,0,0;
8.49, -0.617804,0.209913,0.0265549,0,0,0,0;
8.5, 0.852012,0.0871797,0.0918263,0,0,0,0;
8.51, 0.162666,0.109684,0.0312207,0,0,0,0;
8.52, 0.819205,0.109802,0.0735549,0,0,0,0;
8.53, 0.304618,0.0754274,0.0309439,0,0,0,0;
8.54, 0.576306,0.204742,0.0487638,0,0,0,0;
8.55, 0.964653,0.100716,0.0905368,0,0,0,0;
8.56, -0.200127,0.141295,0.027731,0,0,0,0;
8.57, 0.445279,0.0931167,0.100048,0,0,0,0;
8.58, 0.804077,0.184733,0.0231333,0,0,0,0;
8.59, 0.465762,0.120766,0.01139,0,0,0,0;
8.6, 0.58204,0.11413,0.139004,0,0,0,0;
8.61, 0.214041,0.126489,-0.00628328,0,0,0,0;
8.62, 0.544999,0.163261,0.0864649,0,0,0,0;
8.63, 0.0560986,0.144911,0.0176531,0,0,0,0;
8.64, 0.512989,0.111877,0.046432,0,0,0,0;
8.65, 0.912831,0.0511032,0.11593,0,0,0,0;
8.66, 1.0557,0.136257,0.0532925,0,0,0,0;
8.67, 0.224487,0.0976305,0.0537995,0,0,0,0;
8.68, -0.115826,0.168583,-0.0235923,0,0,0,0;
8.69, -0.00561315,0.136347,0.113584,0,0,0,0;
8.7, 0.529744,0.145589,0.0907521,0,0,0,0;
8.71, 0.429429,0.185731,-0.0098666,0,0,0,0;
8.72, 0.684747,0.093366,0.0776256,0,0,0,0;
8.73, -0.102868,0.0745539,0.0423554,0,0,0,0;
8.74, 0.914401,0.188315,0.079384,0,0,0,0;
8.75, 0.243938,0.0210554,0.0403002,0,0,0,0;
8.76, 0.517307,0.141024,0.070716,0,0,0,0;
8.77, 0.691591,0.199448,0.0131611,0,0,0,0;
8.78, 0.160774,0.112697,0.0462653,0,0,0,0;
8.79, -0.15542,0.07449,0.0710462,0,0,0,0;
8.8, 0.494562,0.161935,0.0841057,0,0,0,0;
8.81, 0.200164,0.170301,-0.00554949,0,0,0,0;
8.82, 0.399671,0.121848,0.064711,0,0,0,0;
8.83, 0.90041,-0.0318684,0.0574836,0,0,0,0;
8.84, 1.19117,0.13856,0.124434,0,0,0,0;
8.85, -0.12111,0.181426,-0.0109521,0,0,0,0;
8.86, 0.276088,0.0793536,0.0292912,0,0,0,0;
8.87, 0.741511,0.247675,0.0893791,0,0,0,0;
8.88, 0.38286,0.080308,0.0289061,0,0,0,0;
8.89, 0.592659,0.0841593,0.0730886,0,0,0,0;
8.9, -0.0976522,0.204642,0.0535846,0,0,0,0;
8.91, 0.213278,0.170454,0.0366597,0,0,0,0;
8.92, 0.569052,0.0207272,0.014393,0,0,0,0;
8.93, 0.207452,0.246191,0.122965,0,0,0,0;
8.94, 0.412958,0.0455732,0.0171726,0,0,0,0;
8.95, 0.592303,0.0886592,0.0756419,0,0,0,0;
8.96, 0.932387,0.134926,0.0424007,0,0,0,0;
8.97, 0.12958,0.11162,0.0381222,0,0,0,0;
8.98, 0.75035,0.196037,0.0659733,0,0,0,0;
8.99, -0.0746951,0.168445,0.0435634,0,0,0,0;
9, 0.579235,0.035018,0.092603,0,0,0,0;
9.01, 0.127616,0.0938514,-0.00750458,0,0,0,0;
9.02, 1.75626,0.0564824,0.143268,0,0,0,0;
9.03, -0.107763,0.14429,-0.0124306,0,0,0,0;
9.04, 0.583577,0.115734,0.0776024,0,0,0,0;
9.05, 0.0239917,0.115881,0.0602487,0,0,0,0;
9.06, -0.0337274,0.18872,0.00819564,0,0,0,0;
9.07, 0.996291,0.133157,0.132977,0,0,0,0;
9.08, -0.00291309,0.135537,-0.0385033,0,0,0,0;
9.09, 0.157383,0.122893,0.0929883,0,0,0,0;
9.1, 1.15885,0.0950439,0.091575,0,0,0,0;
9.11, 0.157654,0.190931,-0.0127763,0,0,0,0;
9.12, 0.609428,0.0705766,0.121612,0,0,0,0;
9.13, 1.11592,0.0891099,0.0371649,0,0,0,0;
9.14, 0.150162,0.146635,0.0269709,0,0,0,0;
9.15, 0.310891,0.138888,0.0428596,0,0,0,0;
9.16, 0.259838,0.10335,0.11248,0,0,0,0;
9.17, 0.652911,0.14548,-0.0326263,0,0,0,0;
9.18, 0.378992,0.109525,0.10157,0,0,0,0;
9.19, 0.0977626,0.0879596,-0.0059545,0,0,0,0;
9.2, 0.294139,0.204676,0.0981539,0,0,0,0;
9.21, 0.496879,0.0809861,0.0445693,0,0,0,0;
9.22, 0.580719,0.140305,0.0940921,0,0,0,0;
9.23, 0.482508,0.0786291,0.0257661,0,0,0,0;
9.24, -0.0380485,0.178362,0.0191275,0,0,0,0;
9.25, 0.289576,0.114099,0.00319183,0,0,0,0;
9.26, 0.382934,0.182968,0.0794569,0,0,0,0;
9.27, 1.19957,0.00883682,0.109452,0,0,0,0;
9.28, 1.03815,0.147548,0.021199,0,0,0,0;
9.29, -0.0947622,0.105047,0.0231322,0,0,0,0;
9.3, -0.166036,0.175943,0.0452341,0,0,0,0;
9.31, 0.223342,0.120414,0.0746117,0,0,0,0;
9.32, -0.133678,0.152791,-0.00641155,0,0,0,0;
9.33, 0.70458,0.0358971,0.148732,0,0,0,0;
9.34, 0.810192,0.15604,0.0274539,0,0,0,0;
9.35, 0.165733,0.144335,-0.0144199,0,0,0,0;
9.36, 0.522782,0.14187,0.133571,0,0,0,0;
9.37, 1.16691,0.0570885,0.00349486,0,0,0,0;
9.38, 0.7308,0.128362,0.038983,0,0,0,0;
9.39, 1.01447,0.0677102,0.134763,0,0,0,0;
9.4, 0.0170132,0.138038,-0.0740567,0,0,0,0;
9.41, -0.184098,0.21253,0.0432249,0,0,0,0;
9.42, -0.115252,0.16665,0.0660532,0,0,0,0;
9.43, 1.62901,0.0608572,0.14882,0,0,0,0;
9.44, -0.282743,0.0895567,-0.0729969,0,0,0,0;
9.45, -0.0249067,0.14306,0.116183,0,0,0,0;
9.46, 1.15006,0.067797,0.0379954,0,0,0,0;
9.47, 0.390236,0.110921,0.0595219,0,0,0,0;
9.48, 0.964511,0.0228122,0.0571558,0,0,0,0;
9.49, 0.33917,0.168561,-0.00469375,0,0,0,0;
9.5, -0.0166315,0.227312,0.0736818,0,0,0,0;
9.51, 0.0298798,0.167155,0.0570641,0,0,0,0;
9.52, 1.17455,0.128847,0.088359,0,0,0,0;
9.53, -0.178602,0.015344,0.0261409,0,0,0,0;
9.54, 0.173747,0.113301,0.0300998,0,0,0,0;
9.55, 0.102757,0.209549,0.0355273,0,0,0,0;
9.56, 0.78922,0.0613342,0.0650309,0,0,0,0;
9.57, 0.793614,0.0699172,0.0387492,0,0,0,0;
9.58, 0.119216,0.156567,0.0549787,0,0,0,0;
9.59, 0.229314,0.156615,0.0540027,0,0,0,0;
9.6, 0.93194,0.0386356,0.0314442,0,0,0,0;
9.61, 0.448616,0.155196,0.0611278,0,0,0,0;
9.62, 0.299916,0.105161,0.0573761,0,0,0,0;
9.63, 0.157331,0.101371,0.0150775,0,0,0,0;
9.64, 1.69836,0.0525479,0.128759,0,0,0,0;
9.65, 0.475968,0.203312,-0.00146115,0,0,0,0;
9.66, -0.253826,0.101836,0.0421706,0,0,0,0;
9.67, -0.501566,0.192445,0.00422138,0,0,0,0;
9.68, 1.22245,0.0372767,0.175074,0,0,0,0;
9.69, 0.716975,0.0899633,-0.0645547,0,0,0,0;
9.7, 0.129788,0.13679,0.0789117,0,0,0,0;
9.71, 0.689792,0.0953132,0.0481209,0,0,0,0;
9.72, 0.108669,0.0762341,0.0106077,0,0,0,0;
9.73, -0.0337473,0.195425,0.0488788,0,0,0,0;
9.74, 0.25312,0.110067,0.0739923,0,0,0,0;
9.75, 0.354503,0.195189,0.0429816,0,0,0,0;
9.76, 1.07146,0.075384,0.0973681,0,0,0,0;
9.77, 0.247583,0.0348372,0.00652766,0,0,0,0;
9.78, 1.43927,0.083226,0.0984814,0,0,0,0;
9.79, -0.296982,0.273359,-0.0135616,0,0,0,0;
9.8, 0.243669,0.166169,0.0562788,0,0,0,0;
9.81, 0.410556,-0.00426975,0.042229,0,0,0,0;
9.82, 0.561045,0.0639377,0.0284526,0,0,0,0;
9.83, 0.5254,0.178984,0.092902,0,0,0,0;
9.84, -0.0587006,0.120877,0.00786352,0,0,0,0;
9.85, 0.534301,0.0894519,0.0590029,0,0,0,0;
9.86, 0.568179,0.105793,0.0608613,0,0,0,0;
9.87, 0.865752,0.063832,0.046459,0,0,0,0;
9.88, 0.520262,0.16715,0.0532139,0,0,0,0;
9.89, 0.157755,0.13757,-0.0326084,0,0,0,0;
9.9, 0.258803,0.174558,0.0953575,0,0,0,0;
9.91, -0.147444,0.0266152,0.0214689,0,0,0,0;
9.92, 2.04884,0.0866681,0.12241,0,0,0,0;
9.93, 0.664218,0.111404,-0.0111994,0,0,0,0;
9.94, 0.0330512,0.088861,0.0376821,0,0,0,0;
9.95, 0.302498,0.148629,0.0867977,0,0,0,0;
9.96, 0.828261,0.0585913,0.0357509,0,0,0,0;
9.97, 0.161876,0.211179,-0.000999689,0,0,0,0;
9.98, 0.143929,0.161111,0.0779201,0,0,0,0;
9.99, -0.0775863,0.0905815,0.0124536,0,0,0,0;
