0, 0.27426,-0.252353,-0.128386,0,0,0,0;
0.01, 0.274195,-0.25248,-0.128386,0,0,0,0;
0.02, 0.273585,-0.252604,-0.128384,0,0,0,0;
0.03, 0.272222,-0.252656,-0.12836,0,0,0,0;
0.04, 0.27016,-0.252864,-0.128281,0,0,0,0;
0.05, 0.267673,-0.252964,-0.128127,0,0,0,0;
0.06, 0.265196,-0.252747,-0.12792,0,0,0,0;
0.07, 0.262692,-0.252219,-0.127665,0,0,0,0;
0.08, 0.260424,-0.251627,-0.1274,0,0,0,0;
0.09, 0.258522,-0.251141,-0.127154,0,0,0,0;
0.1, 0.256813,-0.250631,-0.126918,0,0,0,0;
0.11, 0.255452,-0.250102,-0.126722,0,0,0,0;
0.12, 0.254209,-0.249723,-0.126534,0,0,0,0;
0.13, 0.25314,-0.24938,-0.126365,0,0,0,0;
0.14, 0.252029,-0.24905,-0.126184,0,0,0,0;
0.15, 0.251116,-0.24877,-0.126031,0,0,0,0;
0.16, 0.250114,-0.248468,-0.125859,0,0,0,0;
0.17, 0.249153,-0.248191,-0.12569,0,0,0,0;
0.18, 0.248215,-0.247926,-0.125522,0,0,0,0;
0.19, 0.247337,-0.247682,-0.125361,0,0,0,0;
0.2, 0.246524,-0.247449,-0.12521,0,0,0,0;
0.21, 0.245796,-0.247257,-0.125071,0,0,0,0;
0.22, 0.245264,-0.247091,-0.124969,0,0,0,0;
0.23, 0.244669,-0.246882,-0.124854,0,0,0,0;
0.24, 0.244185,-0.246717,-0.12476,0,0,0,0;
0.25, 0.24378,-0.246603,-0.12468,0,0,0,0;
0.26, 0.243343,-0.246518,-0.124592,0,0,0,0;
0.27, 0.242921,-0.24641,-0.124507,0,0,0,0;
0.28, 0.242577,-0.246349,-0.124436,0,0,0,0;
0.29, 0.242249,-0.246268,-0.124369,0,0,0,0;
0.3, 0.241987,-0.246234,-0.124313,0,0,0,0;
0.31, 0.241693,-0.246209,-0.12425,0,0,0,0;
0.32, 0.241401,-0.246167,-0.124188,0,0,0,0;
0.33, 0.241221,-0.246075,-0.124152,0,0,0,0;
0.34, 0.241103,-0.246056,-0.124127,0,0,0,0;
0.35, 0.240916,-0.246037,-0.124087,0,0,0,0;
0.36, 0.240652,-0.246043,-0.124029,0,0,0,0;
0.37, 0.240426,-0.246025,-0.123979,0,0,0,0;
0.38, 0.240311,-0.246068,-0.123951,0,0,0,0;
0.39, 0.240211,-0.246083,-0.123928,0,0,0,0;
0.4, 0.239998,-0.246062,-0.12388,0,0,0,0;
0.41, 0.239869,-0.246052,-0.123852,0,0,0,0;
0.42, 0.239767,-0.246056,-0.123829,0,0,0,0;
0.43, 0.239646,-0.246048,-0.123802,0,0,0,0;
0.44, 0.239544,-0.246063,-0.123778,0,0,0,0;
0.45, 0.23937,-0.24607,-0.123738,0,0,0,0;
0.46, 0.239415,-0.246155,-0.123744,0,0,0,0;
0.47, 0.239286,-0.246151,-0.123715,0,0,0,0;
0.48, 0.239095,-0.246103,-0.123673,0,0,0,0;
0.49, 0.239148,-0.246218,-0.12368,0,0,0,0;
0.5, 0.239126,-0.246281,-0.123672,0,0,0,0;
0.51, 0.239,-0.246273,-0.123643,0,0,0,0;
0.52, 0.238778,-0.246275,-0.123591,0,0,0,0;
0.53, 0.238653,-0.246274,-0.123562,0,0,0,0;
0.54, 0.238526,-0.246324,-0.123531,0,0,0,0;
0.55, 0.238441,-0.246354,-0.123509,0,0,0,0;
0.56, 0.238537,-0.246327,-0.123533,0,0,0,0;
0.57, 0.238555,-0.246375,-0.123534,0,0,0,0;
0.58, 0.238397,-0.246458,-0.123493,0,0,0,0;
0.59, 0.238422,-0.246639,-0.123491,0,0,0,0;
0.6, 0.238299,-0.246614,-0.123463,0,0,0,0;
0.61, 0.238198,-0.246558,-0.123442,0,0,0,0;
0.62, 0.238172,-0.246586,-0.123435,0,0,0,0;
0.63, 0.238025,-0.246641,-0.123396,0,0,0,0;
0.64, 0.237975,-0.24671,-0.12338,0,0,0,0;
0.65, 0.237951,-0.246832,-0.123368,0,0,0,0;
0.66, 0.237794,-0.246755,-0.123334,0,0,0,0;
0.67, 0.237663,-0.246835,-0.123299,0,0,0,0;
0.68, 0.237612,-0.24688,-0.123285,0,0,0,0;
0.69, 0.237655,-0.246839,-0.123297,0,0,0,0;
0.7, 0.237646,-0.246852,-0.123294,0,0,0,0;
0.71, 0.237529,-0.24684,-0.123267,0,0,0,0;
0.72, 0.237569,-0.246922,-0.123272,0,0,0,0;
0.73, 0.237461,-0.246927,-0.123245,0,0,0,0;
0.74, 0.237357,-0.247017,-0.123215,0,0,0,0;
0.75, 0.237271,-0.24704,-0.123194,0,0,0,0;
0.76, 0.237176,-0.24707,-0.123169,0,0,0,0;
0.77, 0.2372,-0.24711,-0.123172,0,0,0,0;
0.78, 0.237083,-0.247118,-0.123142,0,0,0,0;
0.79, 0.237147,-0.247164,-0.123155,0,0,0,0;
0.8, 0.237048,-0.247162,-0.123131,0,0,0,0;
0.81, 0.237053,-0.247207,-0.12313,0,0,0,0;
0.82, 0.236931,-0.247194,-0.123101,0,0,0,0;
0.83, 0.236853,-0.247235,-0.12308,0,0,0,0;
0.84, 0.236787,-0.247224,-0.123064,0,0,0,0;
0.85, 0.236621,-0.247205,-0.123024,0,0,0,0;
0.86, 0.236649,-0.247255,-0.123027,0,0,0,0;
0.87, 0.236627,-0.247283,-0.12302,0,0,0,0;
0.88, 0.23659,-0.247301,-0.12301,0,0,0,0;
0.89, 0.236535,-0.24733,-0.122995,0,0,0,0;
0.9, 0.236394,-0.247329,-0.12296,0,0,0,0;
0.91, 0.236376,-0.247356,-0.122954,0,0,0,0;
0.92, 0.236326,-0.247391,-0.122939,0,0,0,0;
0.93, 0.236219,-0.247394,-0.122912,0,0,0,0;
0.94, 0.2362,-0.247439,-0.122904,0,0,0,0;
0.95, 0.236132,-0.247454,-0.122886,0,0,0,0;
0.96, 0.236001,-0.247456,-0.122854,0,0,0,0;
0.97, 0.236026,-0.247519,-0.122856,0,0,0,0;
0.98, 0.235973,-0.247516,-0.122843,0,0,0,0;
0.99, 0.235935,-0.247572,-0.12283,0,0,0,0;
1, 0.23588,-0.247579,-0.122816,0,0,0,0;
1.01, 0.235747,-0.247569,-0.122783,0,0,0,0;
1.02, 0.235606,-0.247583,-0.122746,0,0,0,0;
1.03, 0.235629,-0.247655,-0.122748,0,0,0,0;
1.04, 0.235598,-0.247678,-0.122738,0,0,0,0;
1.05, 0.235556,-0.247704,-0.122726,0,0,0,0;
1.06, 0.235549,-0.247748,-0.122722,0,0,0,0;
1.07, 0.235497,-0.247779,-0.122707,0,0,0,0;
1.08, 0.235366,-0.247778,-0.122673,0,0,0,0;
1.09, 0.235329,-0.247824,-0.122661,0,0,0,0;
1.1, 0.235356,-0.247877,-0.122664,0,0,0,0;
1.11, 0.235301,-0.247907,-0.122648,0,0,0,0;
1.12, 0.235281,-0.247967,-0.122639,0,0,0,0;
1.13, 0.23517,-0.247974,-0.122611,0,0,0,0;
1.14, 0.235062,-0.247981,-0.122583,0,0,0,0;
1.15, 0.23495,-0.24798,-0.122554,0,0,0,0;
1.16, 0.234936,-0.248051,-0.122545,0,0,0,0;
1.17, 0.23488,-0.248047,-0.122531,0,0,0,0;
1.18, 0.234859,-0.248081,-0.122524,0,0,0,0;
1.19, 0.234835,-0.248117,-0.122515,0,0,0,0;
1.2, 0.234692,-0.2481,-0.122479,0,0,0,0;
1.21, 0.234515,-0.248141,-0.122431,0,0,0,0;
1.22, 0.23451,-0.248226,-0.122424,0,0,0,0;
1.23, 0.234473,-0.248247,-0.122413,0,0,0,0;
1.24, 0.234487,-0.248275,-0.122415,0,0,0,0;
1.25, 0.234501,-0.248296,-0.122417,0,0,0,0;
1.26, 0.234478,-0.248397,-0.122404,0,0,0,0;
1.27, 0.23451,-0.248455,-0.122409,0,0,0,0;
1.28, 0.234191,-0.248361,-0.122331,0,0,0,0;
1.29, 0.234181,-0.248486,-0.12232,0,0,0,0;
1.3, 0.234073,-0.248493,-0.122291,0,0,0,0;
1.31, 0.234018,-0.248571,-0.122272,0,0,0,0;
1.32, 0.234067,-0.248549,-0.122286,0,0,0,0;
1.33, 0.23402,-0.248511,-0.122275,0,0,0,0;
1.34, 0.233911,-0.248581,-0.122242,0,0,0,0;
1.35, 0.234086,-0.24876,-0.122276,0,0,0,0;
1.36, 0.233972,-0.248791,-0.122244,0,0,0,0;
1.37, 0.233799,-0.248781,-0.122199,0,0,0,0;
1.38, 0.233735,-0.248773,-0.122182,0,0,0,0;
1.39, 0.233566,-0.248696,-0.122142,0,0,0,0;
1.4, 0.23352,-0.248719,-0.122128,0,0,0,0;
1.41, 0.233421,-0.248735,-0.1221,0,0,0,0;
1.42, 0.233367,-0.248759,-0.122083,0,0,0,0;
1.43, 0.233407,-0.248821,-0.12209,0,0,0,0;
1.44, 0.233295,-0.248784,-0.122063,0,0,0,0;
1.45, 0.233144,-0.248841,-0.122018,0,0,0,0;
1.46, 0.233161,-0.248874,-0.12202,0,0,0,0;
1.47, 0.23304,-0.248873,-0.121987,0,0,0,0;
1.48, 0.233028,-0.248946,-0.121979,0,0,0,0;
1.49, 0.233033,-0.249001,-0.121976,0,0,0,0;
1.5, 0.233061,-0.249015,-0.121982,0,0,0,0;
1.51, 0.232962,-0.249009,-0.121955,0,0,0,0;
1.52, 0.232923,-0.249036,-0.121943,0,0,0,0;
1.53, 0.2328,-0.249029,-0.12191,0,0,0,0;
1.54, 0.232778,-0.249091,-0.121899,0,0,0,0;
1.55, 0.232754,-0.249121,-0.12189,0,0,0,0;
1.56, 0.232661,-0.249116,-0.121865,0,0,0,0;
1.57, 0.232551,-0.249114,-0.121835,0,0,0,0;
1.58, 0.232399,-0.249083,-0.121795,0,0,0,0;
1.59, 0.23237,-0.249114,-0.121785,0,0,0,0;
1.6, 0.232337,-0.249157,-0.121773,0,0,0,0;
1.61, 0.232333,-0.249197,-0.121768,0,0,0,0;
1.62, 0.232316,-0.249245,-0.12176,0,0,0,0;
1.63, 0.232232,-0.249255,-0.121736,0,0,0,0;
1.64, 0.23219,-0.249277,-0.121722,0,0,0,0;
1.65, 0.232127,-0.249287,-0.121704,0,0,0,0;
1.66, 0.231981,-0.249262,-0.121665,0,0,0,0;
1.67, 0.231958,-0.249297,-0.121656,0,0,0,0;
1.68, 0.231877,-0.249323,-0.121632,0,0,0,0;
1.69, 0.231872,-0.249372,-0.121626,0,0,0,0;
1.7, 0.231804,-0.249385,-0.121606,0,0,0,0;
1.71, 0.231765,-0.249419,-0.121592,0,0,0,0;
1.72, 0.231721,-0.249447,-0.121578,0,0,0,0;
1.73, 0.231672,-0.249479,-0.121562,0,0,0,0;
1.74, 0.231574,-0.249477,-0.121534,0,0,0,0;
1.75, 0.231476,-0.249478,-0.121507,0,0,0,0;
1.76, 0.231437,-0.249507,-0.121493,0,0,0,0;
1.77, 0.231383,-0.249537,-0.121476,0,0,0,0;
1.78, 0.231315,-0.249542,-0.121456,0,0,0,0;
1.79, 0.231237,-0.249582,-0.121431,0,0,0,0;
1.8, 0.231204,-0.249599,-0.12142,0,0,0,0;
1.81, 0.231193,-0.249664,-0.121412,0,0,0,0;
1.82, 0.231222,-0.249749,-0.121413,0,0,0,0;
1.83, 0.231091,-0.24974,-0.121376,0,0,0,0;
1.84, 0.230918,-0.249694,-0.121331,0,0,0,0;
1.85, 0.230809,-0.249688,-0.1213,0,0,0,0;
1.86, 0.2309,-0.249746,-0.121321,0,0,0,0;
1.87, 0.230855,-0.249779,-0.121306,0,0,0,0;
1.88, 0.230883,-0.249841,-0.121309,0,0,0,0;
1.89, 0.230803,-0.249879,-0.121283,0,0,0,0;
1.9, 0.230664,-0.249856,-0.121245,0,0,0,0;
1.91, 0.230586,-0.249905,-0.121218,0,0,0,0;
1.92, 0.230408,-0.249861,-0.12117,0,0,0,0;
1.93, 0.230283,-0.249862,-0.121134,0,0,0,0;
1.94, 0.230239,-0.249931,-0.121115,0,0,0,0;
1.95, 0.230099,-0.249917,-0.121076,0,0,0,0;
1.96, 0.230222,-0.249994,-0.121104,0,0,0,0;
1.97, 0.23044,-0.25021,-0.121149,0,0,0,0;
1.98, 0.230278,-0.250179,-0.121105,0,0,0,0;
1.99, 0.230376,-0.250258,-0.121127,0,0,0,0;
2, 0.230307,-0.250307,-0.121104,0,0,0,0;
2.01, 0.230138,-0.250195,-0.121064,0,0,0,0;
2.02, 0.229856,-0.250131,-0.120987,0,0,0,0;
2.03, 0.229796,-0.250174,-0.120964,0,0,0,0;
2.04, 0.229845,-0.250326,-0.120964,0,0,0,0;
2.05, 0.229729,-0.250264,-0.120936,0,0,0,0;
2.06, 0.229541,-0.250254,-0.120882,0,0,0,0;
2.07, 0.229536,-0.25031,-0.120876,0,0,0,0;
2.08, 0.22952,-0.250298,-0.120872,0,0,0,0;
2.09, 0.229408,-0.250304,-0.120839,0,0,0,0;
2.1, 0.229428,-0.250354,-0.120839,0,0,0,0;
2.11, 0.22944,-0.250376,-0.120841,0,0,0,0;
2.12, 0.229484,-0.250457,-0.120846,0,0,0,0;
2.13, 0.229302,-0.25043,-0.120794,0,0,0,0;
2.14, 0.229195,-0.250463,-0.120759,0,0,0,0;
2.15, 0.229153,-0.250525,-0.120741,0,0,0,0;
2.16, 0.229088,-0.250514,-0.120723,0,0,0,0;
2.17, 0.228958,-0.250458,-0.120689,0,0,0,0;
2.18, 0.228847,-0.250433,-0.120658,0,0,0,0;
2.19, 0.228812,-0.250456,-0.120645,0,0,0,0;
2.2, 0.228914,-0.250556,-0.120666,0,0,0,0;
2.21, 0.228903,-0.250606,-0.120658,0,0,0,0;
2.22, 0.228807,-0.250604,-0.120629,0,0,0,0;
2.23, 0.228638,-0.250587,-0.12058,0,0,0,0;
2.24, 0.228543,-0.25058,-0.120552,0,0,0,0;
2.25, 0.228549,-0.250631,-0.120548,0,0,0,0;
2.26, 0.228524,-0.250659,-0.120538,0,0,0,0;
2.27, 0.228424,-0.250656,-0.120508,0,0,0,0;
2.28, 0.228395,-0.250674,-0.120496,0,0,0,0;
2.29, 0.228368,-0.250714,-0.120484,0,0,0,0;
2.3, 0.228188,-0.250669,-0.120434,0,0,0,0;
2.31, 0.228102,-0.250663,-0.120408,0,0,0,0;
2.32, 0.228099,-0.250713,-0.120403,0,0,0,0;
2.33, 0.228044,-0.250736,-0.120383,0,0,0,0;
2.34, 0.228038,-0.250774,-0.120378,0,0,0,0;
2.35, 0.227912,-0.250744,-0.120342,0,0,0,0;
2.36, 0.227937,-0.250814,-0.120342,0,0,0,0;
2.37, 0.227864,-0.25083,-0.120318,0,0,0,0;
2.38, 0.227811,-0.250849,-0.1203,0,0,0,0;
2.39, 0.227735,-0.250856,-0.120276,0,0,0,0;
2.4, 0.227682,-0.25089,-0.120256,0,0,0,0;
2.41, 0.227584,-0.250885,-0.120226,0,0,0,0;
2.42, 0.227515,-0.250891,-0.120204,0,0,0,0;
2.43, 0.227449,-0.250903,-0.120182,0,0,0,0;
2.44, 0.227388,-0.25092,-0.120161,0,0,0,0;
2.45, 0.227315,-0.250922,-0.120138,0,0,0,0;
2.46, 0.227293,-0.250962,-0.120127,0,0,0,0;
2.47, 0.22717,-0.250949,-0.12009,0,0,0,0;
2.48, 0.227147,-0.250999,-0.120078,0,0,0,0;
2.49, 0.227124,-0.251027,-0.120068,0,0,0,0;
2.5, 0.226987,-0.25103,-0.120024,0,0,0,0;
2.51, 0.226963,-0.25106,-0.120014,0,0,0,0;
2.52, 0.226931,-0.251086,-0.120001,0,0,0,0;
2.53, 0.22691,-0.251118,-0.119991,0,0,0,0;
2.54, 0.226926,-0.251159,-0.119991,0,0,0,0;
2.55, 0.226761,-0.251148,-0.119941,0,0,0,0;
2.56, 0.226704,-0.251217,-0.119916,0,0,0,0;
2.57, 0.226609,-0.251186,-0.119889,0,0,0,0;
2.58, 0.226496,-0.251147,-0.119856,0,0,0,0;
2.59, 0.226332,-0.251166,-0.119802,0,0,0,0;
2.6, 0.226351,-0.251168,-0.119808,0,0,0,0;
2.61, 0.226331,-0.251198,-0.119799,0,0,0,0;
2.62, 0.226494,-0.25137,-0.119832,0,0,0,0;
2.63, 0.226379,-0.251367,-0.119795,0,0,0,0;
2.64, 0.226319,-0.251403,-0.119772,0,0,0,0;
2.65, 0.226133,-0.251337,-0.11972,0,0,0,0;
2.66, 0.226041,-0.251351,-0.119689,0,0,0,0;
2.67, 0.226198,-0.251489,-0.119724,0,0,0,0;
2.68, 0.226024,-0.251404,-0.119677,0,0,0,0;
2.69, 0.225921,-0.25141,-0.119643,0,0,0,0;
2.7, 0.225846,-0.251441,-0.119615,0,0,0,0;
2.71, 0.225872,-0.251553,-0.119611,0,0,0,0;
2.72, 0.225654,-0.251509,-0.119546,0,0,0,0;
2.73, 0.225414,-0.251414,-0.119479,0,0,0,0;
2.74, 0.225542,-0.251482,-0.119513,0,0,0,0;
2.75, 0.225548,-0.251546,-0.119507,0,0,0,0;
2.76, 0.225465,-0.251494,-0.119485,0,0,0,0;
2.77, 0.225536,-0.251586,-0.119498,0,0,0,0;
2.78, 0.225436,-0.251592,-0.119465,0,0,0,0;
2.79, 0.225256,-0.251533,-0.119413,0,0,0,0;
2.8, 0.225222,-0.25158,-0.119396,0,0,0,0;
2.81, 0.225167,-0.251625,-0.119373,0,0,0,0;
2.82, 0.225004,-0.251577,-0.119324,0,0,0,0;
2.83, 0.225116,-0.251734,-0.119343,0,0,0,0;
2.84, 0.225096,-0.251765,-0.119332,0,0,0,0;
2.85, 0.224976,-0.251788,-0.119289,0,0,0,0;
2.86, 0.224897,-0.251788,-0.119264,0,0,0,0;
2.87, 0.224754,-0.251688,-0.119228,0,0,0,0;
2.88, 0.224765,-0.25176,-0.119223,0,0,0,0;
2.89, 0.224604,-0.251699,-0.119176,0,0,0,0;
2.9, 0.224528,-0.251688,-0.119152,0,0,0,0;
2.91, 0.224598,-0.251791,-0.119163,0,0,0,0;
2.92, 0.224556,-0.251825,-0.119145,0,0,0,0;
2.93, 0.224499,-0.251804,-0.119128,0,0,0,0;
2.94, 0.224413,-0.25181,-0.119099,0,0,0,0;
2.95, 0.224281,-0.251778,-0.119058,0,0,0,0;
2.96, 0.224109,-0.251741,-0.119004,0,0,0,0;
2.97, 0.224081,-0.251764,-0.118992,0,0,0,0;
2.98, 0.22419,-0.251867,-0.119016,0,0,0,0;
2.99, 0.224173,-0.25191,-0.119005,0,0,0,0;
3, 0.224091,-0.2519,-0.118978,0,0,0,0;
3.01, 0.223931,-0.251858,-0.11893,0,0,0,0;
3.02, 0.223849,-0.251857,-0.118902,0,0,0,0;
3.03, 0.223835,-0.251903,-0.118892,0,0,0,0;
3.04, 0.223753,-0.251904,-0.118863,0,0,0,0;
3.05, 0.223686,-0.251913,-0.118839,0,0,0,0;
3.06, 0.223679,-0.25196,-0.11883,0,0,0,0;
3.07, 0.223592,-0.251951,-0.118801,0,0,0,0;
3.08, 0.223407,-0.251888,-0.118746,0,0,0,0;
3.09, 0.223425,-0.251945,-0.118745,0,0,0,0;
3.1, 0.223326,-0.251931,-0.118713,0,0,0,0;
3.11, 0.223323,-0.251972,-0.118707,0,0,0,0;
3.12, 0.223295,-0.252012,-0.118692,0,0,0,0;
3.13, 0.223206,-0.252002,-0.118662,0,0,0,0;
3.14, 0.223149,-0.252015,-0.118641,0,0,0,0;
3.15, 0.223137,-0.252064,-0.11863,0,0,0,0;
3.16, 0.223005,-0.252041,-0.118588,0,0,0,0;
3.17, 0.222994,-0.252079,-0.118579,0,0,0,0;
3.18, 0.222893,-0.252048,-0.118548,0,0,0,0;
3.19, 0.222813,-0.25207,-0.118517,0,0,0,0;
3.2, 0.222805,-0.252128,-0.118507,0,0,0,0;
3.21, 0.222797,-0.252158,-0.1185,0,0,0,0;
3.22, 0.2227,-0.252168,-0.118465,0,0,0,0;
3.23, 0.222525,-0.252104,-0.118412,0,0,0,0;
3.24, 0.222542,-0.252146,-0.118412,0,0,0,0;
3.25, 0.222349,-0.252058,-0.118355,0,0,0,0;
3.26, 0.222422,-0.252194,-0.118363,0,0,0,0;
3.27, 0.222234,-0.252118,-0.118307,0,0,0,0;
3.28, 0.222242,-0.252179,-0.118302,0,0,0,0;
3.29, 0.22218,-0.25219,-0.118278,0,0,0,0;
3.3, 0.222139,-0.252256,-0.118255,0,0,0,0;
3.31, 0.222148,-0.252295,-0.118253,0,0,0,0;
3.32, 0.222186,-0.25232,-0.118264,0,0,0,0;
3.33, 0.222069,-0.252305,-0.118224,0,0,0,0;
3.34, 0.221867,-0.252258,-0.118159,0,0,0,0;
3.35, 0.222008,-0.252439,-0.118184,0,0,0,0;
3.36, 0.222098,-0.252509,-0.118206,0,0,0,0;
3.37, 0.22169,-0.252318,-0.118086,0,0,0,0;
3.38, 0.221747,-0.25241,-0.118094,0,0,0,0;
3.39, 0.221394,-0.25225,-0.117991,0,0,0,0;
3.4, 0.221537,-0.252392,-0.118023,0,0,0,0;
3.41, 0.22148,-0.252369,-0.118004,0,0,0,0;
3.42, 0.221235,-0.252256,-0.117931,0,0,0,0;
3.43, 0.22144,-0.252449,-0.117978,0,0,0,0;
3.44, 0.221314,-0.252457,-0.117931,0,0,0,0;
3.45, 0.221247,-0.252496,-0.117901,0,0,0,0;
3.46, 0.221323,-0.252555,-0.117921,0,0,0,0;
3.47, 0.221296,-0.252539,-0.117914,0,0,0,0;
3.48, 0.221037,-0.252439,-0.117834,0,0,0,0;
3.49, 0.220868,-0.252397,-0.117779,0,0,0,0;
3.5, 0.220897,-0.252455,-0.117781,0,0,0,0;
3.51, 0.220867,-0.25252,-0.117759,0,0,0,0;
3.52, 0.220925,-0.252577,-0.117771,0,0,0,0;
3.53, 0.220795,-0.25254,-0.117728,0,0,0,0;
3.54, 0.220706,-0.252529,-0.117697,0,0,0,0;
3.55, 0.220607,-0.25252,-0.117663,0,0,0,0;
3.56, 0.220479,-0.252516,-0.117617,0,0,0,0;
3.57, 0.220432,-0.252508,-0.117602,0,0,0,0;
3.58, 0.220367,-0.25254,-0.117572,0,0,0,0;
3.59, 0.220235,-0.252496,-0.117529,0,0,0,0;
3.6, 0.22026,-0.252548,-0.11753,0,0,0,0;
3.61, 0.22033,-0.252606,-0.117547,0,0,0,0;
3.62, 0.220223,-0.252609,-0.117507,0,0,0,0;
3.63, 0.220192,-0.252617,-0.117495,0,0,0,0;
3.64, 0.220047,-0.252595,-0.117445,0,0,0,0;
3.65, 0.219972,-0.252618,-0.117413,0,0,0,0;
3.66, 0.219879,-0.252614,-0.117379,0,0,0,0;
3.67, 0.219781,-0.252558,-0.117349,0,0,0,0;
3.68, 0.219735,-0.252555,-0.117332,0,0,0,0;
3.69, 0.21971,-0.252605,-0.117314,0,0,0,0;
3.7, 0.219744,-0.252668,-0.117318,0,0,0,0;
3.71, 0.219697,-0.252691,-0.117297,0,0,0,0;
3.72, 0.219508,-0.252621,-0.117237,0,0,0,0;
3.73, 0.219411,-0.252593,-0.117205,0,0,0,0;
3.74, 0.219278,-0.252558,-0.117159,0,0,0,0;
3.75, 0.219335,-0.252636,-0.117168,0,0,0,0;
3.76, 0.219376,-0.252719,-0.11717,0,0,0,0;
3.77, 0.219259,-0.252677,-0.117132,0,0,0,0;
3.78, 0.219247,-0.252706,-0.117123,0,0,0,0;
3.79, 0.219192,-0.252724,-0.1171,0,0,0,0;
3.8, 0.219055,-0.252687,-0.117053,0,0,0,0;
3.81, 0.219006,-0.2527,-0.117033,0,0,0,0;
3.82, 0.218953,-0.252713,-0.11701,0,0,0,0;
3.83, 0.21886,-0.25271,-0.116975,0,0,0,0;
3.84, 0.218783,-0.25272,-0.116943,0,0,0,0;
3.85, 0.218722,-0.252714,-0.11692,0,0,0,0;
3.86, 0.218699,-0.252742,-0.116907,0,0,0,0;
3.87, 0.218621,-0.252732,-0.116878,0,0,0,0;
3.88, 0.218483,-0.252688,-0.116832,0,0,0,0;
3.89, 0.218437,-0.252715,-0.11681,0,0,0,0;
3.9, 0.218493,-0.252809,-0.116817,0,0,0,0;
3.91, 0.218221,-0.252673,-0.116733,0,0,0,0;
3.92, 0.218286,-0.252771,-0.116742,0,0,0,0;
3.93, 0.21821,-0.252761,-0.116714,0,0,0,0;
3.94, 0.218263,-0.252816,-0.116726,0,0,0,0;
3.95, 0.218262,-0.25288,-0.116715,0,0,0,0;
3.96, 0.218097,-0.252787,-0.116666,0,0,0,0;
3.97, 0.217975,-0.252791,-0.116618,0,0,0,0;
3.98, 0.21788,-0.252758,-0.116586,0,0,0,0;
3.99, 0.217806,-0.252759,-0.116556,0,0,0,0;
4, 0.217838,-0.252834,-0.116556,0,0,0,0;
4.01, 0.217717,-0.252814,-0.116511,0,0,0,0;
4.02, 0.217659,-0.252833,-0.116485,0,0,0,0;
4.03, 0.217658,-0.252874,-0.116478,0,0,0,0;
4.04, 0.217427,-0.25275,-0.116408,0,0,0,0;
4.05, 0.2175,-0.252883,-0.116414,0,0,0,0;
4.06, 0.217491,-0.252884,-0.11641,0,0,0,0;
4.07, 0.217381,-0.252863,-0.116369,0,0,0,0;
4.08, 0.217484,-0.253046,-0.116379,0,0,0,0;
4.09, 0.217308,-0.25293,-0.116329,0,0,0,0;
4.1, 0.217308,-0.252965,-0.116323,0,0,0,0;
4.11, 0.217077,-0.252848,-0.116251,0,0,0,0;
4.12, 0.217022,-0.252916,-0.116218,0,0,0,0;
4.13, 0.216832,-0.252874,-0.116148,0,0,0,0;
4.14, 0.216725,-0.252837,-0.11611,0,0,0,0;
4.15, 0.216724,-0.252834,-0.116109,0,0,0,0;
4.16, 0.216736,-0.252825,-0.116114,0,0,0,0;
4.17, 0.216669,-0.252825,-0.116088,0,0,0,0;
4.18, 0.216732,-0.252914,-0.116099,0,0,0,0;
4.19, 0.216683,-0.252995,-0.116067,0,0,0,0;
4.2, 0.216633,-0.253013,-0.116044,0,0,0,0;
4.21, 0.216642,-0.2531,-0.116032,0,0,0,0;
4.22, 0.216439,-0.253005,-0.115964,0,0,0,0;
4.23, 0.216266,-0.2529,-0.11591,0,0,0,0;
4.24, 0.216184,-0.252867,-0.115882,0,0,0,0;
4.25, 0.216208,-0.252918,-0.115882,0,0,0,0;
4.26, 0.216271,-0.253027,-0.115889,0,0,0,0;
4.27, 0.216159,-0.252998,-0.11585,0,0,0,0;
4.28, 0.216088,-0.253046,-0.115813,0,0,0,0;
4.29, 0.216058,-0.253075,-0.115795,0,0,0,0;
4.3, 0.215836,-0.252928,-0.115729,0,0,0,0;
4.31, 0.21579,-0.252925,-0.115709,0,0,0,0;
4.32, 0.215837,-0.252987,-0.115717,0,0,0,0;
4.33, 0.215632,-0.252917,-0.115644,0,0,0,0;
4.34, 0.215524,-0.252875,-0.115608,0,0,0,0;
4.35, 0.215605,-0.253002,-0.115618,0,0,0,0;
4.36, 0.215435,-0.252903,-0.115565,0,0,0,0;
4.37, 0.215549,-0.253023,-0.115591,0,0,0,0;
4.38, 0.215457,-0.25302,-0.115553,0,0,0,0;
4.39, 0.215412,-0.253049,-0.115529,0,0,0,0;
4.4, 0.2153,-0.253032,-0.115485,0,0,0,0;
4.41, 0.215194,-0.252974,-0.115451,0,0,0,0;
4.42, 0.215135,-0.252972,-0.115426,0,0,0,0;
4.43, 0.215129,-0.25302,-0.115413,0,0,0,0;
4.44, 0.215024,-0.252994,-0.115374,0,0,0,0;
4.45, 0.214827,-0.252899,-0.115308,0,0,0,0;
4.46, 0.214811,-0.252924,-0.115297,0,0,0,0;
4.47, 0.214817,-0.252945,-0.115295,0,0,0,0;
4.48, 0.214724,-0.25293,-0.115258,0,0,0,0;
4.49, 0.214714,-0.25297,-0.115247,0,0,0,0;
4.5, 0.21463,-0.252967,-0.115211,0,0,0,0;
4.51, 0.214604,-0.253001,-0.115193,0,0,0,0;
4.52, 0.214459,-0.252928,-0.115145,0,0,0,0;
4.53, 0.214409,-0.252961,-0.115118,0,0,0,0;
4.54, 0.214353,-0.25297,-0.115091,0,0,0,0;
4.55, 0.214283,-0.252945,-0.115065,0,0,0,0;
4.56, 0.21425,-0.252979,-0.115044,0,0,0,0;
4.57, 0.214173,-0.252971,-0.115013,0,0,0,0;
4.58, 0.214107,-0.252968,-0.114985,0,0,0,0;
4.59, 0.214028,-0.252938,-0.114957,0,0,0,0;
4.6, 0.213964,-0.252933,-0.11493,0,0,0,0;
4.61, 0.213904,-0.252938,-0.114903,0,0,0,0;
4.62, 0.213938,-0.252996,-0.114905,0,0,0,0;
4.63, 0.21379,-0.252934,-0.114853,0,0,0,0;
4.64, 0.213803,-0.253012,-0.114843,0,0,0,0;
4.65, 0.213771,-0.253032,-0.114826,0,0,0,0;
4.66, 0.213626,-0.25294,-0.114781,0,0,0,0;
4.67, 0.213504,-0.2529,-0.114735,0,0,0,0;
4.68, 0.213529,-0.252996,-0.114727,0,0,0,0;
4.69, 0.213383,-0.252963,-0.114669,0,0,0,0;
4.7, 0.213246,-0.252904,-0.11462,0,0,0,0;
4.71, 0.213237,-0.252942,-0.114608,0,0,0,0;
4.72, 0.21323,-0.252992,-0.114595,0,0,0,0;
4.73, 0.213202,-0.252997,-0.114582,0,0,0,0;
4.74, 0.213149,-0.252971,-0.114564,0,0,0,0;
4.75, 0.213048,-0.252928,-0.114527,0,0,0,0;
4.76, 0.213032,-0.252997,-0.114506,0,0,0,0;
4.77, 0.21303,-0.253068,-0.114489,0,0,0,0;
4.78, 0.212827,-0.252952,-0.114423,0,0,0,0;
4.79, 0.212713,-0.252903,-0.114383,0,0,0,0;
4.8, 0.212734,-0.252977,-0.114377,0,0,0,0;
4.81, 0.212681,-0.253001,-0.114348,0,0,0,0;
4.82, 0.212489,-0.252882,-0.114286,0,0,0,0;
4.83, 0.212487,-0.252925,-0.114275,0,0,0,0;
4.84, 0.21238,-0.252905,-0.114231,0,0,0,0;
4.85, 0.212424,-0.252962,-0.114239,0,0,0,0;
4.86, 0.212328,-0.252943,-0.1142,0,0,0,0;
4.87, 0.212355,-0.253011,-0.114197,0,0,0,0;
4.88, 0.212125,-0.252913,-0.114114,0,0,0,0;
4.89, 0.212226,-0.253022,-0.114137,0,0,0,0;
4.9, 0.21226,-0.253048,-0.114147,0,0,0,0;
4.91, 0.212051,-0.252962,-0.114069,0,0,0,0;
4.92, 0.212078,-0.253005,-0.114072,0,0,0,0;
4.93, 0.211874,-0.252942,-0.113993,0,0,0,0;
4.94, 0.211751,-0.252863,-0.113954,0,0,0,0;
4.95, 0.211688,-0.252865,-0.113924,0,0,0,0;
4.96, 0.211662,-0.252924,-0.113899,0,0,0,0;
4.97, 0.211545,-0.252889,-0.113852,0,0,0,0;
4.98, 0.211511,-0.2529,-0.113833,0,0,0,0;
4.99, 0.21137,-0.252814,-0.113786,0,0,0,0;
5, 0.211456,-0.252932,-0.1138,0,0,0,0;
5.01, 0.21137,-0.252903,-0.113767,0,0,0,0;
5.02, 0.21136,-0.252955,-0.11375,0,0,0,0;
5.03, 0.211236,-0.252906,-0.113704,0,0,0,0;
5.04, 0.211273,-0.252945,-0.113713,0,0,0,0;
5.05, 0.211143,-0.252923,-0.113657,0,0,0,0;
5.06, 0.211113,-0.252948,-0.113637,0,0,0,0;
5.07, 0.211075,-0.252941,-0.11362,0,0,0,0;
5.08, 0.21086,-0.252823,-0.113545,0,0,0,0;
5.09, 0.210796,-0.252816,-0.113515,0,0,0,0;
5.1, 0.210814,-0.252874,-0.11351,0,0,0,0;
5.11, 0.210731,-0.252858,-0.113475,0,0,0,0;
5.12, 0.210547,-0.25279,-0.113405,0,0,0,0;
5.13, 0.210481,-0.252773,-0.113379,0,0,0,0;
5.14, 0.21052,-0.252823,-0.113386,0,0,0,0;
5.15, 0.210415,-0.252776,-0.113345,0,0,0,0;
5.16, 0.210449,-0.252838,-0.113345,0,0,0,0;
5.17, 0.210374,-0.252855,-0.113305,0,0,0,0;
5.18, 0.210323,-0.252846,-0.113283,0,0,0,0;
5.19, 0.210066,-0.252711,-0.113192,0,0,0,0;
5.2, 0.210082,-0.252749,-0.113191,0,0,0,0;
5.21, 0.21007,-0.252791,-0.113176,0,0,0,0;
5.22, 0.210126,-0.252852,-0.113188,0,0,0,0;
5.23, 0.210124,-0.252887,-0.113178,0,0,0,0;
5.24, 0.20998,-0.252837,-0.113121,0,0,0,0;
5.25, 0.209803,-0.25274,-0.113058,0,0,0,0;
5.26, 0.209676,-0.252677,-0.113011,0,0,0,0;
5.27, 0.209662,-0.252723,-0.112993,0,0,0,0;
5.28, 0.209444,-0.252606,-0.112914,0,0,0,0;
5.29, 0.209424,-0.25263,-0.112899,0,0,0,0;
5.3, 0.209423,-0.252665,-0.11289,0,0,0,0;
5.31, 0.209536,-0.252787,-0.112915,0,0,0,0;
5.32, 0.209452,-0.252771,-0.112878,0,0,0,0;
5.33, 0.209335,-0.252723,-0.112833,0,0,0,0;
5.34, 0.209122,-0.252601,-0.112759,0,0,0,0;
5.35, 0.209131,-0.252639,-0.112753,0,0,0,0;
5.36, 0.209134,-0.252691,-0.11274,0,0,0,0;
5.37, 0.209016,-0.252644,-0.112693,0,0,0,0;
5.38, 0.208988,-0.252681,-0.11267,0,0,0,0;
5.39, 0.208945,-0.25268,-0.112649,0,0,0,0;
5.4, 0.208798,-0.252615,-0.112592,0,0,0,0;
5.41, 0.208725,-0.252595,-0.112562,0,0,0,0;
5.42, 0.208659,-0.252583,-0.112532,0,0,0,0;
5.43, 0.208658,-0.252605,-0.112526,0,0,0,0;
5.44, 0.208486,-0.252512,-0.112463,0,0,0,0;
5.45, 0.208533,-0.252607,-0.112462,0,0,0,0;
5.46, 0.208576,-0.252677,-0.112464,0,0,0,0;
5.47, 0.208385,-0.252557,-0.112399,0,0,0,0;
5.48, 0.208427,-0.25262,-0.112405,0,0,0,0;
5.49, 0.208375,-0.252644,-0.112373,0,0,0,0;
5.5, 0.20814,-0.252538,-0.112282,0,0,0,0;
5.51, 0.208096,-0.252535,-0.112261,0,0,0,0;
5.52, 0.20804,-0.252515,-0.112237,0,0,0,0;
5.53, 0.207966,-0.252516,-0.112198,0,0,0,0;
5.54, 0.207832,-0.252464,-0.112143,0,0,0,0;
5.55, 0.207843,-0.252503,-0.112137,0,0,0,0;
5.56, 0.207837,-0.252554,-0.112121,0,0,0,0;
5.57, 0.2078,-0.252555,-0.112103,0,0,0,0;
5.58, 0.207756,-0.252513,-0.112092,0,0,0,0;
5.59, 0.207634,-0.252469,-0.11204,0,0,0,0;
5.6, 0.207462,-0.25236,-0.111981,0,0,0,0;
5.61, 0.207418,-0.252391,-0.11195,0,0,0,0;
5.62, 0.207417,-0.252471,-0.111926,0,0,0,0;
5.63, 0.207465,-0.25255,-0.111928,0,0,0,0;
5.64, 0.20726,-0.25241,-0.11186,0,0,0,0;
5.65, 0.207134,-0.252346,-0.111814,0,0,0,0;
5.66, 0.20704,-0.252311,-0.111776,0,0,0,0;
5.67, 0.20695,-0.252297,-0.111732,0,0,0,0;
5.68, 0.207075,-0.252398,-0.11177,0,0,0,0;
5.69, 0.206996,-0.252376,-0.111732,0,0,0,0;
5.7, 0.207044,-0.252477,-0.111728,0,0,0,0;
5.71, 0.206867,-0.25236,-0.111668,0,0,0,0;
5.72, 0.206848,-0.252415,-0.111643,0,0,0,0;
5.73, 0.206801,-0.252424,-0.111617,0,0,0,0;
5.74, 0.206676,-0.252361,-0.111569,0,0,0,0;
5.75, 0.206502,-0.252258,-0.111507,0,0,0,0;
5.76, 0.206474,-0.252285,-0.111484,0,0,0,0;
5.77, 0.206399,-0.252256,-0.11145,0,0,0,0;
5.78, 0.206439,-0.252336,-0.111447,0,0,0,0;
5.79, 0.206321,-0.252321,-0.111387,0,0,0,0;
5.8, 0.205972,-0.252075,-0.111271,0,0,0,0;
5.81, 0.206011,-0.252119,-0.111279,0,0,0,0;
5.82, 0.206008,-0.252156,-0.111267,0,0,0,0;
5.83, 0.206072,-0.252225,-0.111283,0,0,0,0;
5.84, 0.205998,-0.252218,-0.111246,0,0,0,0;
5.85, 0.205925,-0.252224,-0.111204,0,0,0,0;
5.86, 0.205866,-0.252212,-0.111175,0,0,0,0;
5.87, 0.205871,-0.252222,-0.111175,0,0,0,0;
5.88, 0.205856,-0.25224,-0.111161,0,0,0,0;
5.89, 0.205637,-0.252097,-0.111084,0,0,0,0;
5.9, 0.205619,-0.252123,-0.111066,0,0,0,0;
5.91, 0.205506,-0.252087,-0.111014,0,0,0,0;
5.92, 0.205413,-0.252064,-0.11097,0,0,0,0;
5.93, 0.205374,-0.252069,-0.110948,0,0,0,0;
5.94, 0.205372,-0.252111,-0.110933,0,0,0,0;
5.95, 0.20527,-0.252061,-0.110892,0,0,0,0;
5.96, 0.204997,-0.251879,-0.110797,0,0,0,0;
5.97, 0.205086,-0.251984,-0.110814,0,0,0,0;
5.98, 0.205051,-0.251977,-0.110796,0,0,0,0;
5.99, 0.205025,-0.252001,-0.110774,0,0,0,0;
6, 0.204883,-0.251929,-0.110717,0,0,0,0;
6.01, 0.204871,-0.251978,-0.110695,0,0,0,0;
6.02, 0.204791,-0.251965,-0.110655,0,0,0,0;
6.03, 0.204721,-0.251925,-0.110628,0,0,0,0;
6.04, 0.204618,-0.25188,-0.110584,0,0,0,0;
6.05, 0.204533,-0.25184,-0.110549,0,0,0,0;
6.06, 0.204561,-0.251885,-0.11055,0,0,0,0;
6.07, 0.204545,-0.251911,-0.110531,0,0,0,0;
6.08, 0.204511,-0.25193,-0.110506,0,0,0,0;
6.09, 0.204314,-0.251825,-0.110428,0,0,0,0;
6.1, 0.204238,-0.25181,-0.110391,0,0,0,0;
6.11, 0.204115,-0.251751,-0.11034,0,0,0,0;
6.12, 0.204066,-0.251746,-0.110312,0,0,0,0;
6.13, 0.203946,-0.251688,-0.110261,0,0,0,0;
6.14, 0.203925,-0.251678,-0.110251,0,0,0,0;
6.15, 0.203853,-0.251666,-0.110214,0,0,0,0;
6.16, 0.203952,-0.251776,-0.110236,0,0,0,0;
6.17, 0.203959,-0.251809,-0.11023,0,0,0,0;
6.18, 0.203731,-0.251664,-0.110146,0,0,0,0;
6.19, 0.203795,-0.251756,-0.110154,0,0,0,0;
6.2, 0.203664,-0.251705,-0.110094,0,0,0,0;
6.21, 0.203558,-0.251645,-0.110052,0,0,0,0;
6.22, 0.203503,-0.251656,-0.110016,0,0,0,0;
6.23, 0.203416,-0.251639,-0.10997,0,0,0,0;
6.24, 0.203253,-0.251519,-0.109914,0,0,0,0;
6.25, 0.20337,-0.251638,-0.109943,0,0,0,0;
6.26, 0.203117,-0.251469,-0.109851,0,0,0,0;
6.27, 0.202953,-0.251371,-0.109789,0,0,0,0;
6.28, 0.202987,-0.25143,-0.10979,0,0,0,0;
6.29, 0.202892,-0.251401,-0.109742,0,0,0,0;
6.3, 0.202867,-0.251442,-0.109712,0,0,0,0;
6.31, 0.202956,-0.251552,-0.109727,0,0,0,0;
6.32, 0.202992,-0.251593,-0.109735,0,0,0,0;
6.33, 0.202973,-0.251594,-0.109726,0,0,0,0;
6.34, 0.202779,-0.251489,-0.109646,0,0,0,0;
6.35, 0.202709,-0.251472,-0.109611,0,0,0,0;
6.36, 0.202584,-0.251416,-0.109555,0,0,0,0;
6.37, 0.20236,-0.251274,-0.109468,0,0,0,0;
6.38, 0.202289,-0.251284,-0.109423,0,0,0,0;
6.39, 0.20225,-0.251256,-0.109406,0,0,0,0;
6.4, 0.202259,-0.251259,-0.109409,0,0,0,0;
6.41, 0.202217,-0.25128,-0.109377,0,0,0,0;
6.42, 0.202074,-0.251182,-0.109326,0,0,0,0;
6.43, 0.202203,-0.251337,-0.109351,0,0,0,0;
6.44, 0.20217,-0.25134,-0.109331,0,0,0,0;
6.45, 0.202082,-0.251333,-0.109281,0,0,0,0;
6.46, 0.201939,-0.251262,-0.109218,0,0,0,0;
6.47, 0.201779,-0.251161,-0.109153,0,0,0,0;
6.48, 0.20179,-0.25121,-0.109141,0,0,0,0;
6.49, 0.20147,-0.250969,-0.10903,0,0,0,0;
6.5, 0.201558,-0.251066,-0.10905,0,0,0,0;
6.51, 0.201505,-0.25107,-0.109018,0,0,0,0;
6.52, 0.201449,-0.251042,-0.108995,0,0,0,0;
6.53, 0.201287,-0.250963,-0.108923,0,0,0,0;
6.54, 0.201275,-0.250986,-0.108906,0,0,0,0;
6.55, 0.201359,-0.251065,-0.108927,0,0,0,0;
6.56, 0.201241,-0.251037,-0.108864,0,0,0,0;
6.57, 0.201278,-0.25109,-0.108868,0,0,0,0;
6.58, 0.20124,-0.251102,-0.10884,0,0,0,0;
6.59, 0.200988,-0.250915,-0.108752,0,0,0,0;
6.6, 0.20101,-0.250955,-0.108753,0,0,0,0;
6.61, 0.200933,-0.250913,-0.108718,0,0,0,0;
6.62, 0.200836,-0.25086,-0.108676,0,0,0,0;
6.63, 0.200667,-0.25077,-0.108602,0,0,0,0;
6.64, 0.200561,-0.250713,-0.108555,0,0,0,0;
6.65, 0.200477,-0.250705,-0.108505,0,0,0,0;
6.66, 0.200539,-0.250772,-0.108518,0,0,0,0;
6.67, 0.200419,-0.250717,-0.108464,0,0,0,0;
6.68, 0.200477,-0.250794,-0.108472,0,0,0,0;
6.69, 0.200516,-0.250849,-0.108476,0,0,0,0;
6.7, 0.200313,-0.250706,-0.1084,0,0,0,0;
6.71, 0.200331,-0.250763,-0.10839,0,0,0,0;
6.72, 0.20021,-0.250687,-0.108339,0,0,0,0;
6.73, 0.200028,-0.250595,-0.108256,0,0,0,0;
6.74, 0.199947,-0.250561,-0.108217,0,0,0,0;
6.75, 0.200002,-0.250616,-0.108232,0,0,0,0;
6.76, 0.199784,-0.250481,-0.108145,0,0,0,0;
6.77, 0.199887,-0.250598,-0.108166,0,0,0,0;
6.78, 0.199869,-0.250619,-0.108145,0,0,0,0;
6.79, 0.199837,-0.250604,-0.108129,0,0,0,0;
6.8, 0.199624,-0.250459,-0.108046,0,0,0,0;
6.81, 0.19953,-0.250422,-0.107999,0,0,0,0;
6.82, 0.199301,-0.250267,-0.107911,0,0,0,0;
6.83, 0.19941,-0.250389,-0.107933,0,0,0,0;
6.84, 0.19929,-0.250325,-0.107879,0,0,0,0;
6.85, 0.199326,-0.250386,-0.107878,0,0,0,0;
6.86, 0.199295,-0.25037,-0.107864,0,0,0,0;
6.87, 0.199227,-0.250343,-0.10783,0,0,0,0;
6.88, 0.199102,-0.250282,-0.107771,0,0,0,0;
6.89, 0.199052,-0.250272,-0.107743,0,0,0,0;
6.9, 0.198931,-0.25023,-0.107678,0,0,0,0;
6.91, 0.198839,-0.250179,-0.107636,0,0,0,0;
6.92, 0.198819,-0.250173,-0.107625,0,0,0,0;
6.93, 0.198709,-0.250104,-0.107579,0,0,0,0;
6.94, 0.19872,-0.250144,-0.10757,0,0,0,0;
6.95, 0.198691,-0.25014,-0.107553,0,0,0,0;
6.96, 0.198506,-0.250029,-0.107475,0,0,0,0;
6.97, 0.198488,-0.250052,-0.107452,0,0,0,0;
6.98, 0.198297,-0.249932,-0.107371,0,0,0,0;
6.99, 0.198364,-0.250022,-0.107378,0,0,0,0;
7, 0.198279,-0.249988,-0.107333,0,0,0,0;
7.01, 0.198265,-0.249992,-0.107321,0,0,0,0;
7.02, 0.198188,-0.24996,-0.107282,0,0,0,0;
7.03, 0.19807,-0.249892,-0.107231,0,0,0,0;
7.04, 0.198003,-0.249875,-0.107193,0,0,0,0;
7.05, 0.197799,-0.249727,-0.107115,0,0,0,0;
7.06, 0.197849,-0.249795,-0.10712,0,0,0,0;
7.07, 0.197879,-0.249849,-0.107116,0,0,0,0;
7.08, 0.197787,-0.249793,-0.107076,0,0,0,0;
7.09, 0.1976,-0.249673,-0.106996,0,0,0,0;
7.1, 0.197565,-0.249702,-0.106959,0,0,0,0;
7.11, 0.197553,-0.249711,-0.106948,0,0,0,0;
7.12, 0.197519,-0.24971,-0.106924,0,0,0,0;
7.13, 0.197494,-0.249705,-0.106908,0,0,0,0;
7.14, 0.197439,-0.2497,-0.106873,0,0,0,0;
7.15, 0.197223,-0.249555,-0.106784,0,0,0,0;
7.16, 0.197367,-0.249698,-0.10682,0,0,0,0;
7.17, 0.19705,-0.249485,-0.106689,0,0,0,0;
7.18, 0.197104,-0.249535,-0.106705,0,0,0,0;
7.19, 0.197147,-0.249577,-0.106716,0,0,0,0;
7.2, 0.196933,-0.249443,-0.106625,0,0,0,0;
7.21, 0.196956,-0.249494,-0.106619,0,0,0,0;
7.22, 0.196725,-0.249356,-0.106517,0,0,0,0;
7.23, 0.196664,-0.249316,-0.10649,0,0,0,0;
7.24, 0.196761,-0.2494,-0.10652,0,0,0,0;
7.25, 0.196603,-0.2493,-0.106449,0,0,0,0;
7.26, 0.196611,-0.249331,-0.10644,0,0,0,0;
7.27, 0.196561,-0.24932,-0.10641,0,0,0,0;
7.28, 0.19654,-0.249367,-0.106376,0,0,0,0;
7.29, 0.196378,-0.249258,-0.10631,0,0,0,0;
7.3, 0.196196,-0.249127,-0.106238,0,0,0,0;
7.31, 0.196214,-0.249186,-0.106219,0,0,0,0;
7.32, 0.196059,-0.249057,-0.106161,0,0,0,0;
7.33, 0.195967,-0.249014,-0.106113,0,0,0,0;
7.34, 0.196019,-0.249081,-0.10612,0,0,0,0;
7.35, 0.196161,-0.249243,-0.106149,0,0,0,0;
7.36, 0.195977,-0.249111,-0.106078,0,0,0,0;
7.37, 0.19582,-0.248992,-0.106018,0,0,0,0;
7.38, 0.195681,-0.248902,-0.105959,0,0,0,0;
7.39, 0.195634,-0.248878,-0.105933,0,0,0,0;
7.4, 0.19553,-0.248819,-0.105879,0,0,0,0;
7.41, 0.195491,-0.24882,-0.105849,0,0,0,0;
7.42, 0.195257,-0.248655,-0.105753,0,0,0,0;
7.43, 0.195267,-0.248695,-0.105743,0,0,0,0;
7.44, 0.195441,-0.248861,-0.105793,0,0,0,0;
7.45, 0.195232,-0.248713,-0.105706,0,0,0,0;
7.46, 0.195358,-0.248841,-0.105739,0,0,0,0;
7.47, 0.195166,-0.248713,-0.105655,0,0,0,0;
7.48, 0.195105,-0.248681,-0.105625,0,0,0,0;
7.49, 0.195123,-0.248738,-0.105609,0,0,0,0;
7.5, 0.195038,-0.248685,-0.105569,0,0,0,0;
7.51, 0.194946,-0.248627,-0.105526,0,0,0,0;
7.52, 0.194791,-0.248525,-0.105457,0,0,0,0;
7.53, 0.194617,-0.2484,-0.105388,0,0,0,0;
7.54, 0.194574,-0.24839,-0.105358,0,0,0,0;
7.55, 0.194558,-0.2484,-0.10534,0,0,0,0;
7.56, 0.194485,-0.248358,-0.105302,0,0,0,0;
7.57, 0.194311,-0.248253,-0.105219,0,0,0,0;
7.58, 0.194365,-0.248329,-0.105222,0,0,0,0;
7.59, 0.194404,-0.248371,-0.105233,0,0,0,0;
7.6, 0.194434,-0.248422,-0.105231,0,0,0,0;
7.61, 0.194125,-0.248188,-0.105108,0,0,0,0;
7.62, 0.194081,-0.248172,-0.105082,0,0,0,0;
7.63, 0.19398,-0.248103,-0.105038,0,0,0,0;
7.64, 0.193972,-0.248133,-0.105013,0,0,0,0;
7.65, 0.193923,-0.248107,-0.104986,0,0,0,0;
7.66, 0.194055,-0.24824,-0.105019,0,0,0,0;
7.67, 0.193932,-0.248163,-0.104962,0,0,0,0;
7.68, 0.193827,-0.2481,-0.104914,0,0,0,0;
7.69, 0.193657,-0.247974,-0.104845,0,0,0,0;
7.7, 0.193507,-0.247872,-0.104779,0,0,0,0;
7.71, 0.193458,-0.247867,-0.10474,0,0,0,0;
7.72, 0.193434,-0.247875,-0.104712,0,0,0,0;
7.73, 0.193302,-0.247781,-0.104654,0,0,0,0;
7.74, 0.193293,-0.247794,-0.104639,0,0,0,0;
7.75, 0.193277,-0.247818,-0.104613,0,0,0,0;
7.76, 0.193198,-0.247775,-0.104573,0,0,0,0;
7.77, 0.193173,-0.24778,-0.104552,0,0,0,0;
7.78, 0.192989,-0.247648,-0.104472,0,0,0,0;
7.79, 0.192935,-0.247621,-0.104441,0,0,0,0;
7.8, 0.192911,-0.247626,-0.104416,0,0,0,0;
7.81, 0.192899,-0.247619,-0.104407,0,0,0,0;
7.82, 0.192789,-0.247536,-0.104363,0,0,0,0;
7.83, 0.19263,-0.24744,-0.104286,0,0,0,0;
7.84, 0.192547,-0.247383,-0.10425,0,0,0,0;
7.85, 0.192554,-0.24743,-0.10423,0,0,0,0;
7.86, 0.192514,-0.247411,-0.104205,0,0,0,0;
7.87, 0.19241,-0.247347,-0.104152,0,0,0,0;
7.88, 0.192385,-0.247358,-0.104122,0,0,0,0;
7.89, 0.192319,-0.247328,-0.104083,0,0,0,0;
7.9, 0.192173,-0.247205,-0.10403,0,0,0,0;
7.91, 0.192201,-0.247252,-0.104027,0,0,0,0;
7.92, 0.192156,-0.247247,-0.103992,0,0,0,0;
7.93, 0.192027,-0.24716,-0.103934,0,0,0,0;
7.94, 0.191973,-0.247145,-0.103896,0,0,0,0;
7.95, 0.191895,-0.247113,-0.103848,0,0,0,0;
7.96, 0.191825,-0.247066,-0.103809,0,0,0,0;
7.97, 0.191854,-0.247122,-0.103798,0,0,0,0;
7.98, 0.191733,-0.247016,-0.103754,0,0,0,0;
7.99, 0.19165,-0.246976,-0.103706,0,0,0,0;
8, 0.191467,-0.246855,-0.103621,0,0,0,0;
8.01, 0.19152,-0.246906,-0.103639,0,0,0,0;
8.02, 0.191337,-0.246773,-0.10356,0,0,0,0;
8.03, 0.19147,-0.246913,-0.103591,0,0,0,0;
8.04, 0.191187,-0.246699,-0.103467,0,0,0,0;
8.05, 0.191239,-0.246744,-0.103484,0,0,0,0;
8.06, 0.191152,-0.24671,-0.103425,0,0,0,0;
8.07, 0.191194,-0.246753,-0.103435,0,0,0,0;
8.08, 0.190995,-0.246602,-0.103351,0,0,0,0;
8.09, 0.190904,-0.24654,-0.103311,0,0,0,0;
8.1, 0.190933,-0.246586,-0.103308,0,0,0,0;
8.11, 0.190804,-0.246496,-0.103247,0,0,0,0;
8.12, 0.190763,-0.2465,-0.103207,0,0,0,0;
8.13, 0.190589,-0.246368,-0.10313,0,0,0,0;
8.14, 0.190439,-0.24626,-0.10306,0,0,0,0;
8.15, 0.190511,-0.246359,-0.103063,0,0,0,0;
8.16, 0.190544,-0.246401,-0.103066,0,0,0,0;
8.17, 0.19038,-0.246274,-0.102995,0,0,0,0;
8.18, 0.190366,-0.246283,-0.102977,0,0,0,0;
8.19, 0.190364,-0.246302,-0.102962,0,0,0,0;
8.2, 0.190295,-0.246253,-0.102929,0,0,0,0;
8.21, 0.190182,-0.246168,-0.102877,0,0,0,0;
8.22, 0.190131,-0.246151,-0.102841,0,0,0,0;
8.23, 0.190089,-0.246134,-0.102812,0,0,0,0;
8.24, 0.189907,-0.245994,-0.102734,0,0,0,0;
8.25, 0.189701,-0.245838,-0.102644,0,0,0,0;
8.26, 0.18956,-0.245735,-0.102575,0,0,0,0;
8.27, 0.189664,-0.245853,-0.102592,0,0,0,0;
8.28, 0.18958,-0.245792,-0.102551,0,0,0,0;
8.29, 0.189603,-0.245839,-0.102543,0,0,0,0;
8.3, 0.189559,-0.245812,-0.102521,0,0,0,0;
8.31, 0.1896,-0.245866,-0.102525,0,0,0,0;
8.32, 0.189535,-0.245822,-0.102495,0,0,0,0;
8.33, 0.189469,-0.245788,-0.102453,0,0,0,0;
8.34, 0.189236,-0.2456,-0.102355,0,0,0,0;
8.35, 0.189153,-0.245545,-0.102312,0,0,0,0;
8.36, 0.189004,-0.245453,-0.102226,0,0,0,0;
8.37, 0.189069,-0.245522,-0.10224,0,0,0,0;
8.38, 0.188942,-0.245433,-0.102174,0,0,0,0;
8.39, 0.188812,-0.245333,-0.102116,0,0,0,0;
8.4, 0.188697,-0.245248,-0.102064,0,0,0,0;
8.41, 0.188699,-0.245272,-0.102052,0,0,0,0;
8.42, 0.188765,-0.245351,-0.10206,0,0,0,0;
8.43, 0.188778,-0.245386,-0.102048,0,0,0,0;
8.44, 0.188683,-0.245313,-0.102004,0,0,0,0;
8.45, 0.188501,-0.245163,-0.101927,0,0,0,0;
8.46, 0.188464,-0.24515,-0.101899,0,0,0,0;
8.47, 0.188295,-0.245024,-0.10182,0,0,0,0;
8.48, 0.188139,-0.244922,-0.101736,0,0,0,0;
8.49, 0.188114,-0.244911,-0.101717,0,0,0,0;
8.5, 0.188136,-0.244945,-0.101713,0,0,0,0;
8.51, 0.188083,-0.244912,-0.101683,0,0,0,0;
8.52, 0.188083,-0.244937,-0.101665,0,0,0,0;
8.53, 0.188047,-0.244925,-0.101638,0,0,0,0;
8.54, 0.187845,-0.244764,-0.101551,0,0,0,0;
8.55, 0.187919,-0.244845,-0.101566,0,0,0,0;
8.56, 0.187861,-0.244803,-0.101535,0,0,0,0;
8.57, 0.187574,-0.244563,-0.101415,0,0,0,0;
8.58, 0.187602,-0.244614,-0.101404,0,0,0,0;
8.59, 0.187418,-0.244462,-0.101325,0,0,0,0;
8.6, 0.187529,-0.244596,-0.101341,0,0,0,0;
8.61, 0.187473,-0.244555,-0.101311,0,0,0,0;
8.62, 0.187433,-0.244532,-0.101286,0,0,0,0;
8.63, 0.1874,-0.244517,-0.101264,0,0,0,0;
8.64, 0.187111,-0.244283,-0.101138,0,0,0,0;
8.65, 0.187119,-0.244321,-0.101118,0,0,0,0;
8.66, 0.186875,-0.244122,-0.10101,0,0,0,0;
8.67, 0.186902,-0.244169,-0.100999,0,0,0,0;
8.68, 0.186932,-0.244181,-0.101019,0,0,0,0;
8.69, 0.187089,-0.244334,-0.101068,0,0,0,0;
8.7, 0.186797,-0.244092,-0.100945,0,0,0,0;
8.71, 0.186762,-0.244093,-0.100908,0,0,0,0;
8.72, 0.186749,-0.244117,-0.100877,0,0,0,0;
8.73, 0.186583,-0.243989,-0.100796,0,0,0,0;
8.74, 0.186512,-0.243936,-0.100755,0,0,0,0;
8.75, 0.186405,-0.24385,-0.100704,0,0,0,0;
8.76, 0.186223,-0.243703,-0.100621,0,0,0,0;
8.77, 0.186241,-0.243738,-0.100609,0,0,0,0;
8.78, 0.186041,-0.243556,-0.100539,0,0,0,0;
8.79, 0.186198,-0.243712,-0.100587,0,0,0,0;
8.8, 0.186257,-0.243785,-0.100596,0,0,0,0;
8.81, 0.186115,-0.243691,-0.100515,0,0,0,0;
8.82, 0.185965,-0.243574,-0.100446,0,0,0,0;
8.83, 0.18605,-0.243671,-0.100457,0,0,0,0;
8.84, 0.185801,-0.243468,-0.100342,0,0,0,0;
8.85, 0.185822,-0.243483,-0.100352,0,0,0,0;
8.86, 0.185504,-0.243201,-0.100222,0,0,0,0;
8.87, 0.185547,-0.243268,-0.10021,0,0,0,0;
8.88, 0.185561,-0.243295,-0.100203,0,0,0,0;
8.89, 0.185509,-0.243263,-0.100174,0,0,0,0;
8.9, 0.185504,-0.24328,-0.100159,0,0,0,0;
8.91, 0.185459,-0.24327,-0.100115,0,0,0,0;
8.92, 0.18529,-0.24312,-0.100044,0,0,0,0;
8.93, 0.185069,-0.242938,-0.0999387,0,0,0,0;
8.94, 0.185159,-0.243024,-0.0999651,0,0,0,0;
8.95, 0.184966,-0.242871,-0.0998697,0,0,0,0;
8.96, 0.185136,-0.243053,-0.0999093,0,0,0,0;
8.97, 0.185069,-0.242997,-0.0998819,0,0,0,0;
8.98, 0.184972,-0.242936,-0.099824,0,0,0,0;
8.99, 0.184766,-0.242754,-0.0997471,0,0,0,0;
9, 0.184623,-0.242636,-0.0996803,0,0,0,0;
9.01, 0.184635,-0.242651,-0.099675,0,0,0,0;
9.02, 0.184631,-0.242672,-0.0996435,0,0,0,0;
9.03, 0.18459,-0.242649,-0.0996114,0,0,0,0;
9.04, 0.184549,-0.24262,-0.0995889,0,0,0,0;
9.05, 0.184414,-0.242516,-0.0995226,0,0,0,0;
9.06, 0.184152,-0.242294,-0.0994103,0,0,0,0;
9.07, 0.184227,-0.242373,-0.0994258,0,0,0,0;
9.08, 0.184282,-0.242439,-0.0994315,0,0,0,0;
9.09, 0.184218,-0.242394,-0.0993891,0,0,0,0;
9.1, 0.183948,-0.242161,-0.0992728,0,0,0,0;
9.11, 0.18391,-0.242145,-0.0992378,0,0,0,0;
9.12, 0.183981,-0.24222,-0.0992547,0,0,0,0;
9.13, 0.183762,-0.242031,-0.0991618,0,0,0,0;
9.14, 0.183627,-0.24193,-0.0990878,0,0,0,0;
9.15, 0.183605,-0.241924,-0.0990657,0,0,0,0;
9.16, 0.183756,-0.242082,-0.0991024,0,0,0,0;
9.17, 0.183766,-0.242095,-0.0991008,0,0,0,0;
9.18, 0.183679,-0.242035,-0.0990455,0,0,0,0;
9.19, 0.183492,-0.241865,-0.0989725,0,0,0,0;
9.2, 0.183295,-0.241695,-0.0988867,0,0,0,0;
9.21, 0.183294,-0.241719,-0.0988561,0,0,0,0;
9.22, 0.183146,-0.241595,-0.0987867,0,0,0,0;
9.23, 0.183068,-0.241534,-0.0987447,0,0,0,0;
9.24, 0.18301,-0.241495,-0.0987027,0,0,0,0;
9.25, 0.182987,-0.241489,-0.0986792,0,0,0,0;
9.26, 0.18282,-0.241347,-0.0986007,0,0,0,0;
9.27, 0.182813,-0.241355,-0.0985818,0,0,0,0;
9.28, 0.182839,-0.241384,-0.0985889,0,0,0,0;
9.29, 0.182775,-0.241345,-0.0985448,0,0,0,0;
9.3, 0.182759,-0.24134,-0.0985307,0,0,0,0;
9.31, 0.18264,-0.241247,-0.098467,0,0,0,0;
9.32, 0.18254,-0.24117,-0.0984073,0,0,0,0;
9.33, 0.182547,-0.241192,-0.0983855,0,0,0,0;
9.34, 0.182379,-0.241051,-0.0983033,0,0,0,0;
9.35, 0.182154,-0.240844,-0.0982159,0,0,0,0;
9.36, 0.182084,-0.240794,-0.0981691,0,0,0,0;
9.37, 0.182197,-0.240906,-0.0982045,0,0,0,0;
9.38, 0.182197,-0.240918,-0.0981921,0,0,0,0;
9.39, 0.182196,-0.240929,-0.0981799,0,0,0,0;
9.4, 0.182077,-0.240839,-0.0981099,0,0,0,0;
9.41, 0.182011,-0.240795,-0.09807,0,0,0,0;
9.42, 0.181841,-0.240652,-0.0979859,0,0,0,0;
9.43, 0.181617,-0.24045,-0.0978856,0,0,0,0;
9.44, 0.181626,-0.240465,-0.0978747,0,0,0,0;
9.45, 0.18169,-0.240544,-0.0978708,0,0,0,0;
9.46, 0.181478,-0.240344,-0.097789,0,0,0,0;
9.47, 0.181629,-0.240512,-0.097819,0,0,0,0;
9.48, 0.181396,-0.240305,-0.0977254,0,0,0,0;
9.49, 0.181444,-0.240365,-0.0977287,0,0,0,0;
9.5, 0.18136,-0.240297,-0.0976824,0,0,0,0;
9.51, 0.181327,-0.240274,-0.0976539,0,0,0,0;
9.52, 0.18133,-0.24029,-0.0976337,0,0,0,0;
9.53, 0.181147,-0.240125,-0.0975491,0,0,0,0;
9.54, 0.181019,-0.240013,-0.0974895,0,0,0,0;
9.55, 0.18093,-0.239942,-0.0974435,0,0,0,0;
9.56, 0.180844,-0.239889,-0.0973776,0,0,0,0;
9.57, 0.180712,-0.239772,-0.0973226,0,0,0,0;
9.58, 0.180655,-0.239721,-0.09729,0,0,0,0;
9.59, 0.180617,-0.239697,-0.0972512,0,0,0,0;
9.6, 0.180385,-0.239485,-0.0971506,0,0,0,0;
9.61, 0.180458,-0.239566,-0.0971639,0,0,0,0;
9.62, 0.180474,-0.239592,-0.0971603,0,0,0,0;
9.63, 0.180337,-0.239482,-0.0970857,0,0,0,0;
9.64, 0.18048,-0.239642,-0.0971083,0,0,0,0;
9.65, 0.180389,-0.239551,-0.097082,0,0,0,0;
9.66, 0.18036,-0.239539,-0.0970444,0,0,0,0;
9.67, 0.180089,-0.23929,-0.0969279,0,0,0,0;
9.68, 0.180094,-0.239303,-0.096915,0,0,0,0;
9.69, 0.180038,-0.239267,-0.0968667,0,0,0,0;
9.7, 0.179814,-0.239064,-0.0967693,0,0,0,0;
9.71, 0.179812,-0.239064,-0.0967679,0,0,0,0;
9.72, 0.179548,-0.238826,-0.0966504,0,0,0,0;
9.73, 0.179571,-0.238859,-0.0966407,0,0,0,0;
9.74, 0.179625,-0.23892,-0.0966425,0,0,0,0;
9.75, 0.179755,-0.239051,-0.0966794,0,0,0,0;
9.76, 0.179643,-0.238962,-0.0966101,0,0,0,0;
9.77, 0.179515,-0.238857,-0.0965456,0,0,0,0;
9.78, 0.179474,-0.23883,-0.0965182,0,0,0,0;
9.79, 0.179224,-0.238602,-0.0964056,0,0,0,0;
9.8, 0.179254,-0.238631,-0.0964062,0,0,0,0;
9.81, 0.179274,-0.238657,-0.0963894,0,0,0,0;
9.82, 0.179092,-0.238497,-0.0962903,0,0,0,0;
9.83, 0.17902,-0.238436,-0.0962577,0,0,0,0;
9.84, 0.178877,-0.238313,-0.0961897,0,0,0,0;
9.85, 0.178862,-0.238306,-0.0961772,0,0,0,0;
9.86, 0.178749,-0.23821,-0.0961118,0,0,0,0;
9.87, 0.17871,-0.23818,-0.0960794,0,0,0,0;
9.88, 0.178739,-0.238218,-0.0960734,0,0,0,0;
9.89, 0.17857,-0.238066,-0.0959919,0,0,0,0;
9.9, 0.178612,-0.238116,-0.0959945,0,0,0,0;
9.91, 0.178547,-0.238069,-0.0959446,0,0,0,0;
9.92, 0.178348,-0.237887,-0.0958562,0,0,0,0;
9.93, 0.178409,-0.237951,-0.0958654,0,0,0,0;
9.94, 0.178238,-0.23779,-0.0957893,0,0,0,0;
9.95, 0.178149,-0.237705,-0.0957536,0,0,0,0;
9.96, 0.178055,-0.237625,-0.0956989,0,0,0,0;
9.97, 0.178051,-0.237637,-0.0956682,0,0,0,0;
9.98, 0.178046,-0.237648,-0.0956446,0,0,0,0;
9.99, 0.178022,-0.237637,-0.0956129,0,0,0,0;
