0, -1.52949, -0.141395, 0.71771; 
0.01, -1.52954, -0.141449, 0.717647; 
0.02, -1.5298, -0.142056, 0.717243; 
0.03, -1.53032, -0.1434, 0.71672; 
0.04, -1.53114, -0.145346, 0.716174; 
0.05, -1.53207, -0.147584, 0.715925; 
0.06, -1.53291, -0.149729, 0.715683; 
0.07, -1.53367, -0.151825, 0.715389; 
0.08, -1.53432, -0.153677, 0.715; 
0.09, -1.53488, -0.155205, 0.71456; 
0.1, -1.53536, -0.156566, 0.714097; 
0.11, -1.53571, -0.157628, 0.713809; 
0.12, -1.53605, -0.15856, 0.713733; 
0.13, -1.53632, -0.159322, 0.713861; 
0.14, -1.5366, -0.160082, 0.714132; 
0.15, -1.53683, -0.160692, 0.714383; 
0.16, -1.53709, -0.161367, 0.714566; 
0.17, -1.53735, -0.162021, 0.714666; 
0.18, -1.5376, -0.162663, 0.714706; 
0.19, -1.53784, -0.163257, 0.714754; 
0.2, -1.53806, -0.163799, 0.714818; 
0.21, -1.53825, -0.164269, 0.714935; 
0.22, -1.53839, -0.164601, 0.715067; 
0.23, -1.53852, -0.164966, 0.715236; 
0.24, -1.53864, -0.165266, 0.715342; 
0.25, -1.53875, -0.165523, 0.715404; 
0.26, -1.53888, -0.165806, 0.715433; 
0.27, -1.539, -0.166084, 0.715436; 
0.28, -1.53911, -0.166313, 0.715427; 
0.29, -1.5392, -0.166514, 0.715499; 
0.3, -1.53927, -0.166667, 0.715585; 
0.31, -1.53937, -0.166838, 0.715689; 
0.32, -1.53946, -0.16701, 0.715774; 
0.33, -1.53949, -0.167122, 0.715798; 
0.34, -1.53953, -0.167207, 0.715759; 
0.35, -1.5396, -0.167331, 0.715754; 
0.36, -1.5397, -0.167506, 0.715743; 
0.37, -1.53977, -0.167644, 0.715787; 
0.38, -1.53983, -0.167709, 0.715834; 
0.39, -1.53987, -0.16776, 0.715895; 
0.4, -1.53993, -0.167882, 0.715969; 
0.41, -1.53998, -0.16796, 0.715994; 
0.42, -1.54002, -0.168025, 0.716004; 
0.43, -1.54006, -0.168101, 0.716014; 
0.44, -1.5401, -0.16817, 0.716005; 
0.45, -1.54017, -0.168279, 0.716025; 
0.46, -1.54018, -0.168252, 0.716018; 
0.47, -1.54023, -0.168325, 0.716067; 
0.48, -1.54028, -0.16844, 0.716102; 
0.49, -1.5403, -0.168414, 0.716078; 
0.5, -1.54033, -0.168421, 0.716113; 
0.51, -1.54037, -0.168485, 0.716186; 
0.52, -1.54045, -0.168613, 0.716255; 
0.53, -1.5405, -0.168696, 0.716248; 
0.54, -1.54056, -0.168786, 0.716224; 
0.55, -1.54061, -0.168833, 0.716258; 
0.56, -1.54056, -0.168762, 0.716291; 
0.57, -1.54056, -0.168741, 0.716335; 
0.58, -1.54065, -0.16884, 0.716354; 
0.59, -1.54071, -0.168837, 0.716321; 
0.6, -1.54075, -0.168923, 0.716293; 
0.61, -1.54077, -0.168984, 0.716307; 
0.62, -1.54079, -0.168996, 0.716327; 
0.63, -1.54085, -0.169069, 0.716428; 
0.64, -1.54088, -0.169072, 0.716557; 
0.65, -1.54093, -0.169077, 0.71661; 
0.66, -1.54096, -0.169164, 0.716662; 
0.67, -1.54104, -0.169258, 0.716634; 
0.68, -1.54108, -0.169285, 0.716663; 
0.69, -1.54105, -0.169262, 0.716639; 
0.7, -1.54105, -0.169262, 0.716664; 
0.71, -1.54109, -0.169332, 0.716685; 
0.72, -1.5411, -0.169302, 0.716712; 
0.73, -1.54114, -0.169364, 0.716743; 
0.74, -1.54121, -0.169424, 0.716784; 
0.75, -1.54125, -0.169476, 0.716801; 
0.76, -1.54129, -0.169523, 0.71686; 
0.77, -1.54129, -0.169495, 0.716916; 
0.78, -1.54133, -0.169546, 0.717014; 
0.79, -1.54132, -0.169504, 0.717026; 
0.8, -1.54136, -0.169557, 0.717067; 
0.81, -1.54137, -0.169558, 0.717057; 
0.82, -1.54141, -0.169632, 0.717071; 
0.83, -1.54146, -0.169673, 0.717113; 
0.84, -1.54147, -0.169704, 0.71716; 
0.85, -1.54152, -0.169792, 0.717232; 
0.86, -1.54153, -0.169769, 0.717257; 
0.87, -1.54154, -0.169775, 0.717294; 
0.88, -1.54156, -0.169795, 0.717314; 
0.89, -1.54159, -0.169823, 0.717345; 
0.9, -1.54164, -0.169904, 0.717383; 
0.91, -1.54166, -0.169909, 0.717411; 
0.92, -1.54168, -0.169931, 0.717457; 
0.93, -1.54172, -0.169984, 0.717522; 
0.94, -1.54174, -0.16999, 0.717549; 
0.95, -1.54177, -0.17003, 0.717566; 
0.96, -1.54182, -0.170105, 0.717601; 
0.97, -1.54183, -0.17009, 0.717603; 
0.98, -1.54185, -0.170114, 0.717643; 
0.99, -1.54188, -0.170132, 0.717674; 
1, -1.5419, -0.170159, 0.71771; 
1.01, -1.54195, -0.17023, 0.717762; 
1.02, -1.542, -0.17031, 0.717804; 
1.03, -1.54202, -0.170295, 0.717813; 
1.04, -1.54204, -0.170309, 0.717843; 
1.05, -1.54206, -0.170336, 0.717842; 
1.06, -1.54208, -0.170339, 0.717856; 
1.07, -1.54211, -0.170367, 0.717878; 
1.08, -1.54216, -0.17044, 0.717924; 
1.09, -1.54218, -0.170457, 0.717954; 
1.1, -1.54219, -0.170436, 0.717976; 
1.11, -1.54222, -0.170462, 0.718015; 
1.12, -1.54225, -0.170472, 0.718033; 
1.13, -1.54229, -0.170537, 0.718057; 
1.14, -1.54234, -0.170603, 0.718068; 
1.15, -1.54238, -0.170663, 0.718116; 
1.16, -1.5424, -0.170668, 0.718141; 
1.17, -1.54242, -0.1707, 0.718155; 
1.18, -1.54244, -0.170713, 0.71816; 
1.19, -1.54246, -0.170724, 0.71818; 
1.2, -1.54251, -0.170799, 0.718242; 
1.21, -1.54259, -0.170901, 0.718289; 
1.22, -1.54262, -0.170906, 0.718295; 
1.23, -1.54264, -0.170925, 0.718315; 
1.24, -1.54265, -0.170919, 0.718307; 
1.25, -1.54265, -0.170905, 0.718332; 
1.26, -1.54269, -0.170913, 0.718368; 
1.27, -1.5427, -0.1709, 0.718348; 
1.28, -1.54278, -0.171074, 0.718449; 
1.29, -1.54283, -0.171077, 0.718478; 
1.3, -1.54287, -0.171139, 0.718507; 
1.31, -1.54293, -0.17118, 0.718495; 
1.32, -1.5429, -0.171141, 0.71852; 
1.33, -1.54289, -0.171152, 0.718586; 
1.34, -1.54296, -0.171205, 0.718659; 
1.35, -1.54296, -0.171113, 0.718613; 
1.36, -1.54302, -0.171188, 0.71861; 
1.37, -1.54308, -0.17129, 0.718639; 
1.38, -1.5431, -0.171321, 0.718675; 
1.39, -1.54313, -0.171404, 0.718754; 
1.4, -1.54315, -0.17142, 0.718806; 
1.41, -1.54318, -0.171458, 0.7189; 
1.42, -1.54321, -0.171482, 0.718942; 
1.43, -1.54322, -0.171465, 0.718921; 
1.44, -1.54325, -0.171532, 0.718933; 
1.45, -1.54333, -0.171622, 0.718964; 
1.46, -1.54333, -0.171609, 0.718979; 
1.47, -1.54338, -0.171675, 0.71902; 
1.48, -1.54341, -0.171672, 0.719069; 
1.49, -1.54342, -0.17166, 0.71911; 
1.5, -1.54341, -0.17164, 0.719122; 
1.51, -1.54344, -0.171691, 0.719164; 
1.52, -1.54347, -0.171713, 0.719178; 
1.53, -1.54351, -0.17178, 0.719216; 
1.54, -1.54354, -0.171788, 0.71925; 
1.55, -1.54356, -0.17179, 0.719303; 
1.56, -1.54359, -0.171835, 0.719353; 
1.57, -1.54362, -0.171889, 0.71941; 
1.58, -1.54367, -0.171973, 0.719448; 
1.59, -1.54369, -0.17199, 0.719458; 
1.6, -1.54372, -0.172009, 0.719471; 
1.61, -1.54373, -0.172005, 0.719501; 
1.62, -1.54376, -0.17201, 0.719532; 
1.63, -1.54379, -0.172054, 0.719567; 
1.64, -1.54381, -0.172073, 0.719597; 
1.65, -1.54384, -0.172104, 0.719635; 
1.66, -1.54388, -0.17218, 0.719687; 
1.67, -1.5439, -0.172195, 0.719694; 
1.68, -1.54394, -0.172236, 0.719732; 
1.69, -1.54396, -0.172238, 0.719748; 
1.7, -1.54399, -0.172269, 0.71979; 
1.71, -1.54402, -0.172288, 0.719816; 
1.72, -1.54404, -0.17231, 0.719842; 
1.73, -1.54407, -0.172336, 0.719867; 
1.74, -1.54411, -0.172389, 0.719896; 
1.75, -1.54414, -0.172443, 0.719927; 
1.76, -1.54417, -0.17246, 0.719962; 
1.77, -1.5442, -0.172485, 0.719995; 
1.78, -1.54422, -0.172521, 0.720022; 
1.79, -1.54427, -0.172567, 0.72004; 
1.8, -1.54429, -0.172588, 0.720046; 
1.81, -1.54432, -0.172596, 0.720053; 
1.82, -1.54434, -0.172575, 0.720076; 
1.83, -1.54438, -0.172641, 0.720133; 
1.84, -1.54443, -0.17273, 0.720197; 
1.85, -1.54447, -0.172786, 0.72024; 
1.86, -1.54445, -0.17274, 0.720209; 
1.87, -1.54448, -0.172766, 0.720224; 
1.88, -1.5445, -0.172753, 0.720222; 
1.89, -1.54454, -0.172795, 0.720256; 
1.9, -1.54458, -0.172872, 0.720292; 
1.91, -1.54463, -0.172915, 0.720324; 
1.92, -1.54468, -0.173001, 0.720406; 
1.93, -1.54473, -0.173078, 0.720413; 
1.94, -1.54477, -0.173088, 0.720487; 
1.95, -1.54482, -0.173163, 0.720533; 
1.96, -1.54479, -0.173085, 0.720546; 
1.97, -1.54479, -0.172974, 0.720497; 
1.98, -1.54485, -0.17307, 0.720514; 
1.99, -1.54484, -0.173029, 0.720454; 
2, -1.54489, -0.17308, 0.720437; 
2.01, -1.54491, -0.173161, 0.720506; 
2.02, -1.54499, -0.173304, 0.720615; 
2.03, -1.54502, -0.173316, 0.720715; 
2.04, -1.54505, -0.173273, 0.720786; 
2.05, -1.54507, -0.173332, 0.720822; 
2.06, -1.54515, -0.173444, 0.72084; 
2.07, -1.54518, -0.173461, 0.720805; 
2.08, -1.54518, -0.173472, 0.7208; 
2.09, -1.54522, -0.173531, 0.720842; 
2.1, -1.54523, -0.173511, 0.720876; 
2.11, -1.54523, -0.173497, 0.720901; 
2.12, -1.54523, -0.173456, 0.720965; 
2.13, -1.54529, -0.17355, 0.721029; 
2.14, -1.54535, -0.17361, 0.721059; 
2.15, -1.54539, -0.173637, 0.721071; 
2.16, -1.54541, -0.173674, 0.721083; 
2.17, -1.54544, -0.173742, 0.721118; 
2.18, -1.54547, -0.173794, 0.721172; 
2.19, -1.54549, -0.173807, 0.721209; 
2.2, -1.54548, -0.173743, 0.72123; 
2.21, -1.5455, -0.173744, 0.721259; 
2.22, -1.54554, -0.173795, 0.72129; 
2.23, -1.5456, -0.173889, 0.721329; 
2.24, -1.54564, -0.173942, 0.721349; 
2.25, -1.54565, -0.173935, 0.721371; 
2.26, -1.54567, -0.173941, 0.721408; 
2.27, -1.5457, -0.173986, 0.721468; 
2.28, -1.54572, -0.173995, 0.721504; 
2.29, -1.54574, -0.174005, 0.721536; 
2.3, -1.54579, -0.1741, 0.721587; 
2.31, -1.54583, -0.174148, 0.721604; 
2.32, -1.54585, -0.174151, 0.721613; 
2.33, -1.54587, -0.174176, 0.721651; 
2.34, -1.54589, -0.174174, 0.721676; 
2.35, -1.54593, -0.174239, 0.721717; 
2.36, -1.54594, -0.17422, 0.721743; 
2.37, -1.54597, -0.174255, 0.721782; 
2.38, -1.546, -0.174284, 0.721799; 
2.39, -1.54604, -0.174328, 0.721814; 
2.4, -1.54607, -0.174356, 0.72184; 
2.41, -1.5461, -0.174403, 0.721888; 
2.42, -1.54613, -0.174434, 0.72193; 
2.43, -1.54616, -0.174466, 0.721963; 
2.44, -1.54619, -0.174494, 0.722001; 
2.45, -1.54622, -0.174531, 0.722028; 
2.46, -1.54624, -0.174545, 0.72204; 
2.47, -1.54629, -0.17461, 0.722076; 
2.48, -1.54631, -0.174622, 0.722094; 
2.49, -1.54633, -0.174636, 0.722102; 
2.5, -1.54639, -0.174708, 0.722149; 
2.51, -1.54641, -0.174722, 0.72216; 
2.52, -1.54643, -0.174732, 0.722199; 
2.53, -1.54645, -0.174742, 0.722217; 
2.54, -1.54646, -0.174731, 0.72223; 
2.55, -1.54652, -0.174817, 0.722281; 
2.56, -1.54657, -0.174852, 0.7223; 
2.57, -1.54659, -0.174901, 0.722328; 
2.58, -1.54662, -0.174955, 0.722376; 
2.59, -1.5467, -0.175046, 0.722419; 
2.6, -1.54669, -0.175031, 0.722428; 
2.61, -1.54671, -0.17505, 0.722414; 
2.62, -1.54671, -0.174954, 0.722434; 
2.63, -1.54675, -0.175006, 0.7225; 
2.64, -1.54679, -0.175042, 0.722512; 
2.65, -1.54684, -0.175139, 0.72256; 
2.66, -1.54688, -0.175195, 0.722568; 
2.67, -1.54687, -0.17511, 0.72256; 
2.68, -1.54691, -0.175197, 0.72261; 
2.69, -1.54694, -0.175241, 0.722676; 
2.7, -1.54698, -0.175272, 0.722735; 
2.71, -1.54702, -0.175267, 0.722726; 
2.72, -1.5471, -0.175394, 0.722748; 
2.73, -1.54715, -0.175515, 0.722819; 
2.74, -1.54713, -0.175451, 0.722785; 
2.75, -1.54714, -0.175431, 0.72285; 
2.76, -1.54716, -0.175473, 0.722872; 
2.77, -1.54716, -0.175434, 0.722876; 
2.78, -1.54721, -0.175493, 0.72289; 
2.79, -1.54726, -0.175591, 0.722923; 
2.8, -1.54729, -0.175606, 0.722956; 
2.81, -1.54733, -0.175626, 0.723011; 
2.82, -1.54737, -0.175697, 0.723099; 
2.83, -1.54738, -0.175636, 0.723108; 
2.84, -1.5474, -0.17564, 0.723142; 
2.85, -1.54746, -0.175703, 0.723186; 
2.86, -1.54749, -0.175757, 0.723173; 
2.87, -1.54751, -0.175832, 0.723197; 
2.88, -1.54753, -0.175817, 0.723238; 
2.89, -1.54757, -0.175893, 0.723301; 
2.9, -1.54759, -0.175921, 0.72336; 
2.91, -1.5476, -0.175884, 0.723364; 
2.92, -1.54763, -0.175907, 0.723384; 
2.93, -1.54765, -0.175942, 0.72338; 
2.94, -1.54769, -0.175987, 0.72341; 
2.95, -1.54773, -0.176054, 0.723453; 
2.96, -1.54778, -0.176135, 0.723528; 
2.97, -1.5478, -0.176138, 0.723577; 
2.98, -1.54779, -0.176076, 0.723585; 
2.99, -1.54781, -0.176079, 0.723618; 
3, -1.54784, -0.176122, 0.72364; 
3.01, -1.54789, -0.176214, 0.723658; 
3.02, -1.54793, -0.176263, 0.723665; 
3.03, -1.54795, -0.176269, 0.723687; 
3.04, -1.54798, -0.1763, 0.723751; 
3.05, -1.54801, -0.176325, 0.723802; 
3.06, -1.54803, -0.176322, 0.723837; 
3.07, -1.54806, -0.176364, 0.723875; 
3.08, -1.54811, -0.176461, 0.723919; 
3.09, -1.54813, -0.176454, 0.723918; 
3.1, -1.54816, -0.176504, 0.723952; 
3.11, -1.54818, -0.176505, 0.723965; 
3.12, -1.5482, -0.176517, 0.723994; 
3.13, -1.54823, -0.176556, 0.724042; 
3.14, -1.54826, -0.176585, 0.724067; 
3.15, -1.54829, -0.176595, 0.724073; 
3.16, -1.54833, -0.17666, 0.724123; 
3.17, -1.54835, -0.176664, 0.724141; 
3.18, -1.54838, -0.176716, 0.724167; 
3.19, -1.54842, -0.176757, 0.724201; 
3.2, -1.54845, -0.17676, 0.724223; 
3.21, -1.54846, -0.176761, 0.724244; 
3.22, -1.54851, -0.17681, 0.724284; 
3.23, -1.54855, -0.176898, 0.724332; 
3.24, -1.54856, -0.176885, 0.72435; 
3.25, -1.5486, -0.176974, 0.724424; 
3.26, -1.54863, -0.176945, 0.724411; 
3.27, -1.54868, -0.177044, 0.724448; 
3.28, -1.5487, -0.177043, 0.724452; 
3.29, -1.54873, -0.177066, 0.724503; 
3.3, -1.54877, -0.17709, 0.724526; 
3.31, -1.54879, -0.177088, 0.724528; 
3.32, -1.54878, -0.177068, 0.724519; 
3.33, -1.54883, -0.177135, 0.724538; 
3.34, -1.54889, -0.177237, 0.724602; 
3.35, -1.54891, -0.177167, 0.724594; 
3.36, -1.54889, -0.177112, 0.724608; 
3.37, -1.54898, -0.177308, 0.724737; 
3.38, -1.549, -0.177281, 0.724735; 
3.39, -1.54909, -0.177478, 0.724767; 
3.4, -1.54909, -0.17741, 0.724741; 
3.41, -1.54909, -0.177418, 0.724819; 
3.42, -1.54915, -0.177532, 0.724903; 
3.43, -1.54914, -0.177428, 0.724883; 
3.44, -1.54919, -0.177487, 0.724948; 
3.45, -1.54923, -0.177519, 0.724988; 
3.46, -1.54923, -0.177487, 0.724957; 
3.47, -1.54924, -0.177514, 0.724925; 
3.48, -1.54931, -0.17765, 0.724978; 
3.49, -1.54937, -0.177745, 0.725; 
3.5, -1.54938, -0.177728, 0.725013; 
3.51, -1.54941, -0.177716, 0.725121; 
3.52, -1.5494, -0.177666, 0.725178; 
3.53, -1.54943, -0.177717, 0.725257; 
3.54, -1.54946, -0.177765, 0.725278; 
3.55, -1.54951, -0.177832, 0.725262; 
3.56, -1.54957, -0.177911, 0.725267; 
3.57, -1.5496, -0.177944, 0.725255; 
3.58, -1.54963, -0.177965, 0.725323; 
3.59, -1.54966, -0.178016, 0.725403; 
3.6, -1.54967, -0.177995, 0.725436; 
3.61, -1.54966, -0.177956, 0.725436; 
3.62, -1.54971, -0.178014, 0.725464; 
3.63, -1.54973, -0.178035, 0.725464; 
3.64, -1.54978, -0.178115, 0.725491; 
3.65, -1.54983, -0.178154, 0.725522; 
3.66, -1.54986, -0.178194, 0.725574; 
3.67, -1.54987, -0.178228, 0.72564; 
3.68, -1.54989, -0.178237, 0.725695; 
3.69, -1.54991, -0.178245, 0.725733; 
3.7, -1.54993, -0.17823, 0.725733; 
3.71, -1.54996, -0.178261, 0.725736; 
3.72, -1.55002, -0.178361, 0.725774; 
3.73, -1.55005, -0.178411, 0.725796; 
3.74, -1.55009, -0.178474, 0.725846; 
3.75, -1.55009, -0.178435, 0.725879; 
3.76, -1.5501, -0.178405, 0.725913; 
3.77, -1.55013, -0.178459, 0.72596; 
3.78, -1.55015, -0.178465, 0.725972; 
3.79, -1.55019, -0.178501, 0.725975; 
3.8, -1.55023, -0.178575, 0.726002; 
3.81, -1.55026, -0.178602, 0.726016; 
3.82, -1.55029, -0.178624, 0.726055; 
3.83, -1.55033, -0.178662, 0.726111; 
3.84, -1.55036, -0.178694, 0.726161; 
3.85, -1.55038, -0.178723, 0.726188; 
3.86, -1.5504, -0.178731, 0.726217; 
3.87, -1.55043, -0.178769, 0.726244; 
3.88, -1.55047, -0.178834, 0.726295; 
3.89, -1.55051, -0.178859, 0.726314; 
3.9, -1.55052, -0.178837, 0.726306; 
3.91, -1.55059, -0.17897, 0.726375; 
3.92, -1.5506, -0.178938, 0.726378; 
3.93, -1.55062, -0.17897, 0.726423; 
3.94, -1.55063, -0.178945, 0.726414; 
3.95, -1.55065, -0.178947, 0.72643; 
3.96, -1.55069, -0.179026, 0.726473; 
3.97, -1.55075, -0.179098, 0.726493; 
3.98, -1.55078, -0.179145, 0.72652; 
3.99, -1.5508, -0.179172, 0.726576; 
4, -1.55082, -0.179147, 0.726612; 
4.01, -1.55086, -0.179202, 0.726666; 
4.02, -1.55089, -0.179231, 0.726695; 
4.03, -1.55092, -0.179243, 0.726677; 
4.04, -1.55097, -0.179363, 0.726713; 
4.05, -1.551, -0.179332, 0.726714; 
4.06, -1.551, -0.179334, 0.726725; 
4.07, -1.55104, -0.179376, 0.726796; 
4.08, -1.55107, -0.179329, 0.726802; 
4.09, -1.5511, -0.17941, 0.72685; 
4.1, -1.55111, -0.179412, 0.726856; 
4.11, -1.55117, -0.179536, 0.726884; 
4.12, -1.55123, -0.179572, 0.726904; 
4.13, -1.55129, -0.179649, 0.72701; 
4.14, -1.55131, -0.179686, 0.727086; 
4.15, -1.5513, -0.179668, 0.727135; 
4.16, -1.55129, -0.179654, 0.727149; 
4.17, -1.55133, -0.179699, 0.727142; 
4.18, -1.55135, -0.179686, 0.727099; 
4.19, -1.55142, -0.179743, 0.727057; 
4.2, -1.55145, -0.179775, 0.727063; 
4.21, -1.55149, -0.179772, 0.727083; 
4.22, -1.55152, -0.179842, 0.727217; 
4.23, -1.55154, -0.179901, 0.72732; 
4.24, -1.55156, -0.179926, 0.727383; 
4.25, -1.55157, -0.179906, 0.727414; 
4.26, -1.55159, -0.179888, 0.72739; 
4.27, -1.55164, -0.179969, 0.727357; 
4.28, -1.55171, -0.180024, 0.727347; 
4.29, -1.55173, -0.180031, 0.727391; 
4.3, -1.55176, -0.180121, 0.727481; 
4.31, -1.55177, -0.180132, 0.72753; 
4.32, -1.55177, -0.180098, 0.727563; 
4.33, -1.55183, -0.180191, 0.727641; 
4.34, -1.55187, -0.180253, 0.727648; 
4.35, -1.55189, -0.180219, 0.727642; 
4.36, -1.55192, -0.180296, 0.727696; 
4.37, -1.55193, -0.18025, 0.727662; 
4.38, -1.55197, -0.180296, 0.727699; 
4.39, -1.552, -0.180322, 0.727717; 
4.4, -1.55205, -0.180376, 0.727758; 
4.41, -1.55207, -0.180416, 0.727814; 
4.42, -1.55209, -0.180433, 0.727868; 
4.43, -1.55211, -0.180434, 0.727893; 
4.44, -1.55214, -0.180476, 0.727952; 
4.45, -1.55219, -0.180567, 0.728015; 
4.46, -1.55221, -0.18058, 0.728015; 
4.47, -1.55222, -0.18058, 0.728015; 
4.48, -1.55226, -0.180625, 0.728048; 
4.49, -1.55228, -0.180633, 0.728058; 
4.5, -1.55232, -0.18067, 0.728102; 
4.51, -1.55234, -0.180684, 0.728123; 
4.52, -1.55238, -0.180752, 0.728165; 
4.53, -1.55242, -0.180776, 0.728197; 
4.54, -1.55244, -0.180798, 0.728239; 
4.55, -1.55246, -0.180824, 0.728281; 
4.56, -1.55249, -0.18084, 0.728306; 
4.57, -1.55253, -0.180882, 0.728323; 
4.58, -1.55256, -0.180916, 0.728347; 
4.59, -1.55259, -0.180958, 0.72836; 
4.6, -1.55261, -0.180984, 0.728399; 
4.61, -1.55264, -0.181013, 0.728427; 
4.62, -1.55265, -0.180986, 0.728458; 
4.63, -1.55269, -0.181052, 0.728514; 
4.64, -1.55272, -0.181055, 0.728513; 
4.65, -1.55275, -0.181079, 0.728515; 
4.66, -1.55277, -0.181144, 0.728556; 
4.67, -1.55281, -0.181196, 0.728612; 
4.68, -1.55284, -0.18119, 0.728622; 
4.69, -1.5529, -0.181257, 0.728681; 
4.7, -1.55294, -0.181322, 0.728724; 
4.71, -1.55295, -0.181319, 0.72876; 
4.72, -1.55298, -0.181331, 0.728758; 
4.73, -1.553, -0.181347, 0.728767; 
4.74, -1.55302, -0.181372, 0.728781; 
4.75, -1.55304, -0.181416, 0.728822; 
4.76, -1.55308, -0.181425, 0.728852; 
4.77, -1.55312, -0.181427, 0.728877; 
4.78, -1.55316, -0.181519, 0.728936; 
4.79, -1.55319, -0.18158, 0.728953; 
4.8, -1.55322, -0.181575, 0.72896; 
4.81, -1.55326, -0.181601, 0.728991; 
4.82, -1.55329, -0.18168, 0.729063; 
4.83, -1.55331, -0.181679, 0.729088; 
4.84, -1.55335, -0.181724, 0.729142; 
4.85, -1.55335, -0.181703, 0.729143; 
4.86, -1.5534, -0.181755, 0.729166; 
4.87, -1.55342, -0.181746, 0.729169; 
4.88, -1.55349, -0.18186, 0.729226; 
4.89, -1.55349, -0.181821, 0.729197; 
4.9, -1.55349, -0.181805, 0.729192; 
4.91, -1.55354, -0.18189, 0.729292; 
4.92, -1.55354, -0.181872, 0.729309; 
4.93, -1.55362, -0.181983, 0.729343; 
4.94, -1.55365, -0.182043, 0.729366; 
4.95, -1.55368, -0.182067, 0.729408; 
4.96, -1.55372, -0.182077, 0.729452; 
4.97, -1.55375, -0.182124, 0.729513; 
4.98, -1.55377, -0.182133, 0.729553; 
4.99, -1.5538, -0.182192, 0.729602; 
5, -1.55381, -0.182159, 0.72959; 
5.01, -1.55385, -0.182205, 0.729605; 
5.02, -1.55387, -0.182208, 0.729635; 
5.03, -1.55392, -0.182273, 0.729658; 
5.04, -1.55392, -0.182263, 0.729638; 
5.05, -1.55398, -0.182332, 0.729672; 
5.06, -1.554, -0.182338, 0.729715; 
5.07, -1.55401, -0.182349, 0.729749; 
5.08, -1.55405, -0.18243, 0.729854; 
5.09, -1.55407, -0.182443, 0.729922; 
5.1, -1.55409, -0.182437, 0.729932; 
5.11, -1.55413, -0.182488, 0.729938; 
5.12, -1.5542, -0.182592, 0.729954; 
5.13, -1.55424, -0.182637, 0.729946; 
5.14, -1.55424, -0.182614, 0.729957; 
5.15, -1.55426, -0.182646, 0.730032; 
5.16, -1.55426, -0.182615, 0.730076; 
5.17, -1.55431, -0.182648, 0.730127; 
5.18, -1.55433, -0.182677, 0.730134; 
5.19, -1.5544, -0.182802, 0.730192; 
5.2, -1.55442, -0.182804, 0.730178; 
5.21, -1.55444, -0.182813, 0.730193; 
5.22, -1.55445, -0.182789, 0.730186; 
5.23, -1.55446, -0.182786, 0.73021; 
5.24, -1.55451, -0.182852, 0.730263; 
5.25, -1.55455, -0.182929, 0.730324; 
5.26, -1.55458, -0.182979, 0.730385; 
5.27, -1.55461, -0.182983, 0.730416; 
5.28, -1.55466, -0.183074, 0.7305; 
5.29, -1.55468, -0.183085, 0.730514; 
5.3, -1.5547, -0.183094, 0.730511; 
5.31, -1.55471, -0.183048, 0.730489; 
5.32, -1.55475, -0.183094, 0.730509; 
5.33, -1.55479, -0.183151, 0.730542; 
5.34, -1.55484, -0.183249, 0.730599; 
5.35, -1.55485, -0.183242, 0.730616; 
5.36, -1.55487, -0.183229, 0.730665; 
5.37, -1.5549, -0.183275, 0.730725; 
5.38, -1.55493, -0.183291, 0.730748; 
5.39, -1.55496, -0.183312, 0.730767; 
5.4, -1.555, -0.183379, 0.730817; 
5.41, -1.55503, -0.183425, 0.730816; 
5.42, -1.55506, -0.18346, 0.730835; 
5.43, -1.55508, -0.183463, 0.730837; 
5.44, -1.55512, -0.183535, 0.730903; 
5.45, -1.55514, -0.183512, 0.730922; 
5.46, -1.55514, -0.183479, 0.730963; 
5.47, -1.55518, -0.183564, 0.731018; 
5.48, -1.5552, -0.183558, 0.730991; 
5.49, -1.55525, -0.183594, 0.731; 
5.5, -1.55531, -0.183699, 0.731084; 
5.51, -1.55534, -0.183732, 0.731075; 
5.52, -1.55536, -0.183749, 0.731116; 
5.53, -1.55539, -0.183777, 0.73117; 
5.54, -1.55544, -0.183833, 0.731229; 
5.55, -1.55545, -0.183823, 0.731252; 
5.56, -1.55548, -0.183834, 0.731259; 
5.57, -1.55551, -0.183858, 0.731262; 
5.58, -1.55551, -0.183884, 0.731255; 
5.59, -1.55555, -0.183935, 0.731311; 
5.6, -1.55559, -0.184014, 0.731352; 
5.61, -1.55563, -0.184037, 0.731382; 
5.62, -1.55566, -0.184025, 0.73145; 
5.63, -1.55567, -0.183988, 0.731493; 
5.64, -1.55571, -0.184087, 0.731528; 
5.65, -1.55575, -0.184161, 0.731528; 
5.66, -1.5558, -0.184222, 0.73152; 
5.67, -1.55584, -0.184263, 0.731564; 
5.68, -1.55582, -0.184204, 0.731547; 
5.69, -1.55584, -0.184219, 0.731627; 
5.7, -1.55587, -0.184199, 0.731644; 
5.71, -1.5559, -0.184276, 0.731695; 
5.72, -1.55595, -0.184298, 0.731701; 
5.73, -1.55599, -0.184335, 0.731693; 
5.74, -1.55602, -0.184395, 0.731726; 
5.75, -1.55607, -0.184478, 0.731764; 
5.76, -1.55609, -0.184486, 0.731802; 
5.77, -1.55611, -0.184502, 0.731873; 
5.78, -1.55612, -0.184473, 0.731912; 
5.79, -1.55618, -0.184522, 0.731982; 
5.8, -1.55624, -0.184668, 0.732085; 
5.81, -1.55624, -0.184653, 0.73208; 
5.82, -1.55627, -0.184664, 0.732077; 
5.83, -1.55628, -0.184655, 0.73203; 
5.84, -1.55632, -0.184696, 0.732049; 
5.85, -1.55636, -0.18473, 0.73209; 
5.86, -1.55639, -0.184754, 0.732124; 
5.87, -1.55639, -0.184748, 0.732136; 
5.88, -1.5564, -0.184753, 0.732156; 
5.89, -1.55645, -0.184844, 0.732228; 
5.9, -1.55647, -0.184852, 0.732252; 
5.91, -1.55652, -0.184905, 0.732295; 
5.92, -1.55656, -0.184947, 0.732336; 
5.93, -1.55658, -0.184967, 0.732354; 
5.94, -1.5566, -0.184967, 0.732379; 
5.95, -1.55664, -0.185014, 0.73241; 
5.96, -1.55669, -0.185135, 0.732482; 
5.97, -1.5567, -0.185099, 0.732474; 
5.98, -1.55671, -0.185104, 0.732512; 
5.99, -1.55674, -0.185117, 0.732536; 
6, -1.55678, -0.185183, 0.732578; 
6.01, -1.55682, -0.185195, 0.732596; 
6.02, -1.55686, -0.185234, 0.732628; 
6.03, -1.55688, -0.185266, 0.732647; 
6.04, -1.55691, -0.185312, 0.732686; 
6.05, -1.55693, -0.185345, 0.732727; 
6.06, -1.55694, -0.185333, 0.73273; 
6.07, -1.55696, -0.185331, 0.732775; 
6.08, -1.55699, -0.185349, 0.732797; 
6.09, -1.55705, -0.185441, 0.732852; 
6.1, -1.5571, -0.185492, 0.732852; 
6.11, -1.55714, -0.185549, 0.732889; 
6.12, -1.55715, -0.18556, 0.732941; 
6.13, -1.55718, -0.185597, 0.733019; 
6.14, -1.55719, -0.185601, 0.733038; 
6.15, -1.55722, -0.185638, 0.733064; 
6.16, -1.55723, -0.185606, 0.733034; 
6.17, -1.55725, -0.18561, 0.733032; 
6.18, -1.55731, -0.185716, 0.733084; 
6.19, -1.55733, -0.185705, 0.733054; 
6.2, -1.55737, -0.185756, 0.733123; 
6.21, -1.5574, -0.185798, 0.733168; 
6.22, -1.55744, -0.185823, 0.733206; 
6.23, -1.55748, -0.185853, 0.733267; 
6.24, -1.5575, -0.185914, 0.733328; 
6.25, -1.5575, -0.185871, 0.7333; 
6.26, -1.55756, -0.185983, 0.733369; 
6.27, -1.5576, -0.186064, 0.733398; 
6.28, -1.55762, -0.186054, 0.733396; 
6.29, -1.55765, -0.186087, 0.733458; 
6.3, -1.55769, -0.186095, 0.733503; 
6.31, -1.5577, -0.186063, 0.733493; 
6.32, -1.55771, -0.186049, 0.733488; 
6.33, -1.55773, -0.18608, 0.733449; 
6.34, -1.55779, -0.186169, 0.733508; 
6.35, -1.55782, -0.186203, 0.733535; 
6.36, -1.55787, -0.186261, 0.733576; 
6.37, -1.55791, -0.186337, 0.73369; 
6.38, -1.55796, -0.186378, 0.733719; 
6.39, -1.55796, -0.186375, 0.733772; 
6.4, -1.55795, -0.186357, 0.733798; 
6.41, -1.55799, -0.186384, 0.73382; 
6.42, -1.55802, -0.186454, 0.73384; 
6.43, -1.55805, -0.186426, 0.733781; 
6.44, -1.55808, -0.186451, 0.733781; 
6.45, -1.55813, -0.186502, 0.733806; 
6.46, -1.55817, -0.186556, 0.733878; 
6.47, -1.5582, -0.186598, 0.733984; 
6.48, -1.55822, -0.186588, 0.734018; 
6.49, -1.55826, -0.186712, 0.734125; 
6.5, -1.55827, -0.186686, 0.734093; 
6.51, -1.55832, -0.186731, 0.734085; 
6.52, -1.55835, -0.186774, 0.734065; 
6.53, -1.5584, -0.186841, 0.734135; 
6.54, -1.55842, -0.186838, 0.734173; 
6.55, -1.5584, -0.186787, 0.734195; 
6.56, -1.55846, -0.186841, 0.73425; 
6.57, -1.55847, -0.186832, 0.734241; 
6.58, -1.55851, -0.18686, 0.734247; 
6.59, -1.55856, -0.186973, 0.734302; 
6.6, -1.55858, -0.186979, 0.734275; 
6.61, -1.55859, -0.186996, 0.734339; 
6.62, -1.55862, -0.18703, 0.734389; 
6.63, -1.55866, -0.187096, 0.734466; 
6.64, -1.5587, -0.187138, 0.734513; 
6.65, -1.55874, -0.187177, 0.734558; 
6.66, -1.55875, -0.187154, 0.73455; 
6.67, -1.5588, -0.187216, 0.734575; 
6.68, -1.55881, -0.1872, 0.734562; 
6.69, -1.55882, -0.187182, 0.734569; 
6.7, -1.55886, -0.187274, 0.734617; 
6.71, -1.55889, -0.187266, 0.734638; 
6.72, -1.55891, -0.187303, 0.734709; 
6.73, -1.55897, -0.187373, 0.734796; 
6.74, -1.559, -0.187408, 0.73483; 
6.75, -1.559, -0.187402, 0.734789; 
6.76, -1.55907, -0.187506, 0.734837; 
6.77, -1.55908, -0.187476, 0.734807; 
6.78, -1.5591, -0.187478, 0.734843; 
6.79, -1.55911, -0.18748, 0.734881; 
6.8, -1.55915, -0.187559, 0.73497; 
6.81, -1.55919, -0.187606, 0.734999; 
6.82, -1.55925, -0.187709, 0.735055; 
6.83, -1.55925, -0.187664, 0.73505; 
6.84, -1.55929, -0.187716, 0.735094; 
6.85, -1.5593, -0.1877, 0.735107; 
6.86, -1.55932, -0.187716, 0.735114; 
6.87, -1.55935, -0.187752, 0.735132; 
6.88, -1.55939, -0.187805, 0.735183; 
6.89, -1.55943, -0.18784, 0.735185; 
6.9, -1.55948, -0.187888, 0.735253; 
6.91, -1.5595, -0.187921, 0.7353; 
6.92, -1.55951, -0.187926, 0.735318; 
6.93, -1.55954, -0.187972, 0.735357; 
6.94, -1.55956, -0.187977, 0.735354; 
6.95, -1.55958, -0.187997, 0.735356; 
6.96, -1.55964, -0.188082, 0.735407; 
6.97, -1.55967, -0.188092, 0.735431; 
6.98, -1.55972, -0.188168, 0.735505; 
6.99, -1.55973, -0.188139, 0.735515; 
7, -1.55976, -0.188171, 0.735563; 
7.01, -1.55977, -0.188169, 0.735593; 
7.02, -1.55981, -0.188212, 0.735609; 
7.03, -1.55985, -0.18827, 0.735635; 
7.04, -1.55989, -0.188314, 0.735642; 
7.05, -1.55993, -0.188398, 0.735703; 
7.06, -1.55994, -0.188376, 0.735711; 
7.07, -1.55995, -0.188357, 0.735737; 
7.08, -1.55998, -0.188395, 0.735772; 
7.09, -1.56002, -0.188467, 0.735848; 
7.1, -1.56007, -0.188491, 0.735874; 
7.11, -1.56009, -0.18851, 0.735862; 
7.12, -1.56012, -0.18853, 0.735876; 
7.13, -1.56013, -0.188537, 0.7359; 
7.14, -1.56017, -0.18857, 0.735916; 
7.15, -1.56023, -0.188661, 0.735986; 
7.16, -1.56022, -0.188599, 0.735975; 
7.17, -1.56029, -0.188722, 0.736097; 
7.18, -1.56029, -0.188702, 0.736084; 
7.19, -1.56029, -0.188682, 0.736083; 
7.2, -1.56035, -0.188781, 0.736138; 
7.21, -1.56038, -0.188785, 0.736127; 
7.22, -1.56046, -0.188898, 0.736183; 
7.23, -1.56047, -0.188917, 0.736215; 
7.24, -1.56045, -0.188862, 0.736225; 
7.25, -1.56049, -0.188912, 0.736314; 
7.26, -1.56051, -0.188916, 0.736315; 
7.27, -1.56054, -0.188951, 0.736318; 
7.28, -1.56061, -0.188994, 0.736299; 
7.29, -1.56066, -0.189073, 0.736328; 
7.3, -1.5607, -0.18915, 0.73638; 
7.31, -1.56071, -0.189119, 0.736454; 
7.32, -1.56072, -0.189152, 0.736553; 
7.33, -1.56075, -0.18919, 0.736597; 
7.34, -1.56076, -0.189174, 0.736591; 
7.35, -1.56079, -0.189138, 0.736544; 
7.36, -1.56084, -0.189232, 0.736563; 
7.37, -1.56087, -0.189299, 0.736604; 
7.38, -1.56091, -0.189365, 0.736638; 
7.39, -1.56092, -0.189369, 0.736689; 
7.4, -1.56095, -0.189395, 0.736769; 
7.41, -1.56098, -0.189409, 0.736804; 
7.42, -1.56104, -0.189509, 0.736872; 
7.43, -1.56107, -0.189528, 0.736848; 
7.44, -1.56106, -0.189464, 0.736808; 
7.45, -1.56111, -0.189544, 0.736886; 
7.46, -1.56111, -0.189502, 0.736856; 
7.47, -1.56116, -0.189577, 0.73693; 
7.48, -1.56119, -0.189612, 0.736938; 
7.49, -1.56122, -0.189605, 0.736965; 
7.5, -1.56124, -0.189635, 0.737008; 
7.51, -1.56127, -0.189671, 0.737047; 
7.52, -1.56131, -0.189734, 0.737105; 
7.53, -1.56136, -0.189816, 0.737138; 
7.54, -1.56138, -0.189831, 0.737173; 
7.55, -1.5614, -0.189835, 0.7372; 
7.56, -1.56142, -0.189857, 0.737246; 
7.57, -1.56148, -0.189933, 0.73731; 
7.58, -1.5615, -0.189918, 0.737307; 
7.59, -1.5615, -0.189915, 0.737278; 
7.6, -1.56152, -0.189916, 0.737264; 
7.61, -1.56159, -0.190041, 0.737359; 
7.62, -1.56161, -0.190065, 0.737373; 
7.63, -1.56164, -0.190106, 0.737409; 
7.64, -1.56167, -0.190107, 0.737444; 
7.65, -1.56168, -0.190115, 0.737491; 
7.66, -1.56168, -0.190058, 0.737483; 
7.67, -1.56172, -0.190115, 0.737519; 
7.68, -1.56176, -0.190176, 0.737527; 
7.69, -1.56181, -0.190257, 0.737559; 
7.7, -1.56185, -0.190321, 0.737607; 
7.71, -1.56188, -0.190337, 0.737654; 
7.72, -1.5619, -0.190331, 0.737714; 
7.73, -1.56193, -0.190373, 0.737781; 
7.74, -1.56195, -0.190381, 0.737791; 
7.75, -1.56199, -0.190402, 0.737796; 
7.76, -1.56202, -0.19045, 0.737804; 
7.77, -1.56206, -0.190476, 0.737798; 
7.78, -1.56211, -0.190552, 0.73786; 
7.79, -1.56213, -0.190571, 0.737893; 
7.8, -1.56214, -0.190572, 0.737937; 
7.81, -1.56214, -0.190557, 0.737979; 
7.82, -1.56217, -0.190609, 0.737999; 
7.83, -1.56223, -0.190694, 0.738029; 
7.84, -1.56226, -0.190741, 0.738035; 
7.85, -1.5623, -0.190752, 0.73804; 
7.86, -1.56232, -0.19076, 0.738076; 
7.87, -1.56235, -0.190797, 0.738133; 
7.88, -1.56237, -0.190804, 0.738171; 
7.89, -1.56241, -0.190836, 0.738198; 
7.9, -1.56243, -0.19089, 0.738243; 
7.91, -1.56245, -0.190892, 0.738231; 
7.92, -1.56249, -0.190922, 0.738246; 
7.93, -1.56254, -0.19099, 0.738266; 
7.94, -1.56258, -0.191021, 0.738288; 
7.95, -1.56262, -0.191058, 0.738323; 
7.96, -1.56263, -0.191061, 0.738402; 
7.97, -1.56264, -0.19104, 0.73844; 
7.98, -1.56265, -0.191076, 0.738491; 
7.99, -1.5627, -0.191122, 0.738514; 
8, -1.56276, -0.191211, 0.738555; 
8.01, -1.56277, -0.191217, 0.738497; 
8.02, -1.56283, -0.191299, 0.738545; 
8.03, -1.56283, -0.191246, 0.738534; 
8.04, -1.56289, -0.191345, 0.738656; 
8.05, -1.56287, -0.191315, 0.738661; 
8.06, -1.56292, -0.191344, 0.73873; 
8.07, -1.56292, -0.191329, 0.738722; 
8.08, -1.56297, -0.191417, 0.738773; 
8.09, -1.56301, -0.191474, 0.738769; 
8.1, -1.56303, -0.191472, 0.738763; 
8.11, -1.56306, -0.19152, 0.73882; 
8.12, -1.56311, -0.191543, 0.738852; 
8.13, -1.56315, -0.191606, 0.738923; 
8.14, -1.56319, -0.191665, 0.738981; 
8.15, -1.56321, -0.19165, 0.73897; 
8.16, -1.56322, -0.191642, 0.738966; 
8.17, -1.56326, -0.1917, 0.739034; 
8.18, -1.56329, -0.191721, 0.739028; 
8.19, -1.5633, -0.191717, 0.739055; 
8.2, -1.56332, -0.191744, 0.739083; 
8.21, -1.56335, -0.191784, 0.739132; 
8.22, -1.56338, -0.191813, 0.739154; 
8.23, -1.56341, -0.191834, 0.739174; 
8.24, -1.56346, -0.19191, 0.739229; 
8.25, -1.56351, -0.191999, 0.739286; 
8.26, -1.56354, -0.192042, 0.739364; 
8.27, -1.56355, -0.191996, 0.739374; 
8.28, -1.56357, -0.192024, 0.739416; 
8.29, -1.5636, -0.19203, 0.739407; 
8.3, -1.56363, -0.192064, 0.739398; 
8.31, -1.56364, -0.192065, 0.739373; 
8.32, -1.56367, -0.192102, 0.739378; 
8.33, -1.5637, -0.19213, 0.739415; 
8.34, -1.56375, -0.192215, 0.739501; 
8.35, -1.56378, -0.192249, 0.739536; 
8.36, -1.56383, -0.192297, 0.739629; 
8.37, -1.56383, -0.192268, 0.739632; 
8.38, -1.56387, -0.192309, 0.739704; 
8.39, -1.5639, -0.192364, 0.739743; 
8.4, -1.56394, -0.19242, 0.739765; 
8.41, -1.56397, -0.192439, 0.739749; 
8.42, -1.56398, -0.19242, 0.739742; 
8.43, -1.56401, -0.19242, 0.739753; 
8.44, -1.56403, -0.192456, 0.73979; 
8.45, -1.56406, -0.192518, 0.739864; 
8.46, -1.56409, -0.192536, 0.739885; 
8.47, -1.56414, -0.192612, 0.739932; 
8.48, -1.5642, -0.192682, 0.73999; 
8.49, -1.56422, -0.192692, 0.740009; 
8.5, -1.56422, -0.192677, 0.740029; 
8.51, -1.56425, -0.192701, 0.74005; 
8.52, -1.56428, -0.192713, 0.740054; 
8.53, -1.56431, -0.192742, 0.740056; 
8.54, -1.56436, -0.192831, 0.740105; 
8.55, -1.56437, -0.192806, 0.740096; 
8.56, -1.56438, -0.192816, 0.740144; 
8.57, -1.56443, -0.192922, 0.740244; 
8.58, -1.56446, -0.192918, 0.740252; 
8.59, -1.5645, -0.192982, 0.740324; 
8.6, -1.56453, -0.192962, 0.74029; 
8.61, -1.56454, -0.192981, 0.74032; 
8.62, -1.56456, -0.192991, 0.740353; 
8.63, -1.56458, -0.193018, 0.740351; 
8.64, -1.56465, -0.193137, 0.740435; 
8.65, -1.56469, -0.193149, 0.740438; 
8.66, -1.56474, -0.193239, 0.74053; 
8.67, -1.56477, -0.193231, 0.740545; 
8.68, -1.56474, -0.193201, 0.740556; 
8.69, -1.56473, -0.193146, 0.740518; 
8.7, -1.5648, -0.193269, 0.740595; 
8.71, -1.56485, -0.193308, 0.740592; 
8.72, -1.5649, -0.193341, 0.740583; 
8.73, -1.56495, -0.193406, 0.740649; 
8.74, -1.56496, -0.19341, 0.740722; 
8.75, -1.56498, -0.193434, 0.740791; 
8.76, -1.56502, -0.193502, 0.74086; 
8.77, -1.56504, -0.193496, 0.740876; 
8.78, -1.56507, -0.193576, 0.740917; 
8.79, -1.56507, -0.193538, 0.740854; 
8.8, -1.5651, -0.193543, 0.740812; 
8.81, -1.56516, -0.193613, 0.740857; 
8.82, -1.56521, -0.193685, 0.74089; 
8.83, -1.56522, -0.193653, 0.740894; 
8.84, -1.56528, -0.193742, 0.740994; 
8.85, -1.56526, -0.193719, 0.74101; 
8.86, -1.5653, -0.193813, 0.741149; 
8.87, -1.56533, -0.193796, 0.741174; 
8.88, -1.56535, -0.193802, 0.741168; 
8.89, -1.56538, -0.193846, 0.741155; 
8.9, -1.56543, -0.193884, 0.741115; 
8.91, -1.56548, -0.193914, 0.74114; 
8.92, -1.56549, -0.193957, 0.741227; 
8.93, -1.56554, -0.194023, 0.74134; 
8.94, -1.56552, -0.193979, 0.741341; 
8.95, -1.56558, -0.194049, 0.741424; 
8.96, -1.56559, -0.194006, 0.741376; 
8.97, -1.56562, -0.194044, 0.741376; 
8.98, -1.56567, -0.194107, 0.741387; 
8.99, -1.56572, -0.194205, 0.74141; 
9, -1.56575, -0.194255, 0.74147; 
9.01, -1.56575, -0.194232, 0.741508; 
9.02, -1.56577, -0.19422, 0.741565; 
9.03, -1.56579, -0.194228, 0.741609; 
9.04, -1.56581, -0.194252, 0.741615; 
9.05, -1.56586, -0.194325, 0.741635; 
9.06, -1.56593, -0.194441, 0.741693; 
9.07, -1.56593, -0.194413, 0.741689; 
9.08, -1.56595, -0.194399, 0.741682; 
9.09, -1.56597, -0.194415, 0.741733; 
9.1, -1.56602, -0.194515, 0.741825; 
9.11, -1.56605, -0.194531, 0.741858; 
9.12, -1.56606, -0.194508, 0.741844; 
9.13, -1.56611, -0.194598, 0.741903; 
9.14, -1.56616, -0.194664, 0.741943; 
9.15, -1.56619, -0.194681, 0.741952; 
9.16, -1.5662, -0.194633, 0.741922; 
9.17, -1.5662, -0.194628, 0.741929; 
9.18, -1.56624, -0.194667, 0.741969; 
9.19, -1.56627, -0.194735, 0.742025; 
9.2, -1.56631, -0.194809, 0.74209; 
9.21, -1.56635, -0.194813, 0.742121; 
9.22, -1.56638, -0.194871, 0.742172; 
9.23, -1.56641, -0.194898, 0.742211; 
9.24, -1.56644, -0.194919, 0.742252; 
9.25, -1.56646, -0.194936, 0.742262; 
9.26, -1.5665, -0.194999, 0.742324; 
9.27, -1.56653, -0.195008, 0.742335; 
9.28, -1.56654, -0.195013, 0.742309; 
9.29, -1.56658, -0.195052, 0.742326; 
9.3, -1.5666, -0.195075, 0.742315; 
9.31, -1.56665, -0.195127, 0.742357; 
9.32, -1.56668, -0.195159, 0.742418; 
9.33, -1.56669, -0.19514, 0.742469; 
9.34, -1.56674, -0.195203, 0.742535; 
9.35, -1.56678, -0.195291, 0.74259; 
9.36, -1.56681, -0.195316, 0.742634; 
9.37, -1.5668, -0.195278, 0.742607; 
9.38, -1.56683, -0.195293, 0.742599; 
9.39, -1.56685, -0.195307, 0.742594; 
9.4, -1.5669, -0.195363, 0.742637; 
9.41, -1.56695, -0.195411, 0.742637; 
9.42, -1.56699, -0.195475, 0.742704; 
9.43, -1.56703, -0.19554, 0.742807; 
9.44, -1.56703, -0.195522, 0.742845; 
9.45, -1.56705, -0.195493, 0.742868; 
9.46, -1.56707, -0.195561, 0.742941; 
9.47, -1.5671, -0.195537, 0.742886; 
9.48, -1.56716, -0.195654, 0.742908; 
9.49, -1.56719, -0.195661, 0.742876; 
9.5, -1.56722, -0.195694, 0.742912; 
9.51, -1.56723, -0.195696, 0.742955; 
9.52, -1.56725, -0.195685, 0.742993; 
9.53, -1.56728, -0.195733, 0.743089; 
9.54, -1.56731, -0.195783, 0.743132; 
9.55, -1.56735, -0.195836, 0.743139; 
9.56, -1.56742, -0.195897, 0.743158; 
9.57, -1.56745, -0.195957, 0.743181; 
9.58, -1.56746, -0.195963, 0.743231; 
9.59, -1.56748, -0.195959, 0.743297; 
9.6, -1.56751, -0.196034, 0.743386; 
9.61, -1.56753, -0.19602, 0.743365; 
9.62, -1.56755, -0.196037, 0.743339; 
9.63, -1.56762, -0.196112, 0.743365; 
9.64, -1.56765, -0.196083, 0.74333; 
9.65, -1.56765, -0.196117, 0.743343; 
9.66, -1.56768, -0.196124, 0.743388; 
9.67, -1.56773, -0.196215, 0.743486; 
9.68, -1.56774, -0.196213, 0.743504; 
9.69, -1.56778, -0.196232, 0.743551; 
9.7, -1.56783, -0.196327, 0.743606; 
9.71, -1.56784, -0.196335, 0.743596; 
9.72, -1.56789, -0.196437, 0.743677; 
9.73, -1.56791, -0.196434, 0.743685; 
9.74, -1.56792, -0.196407, 0.743702; 
9.75, -1.56792, -0.196362, 0.74368; 
9.76, -1.56797, -0.196414, 0.743724; 
9.77, -1.56803, -0.196495, 0.743727; 
9.78, -1.56807, -0.196536, 0.743714; 
9.79, -1.56812, -0.196627, 0.7438; 
9.8, -1.56811, -0.19659, 0.743841; 
9.81, -1.56811, -0.196555, 0.743905; 
9.82, -1.56815, -0.196612, 0.744; 
9.83, -1.56818, -0.196655, 0.744; 
9.84, -1.56824, -0.196735, 0.744014; 
9.85, -1.56826, -0.196759, 0.744; 
9.86, -1.5683, -0.196801, 0.744053; 
9.87, -1.56832, -0.196808, 0.744094; 
9.88, -1.56834, -0.196807, 0.744092; 
9.89, -1.56838, -0.196871, 0.744152; 
9.9, -1.5684, -0.196867, 0.744141; 
9.91, -1.56845, -0.19691, 0.744159; 
9.92, -1.56849, -0.196989, 0.744216; 
9.93, -1.5685, -0.196964, 0.74422; 
9.94, -1.56852, -0.197014, 0.744294; 
9.95, -1.56853, -0.19704, 0.744329; 
9.96, -1.56857, -0.197077, 0.74437; 
9.97, -1.56861, -0.197093, 0.744385; 
9.98, -1.56865, -0.197117, 0.744379; 
9.99, -1.56868, -0.197137, 0.744395; 
