0, 3.04827,-0.554929,0.326572,0,0,0,0;
0.01, -4.52057,-1.6574,0.248315,0,0,0,0;
0.02, -35.0409,-1.00656,1.89027,0,0,0,0;
0.03, -62.9114,0.249856,2.06469,0,0,0,0;
0.04, -66.1604,-3.45683,1.1059,0,0,0,0;
0.05, -45.2768,-3.25334,-0.875282,0,0,0,0;
0.06, -9.22207,2.14032,-0.637154,0,0,0,0;
0.07, 7.31552,5.10891,0.499362,0,0,0,0;
0.08, 18.9411,3.19953,0.931918,0,0,0,0;
0.09, 29.7357,-0.0831834,0.673286,0,0,0,0;
0.1, 25.2543,0.0837403,0.313043,0,0,0,0;
0.11, 25.3333,1.76569,-1.01413,0,0,0,0;
0.12, 17.5821,-0.888123,-1.96834,0,0,0,0;
0.13, 12.7589,-1.17209,-2.18494,0,0,0,0;
0.14, 4.81848,-0.713104,-1.7503,0,0,0,0;
0.15, 7.93432,-0.348644,-0.708308,0,0,0,0;
0.16, 2.81351,-0.235438,0.323996,0,0,0,0;
0.17, 0.706573,-0.438183,0.746829,0,0,0,0;
0.18, 2.36095,-0.375703,0.697842,0,0,0,0;
0.19, 3.45947,-0.239962,0.217688,0,0,0,0;
0.2, 4.49589,0.0150935,-0.134894,0,0,0,0;
0.21, 5.24902,-0.179407,-0.449666,0,0,0,0;
0.22, 9.70509,0.511003,-0.517126,0,0,0,0;
0.23, 3.57103,0.728623,-0.373395,0,0,0,0;
0.24, 3.46425,0.219977,0.109446,0,0,0,0;
0.25, 5.42818,-0.344288,0.337236,0,0,0,0;
0.26, 1.13933,-0.897702,0.375808,0,0,0,0;
0.27, 0.270119,-0.0760548,0.310654,0,0,0,0;
0.28, 3.02794,-0.0592316,0.120766,0,0,0,0;
0.29, 2.56854,0.219553,-0.441799,0,0,0,0;
0.3, 2.86349,-0.0901054,-0.458864,0,0,0,0;
0.31, 0.421256,-0.559743,-0.21942,0,0,0,0;
0.32, -0.384742,-0.0338667,0.0325822,0,0,0,0;
0.33, 4.46936,1.66338,0.274503,0,0,0,0;
0.34, 5.03194,0.368741,0.462668,0,0,0,0;
0.35, -0.669203,-0.813425,0.122699,0,0,0,0;
0.36, -4.38938,-1.28079,0.0774071,0,0,0,0;
0.37, -0.873627,-0.105494,-0.265869,0,0,0,0;
0.38, 4.2228,0.058798,-0.357226,0,0,0,0;
0.39, 3.40111,0.411276,-0.226107,0,0,0,0;
0.4, -2.87942,0.196595,-0.0494568,0,0,0,0;
0.41, 0.395359,0.313507,0.195982,0,0,0,0;
0.42, 2.60189,0.206149,0.195273,0,0,0,0;
0.43, 0.343165,0.0884418,0.0805162,0,0,0,0;
0.44, 0.268356,-0.187049,0.116229,0,0,0,0;
0.45, -2.17377,-0.519997,-0.0148566,0,0,0,0;
0.46, 5.50224,-0.086537,-0.124032,0,0,0,0;
0.47, -0.692989,0.350841,-0.194721,0,0,0,0;
0.48, -5.12535,0.506588,0.0223521,0,0,0,0;
0.49, 5.70635,-0.7295,0.177006,0,0,0,0;
0.5, 2.8293,-0.349303,-0.171689,0,0,0,0;
0.51, -4.11268,0.559261,-0.282928,0,0,0,0;
0.52, -5.95628,-0.482426,0.0187388,0,0,0,0;
0.53, 0.629974,0.187931,0.389461,0,0,0,0;
0.54, 1.68767,-0.406326,0.345032,0,0,0,0;
0.55, 1.62292,0.0523134,-0.255637,0,0,0,0;
0.56, 7.92693,2.51272,-0.4502,0,0,0,0;
0.57, 1.79572,-0.140144,-0.147853,0,0,0,0;
0.58, -7.95972,-2.76067,0.337097,0,0,0,0;
0.59, 0.967428,-1.75593,0.35792,0,0,0,0;
0.6, -0.43863,1.84281,0.207627,0,0,0,0;
0.61, -1.23437,2.22837,-0.17894,0,0,0,0;
0.62, 2.38959,-0.119976,-0.278265,0,0,0,0;
0.63, -3.04422,-1.77626,-0.40528,0,0,0,0;
0.64, 0.248723,-0.595757,-0.49633,0,0,0,0;
0.65, 2.55814,-0.507291,0.178075,0,0,0,0;
0.66, -2.56843,1.84279,0.359647,0,0,0,0;
0.67, -2.32293,-0.750031,0.569689,0,0,0,0;
0.68, 2.57861,-0.330535,-0.0648549,0,0,0,0;
0.69, 6.0839,2.64705,-0.0768922,0,0,0,0;
0.7, 0.91942,0.324402,-0.115499,0,0,0,0;
0.71, -4.73438,-1.00376,0.00717831,0,0,0,0;
0.72, 2.09655,-0.767175,-0.111464,0,0,0,0;
0.73, -1.65918,-0.166515,0.00532852,0,0,0,0;
0.74, -3.3632,-1.28469,0.0296477,0,0,0,0;
0.75, 0.350795,0.262564,0.081188,0,0,0,0;
0.76, 0.247644,0.520812,-0.152904,0,0,0,0;
0.77, 3.96227,0.683606,-0.269404,0,0,0,0;
0.78, -1.86496,-0.00530779,-0.184357,0,0,0,0;
0.79, 3.23143,0.40927,0.204871,0,0,0,0;
0.8, -1.4477,0.0538946,0.20066,0,0,0,0;
0.81, 0.157135,-0.204254,0.219404,0,0,0,0;
0.82, -2.16398,0.00261562,0.132881,0,0,0,0;
0.83, -1.53057,-0.562995,-0.174708,0,0,0,0;
0.84, 1.14819,0.517349,-0.19176,0,0,0,0;
0.85, -2.86534,7.30157e-05,-0.0897446,0,0,0,0;
0.86, 3.97789,-0.0615918,0.0317054,0,0,0,0;
0.87, 2.5967,0.151729,0.0212055,0,0,0,0;
0.88, -0.888285,0.0888783,0.106828,0,0,0,0;
0.89, -1.1127,-0.260734,0.037654,0,0,0,0;
0.9, -3.42192,-0.359043,0.0367905,0,0,0,0;
0.91, 2.01679,0.305224,-0.0457592,0,0,0,0;
0.92, 1.43923,-0.0842783,-0.10842,0,0,0,0;
0.93, -2.27749,-0.121803,-0.0970488,0,0,0,0;
0.94, 1.48864,-0.00271246,0.0753039,0,0,0,0;
0.95, 0.331779,0.126386,0.182208,0,0,0,0;
0.96, -2.92525,-0.160548,0.060335,0,0,0,0;
0.97, 3.43794,-0.0165341,0.00835609,0,0,0,0;
0.98, 1.08337,0.584722,-0.126826,0,0,0,0;
0.99, -1.01728,-0.486975,-0.0437311,0,0,0,0;
1, -0.37294,0.117671,-0.00372982,0,0,0,0;
1.01, -2.826,0.101149,-0.0181399,0,0,0,0;
1.02, -2.37112,-0.615605,0.0692686,0,0,0,0;
1.03, 4.7505,-0.0834033,0.0605363,0,0,0,0;
1.04, 2.18767,0.532571,-0.053519,0,0,0,0;
1.05, -0.847905,0.191936,0.138321,0,0,0,0;
1.06, 0.719525,-0.0648358,0.00958245,0,0,0,0;
1.07, -0.776365,-0.159636,-0.0615498,0,0,0,0;
1.08, -3.55634,-0.188459,-0.056639,0,0,0,0;
1.09, 0.986059,-0.125706,-0.0451956,0,0,0,0;
1.1, 4.02762,0.300832,-0.0380952,0,0,0,0;
1.11, -0.865755,0.0200446,-0.0309413,0,0,0,0;
1.12, -0.624645,-0.360861,0.0778015,0,0,0,0;
1.13, -2.31001,0.00734518,0.119121,0,0,0,0;
1.14, -1.83504,0.125697,0.120933,0,0,0,0;
1.15, -0.394316,0.121233,-0.140389,0,0,0,0;
1.16, 2.79331,-0.387056,-0.10702,0,0,0,0;
1.17, 1.22402,0.630641,0.0891389,0,0,0,0;
1.18, 0.679233,0.260761,0.0880413,0,0,0,0;
1.19, 0.483047,-0.2253,-0.0594336,0,0,0,0;
1.2, -3.83762,-0.112308,-0.158442,0,0,0,0;
1.21, -4.39453,-1.27522,0.057262,0,0,0,0;
1.22, 4.14651,-0.291258,0.124155,0,0,0,0;
1.23, 3.24078,1.11124,-0.0220758,0,0,0,0;
1.24, 1.9388,0.925002,0.0630483,0,0,0,0;
1.25, 1.30966,0.402905,-0.122244,0,0,0,0;
1.26, -1.68655,-1.49965,-0.116416,0,0,0,0;
1.27, 0.993405,0.0156968,0.213925,0,0,0,0;
1.28, -9.9244,0.421129,-0.12427,0,0,0,0;
1.29, 1.33773,-1.29418,-0.0937429,0,0,0,0;
1.3, 2.87027,0.296194,0.117671,0,0,0,0;
1.31, 0.431958,-0.033702,0.252853,0,0,0,0;
1.32, 5.24068,2.0632,-0.217085,0,0,0,0;
1.33, -0.0268681,1.21263,-0.354506,0,0,0,0;
1.34, -4.89282,-2.38568,-0.0546102,0,0,0,0;
1.35, 6.82468,-1.24021,0.382078,0,0,0,0;
1.36, -2.78257,0.233794,0.327709,0,0,0,0;
1.37, -7.30413,0.365577,-0.0280841,0,0,0,0;
1.38, 1.60412,1.01121,-0.242181,0,0,0,0;
1.39, -0.822574,0.944702,-0.270861,0,0,0,0;
1.4, 1.68948,-0.363695,-0.0905777,0,0,0,0;
1.41, 0.380504,-0.793653,-0.16429,0,0,0,0;
1.42, 0.602996,-0.0682634,0.116602,0,0,0,0;
1.43, 4.0911,0.271654,0.397361,0,0,0,0;
1.44, -2.21311,0.556621,0.172322,0,0,0,0;
1.45, -5.09176,-1.59244,-0.0126219,0,0,0,0;
1.46, 4.0642,0.432419,-0.143134,0,0,0,0;
1.47, -0.524499,0.525333,-0.0744345,0,0,0,0;
1.48, 0.598445,-0.609191,-0.165097,0,0,0,0;
1.49, 2.63381,0.14389,-0.0943231,0,0,0,0;
1.5, 2.03017,1.16132,0.113021,0,0,0,0;
1.51, -3.35086,-0.00789386,0.0674705,0,0,0,0;
1.52, -1.07785,-0.464614,0.0993571,0,0,0,0;
1.53, -1.84859,-0.222634,0.0276317,0,0,0,0;
1.54, 1.17804,-0.45486,-0.100765,0,0,0,0;
1.55, 2.02615,0.257945,-0.177235,0,0,0,0;
1.56, -1.72539,0.357921,-0.00418595,0,0,0,0;
1.57, -2.09304,-0.118835,0.0387818,0,0,0,0;
1.58, -1.91354,0.0253756,0.146448,0,0,0,0;
1.59, 2.85708,0.0567457,0.127924,0,0,0,0;
1.6, 2.39422,-0.2468,0.0302753,0,0,0,0;
1.61, 1.26988,0.106187,-0.136581,0,0,0,0;
1.62, 0.228517,-0.0862056,-0.0813796,0,0,0,0;
1.63, -2.26849,-0.0410374,0.0460917,0,0,0,0;
1.64, -0.137864,0.190369,0.0114033,0,0,0,0;
1.65, 0.0670125,0.130319,-0.0281697,0,0,0,0;
1.66, -2.99727,-0.0588487,-0.00367636,0,0,0,0;
1.67, 1.9411,-0.0585383,0.124588,0,0,0,0;
1.68, 0.49509,-0.32848,-0.0187024,0,0,0,0;
1.69, 1.44786,-0.0167793,-0.0244386,0,0,0,0;
1.7, -0.283234,0.227423,-0.0680553,0,0,0,0;
1.71, -0.288959,-0.0226939,0.00833751,0,0,0,0;
1.72, 0.302564,-0.0163566,0.0432659,0,0,0,0;
1.73, -0.221145,-0.0807961,0.0186858,0,0,0,0;
1.74, -1.59,0.0975096,0.0390536,0,0,0,0;
1.75, -1.10198,0.0424048,0.0147176,0,0,0,0;
1.76, 1.60819,-0.0135073,-0.0881983,0,0,0,0;
1.77, 0.79133,-0.113743,-0.0385686,0,0,0,0;
1.78, -0.443712,0.212813,0.0571726,0,0,0,0;
1.79, -0.878863,-0.505432,0.110328,0,0,0,0;
1.8, 1.29379,0.332404,0.0596462,0,0,0,0;
1.81, 1.59745,-0.136589,-0.00631363,0,0,0,0;
1.82, 1.70129,-0.407851,-0.148248,0,0,0,0;
1.83, -3.96396,0.167544,-0.110442,0,0,0,0;
1.84, -4.54776,0.43693,-0.0266061,0,0,0,0;
1.85, 0.554614,0.0970318,0.0445871,0,0,0,0;
1.86, 7.78449,0.584359,0.209163,0,0,0,0;
1.87, 0.312521,-0.305351,0.0464605,0,0,0,0;
1.88, -0.197929,-0.343783,-0.027883,0,0,0,0;
1.89, -2.37945,-0.507368,-0.0724248,0,0,0,0;
1.9, -3.97533,0.160336,-0.00628984,0,0,0,0;
1.91, -0.000508666,-0.410053,-0.003344,0,0,0,0;
1.92, -1.95824,0.25779,-0.203463,0,0,0,0;
1.93, -0.275357,0.160728,0.237476,0,0,0,0;
1.94, 3.01933,-0.638712,-0.221163,0,0,0,0;
1.95, -0.94421,0.211238,-0.0311759,0,0,0,0;
1.96, 6.93982,1.12667,-0.000274405,0,0,0,0;
1.97, 8.11392,-0.977957,0.2064,0,0,0,0;
1.98, -8.75687,-0.0817384,0.230889,0,0,0,0;
1.99, 0.586288,0.921138,0.182711,0,0,0,0;
2, -0.97959,-0.601368,0.0747975,0,0,0,0;
2.01, -5.58849,1.26933,-0.417546,0,0,0,0;
2.02, -6.64972,-0.606176,-0.35463,0,0,0,0;
2.03, 3.286,-1.07186,-0.289079,0,0,0,0;
2.04, 7.31969,-1.04758,-0.103345,0,0,0,0;
2.05, -1.00187,1.63391,0.348669,0,0,0,0;
2.06, -5.28145,-0.0162119,0.464255,0,0,0,0;
2.07, 3.4231,-0.363171,0.274438,0,0,0,0;
2.08, 4.02705,1.31096,-0.0886156,0,0,0,0;
2.09, -2.87148,-0.385753,-0.244966,0,0,0,0;
2.1, 1.79271,-0.319095,-0.227358,0,0,0,0;
2.11, 2.69813,0.619602,-0.0523337,0,0,0,0;
2.12, 0.925932,-0.461511,-0.219745,0,0,0,0;
2.13, -6.54036,-0.62892,0.0914668,0,0,0,0;
2.14, -2.82427,-0.553418,0.27743,0,0,0,0;
2.15, 2.7979,-0.210158,0.133843,0,0,0,0;
2.16, 1.45833,1.09992,0.0415184,0,0,0,0;
2.17, -1.78387,0.961282,-0.0541862,0,0,0,0;
2.18, -0.973626,-0.108468,-0.163115,0,0,0,0;
2.19, 2.312,-0.378107,-0.0793541,0,0,0,0;
2.2, 5.78548,-0.255424,-0.0719633,0,0,0,0;
2.21, -0.250582,-0.248315,0.0377908,0,0,0,0;
2.22, -4.559,0.0139524,0.14163,0,0,0,0;
2.23, -4.6221,-0.329455,0.120413,0,0,0,0;
2.24, 0.437519,0.228769,0.055623,0,0,0,0;
2.25, 4.48424,0.200209,-0.111323,0,0,0,0;
2.26, 1.55287,0.0997649,-0.142629,0,0,0,0;
2.27, -2.63688,-0.0520152,-0.0893618,0,0,0,0;
2.28, 0.527868,0.171284,0.0101984,0,0,0,0;
2.29, 1.28716,-0.167382,0.0523365,0,0,0,0;
2.3, -4.48147,-0.150422,0.0985108,0,0,0,0;
2.31, -0.312409,0.21927,0.131226,0,0,0,0;
2.32, 4.03546,-0.0901642,0.0200309,0,0,0,0;
2.33, 0.377861,-0.162153,-0.122799,0,0,0,0;
2.34, 0.794589,0.169385,-0.0684014,0,0,0,0;
2.35, -2.6135,0.234459,0.040246,0,0,0,0;
2.36, 1.94713,-0.299294,-0.0470417,0,0,0,0;
2.37, -0.193805,-0.226825,-0.0139437,0,0,0,0;
2.38, -0.94637,0.153341,0.118599,0,0,0,0;
2.39, -0.467653,0.0936846,0.115192,0,0,0,0;
2.4, 0.052647,-0.272371,-0.0451053,0,0,0,0;
2.41, -0.94329,0.0763575,-0.131406,0,0,0,0;
2.42, 0.0959014,0.244146,-0.0652374,0,0,0,0;
2.43, 0.562776,-0.0101527,0.0333948,0,0,0,0;
2.44, 0.261683,-0.092684,0.00289888,0,0,0,0;
2.45, -0.11985,0.139788,0.0554417,0,0,0,0;
2.46, 1.26004,-0.0973615,0.0792608,0,0,0,0;
2.47, -2.09121,-0.145422,0.016267,0,0,0,0;
2.48, 0.918548,-0.198366,-0.0237571,0,0,0,0;
2.49, 2.03411,0.272803,0.0373776,0,0,0,0;
2.5, -3.42703,-0.407346,-0.0380771,0,0,0,0;
2.51, 1.10026,0.186116,0.0131032,0,0,0,0;
2.52, 2.02238,0.361614,-0.116199,0,0,0,0;
2.53, 0.503971,0.0503818,0.00423836,0,0,0,0;
2.54, 1.52831,0.20595,0.0341566,0,0,0,0;
2.55, -5.00946,-0.683674,0.0181524,0,0,0,0;
2.56, -1.07109,-0.986313,0.0804391,0,0,0,0;
2.57, 1.14653,1.07249,0.00669873,0,0,0,0;
2.58, -0.614218,0.949119,-0.119373,0,0,0,0;
2.59, -2.80834,-1.45153,0.0637715,0,0,0,0;
2.6, 4.9451,1.03565,0.000131778,0,0,0,0;
2.61, 2.94383,0.484017,0.154401,0,0,0,0;
2.62, 4.6384,-1.23845,-0.25181,0,0,0,0;
2.63, -4.68934,-0.218629,-0.198469,0,0,0,0;
2.64, -3.66962,0.0631197,0.245779,0,0,0,0;
2.65, -3.2326,0.518638,0.105655,0,0,0,0;
2.66, 0.133476,-0.0919248,0.107761,0,0,0,0;
2.67, 9.11473,-0.0936219,-0.122438,0,0,0,0;
2.68, -3.87847,0.876334,-0.0956017,0,0,0,0;
2.69, -4.42325,-0.398755,-0.136931,0,0,0,0;
2.7, 0.903987,-0.808922,-0.0919285,0,0,0,0;
2.71, 3.44967,-0.68583,0.267646,0,0,0,0;
2.72, -4.97278,0.0593004,0.305417,0,0,0,0;
2.73, -5.14589,0.932908,-0.158752,0,0,0,0;
2.74, 10.5997,1.31836,-0.0508218,0,0,0,0;
2.75, 3.71123,-0.604999,-0.318769,0,0,0,0;
2.76, -3.78875,0.49463,0.0558381,0,0,0,0;
2.77, 2.37564,-0.294054,0.132384,0,0,0,0;
2.78, -2.60796,-0.807912,0.145993,0,0,0,0;
2.79, -5.56077,0.148904,0.0903935,0,0,0,0;
2.8, 1.98613,-0.23606,-0.160088,0,0,0,0;
2.81, 1.84771,-0.501856,-0.215423,0,0,0,0;
2.82, -3.09883,0.396501,-0.157656,0,0,0,0;
2.83, 5.68849,-0.54415,0.0706546,0,0,0,0;
2.84, 1.83847,0.361466,0.0816522,0,0,0,0;
2.85, -5.13752,-0.298294,0.0975769,0,0,0,0;
2.86, -0.995419,0.342328,0.320084,0,0,0,0;
2.87, -0.443031,1.76276,0.0291524,0,0,0,0;
2.88, 2.86555,-0.705495,-0.331098,0,0,0,0;
2.89, -2.249,-0.318214,-0.118234,0,0,0,0;
2.9, -0.548553,0.272933,-0.0637115,0,0,0,0;
2.91, 5.40545,-0.593561,0.0915638,0,0,0,0;
2.92, -0.0682113,-0.278056,0.14357,0,0,0,0;
2.93, -1.79575,0.90874,0.178699,0,0,0,0;
2.94, -1.64365,-0.19641,-0.0341542,0,0,0,0;
2.95, -2.28756,-0.274977,-0.102112,0,0,0,0;
2.96, -2.53712,-0.293891,-0.150936,0,0,0,0;
2.97, 3.36685,0.187511,-0.132189,0,0,0,0;
2.98, 7.20397,0.215779,0.0150012,0,0,0,0;
2.99, -0.410832,-0.210735,0.0548737,0,0,0,0;
3, -4.00358,0.175677,0.157489,0,0,0,0;
3.01, -4.0757,-0.0259474,0.231074,0,0,0,0;
3.02, 0.332648,-0.0662918,0.0742585,0,0,0,0;
3.03, 3.26935,-0.173854,-0.176128,0,0,0,0;
3.04, -0.415377,-0.0209535,-0.276234,0,0,0,0;
3.05, -0.706566,0.0825913,-0.0837556,0,0,0,0;
3.06, 1.90898,-0.053673,0.0387038,0,0,0,0;
3.07, -0.980347,0.161263,0.0954275,0,0,0,0;
3.08, -4.37298,0.103272,0.146756,0,0,0,0;
3.09, 3.71664,-0.083125,0.0774604,0,0,0,0;
3.1, 0.495634,0.02157,-0.0408292,0,0,0,0;
3.11, 1.01861,0.048242,-0.0360717,0,0,0,0;
3.12, 0.850209,-0.268779,-0.0584388,0,0,0,0;
3.13, -2.04302,0.102947,-0.0747027,0,0,0,0;
3.14, -0.343675,0.0915764,0.0550432,0,0,0,0;
3.15, 1.71887,-0.238822,0.119837,0,0,0,0;
3.16, -2.59898,-0.0943461,-0.0491402,0,0,0,0;
3.17, 1.29763,0.201822,-0.0421969,0,0,0,0;
3.18, -0.198895,0.457458,0.0633212,0,0,0,0;
3.19, -1.27711,-0.564139,-0.00167151,0,0,0,0;
3.2, 2.08289,-0.428382,-0.0483469,0,0,0,0;
3.21, 1.90911,0.55355,-0.0397913,0,0,0,0;
3.22, -2.53693,-0.228679,0.0146862,0,0,0,0;
3.23, -4.11265,0.166389,0.0515223,0,0,0,0;
3.24, 4.01549,0.450068,-0.0524806,0,0,0,0;
3.25, -2.32531,0.282201,-0.102908,0,0,0,0;
3.26, 3.3704,-1.2053,0.152854,0,0,0,0;
3.27, -2.52139,0.22684,0.146098,0,0,0,0;
3.28, 1.1816,0.225453,-0.0199807,0,0,0,0;
3.29, 1.26059,-0.0456676,-0.213246,0,0,0,0;
3.3, -0.712397,-0.744466,0.0208693,0,0,0,0;
3.31, 2.1,0.524218,0.118936,0,0,0,0;
3.32, 2.80703,1.3391,0.0336201,0,0,0,0;
3.33, -4.07919,-0.451241,0.079251,0,0,0,0;
3.34, -6.3758,-1.01981,-0.0828277,0,0,0,0;
3.35, 7.336,-0.879531,-0.104094,0,0,0,0;
3.36, 6.14653,1.15797,-0.13413,0,0,0,0;
3.37, -14.5913,0.407284,-0.0825113,0,0,0,0;
3.38, 2.93032,-0.427931,0.144295,0,0,0,0;
3.39, -3.81487,0.0577308,0.443331,0,0,0,0;
3.4, 7.2747,-0.0707011,-0.0437821,0,0,0,0;
3.41, 3.75952,0.756898,-0.544038,0,0,0,0;
3.42, -8.21795,0.216641,-0.0776959,0,0,0,0;
3.43, 8.3643,-0.961437,0.153063,0,0,0,0;
3.44, -1.43235,-0.831865,-0.00111691,0,0,0,0;
3.45, -3.97334,-0.19454,0.0322394,0,0,0,0;
3.46, 5.43875,1.34926,0.219726,0,0,0,0;
3.47, 0.903477,1.25433,0.272578,0,0,0,0;
3.48, -9.04717,-0.73932,-0.0342275,0,0,0,0;
3.49, -3.09501,-0.823274,-0.0310557,0,0,0,0;
3.5, 7.00761,0.152528,-0.182733,0,0,0,0;
3.51, 2.07104,-0.708298,-0.589927,0,0,0,0;
3.52, 2.37131,0.618633,-0.211276,0,0,0,0;
3.53, -3.4277,0.460344,0.176816,0,0,0,0;
3.54, -2.51114,-0.139144,0.384971,0,0,0,0;
3.55, 0.00279003,-0.15373,0.447513,0,0,0,0;
3.56, -1.32841,-0.565095,0.136342,0,0,0,0;
3.57, 2.15924,0.704483,-0.0591198,0,0,0,0;
3.58, 0.735277,-0.376628,-0.434732,0,0,0,0;
3.59, -2.12287,0.0568731,-0.298044,0,0,0,0;
3.6, 3.41425,0.384513,0.0128106,0,0,0,0;
3.61, 4.80214,0.505094,0.152403,0,0,0,0;
3.62, -4.11959,-0.690549,0.1945,0,0,0,0;
3.63, -1.20307,0.119397,0.130127,0,0,0,0;
3.64, -2.49924,-0.317141,0.0577271,0,0,0,0;
3.65, -0.548634,-0.544229,-0.0905789,0,0,0,0;
3.66, 0.653178,0.178649,-0.186016,0,0,0,0;
3.67, 0.302299,1.17289,-0.195254,0,0,0,0;
3.68, 1.5466,0.297567,-0.0876817,0,0,0,0;
3.69, 1.13829,-1.00365,0.0921542,0,0,0,0;
3.7, 2.36711,-0.113028,0.195447,0,0,0,0;
3.71, -0.955914,0.0716739,0.196409,0,0,0,0;
3.72, -5.65175,0.0356971,0.0696378,0,0,0,0;
3.73, -0.330502,0.355221,-0.0402478,0,0,0,0;
3.74, 0.224428,-0.121903,-0.132302,0,0,0,0;
3.75, 4.90872,-0.150288,-0.231404,0,0,0,0;
3.76, 3.30725,-0.287626,-0.0973758,0,0,0,0;
3.77, -4.09232,0.374441,0.108633,0,0,0,0;
3.78, -0.0247288,0.256035,0.148787,0,0,0,0;
3.79, 0.267717,-0.322485,0.182787,0,0,0,0;
3.8, -3.12883,-0.147747,0.0673257,0,0,0,0;
3.81, 0.802184,0.113018,-0.0516248,0,0,0,0;
3.82, 1.3936,-0.0178879,-0.169641,0,0,0,0;
3.83, -1.16822,-0.22424,-0.143878,0,0,0,0;
3.84, -0.50192,-0.213521,-0.0346415,0,0,0,0;
3.85, 0.998536,0.492003,0.102839,0,0,0,0;
3.86, 1.58408,0.143047,0.0143644,0,0,0,0;
3.87, -0.713664,0.00467414,0.0477912,0,0,0,0;
3.88, -2.79373,-0.0133292,0.00121811,0,0,0,0;
3.89, 1.04159,-0.356599,0.0400362,0,0,0,0;
3.9, 4.56943,-0.271319,0.0694621,0,0,0,0;
3.91, -6.91084,0.448955,0.00270829,0,0,0,0;
3.92, 3.22664,-0.148543,-0.0703008,0,0,0,0;
3.93, 1.95295,0.0981884,-0.105641,0,0,0,0;
3.94, 2.17553,0.587701,0.0682827,0,0,0,0;
3.95, 0.472708,-0.58791,0.0449311,0,0,0,0;
3.96, -5.21254,0.537415,0.0109907,0,0,0,0;
3.97, -2.77157,-0.755677,0.14305,0,0,0,0;
3.98, 1.201,0.182844,-0.0284955,0,0,0,0;
3.99, 1.30961,0.193424,-0.24603,0,0,0,0;
4, 3.36247,-0.39307,-0.159955,0,0,0,0;
4.01, -2.24017,-0.167124,0.0636037,0,0,0,0;
4.02, -0.996066,-0.0236551,0.126709,0,0,0,0;
4.03, 2.81416,0.330959,0.238417,0,0,0,0;
4.04, -4.93712,0.662767,0.126368,0,0,0,0;
4.05, 3.52533,-1.07354,-0.151022,0,0,0,0;
4.06, 3.70482,0.733436,-0.119753,0,0,0,0;
4.07, -3.70609,0.163455,-0.198133,0,0,0,0;
4.08, 2.71945,-1.94896,0.00380673,0,0,0,0;
4.09, -3.03706,1.49098,0.119999,0,0,0,0;
4.1, 0.516829,0.864855,0.0766886,0,0,0,0;
4.11, -3.95527,-0.179691,0.219688,0,0,0,0;
4.12, -0.259199,-1.55315,0.000952765,0,0,0,0;
4.13, -1.49406,-0.677207,-0.408247,0,0,0,0;
4.14, 0.751763,1.16014,-0.225937,0,0,0,0;
4.15, 5.37213,1.48064,-0.0453131,0,0,0,0;
4.16, 3.48651,0.974334,0.157751,0,0,0,0;
4.17, -2.0651,-0.878058,0.402298,0,0,0,0;
4.18, 1.72437,-0.950442,0.26024,0,0,0,0;
4.19, -1.70321,-1.55093,0.261787,0,0,0,0;
4.2, -1.86098,0.265471,-0.177156,0,0,0,0;
4.21, 1.32464,0.0803258,-0.347177,0,0,0,0;
4.22, -4.83386,0.522465,-0.539758,0,0,0,0;
4.23, -2.63791,1.24769,-0.205436,0,0,0,0;
4.24, 2.82961,0.297881,0.149291,0,0,0,0;
4.25, 4.74563,-0.427648,0.143863,0,0,0,0;
4.26, 3.18207,-0.919836,0.347342,0,0,0,0;
4.27, -3.64553,0.0817986,0.495142,0,0,0,0;
4.28, -2.76543,-0.787812,0.0832558,0,0,0,0;
4.29, 1.43887,0.143715,-0.472337,0,0,0,0;
4.3, -3.7167,1.64641,-0.353393,0,0,0,0;
4.31, 1.36565,0.253352,-0.0637206,0,0,0,0;
4.32, 5.45311,-0.437302,-0.0309314,0,0,0,0;
4.33, -5.30091,-0.781182,0.0936957,0,0,0,0;
4.34, -1.77736,0.298245,0.324148,0,0,0,0;
4.35, 6.34576,-0.566907,0.046729,0,0,0,0;
4.36, -2.70264,0.711934,-0.125286,0,0,0,0;
4.37, 3.79886,0.155234,0.0936072,0,0,0,0;
4.38, -1.2382,-0.657758,-0.0173647,0,0,0,0;
4.39, -2.27097,-0.282712,-0.0236555,0,0,0,0;
4.4, -1.50595,-9.46596e-06,-0.0254071,0,0,0,0;
4.41, -0.603738,0.964852,-0.158034,0,0,0,0;
4.42, 1.33685,0.144938,-0.129966,0,0,0,0;
4.43, 2.11411,-0.626895,0.070862,0,0,0,0;
4.44, -1.65817,-0.0820475,-6.91861e-05,0,0,0,0;
4.45, -4.30598,0.287103,0.0565196,0,0,0,0;
4.46, 3.1706,0.170075,0.185984,0,0,0,0;
4.47, 4.30866,0.419396,0.0479445,0,0,0,0;
4.48, -2.09836,-0.382422,-0.0486934,0,0,0,0;
4.49, 0.25501,-0.415118,-0.00646581,0,0,0,0;
4.5, -0.884078,-0.206414,-0.0774306,0,0,0,0;
4.51, 0.263083,-0.108264,-0.0122551,0,0,0,0;
4.52, -1.97747,0.657658,0.0478334,0,0,0,0;
4.53, 0.106207,-0.503614,-0.0189695,0,0,0,0;
4.54, 1.24326,-0.211095,-0.0908005,0,0,0,0;
4.55, 0.193494,0.75282,-0.0517548,0,0,0,0;
4.56, 0.63006,-0.310394,0.0654326,0,0,0,0;
4.57, -0.595729,-0.162896,0.148595,0,0,0,0;
4.58, -0.371146,0.15376,0.0224558,0,0,0,0;
4.59, 0.0412044,0.48389,0.0408206,0,0,0,0;
4.6, 0.122397,-0.0447944,-0.11827,0,0,0,0;
4.61, 0.122939,-0.38407,-0.0414874,0,0,0,0;
4.62, 2.817,0.0338318,-0.132164,0,0,0,0;
4.63, -3.1798,0.125662,0.00263274,0,0,0,0;
4.64, 0.74122,-0.719406,0.199344,0,0,0,0;
4.65, 1.57944,0.0990946,0.134007,0,0,0,0;
4.66, -2.94548,1.19014,-0.0732315,0,0,0,0;
4.67, -1.92526,-0.190427,-0.155979,0,0,0,0;
4.68, 3.41801,-1.33598,0.028129,0,0,0,0;
4.69, -2.1082,-0.38237,-0.00244004,0,0,0,0;
4.7, -2.22812,0.830394,0.0207342,0,0,0,0;
4.71, 3.51442,0.265743,-0.101178,0,0,0,0;
4.72, 2.4872,-0.294435,0.138563,0,0,0,0;
4.73, 0.271176,0.536079,0.0915654,0,0,0,0;
4.74, -0.537774,0.801257,-0.0307107,0,0,0,0;
4.75, -2.06639,-0.0816573,-0.080407,0,0,0,0;
4.76, 0.364645,-1.46097,-0.05962,0,0,0,0;
4.77, 1.44403,-0.795906,-0.01404,0,0,0,0;
4.78, -4.43078,1.15301,0.039,0,0,0,0;
4.79, -0.936911,0.748114,0.158364,0,0,0,0;
4.8, 4.53193,-0.712808,-0.0109754,0,0,0,0;
4.81, 0.447307,-0.569841,-0.0963262,0,0,0,0;
4.82, -4.35423,1.02076,-0.121084,0,0,0,0;
4.83, 2.38387,0.0188092,-0.0286393,0,0,0,0;
4.84, 0.0227277,-0.617406,-0.00199242,0,0,0,0;
4.85, 3.00038,0.391764,0.0600035,0,0,0,0;
4.86, -1.14919,-0.0306314,0.145883,0,0,0,0;
4.87, 0.882174,-0.334179,0.0158497,0,0,0,0;
4.88, -5.39813,-0.30522,0.0338896,0,0,0,0;
4.89, 4.70464,0.28225,0.0502858,0,0,0,0;
4.9, 4.84705,1.14638,-0.0670895,0,0,0,0;
4.91, -7.82677,-0.646578,-0.268528,0,0,0,0;
4.92, 1.59808,-0.0522999,-0.0478894,0,0,0,0;
4.93, -2.98508,-0.751437,0.345481,0,0,0,0;
4.94, -1.14022,0.880791,0.0892752,0,0,0,0;
4.95, 2.72687,0.0915968,-0.216892,0,0,0,0;
4.96, 1.5099,-1.28479,-0.150861,0,0,0,0;
4.97, -1.54464,0.104938,-0.0456441,0,0,0,0;
4.98, 1.10609,0.686132,-0.0117325,0,0,0,0;
4.99, -1.02249,0.821008,0.0670666,0,0,0,0;
5, 4.08394,-0.657843,0.134654,0,0,0,0;
5.01, -0.534509,-0.0318264,0.132218,0,0,0,0;
5.02, -0.914096,-0.333141,-0.119874,0,0,0,0;
5.03, -2.08104,0.0875338,0.0741126,0,0,0,0;
5.04, 3.07993,0.900314,0.10928,0,0,0,0;
5.05, -2.39541,-0.858959,0.0030404,0,0,0,0;
5.06, -0.435309,-0.391742,-0.23818,0,0,0,0;
5.07, 1.8809,0.854862,-0.125078,0,0,0,0;
5.08, -4.84779,0.174533,-0.147068,0,0,0,0;
5.09, 0.464722,-0.286824,-0.102831,0,0,0,0;
5.1, 4.69002,-0.27555,0.213766,0,0,0,0;
5.11, -0.731177,-0.0414165,0.339849,0,0,0,0;
5.12, -4.71282,-0.320179,0.253008,0,0,0,0;
5.13, 1.33453,0.450834,0.0395921,0,0,0,0;
5.14, 5.3148,0.574643,-0.303587,0,0,0,0;
5.15, -1.71429,0.00770608,-0.364698,0,0,0,0;
5.16, 1.09324,-0.359285,-0.160584,0,0,0,0;
5.17, -1.3134,-0.970159,0.126221,0,0,0,0;
5.18, -0.689826,0.534145,0.282574,0,0,0,0;
5.19, -5.38088,0.261146,0.16462,0,0,0,0;
5.2, 3.71101,0.226343,0.0426536,0,0,0,0;
5.21, 3.8566,-0.302621,-0.0910509,0,0,0,0;
5.22, 2.32299,0.304662,-0.0746944,0,0,0,0;
5.23, -0.208007,0.0502253,-0.094645,0,0,0,0;
5.24, -5.3145,-0.531461,-0.00833397,0,0,0,0;
5.25, -3.80234,0.273298,0.00602303,0,0,0,0;
5.26, 0.470615,0.369987,-0.0832663,0,0,0,0;
5.27, 3.59738,-0.617212,-0.0177633,0,0,0,0;
5.28, -3.36156,-0.0578588,-0.0115008,0,0,0,0;
5.29, 2.01373,0.219818,0.102066,0,0,0,0;
5.3, 4.0508,0.119582,0.159892,0,0,0,0;
5.31, 4.13109,-0.0935309,0.011653,0,0,0,0;
5.32, -3.19315,-0.159516,0.0205955,0,0,0,0;
5.33, -4.43387,0.164956,-0.00925029,0,0,0,0;
5.34, -3.75358,0.294833,-0.0243261,0,0,0,0;
5.35, 4.10844,0.0396238,-0.100945,0,0,0,0;
5.36, 3.50887,-0.54192,-0.226652,0,0,0,0;
5.37, -2.85193,-0.0154154,-0.024412,0,0,0,0;
5.38, 0.0418065,-0.264655,0.157393,0,0,0,0;
5.39, 1.29086,0.353663,0.0994555,0,0,0,0;
5.4, -2.87166,0.178354,0.0144633,0,0,0,0;
5.41, 0.130031,0.1462,0.176637,0,0,0,0;
5.42, 1.34545,0.0249489,0.00395995,0,0,0,0;
5.43, 2.31442,0.250073,-0.0842104,0,0,0,0;
5.44, -3.45059,0.00907731,-0.134547,0,0,0,0;
5.45, 2.24635,-0.901683,-0.0980152,0,0,0,0;
5.46, 3.65194,-0.0999897,-0.172549,0,0,0,0;
5.47, -5.33121,0.905925,0.134675,0,0,0,0;
5.48, 2.10252,0.136664,0.305494,0,0,0,0;
5.49, 0.691624,-0.917954,0.104263,0,0,0,0;
5.5, -6.89759,-0.625171,-0.170207,0,0,0,0;
5.51, 2.00311,0.757269,0.0967767,0,0,0,0;
5.52, 3.42772,0.785716,-0.14781,0,0,0,0;
5.53, -0.757591,-0.67297,-0.190997,0,0,0,0;
5.54, -2.25246,-0.339313,0.0116606,0,0,0,0;
5.55, 3.09139,0.41681,0.00604765,0,0,0,0;
5.56, 2.06648,-0.322659,0.139362,0,0,0,0;
5.57, -0.448034,0.344689,0.14939,0,0,0,0;
5.58, 0.237933,1.44633,0.0659708,0,0,0,0;
5.59, -2.97784,-0.672319,-0.16793,0,0,0,0;
5.6, -3.08371,-0.132266,-0.00269684,0,0,0,0;
5.61, 1.69143,-0.853016,0.00193326,0,0,0,0;
5.62, 2.47724,-1.37313,-0.301929,0,0,0,0;
5.63, 2.89522,0.436475,-0.173206,0,0,0,0;
5.64, -4.59117,1.61116,0.369996,0,0,0,0;
5.65, -2.31576,0.373023,0.392926,0,0,0,0;
5.66, 1.48606,-0.326436,0.138967,0,0,0,0;
5.67, 0.291226,-0.700924,-0.269559,0,0,0,0;
5.68, 6.6487,0.669589,-0.225081,0,0,0,0;
5.69, -1.45174,-0.0348556,-0.282433,0,0,0,0;
5.7, -0.715048,-1.1738,0.0448418,0,0,0,0;
5.71, -3.57134,0.862914,0.196761,0,0,0,0;
5.72, -0.123467,-0.5345,0.181821,0,0,0,0;
5.73, 1.59336,-0.234109,0.176404,0,0,0,0;
5.74, -1.82612,0.709036,-0.0660282,0,0,0,0;
5.75, -2.64783,0.444703,-0.0474714,0,0,0,0;
5.76, 2.3913,-0.509587,-0.180658,0,0,0,0;
5.77, 1.33595,0.0439282,-0.286254,0,0,0,0;
5.78, 2.45446,-0.342243,-0.090881,0,0,0,0;
5.79, -2.86422,-0.968202,0.100398,0,0,0,0;
5.8, -8.29174,1.20819,0.137321,0,0,0,0;
5.81, 6.46123,0.999154,0.122713,0,0,0,0;
5.82, 5.42875,-0.524711,0.142074,0,0,0,0;
5.83, 2.29628,0.0730005,0.204762,0,0,0,0;
5.84, -2.7459,-0.408464,-0.0428385,0,0,0,0;
5.85, -3.19832,-0.842826,-0.208186,0,0,0,0;
5.86, 0.194774,0.360585,-0.10946,0,0,0,0;
5.87, 2.86727,1.18612,-0.0287129,0,0,0,0;
5.88, 0.790064,0.0019055,0.00247277,0,0,0,0;
5.89, -5.94036,-0.110867,-0.00183805,0,0,0,0;
5.9, 1.12256,-0.430285,0.00550552,0,0,0,0;
5.91, 0.281304,-0.59426,0.0505725,0,0,0,0;
5.92, -0.886713,-0.148005,0.00826379,0,0,0,0;
5.93, 1.95063,0.328219,0.0218566,0,0,0,0;
5.94, 2.03375,-0.0733456,-0.0582522,0,0,0,0;
5.95, -1.56652,0.366666,0.0409905,0,0,0,0;
5.96, -6.20331,0.464129,0.0742829,0,0,0,0;
5.97, 6.01992,-0.357506,-0.0430145,0,0,0,0;
5.98, 3.29232,0.183714,-0.154185,0,0,0,0;
5.99, -1.37847,-0.335027,0.023224,0,0,0,0;
6, -3.32292,-0.122849,0.123277,0,0,0,0;
6.01, 0.840351,-0.568166,0.0313839,0,0,0,0;
6.02, 0.239665,-0.1424,-0.004673,0,0,0,0;
6.03, 0.0929617,1.08804,0.011061,0,0,0,0;
6.04, -0.776166,0.156195,-0.029569,0,0,0,0;
6.05, -0.17431,-0.0324574,-0.0743656,0,0,0,0;
6.06, 3.4366,0.0957081,0.00697884,0,0,0,0;
6.07, 0.671699,-0.450768,-0.129131,0,0,0,0;
6.08, -1.26686,-0.423961,0.0593162,0,0,0,0;
6.09, -4.94831,-0.083378,0.167535,0,0,0,0;
6.1, 0.128561,0.0864135,0.201093,0,0,0,0;
6.11, 0.725144,0.232144,-0.0585182,0,0,0,0;
6.12, 1.41609,0.124333,-0.30476,0,0,0,0;
6.13, -0.681034,-0.0254885,-0.211101,0,0,0,0;
6.14, 2.18556,0.784389,0.100635,0,0,0,0;
6.15, 0.117964,-0.420462,0.20048,0,0,0,0;
6.16, 3.67629,-0.437321,0.141676,0,0,0,0;
6.17, 0.986732,0.279781,0.0218156,0,0,0,0;
6.18, -7.6485,0.155426,0.0273527,0,0,0,0;
6.19, 2.86358,-0.410632,0.0863146,0,0,0,0;
6.2, -0.820443,-0.502688,-0.233534,0,0,0,0;
6.21, -1.92437,0.600523,-0.128812,0,0,0,0;
6.22, 1.1009,-0.381395,0.0222324,0,0,0,0;
6.23, -0.278466,-0.503822,-0.0852777,0,0,0,0;
6.24, -1.59503,1.26276,-0.0128788,0,0,0,0;
6.25, 6.32482,0.220356,0.156188,0,0,0,0;
6.26, -5.01626,-0.195047,0.101176,0,0,0,0;
6.27, -3.92592,0.0487382,0.112807,0,0,0,0;
6.28, 5.95634,-0.237452,-0.0447344,0,0,0,0;
6.29, -0.0147235,-0.550767,-0.237883,0,0,0,0;
6.3, -0.609829,-0.787511,-0.10573,0,0,0,0;
6.31, 4.37945,0.190208,0.114831,0,0,0,0;
6.32, 1.92237,1.17462,0.0921371,0,0,0,0;
6.33, -1.48608,0.711284,0.314261,0,0,0,0;
6.34, -6.64099,-0.77003,-0.0468615,0,0,0,0;
6.35, -0.631579,-0.426134,-0.177247,0,0,0,0;
6.36, 0.248581,-0.0979615,-0.0262552,0,0,0,0;
6.37, -3.49618,0.124474,-0.294329,0,0,0,0;
6.38, 1.60221,-0.743009,0.106946,0,0,0,0;
6.39, 4.32377,1.06741,-0.10106,0,0,0,0;
6.4, 3.40344,1.36786,-0.102551,0,0,0,0;
6.41, -1.19919,-1.29071,0.228597,0,0,0,0;
6.42, -3.40302,0.124646,0.253173,0,0,0,0;
6.43, 4.97606,-0.538654,0.212072,0,0,0,0;
6.44, 0.574612,-0.0105498,-0.0447195,0,0,0,0;
6.45, -4.31207,-0.536974,-0.095082,0,0,0,0;
6.46, -3.1498,-0.0935623,-0.249564,0,0,0,0;
6.47, -1.3731,0.717932,-0.377854,0,0,0,0;
6.48, 4.02249,-0.107985,0.01663,0,0,0,0;
6.49, -5.12319,0.74652,0.146091,0,0,0,0;
6.5, 5.33179,0.0891785,0.259572,0,0,0,0;
6.51, 2.69718,-0.7629,0.28114,0,0,0,0;
6.52, -1.23967,0.537558,0.129684,0,0,0,0;
6.53, -3.65358,-0.453792,-0.281808,0,0,0,0;
6.54, 1.64054,-0.269686,-0.299149,0,0,0,0;
6.55, 5.68594,0.695941,-0.176581,0,0,0,0;
6.56, -3.94979,-1.04708,0.134282,0,0,0,0;
6.57, 0.935717,0.290255,0.207014,0,0,0,0;
6.58, 0.596979,0.199654,0.131995,0,0,0,0;
6.59, -6.32133,0.723422,0.0532496,0,0,0,0;
6.6, 3.33497,0.278271,0.0764618,0,0,0,0;
6.61, 1.70914,-0.171424,-0.341303,0,0,0,0;
6.62, -1.82638,-0.0965272,-0.153678,0,0,0,0;
6.63, -3.06606,-0.675225,0.0297077,0,0,0,0;
6.64, 0.223318,0.027941,0.0586653,0,0,0,0;
6.65, 1.09415,-0.661709,0.0662752,0,0,0,0;
6.66, 5.01217,0.557701,0.0455513,0,0,0,0;
6.67, -1.76595,0.190515,0.1422,0,0,0,0;
6.68, 1.68731,-0.0820739,0.0285777,0,0,0,0;
6.69, 2.64418,0.276427,-0.139665,0,0,0,0;
6.7, -6.11897,0.427874,0.0543603,0,0,0,0;
6.71, 0.759039,-0.635125,-0.0670469,0,0,0,0;
6.72, -0.220664,0.0988635,-0.215462,0,0,0,0;
6.73, -4.28137,-0.608047,-0.0384076,0,0,0,0;
6.74, 1.33507,0.097252,0.141423,0,0,0,0;
6.75, 6.34,1.06122,0.293576,0,0,0,0;
6.76, -4.64659,-0.293168,0.110408,0,0,0,0;
6.77, 3.4301,-0.495966,-0.0623938,0,0,0,0;
6.78, 2.00587,-0.125736,-0.241355,0,0,0,0;
6.79, -1.29489,0.754599,-0.191205,0,0,0,0;
6.8, -5.34401,0.107941,-0.0367134,0,0,0,0;
6.81, -0.847777,-0.618176,0.199433,0,0,0,0;
6.82, -1.79786,0.0733782,0.177264,0,0,0,0;
6.83, 6.68222,-0.113134,-0.123319,0,0,0,0;
6.84, -0.0837531,-0.0813588,-0.0414196,0,0,0,0;
6.85, 0.775158,0.00839569,-0.0270062,0,0,0,0;
6.86, 1.31144,0.778617,0.055726,0,0,0,0;
6.87, -1.85899,-0.000464916,0.0960172,0,0,0,0;
6.88, -3.0404,-0.742887,-0.0535632,0,0,0,0;
6.89, 0.798147,-0.00850609,0.10503,0,0,0,0;
6.9, -1.24797,-0.692001,-0.131191,0,0,0,0;
6.91, -0.0805771,0.439222,-0.137335,0,0,0,0;
6.92, 3.17159,1.07268,0.0163252,0,0,0,0;
6.93, -0.862404,0.110753,0.0627884,0,0,0,0;
6.94, 1.38274,-0.512582,0.116818,0,0,0,0;
6.95, 1.14847,0.117838,0.0774024,0,0,0,0;
6.96, -4.87563,-0.311203,0.00676271,0,0,0,0;
6.97, 0.963018,-0.477274,-0.106539,0,0,0,0;
6.98, -1.97088,-0.0106561,-0.106908,0,0,0,0;
6.99, 4.00834,-0.0236696,-0.0625103,0,0,0,0;
7, 0.432997,0.00538271,-0.01527,0,0,0,0;
7.01, 0.227966,0.657169,-0.0358626,0,0,0,0;
7.02, -0.621044,0.00814492,0.18758,0,0,0,0;
7.03, -2.16282,-0.07433,0.15234,0,0,0,0;
7.04, 0.22261,-0.267868,0.079339,0,0,0,0;
7.05, -2.58972,0.378937,-0.0961238,0,0,0,0;
7.06, 4.24401,-0.00986105,-0.176179,0,0,0,0;
7.07, 3.68228,-0.319228,-0.143489,0,0,0,0;
7.08, -2.62368,0.35476,0.0604626,0,0,0,0;
7.09, -5.04805,-0.203377,0.012167,0,0,0,0;
7.1, 0.982223,-1.14377,0.075779,0,0,0,0;
7.11, 3.86656,0.737533,0.188451,0,0,0,0;
7.12, 0.668199,0.521599,-0.0136153,0,0,0,0;
7.13, 0.120727,0.25838,-0.160867,0,0,0,0;
7.14, -1.02111,-0.481921,0.0654228,0,0,0,0;
7.15, -5.09368,-0.249634,0.01719,0,0,0,0;
7.16, 6.50849,0.153149,-0.156537,0,0,0,0;
7.17, -6.37693,-0.529988,-0.0895033,0,0,0,0;
7.18, 2.88699,0.939776,0.103059,0,0,0,0;
7.19, 6.32688,0.894128,0.0253661,0,0,0,0;
7.2, -6.88043,-0.987219,0.138029,0,0,0,0;
7.21, 1.13689,-0.499715,0.105926,0,0,0,0;
7.22, -3.45998,-0.543803,0.0711294,0,0,0,0;
7.23, 0.92014,0.888308,-0.19,0,0,0,0;
7.24, 7.56284,1.00536,-0.306407,0,0,0,0;
7.25, -3.92653,-0.642095,-0.125075,0,0,0,0;
7.26, -0.110504,-0.333911,0.231457,0,0,0,0;
7.27, 0.985807,-0.0284079,0.273776,0,0,0,0;
7.28, -0.847712,-1.2401,0.267501,0,0,0,0;
7.29, -2.86911,0.540317,-0.0139017,0,0,0,0;
7.3, -2.43697,1.0043,-0.205069,0,0,0,0;
7.31, 3.56552,-0.918158,-0.515828,0,0,0,0;
7.32, -0.295824,0.851685,-0.281131,0,0,0,0;
7.33, -0.891431,0.0266798,0.28383,0,0,0,0;
7.34, 4.47347,-0.273078,0.262418,0,0,0,0;
7.35, 4.8941,-0.582058,0.216527,0,0,0,0;
7.36, -5.99788,0.506708,0.203767,0,0,0,0;
7.37, -4.54534,0.843687,-0.113888,0,0,0,0;
7.38, -0.184926,-0.223496,-0.0850141,0,0,0,0;
7.39, 2.57397,-0.0690316,-0.27775,0,0,0,0;
7.4, -0.162528,-0.411853,-0.252687,0,0,0,0;
7.41, 0.622262,-0.460503,0.108937,0,0,0,0;
7.42, -3.89764,0.105079,0.234563,0,0,0,0;
7.43, 3.05258,0.0549339,0.269299,0,0,0,0;
7.44, 8.68002,0.256347,-0.0710574,0,0,0,0;
7.45, -6.39383,0.0618077,-0.19815,0,0,0,0;
7.46, 2.19127,0.0153486,0.0264291,0,0,0,0;
7.47, -3.3862,-0.293039,-0.0258441,0,0,0,0;
7.48, -1.43211,0.325342,0.103186,0,0,0,0;
7.49, 3.23889,-0.599694,-0.0912654,0,0,0,0;
7.5, -0.778421,0.259915,-0.104672,0,0,0,0;
7.51, -1.44894,0.525773,0.0334951,0,0,0,0;
7.52, -2.24885,-0.218983,0.0315922,0,0,0,0;
7.53, -1.56361,0.158046,0.185371,0,0,0,0;
7.54, 2.76611,-0.131979,-0.0949042,0,0,0,0;
7.55, 2.99058,-0.111056,-0.143938,0,0,0,0;
7.56, -0.477873,0.174526,-0.0590381,0,0,0,0;
7.57, -4.18051,-0.682957,0.0998958,0,0,0,0;
7.58, 3.85001,-0.175076,0.0788887,0,0,0,0;
7.59, 4.61115,1.09757,0.132665,0,0,0,0;
7.6, 0.178101,0.0324655,0.0590271,0,0,0,0;
7.61, -9.47808,-0.392424,-0.0890584,0,0,0,0;
7.62, 0.632807,0.127755,-0.0376235,0,0,0,0;
7.63, 2.69985,0.260543,-0.0393962,0,0,0,0;
7.64, 1.33543,-0.745322,-0.131227,0,0,0,0;
7.65, 0.764604,0.205676,-0.140059,0,0,0,0;
7.66, 4.50397,0.253329,-0.0072889,0,0,0,0;
7.67, -3.46698,-0.183928,0.20679,0,0,0,0;
7.68, -3.68991,0.0656953,0.26556,0,0,0,0;
7.69, -1.82509,0.318571,0.068911,0,0,0,0;
7.7, -0.886085,-0.113089,-0.129975,0,0,0,0;
7.71, 2.14666,-0.741513,-0.227336,0,0,0,0;
7.72, 2.30856,-0.220083,-0.252892,0,0,0,0;
7.73, -1.54479,0.59204,-0.00773294,0,0,0,0;
7.74, 1.69797,0.34138,0.205546,0,0,0,0;
7.75, 1.37256,-0.627959,0.204461,0,0,0,0;
7.76, -1.31889,0.109453,0.14333,0,0,0,0;
7.77, 0.530725,0.291931,0.045924,0,0,0,0;
7.78, -3.47892,-0.0523724,-0.13508,0,0,0,0;
7.79, 0.637949,0.174553,-0.163188,0,0,0,0;
7.8, 2.56934,-0.200827,-0.171685,0,0,0,0;
7.81, 1.75601,0.681404,-0.154937,0,0,0,0;
7.82, -1.72579,0.480521,0.261889,0,0,0,0;
7.83, -3.91983,-1.10542,0.33569,0,0,0,0;
7.84, 0.947083,0.170375,0.0600865,0,0,0,0;
7.85, 3.10165,-0.561603,-0.100049,0,0,0,0;
7.86, 0.779976,0.211093,-0.241276,0,0,0,0;
7.87, -2.17092,0.182728,-0.125435,0,0,0,0;
7.88, 0.35064,-0.500887,-0.0198867,0,0,0,0;
7.89, 0.275181,0.0408136,0.126359,0,0,0,0;
7.9, -1.62495,1.20282,0.0387908,0,0,0,0;
7.91, 2.92994,-0.076347,0.09578,0,0,0,0;
7.92, 0.333606,-0.942625,0.0717378,0,0,0,0;
7.93, -2.96355,0.098954,0.0967272,0,0,0,0;
7.94, 0.0874509,-0.129401,-0.0570647,0,0,0,0;
7.95, 0.137235,-0.399805,-0.112273,0,0,0,0;
7.96, 0.200502,0.485456,-0.37214,0,0,0,0;
7.97, 2.48351,-0.217996,-0.127183,0,0,0,0;
7.98, -1.04688,1.09672,0.132121,0,0,0,0;
7.99, -1.71307,-0.32265,0.281543,0,0,0,0;
8, -3.01838,-0.914991,0.2334,0,0,0,0;
8.01, 5.34713,1.09191,0.198208,0,0,0,0;
8.02, -2.02817,0.0446482,-0.0965334,0,0,0,0;
8.03, 3.85771,-0.658956,-0.306317,0,0,0,0;
8.04, -6.06845,-0.484434,-0.22756,0,0,0,0;
8.05, 2.73521,1.10456,-0.0434964,0,0,0,0;
8.06, 0.802417,-0.862776,-0.00722552,0,0,0,0;
8.07, 2.02331,0.439919,0.128197,0,0,0,0;
8.08, -3.79106,0.372691,0.214571,0,0,0,0;
8.09, -1.24219,0.0456296,0.222647,0,0,0,0;
8.1, 4.31776,-0.180442,-0.071168,0,0,0,0;
8.11, -1.94847,-0.259718,-0.221207,0,0,0,0;
8.12, -0.998211,-0.83614,-0.0480744,0,0,0,0;
8.13, -2.06408,0.250828,-0.0424849,0,0,0,0;
8.14, -1.33794,0.406144,0.0039524,0,0,0,0;
8.15, 5.46089,-0.56459,0.106047,0,0,0,0;
8.16, 3.68444,0.559281,0.0135261,0,0,0,0;
8.17, -4.83913,0.479284,-0.113358,0,0,0,0;
8.18, 0.120872,-0.116254,0.142286,0,0,0,0;
8.19, 2.34145,-0.196045,-0.0896032,0,0,0,0;
8.2, -0.82199,0.390014,-0.0596792,0,0,0,0;
8.21, -2.20752,0.148847,-0.00281512,0,0,0,0;
8.22, 0.0908515,-0.603508,0.0750387,0,0,0,0;
8.23, 1.18657,-0.0884129,0.0429075,0,0,0,0;
8.24, -3.10204,0.248616,0.0214617,0,0,0,0;
8.25, -3.29542,-0.133855,0.0627391,0,0,0,0;
8.26, 0.580507,-0.178171,-0.215072,0,0,0,0;
8.27, 7.1369,-0.31305,-0.174052,0,0,0,0;
8.28, 0.337939,0.47724,0.0654183,0,0,0,0;
8.29, 0.106931,-0.0286531,0.236555,0,0,0,0;
8.3, 0.235259,0.423765,0.199848,0,0,0,0;
8.31, 1.37439,0.158014,0.0398732,0,0,0,0;
8.32, -1.20649,0.127446,-0.0241874,0,0,0,0;
8.33, -2.31559,-0.519996,-0.168413,0,0,0,0;
8.34, -4.88333,-0.16326,-0.145495,0,0,0,0;
8.35, 0.90282,0.179561,0.0128354,0,0,0,0;
8.36, -0.450181,-1.11524,-0.13906,0,0,0,0;
8.37, 5.13478,0.525444,-0.0357407,0,0,0,0;
8.38, -0.86964,0.282361,-0.000754435,0,0,0,0;
8.39, -2.7844,0.218389,0.153011,0,0,0,0;
8.4, 0.238228,0.347219,0.207626,0,0,0,0;
8.41, 3.13834,-0.168462,0.126734,0,0,0,0;
8.42, 3.58267,-0.285491,-0.119618,0,0,0,0;
8.43, -0.0573527,-0.229712,-0.126103,0,0,0,0;
8.44, -3.14226,0.481626,-0.0392194,0,0,0,0;
8.45, -4.1341,0.349759,-0.0817984,0,0,0,0;
8.46, 1.5348,-0.309059,0.0421382,0,0,0,0;
8.47, -1.30112,-0.355831,0.149498,0,0,0,0;
8.48, -2.4301,-0.798114,0.0350265,0,0,0,0;
8.49, 3.80878,0.627295,-0.0974673,0,0,0,0;
8.5, 4.13903,0.580024,-0.153945,0,0,0,0;
8.51, -0.597798,0.0532674,0.0586691,0,0,0,0;
8.52, -0.153409,-0.431152,0.137104,0,0,0,0;
8.53, -0.159766,-0.0495003,0.110241,0,0,0,0;
8.54, -4.60694,0.242242,0.0508424,0,0,0,0;
8.55, 4.00821,0.104197,-0.1403,0,0,0,0;
8.56, 1.34016,0.232045,-0.238498,0,0,0,0;
8.57, -7.78084,-0.119307,-0.00286853,0,0,0,0;
8.58, 3.07258,-0.650181,0.107061,0,0,0,0;
8.59, -0.0892873,0.299011,-0.0262702,0,0,0,0;
8.6, 4.09514,-0.566023,0.166323,0,0,0,0;
8.61, 1.06364,0.474591,-0.0469829,0,0,0,0;
8.62, -1.40678,0.578211,-0.154315,0,0,0,0;
8.63, 0.177042,0.0247227,0.170249,0,0,0,0;
8.64, -6.95646,-0.542036,0.12316,0,0,0,0;
8.65, 2.29568,-0.707217,-0.0105778,0,0,0,0;
8.66, -1.69118,0.138984,-0.146493,0,0,0,0;
8.67, 3.09918,0.0722122,-0.0979187,0,0,0,0;
8.68, 6.09863,1.84818,-0.155556,0,0,0,0;
8.69, 4.22,0.106265,0.0764319,0,0,0,0;
8.7, -9.97236,-1.04365,0.261207,0,0,0,0;
8.71, -2.0954,-0.944684,0.199084,0,0,0,0;
8.72, 3.50289,-0.651622,0.0819011,0,0,0,0;
8.73, -2.78287,0.319773,-0.219833,0,0,0,0;
8.74, 0.257385,0.71919,-0.429393,0,0,0,0;
8.75, 0.794133,0.473099,-0.141143,0,0,0,0;
8.76, -2.442,-0.12455,0.19918,0,0,0,0;
8.77, 3.43242,-0.324293,0.102382,0,0,0,0;
8.78, -0.99383,1.20403,0.146306,0,0,0,0;
8.79, 5.80326,0.0207259,0.178705,0,0,0,0;
8.8, 2.95114,-0.714816,0.140057,0,0,0,0;
8.81, -7.02503,-1.10658,-0.0525573,0,0,0,0;
8.82, -3.89582,0.217833,-0.0452218,0,0,0,0;
8.83, 5.30832,0.156385,-0.228901,0,0,0,0;
8.84, -4.63865,-0.243265,-0.15649,0,0,0,0;
8.85, 2.667,1.38201,-0.10527,0,0,0,0;
8.86, -4.39691,0.322739,-0.1607,0,0,0,0;
8.87, 2.36603,-1.46898,0.066048,0,0,0,0;
8.88, 5.19521,0.0626706,0.27857,0,0,0,0;
8.89, -0.625307,0.608842,0.320696,0,0,0,0;
8.9, 0.116503,-0.055284,0.245129,0,0,0,0;
8.91, -1.28573,-0.966015,-0.181801,0,0,0,0;
8.92, -3.37779,0.702398,-0.46691,0,0,0,0;
8.93, -3.85802,-0.0388989,-0.226786,0,0,0,0;
8.94, 7.01553,0.41547,0.0140242,0,0,0,0;
8.95, -2.07986,-0.447111,0.138054,0,0,0,0;
8.96, 4.40908,-0.745639,0.247425,0,0,0,0;
8.97, 1.02596,1.15999,0.159974,0,0,0,0;
8.98, -4.38295,-0.310049,0.136568,0,0,0,0;
8.99, -3.32298,0.618124,0.101868,0,0,0,0;
9, -0.58117,0.122796,-0.28773,0,0,0,0;
9.01, 4.53545,-0.103788,-0.401221,0,0,0,0;
9.02, 1.52341,-1.10063,-0.161295,0,0,0,0;
9.03, -0.806924,-0.106271,0.0792899,0,0,0,0;
9.04, 0.307291,0.939933,0.271622,0,0,0,0;
9.05, -2.52136,-0.108147,0.304682,0,0,0,0;
9.06, -5.17335,-0.232878,0.117862,0,0,0,0;
9.07, 6.08063,0.195151,-0.261404,0,0,0,0;
9.08, 5.20275,-0.0515524,-0.117221,0,0,0,0;
9.09, -2.74274,-0.251619,-0.112793,0,0,0,0;
9.1, -7.32384,0.0450933,0.0263335,0,0,0,0;
9.11, 1.57762,-0.24856,0.0366702,0,0,0,0;
9.12, 6.78731,0.416228,0.021269,0,0,0,0;
9.13, -4.44037,0.364436,0.122787,0,0,0,0;
9.14, -3.4364,-0.737544,0.10645,0,0,0,0;
9.15, 3.64744,0.0173783,-0.0403384,0,0,0,0;
9.16, 6.56513,-0.0510631,-0.0991798,0,0,0,0;
9.17, 0.556894,0.710553,-0.0889071,0,0,0,0;
9.18, -4.8845,-0.419927,0.0251836,0,0,0,0;
9.19, -4.15751,0.554096,0.027979,0,0,0,0;
9.2, -2.24045,0.214088,0.00893897,0,0,0,0;
9.21, 3.17014,-1.35737,-0.0681456,0,0,0,0;
9.22, -0.0857959,0.13116,0.0284955,0,0,0,0;
9.23, 0.254929,0.632691,-0.0193989,0,0,0,0;
9.24, 1.15313,-0.261894,-0.0568443,0,0,0,0;
9.25, 1.44177,-0.0241747,0.0906578,0,0,0,0;
9.26, -2.80808,0.12564,0.0248317,0,0,0,0;
9.27, 1.50703,-0.03081,-0.00293511,0,0,0,0;
9.28, 4.09158,0.722981,0.129323,0,0,0,0;
9.29, -1.68097,-0.484931,0.0657591,0,0,0,0;
9.3, -0.202622,0.0724083,0.0320027,0,0,0,0;
9.31, -2.20274,-0.213879,-0.0705256,0,0,0,0;
9.32, -1.85546,-0.497191,-0.220853,0,0,0,0;
9.33, 2.43935,-0.264985,-0.264358,0,0,0,0;
9.34, -2.28086,0.168066,0.10854,0,0,0,0;
9.35, -3.20759,1.14569,0.249908,0,0,0,0;
9.36, 2.10986,-0.316994,-0.0440223,0,0,0,0;
9.37, 7.34953,0.0850937,-0.0517067,0,0,0,0;
9.38, 1.05591,0.110146,0.146553,0,0,0,0;
9.39, -1.56466,-0.119717,0.0791397,0,0,0,0;
9.4, -3.97251,-0.75839,-0.0138669,0,0,0,0;
9.41, -0.819784,-0.0151879,0.123157,0,0,0,0;
9.42, -1.9811,0.10222,-0.130909,0,0,0,0;
9.43, -3.09152,0.235667,-0.313143,0,0,0,0;
9.44, 4.80927,0.26825,-0.178311,0,0,0,0;
9.45, 4.75472,-0.768689,0.0130641,0,0,0,0;
9.46, -4.37281,0.982081,0.117835,0,0,0,0;
9.47, 4.00317,-0.615015,0.346786,0,0,0,0;
9.48, -3.50613,0.275553,0.352693,0,0,0,0;
9.49, 1.25631,0.216567,-0.0161829,0,0,0,0;
9.5, 0.540431,-0.164705,-0.288606,0,0,0,0;
9.51, -0.568575,0.00497236,-0.310491,0,0,0,0;
9.52, 1.18467,-0.345286,-0.15262,0,0,0,0;
9.53, -3.81758,0.161433,-0.0766016,0,0,0,0;
9.54, -1.42849,0.410618,0.20048,0,0,0,0;
9.55, 1.60734,0.03022,0.333163,0,0,0,0;
9.56, -0.281051,-1.29805,0.182772,0,0,0,0;
9.57, -0.25763,0.773343,-0.0386989,0,0,0,0;
9.58, 1.70521,0.831511,-0.378538,0,0,0,0;
9.59, 0.881151,-0.77555,-0.314059,0,0,0,0;
9.6, -4.21671,0.117059,0.085177,0,0,0,0;
9.61, 4.53684,0.176776,0.256292,0,0,0,0;
9.62, 3.80138,0.1407,0.252819,0,0,0,0;
9.63, -4.57185,-0.53886,0.140992,0,0,0,0;
9.64, 3.2525,-1.04495,-0.0730489,0,0,0,0;
9.65, 0.460929,1.88184,-0.139017,0,0,0,0;
9.66, -2.34288,-0.328085,-0.218906,0,0,0,0;
9.67, -5.93403,-0.36291,-0.0651123,0,0,0,0;
9.68, 2.88884,0.259623,0.0164322,0,0,0,0;
9.69, 2.10721,-0.725644,-0.0129745,0,0,0,0;
9.7, -4.26458,0.333228,0.213993,0,0,0,0;
9.71, 3.58812,1.13909,0.0767983,0,0,0,0;
9.72, -3.40477,-0.358871,-0.0232128,0,0,0,0;
9.73, 2.39704,-0.639441,-0.0903764,0,0,0,0;
9.74, 5.10182,-0.159759,-0.196229,0,0,0,0;
9.75, 3.50269,0.28458,-0.0186329,0,0,0,0;
9.76, -4.9853,-0.555357,0.173836,0,0,0,0;
9.77, -4.40606,0.0152295,0.361744,0,0,0,0;
9.78, 1.76776,0.535457,0.109734,0,0,0,0;
9.79, -3.91704,0.0108537,-0.253999,0,0,0,0;
9.8, 3.60384,0.317442,-0.492994,0,0,0,0;
9.81, 3.69113,-0.450661,-0.319483,0,0,0,0;
9.82, -5.25609,-0.821566,0.15509,0,0,0,0;
9.83, 0.267057,0.916232,0.459617,0,0,0,0;
9.84, 0.109563,0.383653,0.348199,0,0,0,0;
9.85, 2.33099,0.186632,0.00122161,0,0,0,0;
9.86, -0.928676,-0.548195,-0.251956,0,0,0,0;
9.87, 0.116335,-0.257225,-0.23696,0,0,0,0;
9.88, 2.91159,0.0872806,0.0618949,0,0,0,0;
9.89, -3.48558,0.0585931,0.0830423,0,0,0,0;
9.9, 2.13221,0.158624,0.0433301,0,0,0,0;
9.91, 0.0972323,-0.536139,0.106128,0,0,0,0;
9.92, -4.46749,0.319013,0.00865057,0,0,0,0;
9.93, 4.15347,0.360107,-0.205333,0,0,0,0;
9.94, -1.36507,0.259607,-0.150333,0,0,0,0;
9.95, -0.805925,0.636993,0.0190438,0,0,0,0;
9.96, 0.240446,-0.602123,0.09007,0,0,0,0;
9.97, 1.14873,-1.23393,0.10727,0,0,0,0;
9.98, 1.51627,-0.186152,0.153492,0,0,0,0;
9.99, -0.0649968,0.192438,-0.0235157,0,0,0,0;
