0, 0.0304828,-0.00554929,0.00326572,0,0,0,0;
0.01, -0.014723,-0.0221233,0.00574888,0,0,0,0;
0.02, -0.365132,-0.0321888,0.0246516,0,0,0,0;
0.03, -0.994246,-0.0296903,0.0452985,0,0,0,0;
0.04, -1.65585,-0.0642586,0.0563576,0,0,0,0;
0.05, -2.10862,-0.0967919,0.0476047,0,0,0,0;
0.06, -2.20084,-0.0753887,0.0412332,0,0,0,0;
0.07, -2.12768,-0.0242996,0.0462268,0,0,0,0;
0.08, -1.93827,0.00769565,0.055546,0,0,0,0;
0.09, -1.64092,0.00686382,0.0622789,0,0,0,0;
0.1, -1.38837,0.00770122,0.0654093,0,0,0,0;
0.11, -1.13504,0.0253581,0.055268,0,0,0,0;
0.12, -0.959219,0.0164769,0.0355846,0,0,0,0;
0.13, -0.83163,0.00475601,0.0137353,0,0,0,0;
0.14, -0.783445,-0.00237503,-0.00376775,0,0,0,0;
0.15, -0.704102,-0.00586147,-0.0108508,0,0,0,0;
0.16, -0.675967,-0.00821585,-0.00761087,0,0,0,0;
0.17, -0.668901,-0.0125977,-0.000142579,0,0,0,0;
0.18, -0.645292,-0.0163547,0.00683584,0,0,0,0;
0.19, -0.610697,-0.0187543,0.00901271,0,0,0,0;
0.2, -0.565738,-0.0186034,0.00766378,0,0,0,0;
0.21, -0.513248,-0.0203975,0.00316712,0,0,0,0;
0.22, -0.416197,-0.0152874,-0.00200414,0,0,0,0;
0.23, -0.380487,-0.00800119,-0.00573809,0,0,0,0;
0.24, -0.345844,-0.00580142,-0.00464363,0,0,0,0;
0.25, -0.291563,-0.00924431,-0.00127127,0,0,0,0;
0.26, -0.280169,-0.0182213,0.0024868,0,0,0,0;
0.27, -0.277468,-0.0189819,0.00559334,0,0,0,0;
0.28, -0.247189,-0.0195742,0.006801,0,0,0,0;
0.29, -0.221503,-0.0173787,0.00238301,0,0,0,0;
0.3, -0.192868,-0.0182797,-0.00220564,0,0,0,0;
0.31, -0.188656,-0.0238772,-0.00439984,0,0,0,0;
0.32, -0.192503,-0.0242158,-0.00407402,0,0,0,0;
0.33, -0.14781,-0.00758198,-0.00132899,0,0,0,0;
0.34, -0.0974902,-0.00389456,0.00329769,0,0,0,0;
0.35, -0.104182,-0.0120288,0.00452469,0,0,0,0;
0.36, -0.148076,-0.0248367,0.00529876,0,0,0,0;
0.37, -0.156812,-0.0258916,0.00264007,0,0,0,0;
0.38, -0.114584,-0.0253037,-0.000932189,0,0,0,0;
0.39, -0.0805732,-0.0211909,-0.00319326,0,0,0,0;
0.4, -0.109367,-0.0192249,-0.00368782,0,0,0,0;
0.41, -0.105414,-0.0160899,-0.001728,0,0,0,0;
0.42, -0.079395,-0.0140284,0.000224732,0,0,0,0;
0.43, -0.0759633,-0.013144,0.00102989,0,0,0,0;
0.44, -0.0732798,-0.0150145,0.00219218,0,0,0,0;
0.45, -0.0950175,-0.0202144,0.00204362,0,0,0,0;
0.46, -0.0399951,-0.0210798,0.0008033,0,0,0,0;
0.47, -0.046925,-0.0175714,-0.00114391,0,0,0,0;
0.48, -0.0981785,-0.0125055,-0.000920391,0,0,0,0;
0.49, -0.0411151,-0.0198005,0.000849674,0,0,0,0;
0.5, -0.012822,-0.0232935,-0.000867221,0,0,0,0;
0.51, -0.0539488,-0.0177009,-0.0036965,0,0,0,0;
0.52, -0.113512,-0.0225252,-0.00350911,0,0,0,0;
0.53, -0.107212,-0.0206459,0.000385499,0,0,0,0;
0.54, -0.0903352,-0.0247091,0.00383582,0,0,0,0;
0.55, -0.0741059,-0.024186,0.00127944,0,0,0,0;
0.56, 0.00516338,0.000941206,-0.00322256,0,0,0,0;
0.57, 0.0231206,-0.000460231,-0.00470109,0,0,0,0;
0.58, -0.0564766,-0.0280669,-0.00133013,0,0,0,0;
0.59, -0.0468023,-0.0456262,0.00224908,0,0,0,0;
0.6, -0.0511887,-0.0271981,0.00432534,0,0,0,0;
0.61, -0.0635323,-0.0049144,0.00253595,0,0,0,0;
0.62, -0.0396364,-0.00611416,-0.000246697,0,0,0,0;
0.63, -0.0700787,-0.0238768,-0.0042995,0,0,0,0;
0.64, -0.0675915,-0.0298343,-0.0092628,0,0,0,0;
0.65, -0.04201,-0.0349072,-0.00748205,0,0,0,0;
0.66, -0.0676944,-0.0164793,-0.00388558,0,0,0,0;
0.67, -0.0909237,-0.0239796,0.00181131,0,0,0,0;
0.68, -0.0651376,-0.027285,0.00116276,0,0,0,0;
0.69, -0.00429858,-0.000814412,0.000393836,0,0,0,0;
0.7, 0.00489561,0.00242961,-0.00076115,0,0,0,0;
0.71, -0.0424482,-0.00760799,-0.000689367,0,0,0,0;
0.72, -0.0214828,-0.0152797,-0.00180401,0,0,0,0;
0.73, -0.0380745,-0.0169449,-0.00175073,0,0,0,0;
0.74, -0.0717065,-0.0297918,-0.00145425,0,0,0,0;
0.75, -0.0681986,-0.0271662,-0.000642368,0,0,0,0;
0.76, -0.0657221,-0.0219581,-0.00217141,0,0,0,0;
0.77, -0.0260994,-0.015122,-0.00486545,0,0,0,0;
0.78, -0.044749,-0.0151751,-0.00670902,0,0,0,0;
0.79, -0.0124346,-0.0110824,-0.00466031,0,0,0,0;
0.8, -0.0269116,-0.0105434,-0.00265371,0,0,0,0;
0.81, -0.0253403,-0.012586,-0.000459668,0,0,0,0;
0.82, -0.0469801,-0.0125598,0.000869142,0,0,0,0;
0.83, -0.0622858,-0.0181898,-0.000877936,0,0,0,0;
0.84, -0.0508039,-0.0130163,-0.00279554,0,0,0,0;
0.85, -0.0794574,-0.0130155,-0.00369299,0,0,0,0;
0.86, -0.0396785,-0.0136315,-0.00337593,0,0,0,0;
0.87, -0.0137115,-0.0121142,-0.00316388,0,0,0,0;
0.88, -0.0225943,-0.0112254,-0.00209559,0,0,0,0;
0.89, -0.0337213,-0.0138327,-0.00171905,0,0,0,0;
0.9, -0.0679406,-0.0174232,-0.00135115,0,0,0,0;
0.91, -0.0477726,-0.0143709,-0.00180874,0,0,0,0;
0.92, -0.0333803,-0.0152137,-0.00289294,0,0,0,0;
0.93, -0.0561552,-0.0164317,-0.00386343,0,0,0,0;
0.94, -0.0412688,-0.0164589,-0.00311039,0,0,0,0;
0.95, -0.0379511,-0.015195,-0.00128831,0,0,0,0;
0.96, -0.0672036,-0.0168005,-0.000684963,0,0,0,0;
0.97, -0.0328242,-0.0169658,-0.000601402,0,0,0,0;
0.98, -0.0219905,-0.0111186,-0.00186966,0,0,0,0;
0.99, -0.0321634,-0.0159883,-0.00230697,0,0,0,0;
1, -0.0358927,-0.0148116,-0.00234427,0,0,0,0;
1.01, -0.0641528,-0.0138002,-0.00252567,0,0,0,0;
1.02, -0.087864,-0.0199562,-0.00183299,0,0,0,0;
1.03, -0.040359,-0.0207902,-0.00122762,0,0,0,0;
1.04, -0.0184823,-0.0154645,-0.00176281,0,0,0,0;
1.05, -0.0269613,-0.0135452,-0.000379601,0,0,0,0;
1.06, -0.0197661,-0.0141935,-0.000283777,0,0,0,0;
1.07, -0.0275297,-0.0157899,-0.000899275,0,0,0,0;
1.08, -0.0630931,-0.0176745,-0.00146566,0,0,0,0;
1.09, -0.0532325,-0.0189315,-0.00191762,0,0,0,0;
1.1, -0.0129563,-0.0159232,-0.00229857,0,0,0,0;
1.11, -0.0216138,-0.0157228,-0.00260799,0,0,0,0;
1.12, -0.0278603,-0.0193314,-0.00182997,0,0,0,0;
1.13, -0.0509604,-0.0192579,-0.000638763,0,0,0,0;
1.14, -0.0693107,-0.018001,0.000570571,0,0,0,0;
1.15, -0.0732539,-0.0167886,-0.000833317,0,0,0,0;
1.16, -0.0453208,-0.0206592,-0.00190351,0,0,0,0;
1.17, -0.0330806,-0.0143528,-0.00101212,0,0,0,0;
1.18, -0.0262883,-0.0117452,-0.00013171,0,0,0,0;
1.19, -0.0214578,-0.0139982,-0.000726046,0,0,0,0;
1.2, -0.059834,-0.0151213,-0.00231046,0,0,0,0;
1.21, -0.103779,-0.0278734,-0.00173784,0,0,0,0;
1.22, -0.0623141,-0.030786,-0.000496293,0,0,0,0;
1.23, -0.0299063,-0.0196736,-0.000717052,0,0,0,0;
1.24, -0.0105183,-0.0104236,-8.65681e-05,0,0,0,0;
1.25, 0.00257836,-0.00639452,-0.001309,0,0,0,0;
1.26, -0.0142871,-0.0213911,-0.00247317,0,0,0,0;
1.27, -0.0043531,-0.0212341,-0.000333921,0,0,0,0;
1.28, -0.103597,-0.0170228,-0.00157662,0,0,0,0;
1.29, -0.0902198,-0.0299646,-0.00251405,0,0,0,0;
1.3, -0.0615171,-0.0270027,-0.00133734,0,0,0,0;
1.31, -0.0571975,-0.0273397,0.00119119,0,0,0,0;
1.32, -0.00479075,-0.00670768,-0.000979663,0,0,0,0;
1.33, -0.00505943,0.00541863,-0.00452473,0,0,0,0;
1.34, -0.0539876,-0.0184382,-0.00507083,0,0,0,0;
1.35, 0.0142592,-0.0308402,-0.00125005,0,0,0,0;
1.36, -0.0135666,-0.0285023,0.00202703,0,0,0,0;
1.37, -0.0866079,-0.0248465,0.00174619,0,0,0,0;
1.38, -0.0705667,-0.0147344,-0.000675612,0,0,0,0;
1.39, -0.0787925,-0.0052874,-0.00338422,0,0,0,0;
1.4, -0.0618977,-0.00892435,-0.00428999,0,0,0,0;
1.41, -0.0580926,-0.0168609,-0.0059329,0,0,0,0;
1.42, -0.0520627,-0.0175435,-0.00476688,0,0,0,0;
1.43, -0.0111517,-0.014827,-0.000793265,0,0,0,0;
1.44, -0.0332828,-0.00926075,0.000929957,0,0,0,0;
1.45, -0.0842003,-0.0251852,0.000803738,0,0,0,0;
1.46, -0.0435583,-0.020861,-0.000627606,0,0,0,0;
1.47, -0.0488033,-0.0156077,-0.00137195,0,0,0,0;
1.48, -0.0428189,-0.0216996,-0.00302293,0,0,0,0;
1.49, -0.0164808,-0.0202607,-0.00396616,0,0,0,0;
1.5, 0.00382087,-0.00864748,-0.00283595,0,0,0,0;
1.51, -0.0296877,-0.00872642,-0.00216124,0,0,0,0;
1.52, -0.0404662,-0.0133726,-0.00116767,0,0,0,0;
1.53, -0.0589522,-0.0155989,-0.000891355,0,0,0,0;
1.54, -0.0471718,-0.0201475,-0.00189901,0,0,0,0;
1.55, -0.0269102,-0.017568,-0.00367136,0,0,0,0;
1.56, -0.0441642,-0.0139888,-0.00371322,0,0,0,0;
1.57, -0.0650946,-0.0151772,-0.0033254,0,0,0,0;
1.58, -0.08423,-0.0149234,-0.00186091,0,0,0,0;
1.59, -0.0556592,-0.014356,-0.00058168,0,0,0,0;
1.6, -0.031717,-0.016824,-0.000278927,0,0,0,0;
1.61, -0.0190182,-0.0157621,-0.00164474,0,0,0,0;
1.62, -0.016733,-0.0166242,-0.00245853,0,0,0,0;
1.63, -0.039418,-0.0170345,-0.00199762,0,0,0,0;
1.64, -0.0407966,-0.0151309,-0.00188358,0,0,0,0;
1.65, -0.0401265,-0.0138277,-0.00216528,0,0,0,0;
1.66, -0.0700992,-0.0144161,-0.00220204,0,0,0,0;
1.67, -0.0506882,-0.0150015,-0.000956165,0,0,0,0;
1.68, -0.0457373,-0.0182863,-0.00114319,0,0,0,0;
1.69, -0.0312587,-0.0184541,-0.00138757,0,0,0,0;
1.7, -0.034091,-0.0161799,-0.00206813,0,0,0,0;
1.71, -0.0369806,-0.0164068,-0.00198475,0,0,0,0;
1.72, -0.033955,-0.0165704,-0.00155209,0,0,0,0;
1.73, -0.0361664,-0.0173784,-0.00136523,0,0,0,0;
1.74, -0.0520664,-0.0164033,-0.000974698,0,0,0,0;
1.75, -0.0630862,-0.0159792,-0.000827523,0,0,0,0;
1.76, -0.0470043,-0.0161143,-0.00170951,0,0,0,0;
1.77, -0.039091,-0.0172517,-0.00209519,0,0,0,0;
1.78, -0.0435281,-0.0151236,-0.00152347,0,0,0,0;
1.79, -0.0523168,-0.0201779,-0.000420184,0,0,0,0;
1.8, -0.0393789,-0.0168539,0.000176278,0,0,0,0;
1.81, -0.0234044,-0.0182198,0.000113142,0,0,0,0;
1.82, -0.00639144,-0.0222983,-0.00136934,0,0,0,0;
1.83, -0.046031,-0.0206228,-0.00247376,0,0,0,0;
1.84, -0.0915086,-0.0162535,-0.00273982,0,0,0,0;
1.85, -0.0859625,-0.0152832,-0.00229395,0,0,0,0;
1.86, -0.00811764,-0.00943964,-0.000202318,0,0,0,0;
1.87, -0.00499243,-0.0124931,0.000262288,0,0,0,0;
1.88, -0.00697172,-0.015931,-1.65424e-05,0,0,0,0;
1.89, -0.0307662,-0.0210047,-0.000740791,0,0,0,0;
1.9, -0.0705195,-0.0194013,-0.000803689,0,0,0,0;
1.91, -0.0705246,-0.0235018,-0.000837129,0,0,0,0;
1.92, -0.090107,-0.0209239,-0.00287176,0,0,0,0;
1.93, -0.0928605,-0.0193167,-0.000497005,0,0,0,0;
1.94, -0.0626673,-0.0257038,-0.00270863,0,0,0,0;
1.95, -0.0721094,-0.0235914,-0.00302039,0,0,0,0;
1.96, -0.00271115,-0.0123247,-0.00302313,0,0,0,0;
1.97, 0.078428,-0.0221042,-0.000959137,0,0,0,0;
1.98, -0.00914072,-0.0229216,0.00134976,0,0,0,0;
1.99, -0.00327785,-0.0137102,0.00317686,0,0,0,0;
2, -0.0130737,-0.0197239,0.00392484,0,0,0,0;
2.01, -0.0689586,-0.00703062,-0.000250618,0,0,0,0;
2.02, -0.135456,-0.0130924,-0.00379692,0,0,0,0;
2.03, -0.102596,-0.0238109,-0.0066877,0,0,0,0;
2.04, -0.029399,-0.0342868,-0.00772115,0,0,0,0;
2.05, -0.0394177,-0.0179476,-0.00423447,0,0,0,0;
2.06, -0.0922321,-0.0181098,0.000408087,0,0,0,0;
2.07, -0.0580012,-0.0217415,0.00315247,0,0,0,0;
2.08, -0.0177307,-0.00863184,0.00226631,0,0,0,0;
2.09, -0.0464455,-0.0124894,-0.000183343,0,0,0,0;
2.1, -0.0285185,-0.0156803,-0.00245692,0,0,0,0;
2.11, -0.00153719,-0.0094843,-0.00298026,0,0,0,0;
2.12, 0.00772214,-0.0140994,-0.00517771,0,0,0,0;
2.13, -0.0576815,-0.0203886,-0.00426304,0,0,0,0;
2.14, -0.0859242,-0.0259228,-0.00148874,0,0,0,0;
2.15, -0.0579452,-0.0280244,-0.000150306,0,0,0,0;
2.16, -0.0433619,-0.0170251,0.000264878,0,0,0,0;
2.17, -0.0612006,-0.00741231,-0.000276984,0,0,0,0;
2.18, -0.0709369,-0.00849699,-0.00190813,0,0,0,0;
2.19, -0.0478169,-0.0122781,-0.00270167,0,0,0,0;
2.2, 0.010038,-0.0148323,-0.0034213,0,0,0,0;
2.21, 0.00753213,-0.0173154,-0.0030434,0,0,0,0;
2.22, -0.0380578,-0.0171759,-0.0016271,0,0,0,0;
2.23, -0.0842788,-0.0204705,-0.000422966,0,0,0,0;
2.24, -0.0799036,-0.0181828,0.000133264,0,0,0,0;
2.25, -0.0350612,-0.0161807,-0.000979967,0,0,0,0;
2.26, -0.0195325,-0.015183,-0.00240626,0,0,0,0;
2.27, -0.0459013,-0.0157032,-0.00329988,0,0,0,0;
2.28, -0.0406226,-0.0139904,-0.00319789,0,0,0,0;
2.29, -0.027751,-0.0156642,-0.00267453,0,0,0,0;
2.3, -0.0725657,-0.0171684,-0.00168942,0,0,0,0;
2.31, -0.0756898,-0.0149757,-0.000377164,0,0,0,0;
2.32, -0.0353352,-0.0158773,-0.000176855,0,0,0,0;
2.33, -0.0315566,-0.0174989,-0.00140485,0,0,0,0;
2.34, -0.0236107,-0.015805,-0.00208886,0,0,0,0;
2.35, -0.0497457,-0.0134604,-0.0016864,0,0,0,0;
2.36, -0.0302744,-0.0164534,-0.00215682,0,0,0,0;
2.37, -0.0322124,-0.0187216,-0.00229626,0,0,0,0;
2.38, -0.0416761,-0.0171882,-0.00111027,0,0,0,0;
2.39, -0.0463526,-0.0162514,4.16477e-05,0,0,0,0;
2.4, -0.0458262,-0.0189751,-0.000409406,0,0,0,0;
2.41, -0.0552591,-0.0182115,-0.00172347,0,0,0,0;
2.42, -0.0543001,-0.01577,-0.00237584,0,0,0,0;
2.43, -0.0486723,-0.0158716,-0.00204189,0,0,0,0;
2.44, -0.0460555,-0.0167984,-0.00201291,0,0,0,0;
2.45, -0.047254,-0.0154005,-0.00145849,0,0,0,0;
2.46, -0.0346536,-0.0163741,-0.000665881,0,0,0,0;
2.47, -0.0555657,-0.0178284,-0.000503212,0,0,0,0;
2.48, -0.0463802,-0.019812,-0.000740783,0,0,0,0;
2.49, -0.0260391,-0.017084,-0.000367007,0,0,0,0;
2.5, -0.0603095,-0.0211575,-0.000747778,0,0,0,0;
2.51, -0.0493069,-0.0192963,-0.000616746,0,0,0,0;
2.52, -0.0290831,-0.0156802,-0.00177874,0,0,0,0;
2.53, -0.0240433,-0.0151763,-0.00173636,0,0,0,0;
2.54, -0.00876028,-0.0131168,-0.00139479,0,0,0,0;
2.55, -0.0588549,-0.0199536,-0.00121326,0,0,0,0;
2.56, -0.0695658,-0.0298167,-0.000408873,0,0,0,0;
2.57, -0.0581005,-0.0190918,-0.000341886,0,0,0,0;
2.58, -0.0642427,-0.00960066,-0.00153561,0,0,0,0;
2.59, -0.0923261,-0.024116,-0.0008979,0,0,0,0;
2.6, -0.042875,-0.0137595,-0.000896582,0,0,0,0;
2.61, -0.0134367,-0.00891931,0.000647431,0,0,0,0;
2.62, 0.0329473,-0.0213038,-0.00187067,0,0,0,0;
2.63, -0.0139461,-0.0234901,-0.00385536,0,0,0,0;
2.64, -0.0506422,-0.0228589,-0.00139757,0,0,0,0;
2.65, -0.0829682,-0.0176726,-0.000341016,0,0,0,0;
2.66, -0.0816335,-0.0185918,0.000736598,0,0,0,0;
2.67, 0.00951382,-0.019528,-0.000487786,0,0,0,0;
2.68, -0.0292708,-0.0107647,-0.0014438,0,0,0,0;
2.69, -0.0735033,-0.0147522,-0.00281311,0,0,0,0;
2.7, -0.0644635,-0.0228414,-0.0037324,0,0,0,0;
2.71, -0.0299667,-0.0296998,-0.00105594,0,0,0,0;
2.72, -0.0796946,-0.0291067,0.00199823,0,0,0,0;
2.73, -0.131153,-0.0197777,0.000410712,0,0,0,0;
2.74, -0.0251562,-0.00659409,-9.75063e-05,0,0,0,0;
2.75, 0.0119561,-0.0126441,-0.00328519,0,0,0,0;
2.76, -0.0259313,-0.00769778,-0.00272681,0,0,0,0;
2.77, -0.00217491,-0.0106383,-0.00140297,0,0,0,0;
2.78, -0.0282545,-0.0187174,5.69616e-05,0,0,0,0;
2.79, -0.0838622,-0.0172284,0.000960897,0,0,0,0;
2.8, -0.0640008,-0.019589,-0.000639987,0,0,0,0;
2.81, -0.0455237,-0.0246076,-0.00279422,0,0,0,0;
2.82, -0.076512,-0.0206425,-0.00437078,0,0,0,0;
2.83, -0.0196271,-0.026084,-0.00366423,0,0,0,0;
2.84, -0.00124245,-0.0224694,-0.00284771,0,0,0,0;
2.85, -0.0526177,-0.0254523,-0.00187194,0,0,0,0;
2.86, -0.0625719,-0.022029,0.0013289,0,0,0,0;
2.87, -0.0670022,-0.00440138,0.00162042,0,0,0,0;
2.88, -0.0383467,-0.0114563,-0.00169055,0,0,0,0;
2.89, -0.0608367,-0.0146385,-0.0028729,0,0,0,0;
2.9, -0.0663222,-0.0119091,-0.00351001,0,0,0,0;
2.91, -0.0122677,-0.0178447,-0.00259437,0,0,0,0;
2.92, -0.0129498,-0.0206253,-0.00115868,0,0,0,0;
2.93, -0.0309073,-0.0115379,0.000628316,0,0,0,0;
2.94, -0.0473438,-0.013502,0.000286774,0,0,0,0;
2.95, -0.0702194,-0.0162518,-0.000734343,0,0,0,0;
2.96, -0.0955906,-0.0191907,-0.00224371,0,0,0,0;
2.97, -0.0619221,-0.0173156,-0.00356559,0,0,0,0;
2.98, 0.0101175,-0.0151578,-0.00341558,0,0,0,0;
2.99, 0.00600921,-0.0172651,-0.00286684,0,0,0,0;
3, -0.0340266,-0.0155084,-0.00129195,0,0,0,0;
3.01, -0.0747837,-0.0157678,0.00101879,0,0,0,0;
3.02, -0.0714572,-0.0164307,0.00176137,0,0,0,0;
3.03, -0.0387637,-0.0181693,9.33651e-08,0,0,0,0;
3.04, -0.0429174,-0.0183788,-0.00276225,0,0,0,0;
3.05, -0.0499831,-0.0175529,-0.0035998,0,0,0,0;
3.06, -0.0308933,-0.0180896,-0.00321277,0,0,0,0;
3.07, -0.0406968,-0.016477,-0.00225849,0,0,0,0;
3.08, -0.0844265,-0.0154443,-0.000790934,0,0,0,0;
3.09, -0.0472602,-0.0162755,-1.63302e-05,0,0,0,0;
3.1, -0.0423038,-0.0160598,-0.000424622,0,0,0,0;
3.11, -0.0321177,-0.0155774,-0.000785339,0,0,0,0;
3.12, -0.0236156,-0.0182652,-0.00136973,0,0,0,0;
3.13, -0.0440458,-0.0172357,-0.00211675,0,0,0,0;
3.14, -0.0474826,-0.01632,-0.00156632,0,0,0,0;
3.15, -0.0302939,-0.0187082,-0.000367952,0,0,0,0;
3.16, -0.0562837,-0.0196517,-0.000859354,0,0,0,0;
3.17, -0.0433074,-0.0176334,-0.00128132,0,0,0,0;
3.18, -0.0452964,-0.0130589,-0.000648111,0,0,0,0;
3.19, -0.0580675,-0.0187002,-0.000664826,0,0,0,0;
3.2, -0.0372386,-0.0229841,-0.00114829,0,0,0,0;
3.21, -0.0181476,-0.0174486,-0.00154621,0,0,0,0;
3.22, -0.0435169,-0.0197354,-0.00139935,0,0,0,0;
3.23, -0.0846434,-0.0180715,-0.000884123,0,0,0,0;
3.24, -0.0444885,-0.0135708,-0.00140893,0,0,0,0;
3.25, -0.0677416,-0.0107488,-0.00243801,0,0,0,0;
3.26, -0.0340377,-0.0228018,-0.000909466,0,0,0,0;
3.27, -0.0592516,-0.0205334,0.00055151,0,0,0,0;
3.28, -0.0474356,-0.0182789,0.000351703,0,0,0,0;
3.29, -0.0348298,-0.0187355,-0.00178076,0,0,0,0;
3.3, -0.0419537,-0.0261802,-0.00157207,0,0,0,0;
3.31, -0.0209537,-0.020938,-0.000382707,0,0,0,0;
3.32, 0.00711653,-0.00754702,-4.65061e-05,0,0,0,0;
3.33, -0.0336753,-0.0120594,0.000746004,0,0,0,0;
3.34, -0.0974333,-0.0222575,-8.22733e-05,0,0,0,0;
3.35, -0.0240733,-0.0310528,-0.00112321,0,0,0,0;
3.36, 0.037392,-0.0194731,-0.00246451,0,0,0,0;
3.37, -0.108521,-0.0154002,-0.00328962,0,0,0,0;
3.38, -0.0792174,-0.0196796,-0.00184667,0,0,0,0;
3.39, -0.117366,-0.0191022,0.00258663,0,0,0,0;
3.4, -0.0446192,-0.0198093,0.00214881,0,0,0,0;
3.41, -0.00702397,-0.0122403,-0.00329156,0,0,0,0;
3.42, -0.0892035,-0.0100739,-0.00406852,0,0,0,0;
3.43, -0.00556054,-0.0196882,-0.00253789,0,0,0,0;
3.44, -0.019884,-0.0280069,-0.00254906,0,0,0,0;
3.45, -0.0596175,-0.0299523,-0.00222667,0,0,0,0;
3.46, -0.00522995,-0.0164597,-2.94066e-05,0,0,0,0;
3.47, 0.00380482,-0.00391639,0.00269637,0,0,0,0;
3.48, -0.0866669,-0.0113096,0.0023541,0,0,0,0;
3.49, -0.117617,-0.0195423,0.00204354,0,0,0,0;
3.5, -0.0475409,-0.018017,0.000216215,0,0,0,0;
3.51, -0.0268305,-0.0251,-0.00568306,0,0,0,0;
3.52, -0.0031174,-0.0189137,-0.00779582,0,0,0,0;
3.53, -0.0373944,-0.0143103,-0.00602766,0,0,0,0;
3.54, -0.0625058,-0.0157017,-0.00217795,0,0,0,0;
3.55, -0.0624779,-0.017239,0.00229718,0,0,0,0;
3.56, -0.0757621,-0.0228899,0.0036606,0,0,0,0;
3.57, -0.0541696,-0.0158451,0.0030694,0,0,0,0;
3.58, -0.0468169,-0.0196114,-0.00127792,0,0,0,0;
3.59, -0.0680456,-0.0190427,-0.00425836,0,0,0,0;
3.6, -0.0339031,-0.0151975,-0.00413026,0,0,0,0;
3.61, 0.0141183,-0.0101466,-0.00260623,0,0,0,0;
3.62, -0.0270776,-0.0170521,-0.000661222,0,0,0,0;
3.63, -0.0391082,-0.0158581,0.000640053,0,0,0,0;
3.64, -0.0641006,-0.0190295,0.00121732,0,0,0,0;
3.65, -0.0695869,-0.0244718,0.000311534,0,0,0,0;
3.66, -0.0630552,-0.0226853,-0.00154862,0,0,0,0;
3.67, -0.0600322,-0.0109565,-0.00350117,0,0,0,0;
3.68, -0.0445662,-0.00798079,-0.00437798,0,0,0,0;
3.69, -0.0331833,-0.0180173,-0.00345644,0,0,0,0;
3.7, -0.00951226,-0.0191475,-0.00150197,0,0,0,0;
3.71, -0.0190714,-0.0184308,0.000462117,0,0,0,0;
3.72, -0.0755889,-0.0180738,0.00115849,0,0,0,0;
3.73, -0.0788939,-0.0145216,0.000756016,0,0,0,0;
3.74, -0.0766497,-0.0157407,-0.000567004,0,0,0,0;
3.75, -0.0275624,-0.0172435,-0.00288105,0,0,0,0;
3.76, 0.00551004,-0.0201198,-0.0038548,0,0,0,0;
3.77, -0.0354131,-0.0163754,-0.00276847,0,0,0,0;
3.78, -0.0356604,-0.013815,-0.0012806,0,0,0,0;
3.79, -0.0329833,-0.0170399,0.00054727,0,0,0,0;
3.8, -0.0642716,-0.0185174,0.00122053,0,0,0,0;
3.81, -0.0562497,-0.0173872,0.000704279,0,0,0,0;
3.82, -0.0423138,-0.0175661,-0.000992136,0,0,0,0;
3.83, -0.053996,-0.0198085,-0.00243091,0,0,0,0;
3.84, -0.0590152,-0.0219437,-0.00277733,0,0,0,0;
3.85, -0.0490298,-0.0170236,-0.00174894,0,0,0,0;
3.86, -0.033189,-0.0155932,-0.00160529,0,0,0,0;
3.87, -0.0403257,-0.0155464,-0.00112738,0,0,0,0;
3.88, -0.0682629,-0.0156797,-0.0011152,0,0,0,0;
3.89, -0.057847,-0.0192457,-0.000714838,0,0,0,0;
3.9, -0.0121527,-0.0219589,-2.02171e-05,0,0,0,0;
3.91, -0.0812612,-0.0174694,6.86582e-06,0,0,0,0;
3.92, -0.0489947,-0.0189548,-0.000696142,0,0,0,0;
3.93, -0.0294652,-0.0179729,-0.00175255,0,0,0,0;
3.94, -0.00770993,-0.0120959,-0.00106973,0,0,0,0;
3.95, -0.00298285,-0.017975,-0.000620415,0,0,0,0;
3.96, -0.0551083,-0.0126008,-0.000510508,0,0,0,0;
3.97, -0.082824,-0.0201576,0.000919988,0,0,0,0;
3.98, -0.070814,-0.0183292,0.000635033,0,0,0,0;
3.99, -0.0577178,-0.0163949,-0.00182526,0,0,0,0;
4, -0.0240931,-0.0203256,-0.00342481,0,0,0,0;
4.01, -0.0464948,-0.0219969,-0.00278878,0,0,0,0;
4.02, -0.0564555,-0.0222334,-0.00152169,0,0,0,0;
4.03, -0.0283139,-0.0189238,0.000862479,0,0,0,0;
4.04, -0.0776851,-0.0122962,0.00212616,0,0,0,0;
4.05, -0.0424317,-0.0230315,0.000615941,0,0,0,0;
4.06, -0.00538352,-0.0156972,-0.000581586,0,0,0,0;
4.07, -0.0424445,-0.0140626,-0.00256292,0,0,0,0;
4.08, -0.01525,-0.0335522,-0.00252485,0,0,0,0;
4.09, -0.0456206,-0.0186425,-0.00132486,0,0,0,0;
4.1, -0.0404523,-0.00999393,-0.000557977,0,0,0,0;
4.11, -0.080005,-0.0117908,0.0016389,0,0,0,0;
4.12, -0.082597,-0.0273223,0.00164843,0,0,0,0;
4.13, -0.0975376,-0.0340944,-0.00243404,0,0,0,0;
4.14, -0.0900199,-0.022493,-0.00469342,0,0,0,0;
4.15, -0.0362987,-0.00768659,-0.00514655,0,0,0,0;
4.16, -0.00143352,0.00205675,-0.00356904,0,0,0,0;
4.17, -0.0220845,-0.00672383,0.000453937,0,0,0,0;
4.18, -0.0048408,-0.0162283,0.00305634,0,0,0,0;
4.19, -0.0218729,-0.0317376,0.00567421,0,0,0,0;
4.2, -0.0404827,-0.0290829,0.00390266,0,0,0,0;
4.21, -0.0272362,-0.0282796,0.000430887,0,0,0,0;
4.22, -0.0755749,-0.0230549,-0.00496669,0,0,0,0;
4.23, -0.101954,-0.0105781,-0.00702105,0,0,0,0;
4.24, -0.0736578,-0.00759927,-0.00552813,0,0,0,0;
4.25, -0.0262015,-0.0118758,-0.0040895,0,0,0,0;
4.26, 0.00561922,-0.0210741,-0.00061608,0,0,0,0;
4.27, -0.0308361,-0.0202561,0.00433534,0,0,0,0;
4.28, -0.0584904,-0.0281342,0.0051679,0,0,0,0;
4.29, -0.0441017,-0.0266971,0.000444529,0,0,0,0;
4.3, -0.0812687,-0.010233,-0.0030894,0,0,0,0;
4.31, -0.0676122,-0.00769948,-0.0037266,0,0,0,0;
4.32, -0.0130811,-0.0120725,-0.00403592,0,0,0,0;
4.33, -0.0660902,-0.0198843,-0.00309896,0,0,0,0;
4.34, -0.0838638,-0.0169019,0.000142518,0,0,0,0;
4.35, -0.0204062,-0.0225709,0.000609808,0,0,0,0;
4.36, -0.0474327,-0.0154516,-0.000643052,0,0,0,0;
4.37, -0.00944402,-0.0138993,0.00029302,0,0,0,0;
4.38, -0.021826,-0.0204768,0.000119372,0,0,0,0;
4.39, -0.0445357,-0.023304,-0.000117182,0,0,0,0;
4.4, -0.0595952,-0.0233041,-0.000371253,0,0,0,0;
4.41, -0.0656326,-0.0136555,-0.0019516,0,0,0,0;
4.42, -0.052264,-0.0122062,-0.00325126,0,0,0,0;
4.43, -0.0311229,-0.0184751,-0.00254264,0,0,0,0;
4.44, -0.0477046,-0.0192956,-0.00254333,0,0,0,0;
4.45, -0.0907644,-0.0164246,-0.00197814,0,0,0,0;
4.46, -0.0590584,-0.0147238,-0.000118296,0,0,0,0;
4.47, -0.0159718,-0.0105298,0.000361149,0,0,0,0;
4.48, -0.0369553,-0.0143541,-0.000125785,0,0,0,0;
4.49, -0.0344053,-0.0185053,-0.000190443,0,0,0,0;
4.5, -0.043246,-0.0205694,-0.000964749,0,0,0,0;
4.51, -0.0406152,-0.021652,-0.0010873,0,0,0,0;
4.52, -0.0603899,-0.0150754,-0.000608967,0,0,0,0;
4.53, -0.0593278,-0.0201116,-0.000798662,0,0,0,0;
4.54, -0.0468952,-0.0222225,-0.00170667,0,0,0,0;
4.55, -0.0449603,-0.0146943,-0.00222421,0,0,0,0;
4.56, -0.0386597,-0.0177983,-0.00156989,0,0,0,0;
4.57, -0.044617,-0.0194272,-8.39428e-05,0,0,0,0;
4.58, -0.0483284,-0.0178896,0.000140616,0,0,0,0;
4.59, -0.0479164,-0.0130507,0.000548821,0,0,0,0;
4.6, -0.0466924,-0.0134987,-0.000633881,0,0,0,0;
4.61, -0.045463,-0.0173394,-0.00104876,0,0,0,0;
4.62, -0.017293,-0.0170011,-0.00237039,0,0,0,0;
4.63, -0.049091,-0.0157444,-0.00234407,0,0,0,0;
4.64, -0.0416788,-0.0229385,-0.000350628,0,0,0,0;
4.65, -0.0258844,-0.0219476,0.000989444,0,0,0,0;
4.66, -0.0553392,-0.0100461,0.000257129,0,0,0,0;
4.67, -0.0745918,-0.0119504,-0.00130266,0,0,0,0;
4.68, -0.0404117,-0.0253102,-0.00102137,0,0,0,0;
4.69, -0.0614937,-0.0291339,-0.00104577,0,0,0,0;
4.7, -0.0837749,-0.02083,-0.000838426,0,0,0,0;
4.71, -0.0486307,-0.0181725,-0.00185021,0,0,0,0;
4.72, -0.0237587,-0.0211169,-0.000464573,0,0,0,0;
4.73, -0.021047,-0.0157561,0.000451081,0,0,0,0;
4.74, -0.0264247,-0.00774353,0.000143974,0,0,0,0;
4.75, -0.0470886,-0.0085601,-0.000660096,0,0,0,0;
4.76, -0.0434422,-0.0231698,-0.0012563,0,0,0,0;
4.77, -0.0290019,-0.0311289,-0.0013967,0,0,0,0;
4.78, -0.0733097,-0.0195988,-0.0010067,0,0,0,0;
4.79, -0.0826788,-0.0121176,0.000576948,0,0,0,0;
4.8, -0.0373595,-0.0192457,0.000467194,0,0,0,0;
4.81, -0.0328864,-0.0249441,-0.000496068,0,0,0,0;
4.82, -0.0764287,-0.0147365,-0.00170691,0,0,0,0;
4.83, -0.05259,-0.0145484,-0.0019933,0,0,0,0;
4.84, -0.0523627,-0.0207225,-0.00201323,0,0,0,0;
4.85, -0.0223589,-0.0168049,-0.00141319,0,0,0,0;
4.86, -0.0338507,-0.0171112,4.56392e-05,0,0,0,0;
4.87, -0.025029,-0.020453,0.000204136,0,0,0,0;
4.88, -0.0790102,-0.0235052,0.000543032,0,0,0,0;
4.89, -0.0319639,-0.0206827,0.00104589,0,0,0,0;
4.9, 0.0165066,-0.00921889,0.000374995,0,0,0,0;
4.91, -0.0617611,-0.0156847,-0.00231029,0,0,0,0;
4.92, -0.0457802,-0.0162077,-0.00278918,0,0,0,0;
4.93, -0.075631,-0.023722,0.000665629,0,0,0,0;
4.94, -0.0870332,-0.0149141,0.00155838,0,0,0,0;
4.95, -0.0597645,-0.0139982,-0.000610543,0,0,0,0;
4.96, -0.0446655,-0.026846,-0.00211916,0,0,0,0;
4.97, -0.0601119,-0.0257966,-0.0025756,0,0,0,0;
4.98, -0.049051,-0.0189353,-0.00269292,0,0,0,0;
4.99, -0.0592759,-0.0107252,-0.00202226,0,0,0,0;
5, -0.0184365,-0.0173037,-0.000675721,0,0,0,0;
5.01, -0.0237816,-0.0176219,0.000646457,0,0,0,0;
5.02, -0.0329226,-0.0209533,-0.000552279,0,0,0,0;
5.03, -0.053733,-0.020078,0.000188847,0,0,0,0;
5.04, -0.0229337,-0.0110749,0.00128164,0,0,0,0;
5.05, -0.0468878,-0.0196645,0.00131205,0,0,0,0;
5.06, -0.0512409,-0.0235819,-0.00106975,0,0,0,0;
5.07, -0.0324318,-0.0150333,-0.00232054,0,0,0,0;
5.08, -0.0809097,-0.0132879,-0.00379122,0,0,0,0;
5.09, -0.0762625,-0.0161562,-0.00481952,0,0,0,0;
5.1, -0.0293623,-0.0189117,-0.00268187,0,0,0,0;
5.11, -0.036674,-0.0193258,0.000716627,0,0,0,0;
5.12, -0.0838022,-0.0225276,0.0032467,0,0,0,0;
5.13, -0.0704569,-0.0180193,0.00364262,0,0,0,0;
5.14, -0.0173089,-0.0122728,0.000606755,0,0,0,0;
5.15, -0.0344518,-0.0121958,-0.00304023,0,0,0,0;
5.16, -0.0235194,-0.0157886,-0.00464607,0,0,0,0;
5.17, -0.0366534,-0.0254902,-0.00338386,0,0,0,0;
5.18, -0.0435516,-0.0201488,-0.00055812,0,0,0,0;
5.19, -0.0973604,-0.0175373,0.00108808,0,0,0,0;
5.2, -0.0602503,-0.0152739,0.00151462,0,0,0,0;
5.21, -0.0216843,-0.0183001,0.000604106,0,0,0,0;
5.22, 0.00154565,-0.0152535,-0.000142838,0,0,0,0;
5.23, -0.000534411,-0.0147512,-0.00108929,0,0,0,0;
5.24, -0.0536795,-0.0200658,-0.00117263,0,0,0,0;
5.25, -0.0917028,-0.0173329,-0.0011124,0,0,0,0;
5.26, -0.0869967,-0.013633,-0.00194506,0,0,0,0;
5.27, -0.0510229,-0.0198051,-0.00212269,0,0,0,0;
5.28, -0.0846384,-0.0203837,-0.0022377,0,0,0,0;
5.29, -0.0645012,-0.0181855,-0.00121704,0,0,0,0;
5.3, -0.0239931,-0.0169897,0.000381882,0,0,0,0;
5.31, 0.0173178,-0.017925,0.000498412,0,0,0,0;
5.32, -0.0146137,-0.0195202,0.000704367,0,0,0,0;
5.33, -0.0589524,-0.0178706,0.000611864,0,0,0,0;
5.34, -0.0964882,-0.0149223,0.000368603,0,0,0,0;
5.35, -0.0554038,-0.014526,-0.000640844,0,0,0,0;
5.36, -0.020315,-0.0199452,-0.00290736,0,0,0,0;
5.37, -0.0488344,-0.0200994,-0.00315148,0,0,0,0;
5.38, -0.0484163,-0.0227459,-0.00157755,0,0,0,0;
5.39, -0.0355077,-0.0192093,-0.000582992,0,0,0,0;
5.4, -0.0642243,-0.0174258,-0.000438358,0,0,0,0;
5.41, -0.062924,-0.0159638,0.00132801,0,0,0,0;
5.42, -0.0494696,-0.0157143,0.00136761,0,0,0,0;
5.43, -0.0263254,-0.0132136,0.000525504,0,0,0,0;
5.44, -0.0608312,-0.0131228,-0.000819962,0,0,0,0;
5.45, -0.0383678,-0.0221396,-0.00180011,0,0,0,0;
5.46, -0.00184838,-0.0231395,-0.00352561,0,0,0,0;
5.47, -0.0551604,-0.0140803,-0.00217885,0,0,0,0;
5.48, -0.0341352,-0.0127136,0.000876084,0,0,0,0;
5.49, -0.027219,-0.0218932,0.00191871,0,0,0,0;
5.5, -0.0961949,-0.0281449,0.000216644,0,0,0,0;
5.51, -0.0761638,-0.0205722,0.00118441,0,0,0,0;
5.52, -0.0418866,-0.012715,-0.000293687,0,0,0,0;
5.53, -0.0494625,-0.0194447,-0.00220366,0,0,0,0;
5.54, -0.0719871,-0.0228379,-0.00208705,0,0,0,0;
5.55, -0.0410732,-0.0186698,-0.00202657,0,0,0,0;
5.56, -0.0204084,-0.0218963,-0.00063295,0,0,0,0;
5.57, -0.0248887,-0.0184495,0.000860952,0,0,0,0;
5.58, -0.0225094,-0.00398618,0.00152066,0,0,0,0;
5.59, -0.0522878,-0.0107094,-0.000158637,0,0,0,0;
5.6, -0.0831248,-0.012032,-0.000185605,0,0,0,0;
5.61, -0.0662105,-0.0205622,-0.000166273,0,0,0,0;
5.62, -0.0414381,-0.0342935,-0.00318557,0,0,0,0;
5.63, -0.0124858,-0.0299287,-0.00491762,0,0,0,0;
5.64, -0.0583975,-0.0138171,-0.00121767,0,0,0,0;
5.65, -0.0815551,-0.0100869,0.00271159,0,0,0,0;
5.66, -0.0666945,-0.0133512,0.00410126,0,0,0,0;
5.67, -0.0637822,-0.0203605,0.00140567,0,0,0,0;
5.68, 0.00270476,-0.0136646,-0.000845135,0,0,0,0;
5.69, -0.0118127,-0.0140131,-0.00366947,0,0,0,0;
5.7, -0.0189632,-0.0257512,-0.00322105,0,0,0,0;
5.71, -0.0546765,-0.017122,-0.00125344,0,0,0,0;
5.72, -0.0559112,-0.022467,0.000564766,0,0,0,0;
5.73, -0.0399776,-0.0248081,0.00232881,0,0,0,0;
5.74, -0.0582388,-0.0177178,0.00166853,0,0,0,0;
5.75, -0.0847171,-0.0132707,0.00119381,0,0,0,0;
5.76, -0.0608041,-0.0183666,-0.000612771,0,0,0,0;
5.77, -0.0474446,-0.0179273,-0.00347532,0,0,0,0;
5.78, -0.0229,-0.0213497,-0.00438413,0,0,0,0;
5.79, -0.0515422,-0.0310318,-0.00338014,0,0,0,0;
5.8, -0.13446,-0.0189499,-0.00200694,0,0,0,0;
5.81, -0.0698474,-0.00895834,-0.000779808,0,0,0,0;
5.82, -0.0155599,-0.0142054,0.000640933,0,0,0,0;
5.83, 0.00740285,-0.0134754,0.00268855,0,0,0,0;
5.84, -0.0200561,-0.0175601,0.00226016,0,0,0,0;
5.85, -0.0520393,-0.0259883,0.000178303,0,0,0,0;
5.86, -0.0500916,-0.0223825,-0.000916294,0,0,0,0;
5.87, -0.0214189,-0.0105212,-0.00120342,0,0,0,0;
5.88, -0.0135183,-0.0105022,-0.0011787,0,0,0,0;
5.89, -0.0729219,-0.0116109,-0.00119708,0,0,0,0;
5.9, -0.0616963,-0.0159137,-0.00114202,0,0,0,0;
5.91, -0.0588833,-0.0218563,-0.000636295,0,0,0,0;
5.92, -0.0677504,-0.0233364,-0.000553657,0,0,0,0;
5.93, -0.0482441,-0.0200542,-0.000335091,0,0,0,0;
5.94, -0.0279066,-0.0207876,-0.000917613,0,0,0,0;
5.95, -0.0435718,-0.017121,-0.000507708,0,0,0,0;
5.96, -0.105605,-0.0124797,0.000235121,0,0,0,0;
5.97, -0.0454057,-0.0160547,-0.000195023,0,0,0,0;
5.98, -0.0124825,-0.0142176,-0.00173688,0,0,0,0;
5.99, -0.0262672,-0.0175679,-0.00150464,0,0,0,0;
6, -0.0594964,-0.0187964,-0.000271864,0,0,0,0;
6.01, -0.0510929,-0.024478,4.19755e-05,0,0,0,0;
6.02, -0.0486963,-0.025902,-4.75453e-06,0,0,0,0;
6.03, -0.0477666,-0.0150217,0.000105855,0,0,0,0;
6.04, -0.0555283,-0.0134597,-0.000189835,0,0,0,0;
6.05, -0.0572714,-0.0137843,-0.000933491,0,0,0,0;
6.06, -0.0229055,-0.0128272,-0.000863702,0,0,0,0;
6.07, -0.0161885,-0.0173349,-0.00215501,0,0,0,0;
6.08, -0.0288571,-0.0215745,-0.00156185,0,0,0,0;
6.09, -0.0783402,-0.0224083,0.000113504,0,0,0,0;
6.1, -0.0770546,-0.0215441,0.00212443,0,0,0,0;
6.11, -0.0698032,-0.0192227,0.00153925,0,0,0,0;
6.12, -0.0556422,-0.0179794,-0.00150835,0,0,0,0;
6.13, -0.0624526,-0.0182343,-0.00361936,0,0,0,0;
6.14, -0.0405969,-0.0103904,-0.00261301,0,0,0,0;
6.15, -0.0394173,-0.014595,-0.000608216,0,0,0,0;
6.16, -0.00265438,-0.0189682,0.000808548,0,0,0,0;
6.17, 0.00721295,-0.0161704,0.0010267,0,0,0,0;
6.18, -0.0692721,-0.0146161,0.00130023,0,0,0,0;
6.19, -0.0406363,-0.0187224,0.00216338,0,0,0,0;
6.2, -0.0488407,-0.0237493,-0.000171967,0,0,0,0;
6.21, -0.0680844,-0.0177441,-0.00146009,0,0,0,0;
6.22, -0.0570753,-0.021558,-0.00123776,0,0,0,0;
6.23, -0.05986,-0.0265963,-0.00209054,0,0,0,0;
6.24, -0.0758103,-0.0139687,-0.00221933,0,0,0,0;
6.25, -0.0125622,-0.0117651,-0.000657452,0,0,0,0;
6.26, -0.0627247,-0.0137156,0.000354308,0,0,0,0;
6.27, -0.101984,-0.0132282,0.00148238,0,0,0,0;
6.28, -0.0424205,-0.0156027,0.00103504,0,0,0,0;
6.29, -0.0425678,-0.0211104,-0.00134379,0,0,0,0;
6.3, -0.0486661,-0.0289855,-0.0024011,0,0,0,0;
6.31, -0.00487155,-0.0270834,-0.00125279,0,0,0,0;
6.32, 0.0143522,-0.0153372,-0.000331419,0,0,0,0;
6.33, -0.00050866,-0.00822437,0.00281119,0,0,0,0;
6.34, -0.0669185,-0.0159247,0.00234257,0,0,0,0;
6.35, -0.0732343,-0.020186,0.000570104,0,0,0,0;
6.36, -0.0707485,-0.0211656,0.000307551,0,0,0,0;
6.37, -0.10571,-0.0199209,-0.00263574,0,0,0,0;
6.38, -0.0896881,-0.027351,-0.00156628,0,0,0,0;
6.39, -0.0464504,-0.0166769,-0.00257688,0,0,0,0;
6.4, -0.012416,-0.00299831,-0.00360239,0,0,0,0;
6.41, -0.0244079,-0.0159054,-0.00131642,0,0,0,0;
6.42, -0.0584381,-0.014659,0.00121531,0,0,0,0;
6.43, -0.00867755,-0.0200455,0.00333603,0,0,0,0;
6.44, -0.00293143,-0.020151,0.00288883,0,0,0,0;
6.45, -0.0460522,-0.0255207,0.00193801,0,0,0,0;
6.46, -0.0775501,-0.0264564,-0.000557629,0,0,0,0;
6.47, -0.0912811,-0.019277,-0.00433617,0,0,0,0;
6.48, -0.0510562,-0.0203569,-0.00416987,0,0,0,0;
6.49, -0.102288,-0.0128917,-0.00270895,0,0,0,0;
6.5, -0.0489702,-0.0119999,-0.000113233,0,0,0,0;
6.51, -0.0219983,-0.0196289,0.00269816,0,0,0,0;
6.52, -0.034395,-0.0142533,0.003995,0,0,0,0;
6.53, -0.0709308,-0.0187913,0.00117693,0,0,0,0;
6.54, -0.0545254,-0.0214881,-0.00181456,0,0,0,0;
6.55, 0.00233399,-0.0145287,-0.00358037,0,0,0,0;
6.56, -0.0371639,-0.0249995,-0.00223755,0,0,0,0;
6.57, -0.0278068,-0.022097,-0.00016741,0,0,0,0;
6.58, -0.021837,-0.0201004,0.00115254,0,0,0,0;
6.59, -0.0850503,-0.0128662,0.00168504,0,0,0,0;
6.6, -0.0517006,-0.0100835,0.00244966,0,0,0,0;
6.61, -0.0346092,-0.0117977,-0.000963377,0,0,0,0;
6.62, -0.0528729,-0.012763,-0.00250016,0,0,0,0;
6.63, -0.0835335,-0.0195153,-0.00220308,0,0,0,0;
6.64, -0.0813003,-0.0192359,-0.00161643,0,0,0,0;
6.65, -0.0703588,-0.025853,-0.000953676,0,0,0,0;
6.66, -0.0202371,-0.0202759,-0.000498163,0,0,0,0;
6.67, -0.0378966,-0.0183708,0.000923841,0,0,0,0;
6.68, -0.0210235,-0.0191915,0.00120962,0,0,0,0;
6.69, 0.00541828,-0.0164273,-0.000187031,0,0,0,0;
6.7, -0.0557714,-0.0121485,0.000356573,0,0,0,0;
6.71, -0.048181,-0.0184998,-0.000313897,0,0,0,0;
6.72, -0.0503876,-0.0175111,-0.00246852,0,0,0,0;
6.73, -0.0932013,-0.0235916,-0.00285259,0,0,0,0;
6.74, -0.0798506,-0.0226191,-0.00143836,0,0,0,0;
6.75, -0.0164506,-0.0120069,0.00149741,0,0,0,0;
6.76, -0.0629165,-0.0149385,0.00260148,0,0,0,0;
6.77, -0.0286154,-0.0198982,0.00197754,0,0,0,0;
6.78, -0.00855676,-0.0211556,-0.000436009,0,0,0,0;
6.79, -0.0215057,-0.0136096,-0.00234806,0,0,0,0;
6.8, -0.0749458,-0.0125302,-0.00271519,0,0,0,0;
6.81, -0.0834236,-0.0187119,-0.000720864,0,0,0,0;
6.82, -0.101402,-0.0179781,0.00105178,0,0,0,0;
6.83, -0.0345799,-0.0191095,-0.000181418,0,0,0,0;
6.84, -0.0354174,-0.0199231,-0.000595614,0,0,0,0;
6.85, -0.0276658,-0.0198391,-0.000865676,0,0,0,0;
6.86, -0.0145514,-0.0120529,-0.000308415,0,0,0,0;
6.87, -0.0331414,-0.0120576,0.000651757,0,0,0,0;
6.88, -0.0635453,-0.0194865,0.000116125,0,0,0,0;
6.89, -0.0555639,-0.0195715,0.00116642,0,0,0,0;
6.9, -0.0680436,-0.0264915,-0.000145487,0,0,0,0;
6.91, -0.0688494,-0.0220993,-0.00151884,0,0,0,0;
6.92, -0.0371335,-0.0113725,-0.00135558,0,0,0,0;
6.93, -0.0457575,-0.010265,-0.0007277,0,0,0,0;
6.94, -0.0319301,-0.0153908,0.000440483,0,0,0,0;
6.95, -0.0204455,-0.0142124,0.00121451,0,0,0,0;
6.96, -0.0692017,-0.0173245,0.00128213,0,0,0,0;
6.97, -0.0595715,-0.0220972,0.000216749,0,0,0,0;
6.98, -0.0792804,-0.0222038,-0.000852328,0,0,0,0;
6.99, -0.0391969,-0.0224405,-0.00147743,0,0,0,0;
7, -0.0348669,-0.0223866,-0.00163013,0,0,0,0;
7.01, -0.0325873,-0.015815,-0.00198876,0,0,0,0;
7.02, -0.0387977,-0.0157335,-0.000112961,0,0,0,0;
7.03, -0.0604259,-0.0164768,0.00141044,0,0,0,0;
7.04, -0.0581998,-0.0191555,0.00220383,0,0,0,0;
7.05, -0.0840971,-0.0153661,0.0012426,0,0,0,0;
7.06, -0.041657,-0.0154647,-0.000519192,0,0,0,0;
7.07, -0.00483414,-0.018657,-0.00195408,0,0,0,0;
7.08, -0.0310709,-0.0151094,-0.00134945,0,0,0,0;
7.09, -0.0815514,-0.0171432,-0.00122778,0,0,0,0;
7.1, -0.0717292,-0.0285809,-0.000469995,0,0,0,0;
7.11, -0.0330636,-0.0212056,0.00141451,0,0,0,0;
7.12, -0.0263816,-0.0159896,0.00127836,0,0,0,0;
7.13, -0.0251744,-0.0134058,-0.000330315,0,0,0,0;
7.14, -0.0353855,-0.018225,0.000323913,0,0,0,0;
7.15, -0.0863223,-0.0207213,0.000495813,0,0,0,0;
7.16, -0.0212374,-0.0191898,-0.00106956,0,0,0,0;
7.17, -0.0850067,-0.0244897,-0.00196459,0,0,0,0;
7.18, -0.0561369,-0.015092,-0.000934002,0,0,0,0;
7.19, 0.00713193,-0.00615068,-0.000680342,0,0,0,0;
7.2, -0.0616724,-0.0160229,0.000699949,0,0,0,0;
7.21, -0.0503035,-0.02102,0.00175921,0,0,0,0;
7.22, -0.0849033,-0.026458,0.0024705,0,0,0,0;
7.23, -0.0757019,-0.017575,0.000570503,0,0,0,0;
7.24, -7.34888e-05,-0.00752137,-0.00249356,0,0,0,0;
7.25, -0.0393388,-0.0139423,-0.00374431,0,0,0,0;
7.26, -0.0404439,-0.0172814,-0.00142974,0,0,0,0;
7.27, -0.0305858,-0.0175655,0.00130802,0,0,0,0;
7.28, -0.0390629,-0.0299665,0.00398303,0,0,0,0;
7.29, -0.067754,-0.0245634,0.00384402,0,0,0,0;
7.3, -0.0921237,-0.0145204,0.00179333,0,0,0,0;
7.31, -0.0564685,-0.0237019,-0.00336495,0,0,0,0;
7.32, -0.0594268,-0.0151851,-0.00617626,0,0,0,0;
7.33, -0.0683411,-0.0149183,-0.00333796,0,0,0,0;
7.34, -0.0236064,-0.0176491,-0.000713781,0,0,0,0;
7.35, 0.0253347,-0.0234697,0.00145149,0,0,0,0;
7.36, -0.0346441,-0.0184026,0.00348916,0,0,0,0;
7.37, -0.0800975,-0.00996571,0.00235028,0,0,0,0;
7.38, -0.0819468,-0.0122007,0.00150014,0,0,0,0;
7.39, -0.0562071,-0.012891,-0.00127736,0,0,0,0;
7.4, -0.0578323,-0.0170095,-0.00380423,0,0,0,0;
7.41, -0.0516097,-0.0216145,-0.00271486,0,0,0,0;
7.42, -0.0905861,-0.0205638,-0.00036923,0,0,0,0;
7.43, -0.0600603,-0.0200144,0.00232376,0,0,0,0;
7.44, 0.0267399,-0.0174509,0.00161319,0,0,0,0;
7.45, -0.0371984,-0.0168329,-0.000368311,0,0,0,0;
7.46, -0.0152857,-0.0166794,-0.000104021,0,0,0,0;
7.47, -0.0491477,-0.0196098,-0.000362462,0,0,0,0;
7.48, -0.0634687,-0.0163564,0.000669395,0,0,0,0;
7.49, -0.0310799,-0.0223533,-0.000243259,0,0,0,0;
7.5, -0.0388641,-0.0197541,-0.00128998,0,0,0,0;
7.51, -0.0533535,-0.0144964,-0.000955025,0,0,0,0;
7.52, -0.0758419,-0.0166862,-0.000639102,0,0,0,0;
7.53, -0.0914781,-0.0151058,0.00121461,0,0,0,0;
7.54, -0.063817,-0.0164256,0.000265568,0,0,0,0;
7.55, -0.0339112,-0.0175362,-0.00117381,0,0,0,0;
7.56, -0.0386899,-0.0157909,-0.00176419,0,0,0,0;
7.57, -0.080495,-0.0226205,-0.000765231,0,0,0,0;
7.58, -0.0419949,-0.0243712,2.36564e-05,0,0,0,0;
7.59, 0.0041165,-0.0133955,0.00135031,0,0,0,0;
7.6, 0.00589751,-0.0130708,0.00194058,0,0,0,0;
7.61, -0.0888833,-0.0169951,0.00105,0,0,0,0;
7.62, -0.0825552,-0.0157175,0.000673762,0,0,0,0;
7.63, -0.0555567,-0.0131121,0.0002798,0,0,0,0;
7.64, -0.0422025,-0.0205653,-0.00103247,0,0,0,0;
7.65, -0.0345564,-0.0185085,-0.00243306,0,0,0,0;
7.66, 0.0104833,-0.0159752,-0.00250595,0,0,0,0;
7.67, -0.0241865,-0.0178145,-0.000438046,0,0,0,0;
7.68, -0.0610856,-0.0171576,0.00221755,0,0,0,0;
7.69, -0.0793365,-0.0139719,0.00290666,0,0,0,0;
7.7, -0.0881973,-0.0151028,0.00160691,0,0,0,0;
7.71, -0.0667307,-0.0225179,-0.000666452,0,0,0,0;
7.72, -0.0436451,-0.0247187,-0.00319538,0,0,0,0;
7.73, -0.059093,-0.0187983,-0.00327271,0,0,0,0;
7.74, -0.0421133,-0.0153845,-0.00121725,0,0,0,0;
7.75, -0.0283877,-0.0216641,0.000827368,0,0,0,0;
7.76, -0.0415766,-0.0205696,0.00226067,0,0,0,0;
7.77, -0.0362694,-0.0176503,0.00271991,0,0,0,0;
7.78, -0.0710586,-0.018174,0.00136911,0,0,0,0;
7.79, -0.0646791,-0.0164285,-0.000262766,0,0,0,0;
7.8, -0.0389857,-0.0184367,-0.00197962,0,0,0,0;
7.81, -0.0214256,-0.0116227,-0.00352899,0,0,0,0;
7.82, -0.0386835,-0.00681749,-0.000910098,0,0,0,0;
7.83, -0.0778818,-0.0178717,0.0024468,0,0,0,0;
7.84, -0.0684109,-0.0161679,0.00304767,0,0,0,0;
7.85, -0.0373944,-0.0217839,0.00204718,0,0,0,0;
7.86, -0.0295947,-0.019673,-0.000365579,0,0,0,0;
7.87, -0.0513038,-0.0178457,-0.00161993,0,0,0,0;
7.88, -0.0477974,-0.0228546,-0.00181879,0,0,0,0;
7.89, -0.0450456,-0.0224465,-0.000555201,0,0,0,0;
7.9, -0.0612952,-0.0104183,-0.000167293,0,0,0,0;
7.91, -0.0319958,-0.0111818,0.000790507,0,0,0,0;
7.92, -0.0286597,-0.020608,0.00150789,0,0,0,0;
7.93, -0.0582952,-0.0196185,0.00247516,0,0,0,0;
7.94, -0.0574207,-0.0209125,0.00190451,0,0,0,0;
7.95, -0.0560484,-0.0249105,0.000781781,0,0,0,0;
7.96, -0.0540434,-0.020056,-0.00293962,0,0,0,0;
7.97, -0.0292082,-0.0222359,-0.00421145,0,0,0,0;
7.98, -0.0396771,-0.0112688,-0.00289024,0,0,0,0;
7.99, -0.0568077,-0.0144953,-7.48107e-05,0,0,0,0;
8, -0.0869915,-0.0236452,0.00225919,0,0,0,0;
8.01, -0.0335203,-0.0127261,0.00424127,0,0,0,0;
8.02, -0.0538019,-0.0122796,0.00327593,0,0,0,0;
8.03, -0.0152248,-0.0188691,0.000212758,0,0,0,0;
8.04, -0.0759093,-0.0237135,-0.00206284,0,0,0,0;
8.05, -0.0485573,-0.0126678,-0.0024978,0,0,0,0;
8.06, -0.0405331,-0.0212956,-0.00257006,0,0,0,0;
8.07, -0.0203,-0.0168964,-0.00128808,0,0,0,0;
8.08, -0.0582106,-0.0131695,0.00085763,0,0,0,0;
8.09, -0.0706325,-0.0127132,0.0030841,0,0,0,0;
8.1, -0.0274549,-0.0145176,0.00237242,0,0,0,0;
8.11, -0.0469396,-0.0171148,0.000160355,0,0,0,0;
8.12, -0.0569217,-0.0254762,-0.000320388,0,0,0,0;
8.13, -0.0775625,-0.0229679,-0.000745237,0,0,0,0;
8.14, -0.0909419,-0.0189065,-0.000705713,0,0,0,0;
8.15, -0.0363331,-0.0245524,0.000354754,0,0,0,0;
8.16, 0.000511335,-0.0189596,0.000490015,0,0,0,0;
8.17, -0.04788,-0.0141667,-0.000643563,0,0,0,0;
8.18, -0.0466712,-0.0153293,0.0007793,0,0,0,0;
8.19, -0.0232567,-0.0172897,-0.000116731,0,0,0,0;
8.2, -0.0314766,-0.0133896,-0.000713523,0,0,0,0;
8.21, -0.0535518,-0.0119011,-0.000741674,0,0,0,0;
8.22, -0.0526433,-0.0179362,8.71287e-06,0,0,0,0;
8.23, -0.0407776,-0.0188203,0.000437788,0,0,0,0;
8.24, -0.071798,-0.0163342,0.000652404,0,0,0,0;
8.25, -0.104752,-0.0176727,0.0012798,0,0,0,0;
8.26, -0.0989472,-0.0194544,-0.000870925,0,0,0,0;
8.27, -0.0275781,-0.0225849,-0.00261144,0,0,0,0;
8.28, -0.0241987,-0.0178125,-0.00195726,0,0,0,0;
8.29, -0.0231294,-0.0180991,0.000408294,0,0,0,0;
8.3, -0.0207768,-0.0138614,0.00240677,0,0,0,0;
8.31, -0.00703297,-0.0122813,0.0028055,0,0,0,0;
8.32, -0.0190978,-0.0110068,0.00256363,0,0,0,0;
8.33, -0.0422538,-0.0162068,0.000879496,0,0,0,0;
8.34, -0.0910871,-0.0178394,-0.000575456,0,0,0,0;
8.35, -0.0820589,-0.0160438,-0.000447102,0,0,0,0;
8.36, -0.0865607,-0.0271961,-0.0018377,0,0,0,0;
8.37, -0.0352129,-0.0219417,-0.00219511,0,0,0,0;
8.38, -0.0439093,-0.0191181,-0.00220265,0,0,0,0;
8.39, -0.0717532,-0.0169342,-0.000672543,0,0,0,0;
8.4, -0.069371,-0.013462,0.00140372,0,0,0,0;
8.41, -0.0379875,-0.0151466,0.00267105,0,0,0,0;
8.42, -0.00216086,-0.0180015,0.00147487,0,0,0,0;
8.43, -0.00273439,-0.0202987,0.000213844,0,0,0,0;
8.44, -0.034157,-0.0154824,-0.00017835,0,0,0,0;
8.45, -0.075498,-0.0119848,-0.000996334,0,0,0,0;
8.46, -0.06015,-0.0150754,-0.000574952,0,0,0,0;
8.47, -0.0731613,-0.0186337,0.000920031,0,0,0,0;
8.48, -0.0974623,-0.0266148,0.0012703,0,0,0,0;
8.49, -0.0593744,-0.0203419,0.000295623,0,0,0,0;
8.5, -0.0179841,-0.0145416,-0.00124382,0,0,0,0;
8.51, -0.0239621,-0.014009,-0.000657133,0,0,0,0;
8.52, -0.0254962,-0.0183205,0.00071391,0,0,0,0;
8.53, -0.0270938,-0.0188155,0.00181632,0,0,0,0;
8.54, -0.0731632,-0.0163931,0.00232474,0,0,0,0;
8.55, -0.0330811,-0.0153511,0.000921746,0,0,0,0;
8.56, -0.0196795,-0.0130307,-0.00146323,0,0,0,0;
8.57, -0.0974879,-0.0142237,-0.00149191,0,0,0,0;
8.58, -0.0667622,-0.0207255,-0.000421308,0,0,0,0;
8.59, -0.067655,-0.0177354,-0.00068401,0,0,0,0;
8.6, -0.0267036,-0.0233957,0.000979224,0,0,0,0;
8.61, -0.0160672,-0.0186497,0.000509395,0,0,0,0;
8.62, -0.030135,-0.0128676,-0.00103375,0,0,0,0;
8.63, -0.0283646,-0.0126204,0.000668739,0,0,0,0;
8.64, -0.0979291,-0.0180408,0.00190034,0,0,0,0;
8.65, -0.0749724,-0.0251129,0.00179456,0,0,0,0;
8.66, -0.0918841,-0.0237231,0.000329631,0,0,0,0;
8.67, -0.0608923,-0.023001,-0.000649557,0,0,0,0;
8.68, 9.40394e-05,-0.00451914,-0.00220512,0,0,0,0;
8.69, 0.0422941,-0.00345649,-0.0014408,0,0,0,0;
8.7, -0.0574295,-0.013893,0.00117127,0,0,0,0;
8.71, -0.0783835,-0.0233399,0.00316212,0,0,0,0;
8.72, -0.0433547,-0.0298561,0.00398113,0,0,0,0;
8.73, -0.0711834,-0.0266584,0.0017828,0,0,0,0;
8.74, -0.0686096,-0.0194665,-0.00251114,0,0,0,0;
8.75, -0.0606682,-0.0147355,-0.00392257,0,0,0,0;
8.76, -0.0850882,-0.015981,-0.00193077,0,0,0,0;
8.77, -0.050764,-0.0192239,-0.000906947,0,0,0,0;
8.78, -0.0607023,-0.00718365,0.000556114,0,0,0,0;
8.79, -0.00266969,-0.00697639,0.00234316,0,0,0,0;
8.8, 0.0268417,-0.0141246,0.00374374,0,0,0,0;
8.81, -0.0434087,-0.0251903,0.00321816,0,0,0,0;
8.82, -0.0823668,-0.023012,0.00276594,0,0,0,0;
8.83, -0.0292836,-0.0214482,0.000476936,0,0,0,0;
8.84, -0.0756701,-0.0238808,-0.00108796,0,0,0,0;
8.85, -0.0490001,-0.0100607,-0.00214066,0,0,0,0;
8.86, -0.0929692,-0.00683334,-0.00374766,0,0,0,0;
8.87, -0.0693089,-0.0215231,-0.00308718,0,0,0,0;
8.88, -0.0173568,-0.0208964,-0.000301483,0,0,0,0;
8.89, -0.0236099,-0.014808,0.00290548,0,0,0,0;
8.9, -0.0224449,-0.0153609,0.00535677,0,0,0,0;
8.91, -0.0353021,-0.025021,0.00353876,0,0,0,0;
8.92, -0.0690801,-0.017997,-0.00113034,0,0,0,0;
8.93, -0.10766,-0.018386,-0.0033982,0,0,0,0;
8.94, -0.037505,-0.0142313,-0.00325796,0,0,0,0;
8.95, -0.0583037,-0.0187024,-0.00187742,0,0,0,0;
8.96, -0.0142129,-0.0261588,0.000596831,0,0,0,0;
8.97, -0.00395325,-0.0145589,0.00219657,0,0,0,0;
8.98, -0.0477827,-0.0176594,0.00356225,0,0,0,0;
8.99, -0.0810125,-0.0114782,0.00458093,0,0,0,0;
9, -0.0868242,-0.0102502,0.00170364,0,0,0,0;
9.01, -0.0414697,-0.0112881,-0.00230857,0,0,0,0;
9.02, -0.0262356,-0.0222944,-0.00392152,0,0,0,0;
9.03, -0.0343048,-0.0233571,-0.00312862,0,0,0,0;
9.04, -0.0312319,-0.0139578,-0.000412399,0,0,0,0;
9.05, -0.0564455,-0.0150393,0.00263442,0,0,0,0;
9.06, -0.108179,-0.017368,0.00381304,0,0,0,0;
9.07, -0.0473726,-0.0154165,0.001199,0,0,0,0;
9.08, 0.00465485,-0.015932,2.67931e-05,0,0,0,0;
9.09, -0.0227725,-0.0184482,-0.00110114,0,0,0,0;
9.1, -0.0960109,-0.0179973,-0.000837806,0,0,0,0;
9.11, -0.0802348,-0.0204829,-0.000471103,0,0,0,0;
9.12, -0.0123617,-0.0163206,-0.000258414,0,0,0,0;
9.13, -0.0567654,-0.0126763,0.000969458,0,0,0,0;
9.14, -0.0911295,-0.0200517,0.00203396,0,0,0,0;
9.15, -0.054655,-0.0198779,0.00163057,0,0,0,0;
9.16, 0.0109962,-0.0203885,0.000638775,0,0,0,0;
9.17, 0.0165652,-0.013283,-0.000250296,0,0,0,0;
9.18, -0.0322799,-0.0174823,1.54076e-06,0,0,0,0;
9.19, -0.0738549,-0.0119413,0.00028133,0,0,0,0;
9.2, -0.0962594,-0.00980044,0.00037072,0,0,0,0;
9.21, -0.064558,-0.0233742,-0.000310736,0,0,0,0;
9.22, -0.065416,-0.0220626,-2.57806e-05,0,0,0,0;
9.23, -0.0628667,-0.0157357,-0.000219769,0,0,0,0;
9.24, -0.0513354,-0.0183546,-0.000788212,0,0,0,0;
9.25, -0.0369177,-0.0185964,0.000118366,0,0,0,0;
9.26, -0.0649985,-0.01734,0.000366683,0,0,0,0;
9.27, -0.0499282,-0.0176481,0.000337332,0,0,0,0;
9.28, -0.00901238,-0.0104183,0.00163057,0,0,0,0;
9.29, -0.0258221,-0.0152676,0.00228816,0,0,0,0;
9.3, -0.0278483,-0.0145435,0.00260818,0,0,0,0;
9.31, -0.0498757,-0.0166823,0.00190293,0,0,0,0;
9.32, -0.0684303,-0.0216542,-0.000305602,0,0,0,0;
9.33, -0.0440368,-0.024304,-0.00294918,0,0,0,0;
9.34, -0.0668455,-0.0226234,-0.00186378,0,0,0,0;
9.35, -0.0989214,-0.0111665,0.000635307,0,0,0,0;
9.36, -0.0778228,-0.0143364,0.000195084,0,0,0,0;
9.37, -0.00432751,-0.0134855,-0.000321983,0,0,0,0;
9.38, 0.00623156,-0.012384,0.00114355,0,0,0,0;
9.39, -0.00941505,-0.0135812,0.00193495,0,0,0,0;
9.4, -0.0491401,-0.0211651,0.00179628,0,0,0,0;
9.41, -0.057338,-0.021317,0.00302784,0,0,0,0;
9.42, -0.077149,-0.0202948,0.00171875,0,0,0,0;
9.43, -0.108064,-0.0179381,-0.00141268,0,0,0,0;
9.44, -0.0599715,-0.0152556,-0.00319579,0,0,0,0;
9.45, -0.0124243,-0.0229425,-0.00306515,0,0,0,0;
9.46, -0.0561524,-0.0131217,-0.0018868,0,0,0,0;
9.47, -0.0161206,-0.0192718,0.00158106,0,0,0,0;
9.48, -0.0511819,-0.0165163,0.00510799,0,0,0,0;
9.49, -0.0386189,-0.0143506,0.00494616,0,0,0,0;
9.5, -0.0332146,-0.0159977,0.0020601,0,0,0,0;
9.51, -0.0389003,-0.0159479,-0.00104481,0,0,0,0;
9.52, -0.0270537,-0.0194008,-0.00257101,0,0,0,0;
9.53, -0.0652295,-0.0177865,-0.00333703,0,0,0,0;
9.54, -0.0795144,-0.0136803,-0.00133223,0,0,0,0;
9.55, -0.063441,-0.0133781,0.0019994,0,0,0,0;
9.56, -0.0662515,-0.0263585,0.00382712,0,0,0,0;
9.57, -0.0688278,-0.0186251,0.00344014,0,0,0,0;
9.58, -0.0517757,-0.01031,-0.00034524,0,0,0,0;
9.59, -0.0429642,-0.0180655,-0.00348583,0,0,0,0;
9.6, -0.0851313,-0.0168949,-0.00263406,0,0,0,0;
9.61, -0.0397628,-0.0151272,-7.11397e-05,0,0,0,0;
9.62, -0.00174902,-0.0137202,0.00245705,0,0,0,0;
9.63, -0.0474675,-0.0191088,0.00386697,0,0,0,0;
9.64, -0.0149426,-0.0295582,0.00313648,0,0,0,0;
9.65, -0.0103333,-0.0107398,0.00174631,0,0,0,0;
9.66, -0.0337621,-0.0140206,-0.00044275,0,0,0,0;
9.67, -0.0931024,-0.0176497,-0.00109387,0,0,0,0;
9.68, -0.064214,-0.0150535,-0.000929551,0,0,0,0;
9.69, -0.0431419,-0.02231,-0.0010593,0,0,0,0;
9.7, -0.0857877,-0.0189777,0.00108063,0,0,0,0;
9.71, -0.0499065,-0.00758676,0.00184861,0,0,0,0;
9.72, -0.0839542,-0.0111755,0.00161649,0,0,0,0;
9.73, -0.0599838,-0.0175699,0.000712721,0,0,0,0;
9.74, -0.00896564,-0.0191675,-0.00124957,0,0,0,0;
9.75, 0.0260612,-0.0163217,-0.0014359,0,0,0,0;
9.76, -0.0237918,-0.0218753,0.000302462,0,0,0,0;
9.77, -0.0678524,-0.021723,0.0039199,0,0,0,0;
9.78, -0.0501748,-0.0163684,0.00501724,0,0,0,0;
9.79, -0.0893452,-0.0162598,0.00247725,0,0,0,0;
9.8, -0.0533068,-0.0130854,-0.0024527,0,0,0,0;
9.81, -0.0163956,-0.017592,-0.00564752,0,0,0,0;
9.82, -0.0689565,-0.0258077,-0.00409662,0,0,0,0;
9.83, -0.0662859,-0.0166454,0.000499552,0,0,0,0;
9.84, -0.0651903,-0.0128088,0.00398154,0,0,0,0;
9.85, -0.0418803,-0.0109425,0.00399375,0,0,0,0;
9.86, -0.0511671,-0.0164245,0.0014742,0,0,0,0;
9.87, -0.0500037,-0.0189967,-0.000895409,0,0,0,0;
9.88, -0.0208879,-0.0181239,-0.00027646,0,0,0,0;
9.89, -0.0557436,-0.017538,0.000553964,0,0,0,0;
9.9, -0.0344215,-0.0159517,0.000987265,0,0,0,0;
9.91, -0.0334492,-0.0213131,0.00204854,0,0,0,0;
9.92, -0.0781241,-0.018123,0.00213505,0,0,0,0;
9.93, -0.0365894,-0.0145219,8.17211e-05,0,0,0,0;
9.94, -0.0502401,-0.0119259,-0.00142161,0,0,0,0;
9.95, -0.0582993,-0.00555593,-0.00123117,0,0,0,0;
9.96, -0.0558949,-0.0115772,-0.000330469,0,0,0,0;
9.97, -0.0444076,-0.0239164,0.000742229,0,0,0,0;
9.98, -0.0292449,-0.0257779,0.00227715,0,0,0,0;
9.99, -0.0298949,-0.0238536,0.00204199,0,0,0,0;
