0, 0.00056839,-0.000103474,0.100061,-1.5708,0,0,0;
0.01, -0.000116348,-0.000441313,0.100124,-1.5708,0,0,0;
0.02, -0.00649834,-0.000785351,0.100531,-1.5708,0,0,0;
0.03, -0.0203609,-0.00104833,0.101073,-1.5708,0,0,0;
0.04, -0.0404587,-0.00200868,0.101683,-1.5708,0,0,0;
0.05, -0.0634904,-0.00308108,0.102058,-1.5708,0,0,0;
0.06, -0.0852137,-0.00359178,0.102471,-1.5708,0,0,0;
0.07, -0.106017,-0.00352836,0.102976,-1.5708,0,0,0;
0.08, -0.124025,-0.00334525,0.103588,-1.5708,0,0,0;
0.09, -0.138628,-0.00334287,0.104238,-1.5708,0,0,0;
0.1, -0.151333,-0.00322175,0.104904,-1.5708,0,0,0;
0.11, -0.161149,-0.00284004,0.105362,-1.5708,0,0,0;
0.12, -0.170075,-0.00282335,0.1056,-1.5708,0,0,0;
0.13, -0.177659,-0.00279474,0.105614,-1.5708,0,0,0;
0.14, -0.185484,-0.00286961,0.105494,-1.5708,0,0,0;
0.15, -0.191844,-0.00292993,0.10537,-1.5708,0,0,0;
0.16, -0.19874,-0.00303149,0.105331,-1.5708,0,0,0;
0.17, -0.205292,-0.00318456,0.105373,-1.5708,0,0,0;
0.18, -0.211617,-0.00336552,0.105477,-1.5708,0,0,0;
0.19, -0.217496,-0.00356412,0.105567,-1.5708,0,0,0;
0.2, -0.222891,-0.00374269,0.105632,-1.5708,0,0,0;
0.21, -0.227716,-0.00396633,0.105631,-1.5708,0,0,0;
0.22, -0.23121,-0.00406408,0.105585,-1.5708,0,0,0;
0.23, -0.235078,-0.00411177,0.10551,-1.5708,0,0,0;
0.24, -0.238202,-0.00416875,0.105482,-1.5708,0,0,0;
0.25, -0.240834,-0.00429153,0.105488,-1.5708,0,0,0;
0.26, -0.243695,-0.00453448,0.105535,-1.5708,0,0,0;
0.27, -0.246413,-0.00469708,0.105606,-1.5708,0,0,0;
0.28, -0.248655,-0.00491309,0.105676,-1.5708,0,0,0;
0.29, -0.250776,-0.00505662,0.10566,-1.5708,0,0,0;
0.3, -0.252509,-0.00526404,0.105621,-1.5708,0,0,0;
0.31, -0.254468,-0.00553751,0.105567,-1.5708,0,0,0;
0.32, -0.256386,-0.00576329,0.105535,-1.5708,0,0,0;
0.33, -0.257482,-0.0057044,0.105541,-1.5708,0,0,0;
0.34, -0.258234,-0.00578642,0.105603,-1.5708,0,0,0;
0.35, -0.259458,-0.00595307,0.105642,-1.5708,0,0,0;
0.36, -0.261217,-0.00628638,0.105705,-1.5708,0,0,0;
0.37, -0.262706,-0.00650716,0.105703,-1.5708,0,0,0;
0.38, -0.26353,-0.00677633,0.105679,-1.5708,0,0,0;
0.39, -0.264221,-0.0069437,0.105636,-1.5708,0,0,0;
0.4, -0.265628,-0.00714374,0.105601,-1.5708,0,0,0;
0.41, -0.266473,-0.0072732,0.105599,-1.5708,0,0,0;
0.42, -0.267158,-0.00741315,0.10561,-1.5708,0,0,0;
0.43, -0.267949,-0.00753713,0.105623,-1.5708,0,0,0;
0.44, -0.268641,-0.0077076,0.105653,-1.5708,0,0,0;
0.45, -0.269802,-0.00794339,0.105667,-1.5708,0,0,0;
0.46, -0.269609,-0.00814295,0.105668,-1.5708,0,0,0;
0.47, -0.270468,-0.00829458,0.105644,-1.5708,0,0,0;
0.48, -0.271676,-0.00838923,0.105644,-1.5708,0,0,0;
0.49, -0.271468,-0.00866723,0.105663,-1.5708,0,0,0;
0.5, -0.271696,-0.00888586,0.105633,-1.5708,0,0,0;
0.51, -0.272536,-0.00902247,0.105583,-1.5708,0,0,0;
0.52, -0.274019,-0.00931191,0.105557,-1.5708,0,0,0;
0.53, -0.274843,-0.00946641,0.10559,-1.5708,0,0,0;
0.54, -0.275738,-0.00977755,0.105642,-1.5708,0,0,0;
0.55, -0.276343,-0.00997925,0.105625,-1.5708,0,0,0;
0.56, -0.275682,-0.00977492,0.10557,-1.5708,0,0,0;
0.57, -0.275635,-0.00990009,0.105523,-1.5708,0,0,0;
0.58, -0.276785,-0.0103524,0.105539,-1.5708,0,0,0;
0.59, -0.276844,-0.010865,0.105576,-1.5708,0,0,0;
0.6, -0.277622,-0.0109463,0.105629,-1.5708,0,0,0;
0.61, -0.278216,-0.0109088,0.105634,-1.5708,0,0,0;
0.62, -0.278428,-0.0110285,0.105619,-1.5708,0,0,0;
0.63, -0.279495,-0.0113883,0.105548,-1.5708,0,0,0;
0.64, -0.279946,-0.0116708,0.105428,-1.5708,0,0,0;
0.65, -0.28027,-0.0120726,0.105383,-1.5708,0,0,0;
0.66, -0.281222,-0.0120487,0.105359,-1.5708,0,0,0;
0.67, -0.282179,-0.0124583,0.105418,-1.5708,0,0,0;
0.68, -0.282581,-0.0126653,0.105401,-1.5708,0,0,0;
0.69, -0.282237,-0.0124812,0.105414,-1.5708,0,0,0;
0.7, -0.282324,-0.0125358,0.105392,-1.5708,0,0,0;
0.71, -0.283082,-0.0126548,0.105394,-1.5708,0,0,0;
0.72, -0.28293,-0.01285,0.105361,-1.5708,0,0,0;
0.73, -0.283658,-0.0130103,0.105352,-1.5708,0,0,0;
0.74, -0.284472,-0.0134244,0.105335,-1.5708,0,0,0;
0.75, -0.28507,-0.0136087,0.105337,-1.5708,0,0,0;
0.76, -0.285753,-0.0138319,0.105298,-1.5708,0,0,0;
0.77, -0.285657,-0.013922,0.105236,-1.5708,0,0,0;
0.78, -0.286464,-0.0141082,0.10516,-1.5708,0,0,0;
0.79, -0.286109,-0.0141644,0.105136,-1.5708,0,0,0;
0.8, -0.28677,-0.0142956,0.105114,-1.5708,0,0,0;
0.81, -0.286792,-0.0144248,0.105126,-1.5708,0,0,0;
0.82, -0.287578,-0.0145483,0.105137,-1.5708,0,0,0;
0.83, -0.288157,-0.01478,0.105112,-1.5708,0,0,0;
0.84, -0.28859,-0.0148377,0.105076,-1.5708,0,0,0;
0.85, -0.289674,-0.0150082,0.105036,-1.5708,0,0,0;
0.86, -0.289566,-0.0151274,0.105007,-1.5708,0,0,0;
0.87, -0.289759,-0.015245,0.104974,-1.5708,0,0,0;
0.88, -0.290031,-0.0153515,0.104963,-1.5708,0,0,0;
0.89, -0.290439,-0.0155156,0.104944,-1.5708,0,0,0;
0.9, -0.291375,-0.0157065,0.104935,-1.5708,0,0,0;
0.91, -0.291535,-0.0158145,0.10491,-1.5708,0,0,0;
0.92, -0.291921,-0.0159938,0.104875,-1.5708,0,0,0;
0.93, -0.292651,-0.0161536,0.104832,-1.5708,0,0,0;
0.94, -0.292841,-0.0163209,0.10481,-1.5708,0,0,0;
0.95, -0.293316,-0.0164604,0.104808,-1.5708,0,0,0;
0.96, -0.294188,-0.0166492,0.1048,-1.5708,0,0,0;
0.97, -0.294107,-0.0168087,0.104795,-1.5708,0,0,0;
0.98, -0.294461,-0.016875,0.104765,-1.5708,0,0,0;
0.99, -0.294796,-0.017102,0.104745,-1.5708,0,0,0;
1, -0.29518,-0.0172026,0.104719,-1.5708,0,0,0;
1.01, -0.296052,-0.0173583,0.104693,-1.5708,0,0,0;
1.02, -0.297007,-0.0176013,0.104681,-1.5708,0,0,0;
1.03, -0.296957,-0.0177922,0.104671,-1.5708,0,0,0;
1.04, -0.297205,-0.0179102,0.104648,-1.5708,0,0,0;
1.05, -0.297513,-0.0180495,0.104659,-1.5708,0,0,0;
1.06, -0.297627,-0.0181949,0.104649,-1.5708,0,0,0;
1.07, -0.298016,-0.0183647,0.104638,-1.5708,0,0,0;
1.08, -0.298892,-0.0185511,0.10462,-1.5708,0,0,0;
1.09, -0.299203,-0.0187459,0.104599,-1.5708,0,0,0;
1.1, -0.299107,-0.0188761,0.104573,-1.5708,0,0,0;
1.11, -0.299523,-0.0190477,0.104546,-1.5708,0,0,0;
1.12, -0.299745,-0.0192642,0.104535,-1.5708,0,0,0;
1.13, -0.300486,-0.0194433,0.104535,-1.5708,0,0,0;
1.14, -0.301209,-0.0196199,0.104548,-1.5708,0,0,0;
1.15, -0.301959,-0.0197792,0.104523,-1.5708,0,0,0;
1.16, -0.302161,-0.0200241,0.104504,-1.5708,0,0,0;
1.17, -0.302526,-0.0200918,0.104502,-1.5708,0,0,0;
1.18, -0.302711,-0.0202289,0.104504,-1.5708,0,0,0;
1.19, -0.302927,-0.0203774,0.104489,-1.5708,0,0,0;
1.2, -0.303856,-0.0205336,0.104456,-1.5708,0,0,0;
1.21, -0.30509,-0.0209198,0.104449,-1.5708,0,0,0;
1.22, -0.305245,-0.021193,0.104449,-1.5708,0,0,0;
1.23, -0.305524,-0.021313,0.104438,-1.5708,0,0,0;
1.24, -0.305473,-0.0213799,0.104445,-1.5708,0,0,0;
1.25, -0.305421,-0.0214298,0.104417,-1.5708,0,0,0;
1.26, -0.305724,-0.0217812,0.10439,-1.5708,0,0,0;
1.27, -0.305593,-0.0219157,0.104406,-1.5708,0,0,0;
1.28, -0.307584,-0.0220928,0.104369,-1.5708,0,0,0;
1.29, -0.307839,-0.0225005,0.104348,-1.5708,0,0,0;
1.3, -0.308566,-0.0226848,0.104342,-1.5708,0,0,0;
1.31, -0.309039,-0.0230088,0.104372,-1.5708,0,0,0;
1.32, -0.308689,-0.0228693,0.104333,-1.5708,0,0,0;
1.33, -0.308963,-0.0228252,0.104273,-1.5708,0,0,0;
1.34, -0.309802,-0.0232103,0.104226,-1.5708,0,0,0;
1.35, -0.308903,-0.0235143,0.104245,-1.5708,0,0,0;
1.36, -0.3097,-0.0237815,0.104276,-1.5708,0,0,0;
1.37, -0.310829,-0.0240083,0.104285,-1.5708,0,0,0;
1.38, -0.31125,-0.0240803,0.104262,-1.5708,0,0,0;
1.39, -0.312268,-0.0240934,0.104214,-1.5708,0,0,0;
1.4, -0.312613,-0.0242362,0.104171,-1.5708,0,0,0;
1.41, -0.313313,-0.0244436,0.104097,-1.5708,0,0,0;
1.42, -0.313715,-0.0246034,0.104068,-1.5708,0,0,0;
1.43, -0.313539,-0.0247369,0.104084,-1.5708,0,0,0;
1.44, -0.314223,-0.0247896,0.104095,-1.5708,0,0,0;
1.45, -0.31531,-0.0252013,0.104101,-1.5708,0,0,0;
1.46, -0.315258,-0.0252836,0.104083,-1.5708,0,0,0;
1.47, -0.316062,-0.0254645,0.10407,-1.5708,0,0,0;
1.48, -0.316263,-0.0257204,0.104025,-1.5708,0,0,0;
1.49, -0.316327,-0.0258889,0.103985,-1.5708,0,0,0;
1.5, -0.316169,-0.0258939,0.103967,-1.5708,0,0,0;
1.51, -0.316822,-0.0260272,0.103946,-1.5708,0,0,0;
1.52, -0.317122,-0.0261755,0.103942,-1.5708,0,0,0;
1.53, -0.31793,-0.0263426,0.103931,-1.5708,0,0,0;
1.54, -0.318178,-0.0265772,0.103905,-1.5708,0,0,0;
1.55, -0.318396,-0.0267122,0.103857,-1.5708,0,0,0;
1.56, -0.319015,-0.0268438,0.103825,-1.5708,0,0,0;
1.57, -0.319748,-0.0270104,0.103792,-1.5708,0,0,0;
1.58, -0.32071,-0.0271492,0.103786,-1.5708,0,0,0;
1.59, -0.320953,-0.0272937,0.103785,-1.5708,0,0,0;
1.6, -0.321238,-0.0274827,0.103782,-1.5708,0,0,0;
1.61, -0.321337,-0.0276196,0.103754,-1.5708,0,0,0;
1.62, -0.321535,-0.0278049,0.103729,-1.5708,0,0,0;
1.63, -0.322108,-0.0279682,0.103713,-1.5708,0,0,0;
1.64, -0.322428,-0.0281069,0.103693,-1.5708,0,0,0;
1.65, -0.322873,-0.0282409,0.103669,-1.5708,0,0,0;
1.66, -0.323809,-0.0283926,0.103648,-1.5708,0,0,0;
1.67, -0.324017,-0.0285435,0.103649,-1.5708,0,0,0;
1.68, -0.324598,-0.0287542,0.10363,-1.5708,0,0,0;
1.69, -0.324717,-0.0289247,0.103618,-1.5708,0,0,0;
1.7, -0.32519,-0.0290747,0.10359,-1.5708,0,0,0;
1.71, -0.325511,-0.0292473,0.103575,-1.5708,0,0,0;
1.72, -0.325851,-0.0294096,0.103561,-1.5708,0,0,0;
1.73, -0.326232,-0.0295923,0.103548,-1.5708,0,0,0;
1.74, -0.32688,-0.029743,0.103541,-1.5708,0,0,0;
1.75, -0.327535,-0.0299065,0.103533,-1.5708,0,0,0;
1.76, -0.327852,-0.0300667,0.103508,-1.5708,0,0,0;
1.77, -0.32826,-0.0302496,0.103488,-1.5708,0,0,0;
1.78, -0.328724,-0.0303767,0.103477,-1.5708,0,0,0;
1.79, -0.329307,-0.0306356,0.10348,-1.5708,0,0,0;
1.8, -0.329556,-0.0307436,0.103483,-1.5708,0,0,0;
1.81, -0.329732,-0.0309713,0.103483,-1.5708,0,0,0;
1.82, -0.329681,-0.0312042,0.103457,-1.5708,0,0,0;
1.83, -0.330548,-0.0313904,0.10343,-1.5708,0,0,0;
1.84, -0.33163,-0.0315263,0.103401,-1.5708,0,0,0;
1.85, -0.332349,-0.0316856,0.103383,-1.5708,0,0,0;
1.86, -0.331836,-0.0317259,0.103397,-1.5708,0,0,0;
1.87, -0.332189,-0.0319073,0.103394,-1.5708,0,0,0;
1.88, -0.332107,-0.0320649,0.103394,-1.5708,0,0,0;
1.89, -0.332705,-0.0323198,0.103381,-1.5708,0,0,0;
1.9, -0.333592,-0.032475,0.103376,-1.5708,0,0,0;
1.91, -0.334196,-0.0327671,0.103365,-1.5708,0,0,0;
1.92, -0.335323,-0.0329223,0.10332,-1.5708,0,0,0;
1.93, -0.33615,-0.0331316,0.103345,-1.5708,0,0,0;
1.94, -0.336572,-0.0334349,0.103282,-1.5708,0,0,0;
1.95, -0.337489,-0.0336268,0.103269,-1.5708,0,0,0;
1.96, -0.336807,-0.0336771,0.103229,-1.5708,0,0,0;
1.97, -0.335716,-0.0340233,0.103243,-1.5708,0,0,0;
1.98, -0.336735,-0.0341899,0.103263,-1.5708,0,0,0;
1.99, -0.336201,-0.0342822,0.103307,-1.5708,0,0,0;
2, -0.336732,-0.0345564,0.103346,-1.5708,0,0,0;
2.01, -0.337682,-0.0344741,0.103308,-1.5708,0,0,0;
2.02, -0.339466,-0.0347424,0.103259,-1.5708,0,0,0;
2.03, -0.339969,-0.0349967,0.103173,-1.5708,0,0,0;
2.04, -0.339921,-0.0354211,0.103098,-1.5708,0,0,0;
2.05, -0.340592,-0.035414,0.103084,-1.5708,0,0,0;
2.06, -0.341817,-0.0357003,0.103112,-1.5708,0,0,0;
2.07, -0.341933,-0.0358906,0.103154,-1.5708,0,0,0;
2.08, -0.34202,-0.0358787,0.103164,-1.5708,0,0,0;
2.09, -0.342783,-0.0360916,0.103148,-1.5708,0,0,0;
2.1, -0.342747,-0.036227,0.103111,-1.5708,0,0,0;
2.11, -0.342708,-0.0362802,0.103084,-1.5708,0,0,0;
2.12, -0.342581,-0.0364842,0.103012,-1.5708,0,0,0;
2.13, -0.343751,-0.0367074,0.102988,-1.5708,0,0,0;
2.14, -0.344524,-0.0370038,0.102987,-1.5708,0,0,0;
2.15, -0.34491,-0.0372815,0.102989,-1.5708,0,0,0;
2.16, -0.345325,-0.037358,0.102993,-1.5708,0,0,0;
2.17, -0.346102,-0.0374012,0.102985,-1.5708,0,0,0;
2.18, -0.346804,-0.0375128,0.102955,-1.5708,0,0,0;
2.19, -0.347086,-0.0376534,0.102927,-1.5708,0,0,0;
2.2, -0.346594,-0.0378139,0.102887,-1.5708,0,0,0;
2.21, -0.346758,-0.0380018,0.102863,-1.5708,0,0,0;
2.22, -0.3474,-0.0381641,0.102856,-1.5708,0,0,0;
2.23, -0.348497,-0.0384026,0.102857,-1.5708,0,0,0;
2.24, -0.349117,-0.0385458,0.10286,-1.5708,0,0,0;
2.25, -0.34918,-0.0387118,0.10284,-1.5708,0,0,0;
2.26, -0.349401,-0.0388527,0.102809,-1.5708,0,0,0;
2.27, -0.350073,-0.0390203,0.102772,-1.5708,0,0,0;
2.28, -0.350315,-0.0391395,0.102743,-1.5708,0,0,0;
2.29, -0.350573,-0.0393221,0.102719,-1.5708,0,0,0;
2.3, -0.351697,-0.0394924,0.102709,-1.5708,0,0,0;
2.31, -0.352259,-0.039624,0.102713,-1.5708,0,0,0;
2.32, -0.352372,-0.0398006,0.102709,-1.5708,0,0,0;
2.33, -0.352789,-0.0399797,0.102686,-1.5708,0,0,0;
2.34, -0.3529,-0.0401208,0.102664,-1.5708,0,0,0;
2.35, -0.353693,-0.0402446,0.102651,-1.5708,0,0,0;
2.36, -0.353663,-0.040441,0.102623,-1.5708,0,0,0;
2.37, -0.354187,-0.0406301,0.102602,-1.5708,0,0,0;
2.38, -0.354573,-0.0407877,0.1026,-1.5708,0,0,0;
2.39, -0.355094,-0.0409501,0.102606,-1.5708,0,0,0;
2.4, -0.355516,-0.0411634,0.102595,-1.5708,0,0,0;
2.41, -0.35617,-0.0413258,0.10257,-1.5708,0,0,0;
2.42, -0.356648,-0.0414734,0.102545,-1.5708,0,0,0;
2.43, -0.357122,-0.0416386,0.102528,-1.5708,0,0,0;
2.44, -0.357567,-0.041811,0.102506,-1.5708,0,0,0;
2.45, -0.358059,-0.0419505,0.102497,-1.5708,0,0,0;
2.46, -0.358286,-0.0421307,0.102494,-1.5708,0,0,0;
2.47, -0.359089,-0.0423124,0.102489,-1.5708,0,0,0;
2.48, -0.359336,-0.0425258,0.10248,-1.5708,0,0,0;
2.49, -0.359541,-0.0426645,0.10248,-1.5708,0,0,0;
2.5, -0.360471,-0.0429292,0.102467,-1.5708,0,0,0;
2.51, -0.360687,-0.0430765,0.102465,-1.5708,0,0,0;
2.52, -0.360957,-0.0432274,0.102435,-1.5708,0,0,0;
2.53, -0.361166,-0.0433781,0.102425,-1.5708,0,0,0;
2.54, -0.361139,-0.0434921,0.10241,-1.5708,0,0,0;
2.55, -0.362224,-0.0437603,0.1024,-1.5708,0,0,0;
2.56, -0.362736,-0.0441055,0.102401,-1.5708,0,0,0;
2.57, -0.36332,-0.0441775,0.102395,-1.5708,0,0,0;
2.58, -0.364014,-0.0442576,0.102371,-1.5708,0,0,0;
2.59, -0.365151,-0.0446332,0.102373,-1.5708,0,0,0;
2.6, -0.365033,-0.0446064,0.102358,-1.5708,0,0,0;
2.61, -0.365217,-0.0447452,0.102381,-1.5708,0,0,0;
2.62, -0.364459,-0.0450377,0.102331,-1.5708,0,0,0;
2.63, -0.365243,-0.0452473,0.102293,-1.5708,0,0,0;
2.64, -0.365708,-0.0454845,0.1023,-1.5708,0,0,0;
2.65, -0.36684,-0.0456116,0.102294,-1.5708,0,0,0;
2.66, -0.367477,-0.0458331,0.102312,-1.5708,0,0,0;
2.67, -0.366693,-0.0460167,0.102291,-1.5708,0,0,0;
2.68, -0.367704,-0.0460551,0.102277,-1.5708,0,0,0;
2.69, -0.368422,-0.0462756,0.102237,-1.5708,0,0,0;
2.7, -0.368998,-0.0465333,0.102198,-1.5708,0,0,0;
2.71, -0.369038,-0.0468733,0.102211,-1.5708,0,0,0;
2.72, -0.370409,-0.0471354,0.102245,-1.5708,0,0,0;
2.73, -0.371846,-0.0472686,0.102228,-1.5708,0,0,0;
2.74, -0.371112,-0.0472565,0.102234,-1.5708,0,0,0;
2.75, -0.37122,-0.0474787,0.10217,-1.5708,0,0,0;
2.76, -0.37168,-0.0474596,0.102165,-1.5708,0,0,0;
2.77, -0.371385,-0.0476449,0.10215,-1.5708,0,0,0;
2.78, -0.372069,-0.047858,0.102163,-1.5708,0,0,0;
2.79, -0.373165,-0.048003,0.102173,-1.5708,0,0,0;
2.8, -0.37349,-0.0482345,0.102153,-1.5708,0,0,0;
2.81, -0.373961,-0.0485041,0.102114,-1.5708,0,0,0;
2.82, -0.374985,-0.0486631,0.102063,-1.5708,0,0,0;
2.83, -0.374545,-0.0489974,0.102037,-1.5708,0,0,0;
2.84, -0.374753,-0.04915,0.102009,-1.5708,0,0,0;
2.85, -0.375615,-0.0494704,0.101998,-1.5708,0,0,0;
2.86, -0.37614,-0.0496244,0.102035,-1.5708,0,0,0;
2.87, -0.376904,-0.0495529,0.102041,-1.5708,0,0,0;
2.88, -0.376987,-0.0497928,0.102001,-1.5708,0,0,0;
2.89, -0.377957,-0.049897,0.101975,-1.5708,0,0,0;
2.9, -0.378467,-0.0500159,0.101933,-1.5708,0,0,0;
2.91, -0.378207,-0.0502458,0.101919,-1.5708,0,0,0;
2.92, -0.378555,-0.0504475,0.101913,-1.5708,0,0,0;
2.93, -0.378898,-0.0504868,0.101931,-1.5708,0,0,0;
2.94, -0.379495,-0.0506811,0.101925,-1.5708,0,0,0;
2.95, -0.380326,-0.0508344,0.101914,-1.5708,0,0,0;
2.96, -0.38143,-0.0510569,0.10188,-1.5708,0,0,0;
2.97, -0.381676,-0.0511968,0.101839,-1.5708,0,0,0;
2.98, -0.381159,-0.0513482,0.101809,-1.5708,0,0,0;
2.99, -0.381366,-0.0515392,0.101783,-1.5708,0,0,0;
3, -0.381904,-0.0516689,0.101783,-1.5708,0,0,0;
3.01, -0.382894,-0.0518429,0.101806,-1.5708,0,0,0;
3.02, -0.383445,-0.0520039,0.101823,-1.5708,0,0,0;
3.03, -0.383641,-0.0522025,0.101808,-1.5708,0,0,0;
3.04, -0.384213,-0.0523787,0.101765,-1.5708,0,0,0;
3.05, -0.384694,-0.0525513,0.10173,-1.5708,0,0,0;
3.06, -0.384848,-0.0527384,0.1017,-1.5708,0,0,0;
3.07, -0.385426,-0.0528858,0.101685,-1.5708,0,0,0;
3.08, -0.386554,-0.053041,0.101686,-1.5708,0,0,0;
3.09, -0.386547,-0.0532105,0.101687,-1.5708,0,0,0;
3.1, -0.387194,-0.0533655,0.101678,-1.5708,0,0,0;
3.11, -0.387303,-0.0535202,0.10167,-1.5708,0,0,0;
3.12, -0.387583,-0.0537267,0.101652,-1.5708,0,0,0;
3.13, -0.388176,-0.0538769,0.101627,-1.5708,0,0,0;
3.14, -0.388596,-0.0540445,0.101618,-1.5708,0,0,0;
3.15, -0.388781,-0.0542498,0.101621,-1.5708,0,0,0;
3.16, -0.389634,-0.0544443,0.101604,-1.5708,0,0,0;
3.17, -0.389793,-0.0546043,0.101592,-1.5708,0,0,0;
3.18, -0.390416,-0.0547044,0.101591,-1.5708,0,0,0;
3.19, -0.391012,-0.0549572,0.101581,-1.5708,0,0,0;
3.2, -0.391196,-0.0551875,0.101567,-1.5708,0,0,0;
3.21, -0.391317,-0.0553138,0.10155,-1.5708,0,0,0;
3.22, -0.392005,-0.0555577,0.101538,-1.5708,0,0,0;
3.23, -0.393067,-0.0556982,0.101532,-1.5708,0,0,0;
3.24, -0.393045,-0.0558174,0.101512,-1.5708,0,0,0;
3.25, -0.394183,-0.0559096,0.101482,-1.5708,0,0,0;
3.26, -0.393975,-0.0562503,0.101489,-1.5708,0,0,0;
3.27, -0.395091,-0.0563734,0.101498,-1.5708,0,0,0;
3.28, -0.395172,-0.0565825,0.101498,-1.5708,0,0,0;
3.29, -0.39563,-0.0567591,0.101464,-1.5708,0,0,0;
3.3, -0.39605,-0.0570912,0.101459,-1.5708,0,0,0;
3.31, -0.396078,-0.0572162,0.10146,-1.5708,0,0,0;
3.32, -0.395865,-0.0572228,0.10146,-1.5708,0,0,0;
3.33, -0.396633,-0.0574207,0.101474,-1.5708,0,0,0;
3.34, -0.397919,-0.0576885,0.101462,-1.5708,0,0,0;
3.35, -0.397352,-0.0580499,0.101448,-1.5708,0,0,0;
3.36, -0.396896,-0.0581162,0.101413,-1.5708,0,0,0;
3.37, -0.399289,-0.0583065,0.101379,-1.5708,0,0,0;
3.38, -0.3991,-0.0585201,0.101374,-1.5708,0,0,0;
3.39, -0.401149,-0.0586967,0.10143,-1.5708,0,0,0;
3.4, -0.400479,-0.0589089,0.101431,-1.5708,0,0,0;
3.41, -0.400846,-0.0589581,0.101363,-1.5708,0,0,0;
3.42, -0.402283,-0.0590808,0.101335,-1.5708,0,0,0;
3.43, -0.401312,-0.0593486,0.101316,-1.5708,0,0,0;
3.44, -0.402206,-0.0596611,0.101287,-1.5708,0,0,0;
3.45, -0.402759,-0.0599594,0.101269,-1.5708,0,0,0;
3.46, -0.402365,-0.060008,0.101285,-1.5708,0,0,0;
3.47, -0.402497,-0.0600033,0.101327,-1.5708,0,0,0;
3.48, -0.404052,-0.0602047,0.101339,-1.5708,0,0,0;
3.49, -0.405113,-0.0604222,0.101363,-1.5708,0,0,0;
3.5, -0.405046,-0.0605769,0.101347,-1.5708,0,0,0;
3.51, -0.405437,-0.0609033,0.101249,-1.5708,0,0,0;
3.52, -0.405195,-0.060997,0.101176,-1.5708,0,0,0;
3.53, -0.406017,-0.0611534,0.101129,-1.5708,0,0,0;
3.54, -0.40661,-0.0613151,0.101133,-1.5708,0,0,0;
3.55, -0.407253,-0.0614982,0.10118,-1.5708,0,0,0;
3.56, -0.408115,-0.06177,0.101215,-1.5708,0,0,0;
3.57, -0.408412,-0.0618436,0.101242,-1.5708,0,0,0;
3.58, -0.408953,-0.0621195,0.101193,-1.5708,0,0,0;
3.59, -0.409776,-0.0622606,0.101145,-1.5708,0,0,0;
3.6, -0.40974,-0.0624068,0.101108,-1.5708,0,0,0;
3.61, -0.409393,-0.0624678,0.101093,-1.5708,0,0,0;
3.62, -0.410135,-0.0627205,0.101097,-1.5708,0,0,0;
3.63, -0.410367,-0.0628231,0.101108,-1.5708,0,0,0;
3.64, -0.411313,-0.063072,0.101123,-1.5708,0,0,0;
3.65, -0.411887,-0.0633311,0.101117,-1.5708,0,0,0;
3.66, -0.412529,-0.0635345,0.10109,-1.5708,0,0,0;
3.67, -0.413096,-0.0635557,0.101045,-1.5708,0,0,0;
3.68, -0.413426,-0.063659,0.100999,-1.5708,0,0,0;
3.69, -0.413724,-0.0639129,0.100973,-1.5708,0,0,0;
3.7, -0.413634,-0.0640731,0.10097,-1.5708,0,0,0;
3.71, -0.41401,-0.0642686,0.100985,-1.5708,0,0,0;
3.72, -0.415151,-0.06444,0.100997,-1.5708,0,0,0;
3.73, -0.415755,-0.0645597,0.101001,-1.5708,0,0,0;
3.74, -0.416605,-0.0647418,0.100986,-1.5708,0,0,0;
3.75, -0.416409,-0.0649135,0.100942,-1.5708,0,0,0;
3.76, -0.416331,-0.06514,0.100904,-1.5708,0,0,0;
3.77, -0.417052,-0.0652573,0.100886,-1.5708,0,0,0;
3.78, -0.417206,-0.0653992,0.10088,-1.5708,0,0,0;
3.79, -0.417625,-0.0655954,0.100897,-1.5708,0,0,0;
3.8, -0.418489,-0.065779,0.100909,-1.5708,0,0,0;
3.81, -0.418859,-0.065944,0.100912,-1.5708,0,0,0;
3.82, -0.419269,-0.0661261,0.10089,-1.5708,0,0,0;
3.83, -0.419917,-0.06634,0.10086,-1.5708,0,0,0;
3.84, -0.420491,-0.0665691,0.100832,-1.5708,0,0,0;
3.85, -0.420904,-0.0666914,0.100823,-1.5708,0,0,0;
3.86, -0.421142,-0.0668616,0.100804,-1.5708,0,0,0;
3.87, -0.421659,-0.0670087,0.100799,-1.5708,0,0,0;
3.88, -0.42252,-0.0671713,0.100784,-1.5708,0,0,0;
3.89, -0.422909,-0.0673914,0.100782,-1.5708,0,0,0;
3.9, -0.422741,-0.0676191,0.100785,-1.5708,0,0,0;
3.91, -0.424312,-0.0677505,0.100784,-1.5708,0,0,0;
3.92, -0.424101,-0.067977,0.100771,-1.5708,0,0,0;
3.93, -0.424617,-0.0681276,0.100748,-1.5708,0,0,0;
3.94, -0.424383,-0.0682139,0.100746,-1.5708,0,0,0;
3.95, -0.424545,-0.0684638,0.100739,-1.5708,0,0,0;
3.96, -0.425473,-0.0685043,0.100735,-1.5708,0,0,0;
3.97, -0.426331,-0.0688188,0.100756,-1.5708,0,0,0;
3.98, -0.426919,-0.0689235,0.100754,-1.5708,0,0,0;
3.99, -0.42745,-0.0691144,0.100719,-1.5708,0,0,0;
4, -0.427426,-0.0693367,0.10068,-1.5708,0,0,0;
4.01, -0.428232,-0.0695605,0.10066,-1.5708,0,0,0;
4.02, -0.428693,-0.0697827,0.100651,-1.5708,0,0,0;
4.03, -0.42879,-0.0699434,0.100677,-1.5708,0,0,0;
4.04, -0.430097,-0.070025,0.1007,-1.5708,0,0,0;
4.05, -0.429922,-0.0703712,0.100692,-1.5708,0,0,0;
4.06, -0.429989,-0.0704002,0.100684,-1.5708,0,0,0;
4.07, -0.430726,-0.0705979,0.100642,-1.5708,0,0,0;
4.08, -0.43047,-0.0710702,0.100626,-1.5708,0,0,0;
4.09, -0.431416,-0.0710516,0.100618,-1.5708,0,0,0;
4.1, -0.431503,-0.0711908,0.100616,-1.5708,0,0,0;
4.11, -0.432822,-0.0713024,0.10065,-1.5708,0,0,0;
4.12, -0.433382,-0.0717134,0.100657,-1.5708,0,0,0;
4.13, -0.434634,-0.0720363,0.100602,-1.5708,0,0,0;
4.14, -0.435315,-0.072171,0.100553,-1.5708,0,0,0;
4.15, -0.435336,-0.07217,0.100499,-1.5708,0,0,0;
4.16, -0.435239,-0.0721085,0.100478,-1.5708,0,0,0;
4.17, -0.4357,-0.0722744,0.100509,-1.5708,0,0,0;
4.18, -0.435466,-0.072464,0.100547,-1.5708,0,0,0;
4.19, -0.435989,-0.0729003,0.100622,-1.5708,0,0,0;
4.2, -0.436385,-0.073102,0.100636,-1.5708,0,0,0;
4.21, -0.436548,-0.0734274,0.100625,-1.5708,0,0,0;
4.22, -0.437783,-0.0735891,0.100537,-1.5708,0,0,0;
4.23, -0.438764,-0.0736253,0.10047,-1.5708,0,0,0;
4.24, -0.439277,-0.0737143,0.100426,-1.5708,0,0,0;
4.25, -0.439253,-0.0738628,0.100391,-1.5708,0,0,0;
4.26, -0.439081,-0.0741365,0.100412,-1.5708,0,0,0;
4.27, -0.439769,-0.074297,0.100483,-1.5708,0,0,0;
4.28, -0.440382,-0.0746698,0.100526,-1.5708,0,0,0;
4.29, -0.440683,-0.0748734,0.100495,-1.5708,0,0,0;
4.3, -0.441895,-0.0748687,0.100453,-1.5708,0,0,0;
4.31, -0.442231,-0.0749834,0.100416,-1.5708,0,0,0;
4.32, -0.442079,-0.0751209,0.100373,-1.5708,0,0,0;
4.33, -0.443356,-0.0753779,0.100352,-1.5708,0,0,0;
4.34, -0.444005,-0.0754888,0.100376,-1.5708,0,0,0;
4.35, -0.443766,-0.0757959,0.100373,-1.5708,0,0,0;
4.36, -0.444721,-0.0758436,0.100361,-1.5708,0,0,0;
4.37, -0.444219,-0.0760286,0.100375,-1.5708,0,0,0;
4.38, -0.444876,-0.0762646,0.100369,-1.5708,0,0,0;
4.39, -0.445274,-0.0765047,0.10037,-1.5708,0,0,0;
4.4, -0.446027,-0.0767338,0.100363,-1.5708,0,0,0;
4.41, -0.446648,-0.0767891,0.100331,-1.5708,0,0,0;
4.42, -0.447074,-0.0769439,0.100294,-1.5708,0,0,0;
4.43, -0.447256,-0.0771646,0.100277,-1.5708,0,0,0;
4.44, -0.447949,-0.0773447,0.100247,-1.5708,0,0,0;
4.45, -0.449109,-0.0774913,0.100235,-1.5708,0,0,0;
4.46, -0.449285,-0.0776336,0.100246,-1.5708,0,0,0;
4.47, -0.449303,-0.0777054,0.100247,-1.5708,0,0,0;
4.48, -0.449933,-0.0779006,0.100243,-1.5708,0,0,0;
4.49, -0.45011,-0.0780928,0.100242,-1.5708,0,0,0;
4.5, -0.450711,-0.0783124,0.100225,-1.5708,0,0,0;
4.51, -0.451001,-0.0785306,0.100217,-1.5708,0,0,0;
4.52, -0.451841,-0.0786235,0.100213,-1.5708,0,0,0;
4.53, -0.452293,-0.0789003,0.100202,-1.5708,0,0,0;
4.54, -0.452733,-0.0790987,0.100179,-1.5708,0,0,0;
4.55, -0.453182,-0.0791938,0.100156,-1.5708,0,0,0;
4.56, -0.453515,-0.0794275,0.100146,-1.5708,0,0,0;
4.57, -0.454042,-0.0796049,0.100155,-1.5708,0,0,0;
4.58, -0.454512,-0.0797799,0.100153,-1.5708,0,0,0;
4.59, -0.454995,-0.0798707,0.100164,-1.5708,0,0,0;
4.6, -0.45545,-0.0800316,0.100144,-1.5708,0,0,0;
4.61, -0.455901,-0.0802238,0.100138,-1.5708,0,0,0;
4.62, -0.455832,-0.0803804,0.1001,-1.5708,0,0,0;
4.63, -0.456732,-0.0805345,0.100085,-1.5708,0,0,0;
4.64, -0.456857,-0.080828,0.100094,-1.5708,0,0,0;
4.65, -0.457142,-0.0810032,0.100108,-1.5708,0,0,0;
4.66, -0.457936,-0.0810254,0.100102,-1.5708,0,0,0;
4.67, -0.458714,-0.0812049,0.100081,-1.5708,0,0,0;
4.68, -0.458805,-0.0815401,0.100078,-1.5708,0,0,0;
4.69, -0.459776,-0.0818188,0.100063,-1.5708,0,0,0;
4.7, -0.460608,-0.0819623,0.100059,-1.5708,0,0,0;
4.71, -0.460794,-0.0821571,0.100029,-1.5708,0,0,0;
4.72, -0.460984,-0.0823865,0.100043,-1.5708,0,0,0;
4.73, -0.461197,-0.0824876,0.100045,-1.5708,0,0,0;
4.74, -0.461506,-0.0825272,0.100045,-1.5708,0,0,0;
4.75, -0.462131,-0.0826409,0.100032,-1.5708,0,0,0;
4.76, -0.462448,-0.0829833,0.100018,-1.5708,0,0,0;
4.77, -0.462679,-0.0833018,0.100004,-1.5708,0,0,0;
4.78, -0.463828,-0.0833941,0.0999971,-1.5708,0,0,0;
4.79, -0.464504,-0.0835083,0.100015,-1.5708,0,0,0;
4.8, -0.46457,-0.0837662,0.100012,-1.5708,0,0,0;
4.81, -0.465031,-0.0840285,0.100003,-1.5708,0,0,0;
4.82, -0.466098,-0.0840805,0.0999774,-1.5708,0,0,0;
4.83, -0.46625,-0.0842774,0.0999596,-1.5708,0,0,0;
4.84, -0.46698,-0.0845094,0.0999381,-1.5708,0,0,0;
4.85, -0.466829,-0.0846298,0.0999299,-1.5708,0,0,0;
4.86, -0.467475,-0.08483,0.0999397,-1.5708,0,0,0;
4.87, -0.467478,-0.0850472,0.0999379,-1.5708,0,0,0;
4.88, -0.468873,-0.0853016,0.0999484,-1.5708,0,0,0;
4.89, -0.468449,-0.0854733,0.0999604,-1.5708,0,0,0;
4.9, -0.468278,-0.0854859,0.0999575,-1.5708,0,0,0;
4.91, -0.469576,-0.085743,0.0999148,-1.5708,0,0,0;
4.92, -0.469517,-0.0858538,0.0998937,-1.5708,0,0,0;
4.93, -0.470819,-0.0861845,0.0999265,-1.5708,0,0,0;
4.94, -0.471484,-0.0862055,0.0999352,-1.5708,0,0,0;
4.95, -0.47196,-0.0864089,0.0999142,-1.5708,0,0,0;
4.96, -0.472344,-0.0867531,0.0998883,-1.5708,0,0,0;
4.97, -0.473114,-0.0869598,0.0998612,-1.5708,0,0,0;
4.98, -0.473415,-0.0871184,0.099834,-1.5708,0,0,0;
4.99, -0.474201,-0.0871718,0.0998197,-1.5708,0,0,0;
5, -0.473925,-0.0874317,0.0998213,-1.5708,0,0,0;
5.01, -0.474465,-0.0875623,0.0998345,-1.5708,0,0,0;
5.02, -0.474705,-0.087826,0.0998149,-1.5708,0,0,0;
5.03, -0.475472,-0.0879891,0.099831,-1.5708,0,0,0;
5.04, -0.475307,-0.088043,0.0998453,-1.5708,0,0,0;
5.05, -0.476203,-0.0883455,0.0998579,-1.5708,0,0,0;
5.06, -0.476516,-0.0885563,0.0998269,-1.5708,0,0,0;
5.07, -0.476788,-0.0886467,0.0998042,-1.5708,0,0,0;
5.08, -0.478045,-0.0887978,0.0997533,-1.5708,0,0,0;
5.09, -0.478518,-0.088974,0.0997034,-1.5708,0,0,0;
5.1, -0.478568,-0.0891788,0.099696,-1.5708,0,0,0;
5.11, -0.479134,-0.0893669,0.0997218,-1.5708,0,0,0;
5.12, -0.480268,-0.0896227,0.0997658,-1.5708,0,0,0;
5.13, -0.480692,-0.089747,0.0997992,-1.5708,0,0,0;
5.14, -0.480562,-0.0898511,0.0997807,-1.5708,0,0,0;
5.15, -0.481224,-0.0899827,0.0997324,-1.5708,0,0,0;
5.16, -0.481188,-0.0901663,0.099682,-1.5708,0,0,0;
5.17, -0.481819,-0.0904908,0.0996613,-1.5708,0,0,0;
5.18, -0.482167,-0.0906074,0.0996729,-1.5708,0,0,0;
5.19, -0.483654,-0.0908074,0.0996884,-1.5708,0,0,0;
5.2, -0.48365,-0.0909269,0.0997047,-1.5708,0,0,0;
5.21, -0.483871,-0.0911546,0.0997022,-1.5708,0,0,0;
5.22, -0.483652,-0.0912559,0.0996991,-1.5708,0,0,0;
5.23, -0.483789,-0.0914276,0.0996809,-1.5708,0,0,0;
5.24, -0.484712,-0.0916607,0.0996725,-1.5708,0,0,0;
5.25, -0.485743,-0.0917923,0.0996601,-1.5708,0,0,0;
5.26, -0.486509,-0.0919199,0.0996342,-1.5708,0,0,0;
5.27, -0.486766,-0.0921762,0.099615,-1.5708,0,0,0;
5.28, -0.488044,-0.0923526,0.0995905,-1.5708,0,0,0;
5.29, -0.488275,-0.0925307,0.0995883,-1.5708,0,0,0;
5.3, -0.488395,-0.0926924,0.0996004,-1.5708,0,0,0;
5.31, -0.487931,-0.0928843,0.0996018,-1.5708,0,0,0;
5.32, -0.488515,-0.0930862,0.0996126,-1.5708,0,0,0;
5.33, -0.489244,-0.0932469,0.0996158,-1.5708,0,0,0;
5.34, -0.490456,-0.0933807,0.099619,-1.5708,0,0,0;
5.35, -0.490517,-0.0935311,0.0996042,-1.5708,0,0,0;
5.36, -0.490691,-0.0937746,0.0995602,-1.5708,0,0,0;
5.37, -0.491442,-0.0939524,0.0995349,-1.5708,0,0,0;
5.38, -0.491777,-0.0942156,0.0995293,-1.5708,0,0,0;
5.39, -0.492104,-0.0943573,0.0995264,-1.5708,0,0,0;
5.4, -0.49301,-0.0945442,0.0995216,-1.5708,0,0,0;
5.41, -0.493481,-0.0946841,0.0995504,-1.5708,0,0,0;
5.42, -0.493947,-0.0948501,0.0995558,-1.5708,0,0,0;
5.43, -0.494026,-0.0949557,0.0995583,-1.5708,0,0,0;
5.44, -0.495035,-0.0951009,0.09954,-1.5708,0,0,0;
5.45, -0.495002,-0.0953925,0.0995192,-1.5708,0,0,0;
5.46, -0.494937,-0.0955935,0.0994706,-1.5708,0,0,0;
5.47, -0.495996,-0.0956728,0.0994678,-1.5708,0,0,0;
5.48, -0.495873,-0.0958223,0.0994924,-1.5708,0,0,0;
5.49, -0.496344,-0.0961082,0.0995118,-1.5708,0,0,0;
5.5, -0.497792,-0.0964065,0.0994991,-1.5708,0,0,0;
5.51, -0.49811,-0.0965374,0.0995276,-1.5708,0,0,0;
5.52, -0.498479,-0.0966382,0.0995026,-1.5708,0,0,0;
5.53, -0.499067,-0.0969055,0.0994764,-1.5708,0,0,0;
5.54, -0.499929,-0.0971227,0.0994589,-1.5708,0,0,0;
5.55, -0.499993,-0.0972795,0.0994372,-1.5708,0,0,0;
5.56, -0.500212,-0.097543,0.0994437,-1.5708,0,0,0;
5.57, -0.500491,-0.0976729,0.0994581,-1.5708,0,0,0;
5.58, -0.500679,-0.0976181,0.0994758,-1.5708,0,0,0;
5.59, -0.50148,-0.097836,0.0994583,-1.5708,0,0,0;
5.6, -0.502423,-0.0979061,0.0994651,-1.5708,0,0,0;
5.61, -0.502877,-0.0982134,0.0994588,-1.5708,0,0,0;
5.62, -0.503193,-0.0986185,0.0994034,-1.5708,0,0,0;
5.63, -0.503122,-0.0988455,0.0993523,-1.5708,0,0,0;
5.64, -0.504212,-0.0988846,0.0993732,-1.5708,0,0,0;
5.65, -0.504946,-0.0990083,0.0994159,-1.5708,0,0,0;
5.66, -0.50553,-0.0991573,0.0994603,-1.5708,0,0,0;
5.67, -0.506189,-0.0994129,0.0994492,-1.5708,0,0,0;
5.68, -0.505575,-0.0994627,0.0994352,-1.5708,0,0,0;
5.69, -0.506145,-0.0996542,0.0993772,-1.5708,0,0,0;
5.7, -0.506145,-0.0999846,0.0993607,-1.5708,0,0,0;
5.71, -0.507106,-0.100041,0.0993564,-1.5708,0,0,0;
5.72, -0.507446,-0.100376,0.0993732,-1.5708,0,0,0;
5.73, -0.50783,-0.100583,0.0994056,-1.5708,0,0,0;
5.74, -0.508579,-0.100721,0.0994115,-1.5708,0,0,0;
5.75, -0.509562,-0.100837,0.0994253,-1.5708,0,0,0;
5.76, -0.509888,-0.101074,0.0994025,-1.5708,0,0,0;
5.77, -0.510404,-0.10122,0.0993523,-1.5708,0,0,0;
5.78, -0.510397,-0.101482,0.0993092,-1.5708,0,0,0;
5.79, -0.511292,-0.101849,0.0992837,-1.5708,0,0,0;
5.8, -0.513142,-0.101902,0.0992709,-1.5708,0,0,0;
5.81, -0.513,-0.101981,0.0992696,-1.5708,0,0,0;
5.82, -0.513154,-0.102175,0.0992847,-1.5708,0,0,0;
5.83, -0.512883,-0.102274,0.0993245,-1.5708,0,0,0;
5.84, -0.513431,-0.102505,0.0993362,-1.5708,0,0,0;
5.85, -0.514034,-0.102807,0.099326,-1.5708,0,0,0;
5.86, -0.514472,-0.102976,0.099314,-1.5708,0,0,0;
5.87, -0.514473,-0.103009,0.0993011,-1.5708,0,0,0;
5.88, -0.514659,-0.103154,0.09929,-1.5708,0,0,0;
5.89, -0.515874,-0.103258,0.0992775,-1.5708,0,0,0;
5.9, -0.516123,-0.103461,0.0992669,-1.5708,0,0,0;
5.91, -0.516892,-0.103706,0.0992644,-1.5708,0,0,0;
5.92, -0.517546,-0.103938,0.0992574,-1.5708,0,0,0;
5.93, -0.517873,-0.104111,0.0992568,-1.5708,0,0,0;
5.94, -0.518063,-0.10434,0.0992411,-1.5708,0,0,0;
5.95, -0.518684,-0.104468,0.0992432,-1.5708,0,0,0;
5.96, -0.520173,-0.104577,0.0992479,-1.5708,0,0,0;
5.97, -0.519866,-0.104777,0.0992409,-1.5708,0,0,0;
5.98, -0.520129,-0.104881,0.099213,-1.5708,0,0,0;
5.99, -0.520434,-0.105107,0.0992059,-1.5708,0,0,0;
6, -0.521293,-0.105278,0.0992094,-1.5708,0,0,0;
6.01, -0.521584,-0.105581,0.0992091,-1.5708,0,0,0;
6.02, -0.522173,-0.10582,0.099209,-1.5708,0,0,0;
6.03, -0.522586,-0.105887,0.099211,-1.5708,0,0,0;
6.04, -0.523244,-0.106055,0.0992061,-1.5708,0,0,0;
6.05, -0.523775,-0.106177,0.099192,-1.5708,0,0,0;
6.06, -0.52373,-0.106306,0.0991866,-1.5708,0,0,0;
6.07, -0.523986,-0.106518,0.0991521,-1.5708,0,0,0;
6.08, -0.524332,-0.106749,0.0991488,-1.5708,0,0,0;
6.09, -0.525511,-0.106972,0.0991576,-1.5708,0,0,0;
6.1, -0.52605,-0.10718,0.099192,-1.5708,0,0,0;
6.11, -0.526814,-0.107356,0.099195,-1.5708,0,0,0;
6.12, -0.527212,-0.107534,0.0991604,-1.5708,0,0,0;
6.13, -0.527984,-0.10772,0.0991168,-1.5708,0,0,0;
6.14, -0.528119,-0.107754,0.0991035,-1.5708,0,0,0;
6.15, -0.528653,-0.107975,0.0991076,-1.5708,0,0,0;
6.16, -0.528284,-0.108161,0.0991223,-1.5708,0,0,0;
6.17, -0.528347,-0.1083,0.0991308,-1.5708,0,0,0;
6.18, -0.529626,-0.108445,0.0991471,-1.5708,0,0,0;
6.19, -0.529458,-0.108669,0.0991744,-1.5708,0,0,0;
6.2, -0.530337,-0.10893,0.0991493,-1.5708,0,0,0;
6.21, -0.530967,-0.109042,0.0991366,-1.5708,0,0,0;
6.22, -0.531471,-0.109327,0.0991251,-1.5708,0,0,0;
6.23, -0.532131,-0.109598,0.0990963,-1.5708,0,0,0;
6.24, -0.532993,-0.109626,0.0990774,-1.5708,0,0,0;
6.25, -0.532514,-0.109787,0.0990825,-1.5708,0,0,0;
6.26, -0.533911,-0.109916,0.0990883,-1.5708,0,0,0;
6.27, -0.534842,-0.110049,0.0991116,-1.5708,0,0,0;
6.28, -0.534801,-0.110225,0.0991134,-1.5708,0,0,0;
6.29, -0.535486,-0.110472,0.0990841,-1.5708,0,0,0;
6.3, -0.535881,-0.11081,0.0990598,-1.5708,0,0,0;
6.31, -0.535602,-0.111038,0.0990574,-1.5708,0,0,0;
6.32, -0.535475,-0.111114,0.0990564,-1.5708,0,0,0;
6.33, -0.535599,-0.111178,0.0991104,-1.5708,0,0,0;
6.34, -0.536776,-0.111414,0.0991154,-1.5708,0,0,0;
6.35, -0.537281,-0.11161,0.099116,-1.5708,0,0,0;
6.36, -0.538094,-0.111833,0.0991196,-1.5708,0,0,0;
6.37, -0.539394,-0.112015,0.0990675,-1.5708,0,0,0;
6.38, -0.540017,-0.112362,0.0990754,-1.5708,0,0,0;
6.39, -0.54026,-0.112396,0.0990278,-1.5708,0,0,0;
6.4, -0.540213,-0.112382,0.0989951,-1.5708,0,0,0;
6.41, -0.540656,-0.112677,0.0989998,-1.5708,0,0,0;
6.42, -0.541424,-0.112737,0.0990239,-1.5708,0,0,0;
6.43, -0.540979,-0.113032,0.099069,-1.5708,0,0,0;
6.44, -0.541255,-0.113182,0.0990875,-1.5708,0,0,0;
6.45, -0.541951,-0.113512,0.0991044,-1.5708,0,0,0;
6.46, -0.542867,-0.113743,0.0990786,-1.5708,0,0,0;
6.47, -0.54382,-0.113893,0.0990138,-1.5708,0,0,0;
6.48, -0.543961,-0.11413,0.0989855,-1.5708,0,0,0;
6.49, -0.545633,-0.114175,0.0989636,-1.5708,0,0,0;
6.5, -0.5453,-0.114334,0.098982,-1.5708,0,0,0;
6.51, -0.545744,-0.114575,0.0990224,-1.5708,0,0,0;
6.52, -0.546071,-0.114646,0.0990661,-1.5708,0,0,0;
6.53, -0.547106,-0.114913,0.0990514,-1.5708,0,0,0;
6.54, -0.547328,-0.115107,0.0990222,-1.5708,0,0,0;
6.55, -0.546993,-0.115204,0.0989773,-1.5708,0,0,0;
6.56, -0.547879,-0.115571,0.0989716,-1.5708,0,0,0;
6.57, -0.54779,-0.115702,0.0989785,-1.5708,0,0,0;
6.58, -0.548161,-0.115936,0.0989967,-1.5708,0,0,0;
6.59, -0.549473,-0.115983,0.0990144,-1.5708,0,0,0;
6.6, -0.549445,-0.116105,0.099045,-1.5708,0,0,0;
6.61, -0.549947,-0.116226,0.0990025,-1.5708,0,0,0;
6.62, -0.550547,-0.116361,0.0989825,-1.5708,0,0,0;
6.63, -0.551608,-0.116611,0.0989603,-1.5708,0,0,0;
6.64, -0.552276,-0.11677,0.0989493,-1.5708,0,0,0;
6.65, -0.552965,-0.117104,0.0989426,-1.5708,0,0,0;
6.66, -0.552742,-0.117217,0.09894,-1.5708,0,0,0;
6.67, -0.553511,-0.117434,0.0989602,-1.5708,0,0,0;
6.68, -0.553358,-0.117614,0.0989686,-1.5708,0,0,0;
6.69, -0.553277,-0.117761,0.0989567,-1.5708,0,0,0;
6.7, -0.554379,-0.117855,0.0989706,-1.5708,0,0,0;
6.71, -0.554492,-0.11811,0.0989559,-1.5708,0,0,0;
6.72, -0.55522,-0.118238,0.098919,-1.5708,0,0,0;
6.73, -0.556398,-0.118553,0.098894,-1.5708,0,0,0;
6.74, -0.556944,-0.118727,0.0988899,-1.5708,0,0,0;
6.75, -0.556701,-0.118784,0.0989245,-1.5708,0,0,0;
6.76, -0.557959,-0.118994,0.0989491,-1.5708,0,0,0;
6.77, -0.557599,-0.119202,0.0989643,-1.5708,0,0,0;
6.78, -0.55787,-0.119419,0.0989416,-1.5708,0,0,0;
6.79, -0.558094,-0.119487,0.0989118,-1.5708,0,0,0;
6.8, -0.559301,-0.119641,0.098885,-1.5708,0,0,0;
6.81, -0.559954,-0.119866,0.0988948,-1.5708,0,0,0;
6.82, -0.561224,-0.120018,0.0989112,-1.5708,0,0,0;
6.83, -0.560849,-0.120234,0.0988955,-1.5708,0,0,0;
6.84, -0.561612,-0.120427,0.0988937,-1.5708,0,0,0;
6.85, -0.561594,-0.120628,0.0988804,-1.5708,0,0,0;
6.86, -0.56179,-0.12068,0.0988847,-1.5708,0,0,0;
6.87, -0.562254,-0.120839,0.0988954,-1.5708,0,0,0;
6.88, -0.563079,-0.121076,0.0988896,-1.5708,0,0,0;
6.89, -0.56346,-0.121249,0.0989142,-1.5708,0,0,0;
6.9, -0.564345,-0.121587,0.0988942,-1.5708,0,0,0;
6.91, -0.564927,-0.121729,0.0988775,-1.5708,0,0,0;
6.92, -0.565084,-0.121794,0.0988662,-1.5708,0,0,0;
6.93, -0.565735,-0.121914,0.0988631,-1.5708,0,0,0;
6.94, -0.565827,-0.122102,0.0988753,-1.5708,0,0,0;
6.95, -0.566059,-0.122215,0.0988898,-1.5708,0,0,0;
6.96, -0.567157,-0.122432,0.0989019,-1.5708,0,0,0;
6.97, -0.567443,-0.12267,0.0988952,-1.5708,0,0,0;
6.98, -0.568579,-0.122883,0.0988823,-1.5708,0,0,0;
6.99, -0.568434,-0.123115,0.0988646,-1.5708,0,0,0;
7, -0.569044,-0.123334,0.0988486,-1.5708,0,0,0;
7.01, -0.569204,-0.123438,0.0988254,-1.5708,0,0,0;
7.02, -0.569738,-0.123625,0.0988424,-1.5708,0,0,0;
7.03, -0.570448,-0.12378,0.0988596,-1.5708,0,0,0;
7.04, -0.570952,-0.124,0.0988868,-1.5708,0,0,0;
7.05, -0.57206,-0.124105,0.098888,-1.5708,0,0,0;
7.06, -0.571961,-0.124287,0.0988738,-1.5708,0,0,0;
7.07, -0.571978,-0.124486,0.0988469,-1.5708,0,0,0;
7.08, -0.572533,-0.1246,0.0988427,-1.5708,0,0,0;
7.09, -0.573649,-0.12481,0.0988263,-1.5708,0,0,0;
7.1, -0.574114,-0.125173,0.0988305,-1.5708,0,0,0;
7.11, -0.574251,-0.125278,0.098856,-1.5708,0,0,0;
7.12, -0.574565,-0.125452,0.0988613,-1.5708,0,0,0;
7.13, -0.574778,-0.125556,0.0988482,-1.5708,0,0,0;
7.14, -0.575242,-0.125797,0.0988625,-1.5708,0,0,0;
7.15, -0.576484,-0.125993,0.0988628,-1.5708,0,0,0;
7.16, -0.575923,-0.126178,0.0988412,-1.5708,0,0,0;
7.17, -0.577755,-0.126472,0.0988199,-1.5708,0,0,0;
7.18, -0.57752,-0.126514,0.0988204,-1.5708,0,0,0;
7.19, -0.577345,-0.126559,0.0988103,-1.5708,0,0,0;
7.2, -0.578614,-0.126814,0.0988311,-1.5708,0,0,0;
7.21, -0.578656,-0.127015,0.0988501,-1.5708,0,0,0;
7.22, -0.580061,-0.127332,0.0988802,-1.5708,0,0,0;
7.23, -0.580429,-0.127402,0.0988665,-1.5708,0,0,0;
7.24, -0.579992,-0.127449,0.0988258,-1.5708,0,0,0;
7.25, -0.580969,-0.127659,0.0987863,-1.5708,0,0,0;
7.26, -0.581058,-0.127821,0.0987932,-1.5708,0,0,0;
7.27, -0.581454,-0.128006,0.0988182,-1.5708,0,0,0;
7.28, -0.581868,-0.128408,0.0988745,-1.5708,0,0,0;
7.29, -0.582781,-0.12855,0.0989026,-1.5708,0,0,0;
7.3, -0.583782,-0.128666,0.0989085,-1.5708,0,0,0;
7.31, -0.583994,-0.128998,0.0988369,-1.5708,0,0,0;
7.32, -0.58481,-0.129023,0.098772,-1.5708,0,0,0;
7.33, -0.585447,-0.129241,0.0987649,-1.5708,0,0,0;
7.34, -0.585322,-0.129403,0.0987658,-1.5708,0,0,0;
7.35, -0.584846,-0.129696,0.0987946,-1.5708,0,0,0;
7.36, -0.585835,-0.129804,0.0988392,-1.5708,0,0,0;
7.37, -0.586672,-0.129873,0.0988474,-1.5708,0,0,0;
7.38, -0.587487,-0.130031,0.0988636,-1.5708,0,0,0;
7.39, -0.587829,-0.130146,0.0988262,-1.5708,0,0,0;
7.4, -0.588544,-0.130359,0.09878,-1.5708,0,0,0;
7.41, -0.58893,-0.130591,0.0987668,-1.5708,0,0,0;
7.42, -0.590245,-0.130779,0.0987756,-1.5708,0,0,0;
7.43, -0.590354,-0.130984,0.0988152,-1.5708,0,0,0;
7.44, -0.58961,-0.131134,0.0988161,-1.5708,0,0,0;
7.45, -0.5908,-0.131311,0.0988037,-1.5708,0,0,0;
7.46, -0.590308,-0.131471,0.0988098,-1.5708,0,0,0;
7.47, -0.591451,-0.131696,0.0988,-1.5708,0,0,0;
7.48, -0.591847,-0.131816,0.098819,-1.5708,0,0,0;
7.49, -0.592011,-0.132116,0.0988018,-1.5708,0,0,0;
7.5, -0.592549,-0.132248,0.0987881,-1.5708,0,0,0;
7.51, -0.593124,-0.132384,0.0987819,-1.5708,0,0,0;
7.52, -0.594054,-0.132575,0.0987764,-1.5708,0,0,0;
7.53, -0.595009,-0.132699,0.0988041,-1.5708,0,0,0;
7.54, -0.595385,-0.13289,0.0987899,-1.5708,0,0,0;
7.55, -0.595611,-0.13306,0.0987751,-1.5708,0,0,0;
7.56, -0.596102,-0.133205,0.098754,-1.5708,0,0,0;
7.57, -0.597211,-0.133497,0.0987569,-1.5708,0,0,0;
7.58, -0.597129,-0.13372,0.0987581,-1.5708,0,0,0;
7.59, -0.596968,-0.133771,0.0987825,-1.5708,0,0,0;
7.6, -0.596961,-0.133945,0.098801,-1.5708,0,0,0;
7.61, -0.59864,-0.134125,0.0988043,-1.5708,0,0,0;
7.62, -0.598971,-0.134265,0.0988118,-1.5708,0,0,0;
7.63, -0.599569,-0.134383,0.0988108,-1.5708,0,0,0;
7.64, -0.599852,-0.13466,0.0987912,-1.5708,0,0,0;
7.65, -0.600209,-0.134788,0.0987599,-1.5708,0,0,0;
7.66, -0.599708,-0.134958,0.0987381,-1.5708,0,0,0;
7.67, -0.60047,-0.135146,0.0987498,-1.5708,0,0,0;
7.68, -0.60111,-0.135306,0.098786,-1.5708,0,0,0;
7.69, -0.602045,-0.135425,0.0988132,-1.5708,0,0,0;
7.7, -0.602925,-0.135597,0.0988191,-1.5708,0,0,0;
7.71, -0.603408,-0.135875,0.0987984,-1.5708,0,0,0;
7.72, -0.603747,-0.136112,0.0987524,-1.5708,0,0,0;
7.73, -0.604526,-0.136254,0.0987268,-1.5708,0,0,0;
7.74, -0.604696,-0.136404,0.0987284,-1.5708,0,0,0;
7.75, -0.605001,-0.136677,0.0987467,-1.5708,0,0,0;
7.76, -0.605519,-0.136842,0.0987761,-1.5708,0,0,0;
7.77, -0.605779,-0.137016,0.0988035,-1.5708,0,0,0;
7.78, -0.606847,-0.137204,0.0988054,-1.5708,0,0,0;
7.79, -0.60724,-0.13735,0.0987953,-1.5708,0,0,0;
7.8, -0.607549,-0.137562,0.0987648,-1.5708,0,0,0;
7.81, -0.607656,-0.137604,0.098722,-1.5708,0,0,0;
7.82, -0.608252,-0.137671,0.0987398,-1.5708,0,0,0;
7.83, -0.609253,-0.137946,0.0987783,-1.5708,0,0,0;
7.84, -0.609732,-0.13804,0.0988062,-1.5708,0,0,0;
7.85, -0.609952,-0.138344,0.0988194,-1.5708,0,0,0;
7.86, -0.610266,-0.138474,0.0987989,-1.5708,0,0,0;
7.87, -0.610957,-0.138674,0.0987813,-1.5708,0,0,0;
7.88, -0.611305,-0.138934,0.0987622,-1.5708,0,0,0;
7.89, -0.611804,-0.139137,0.098768,-1.5708,0,0,0;
7.9, -0.612531,-0.139149,0.0987634,-1.5708,0,0,0;
7.91, -0.612534,-0.139319,0.0987812,-1.5708,0,0,0;
7.92, -0.612968,-0.139574,0.098797,-1.5708,0,0,0;
7.93, -0.613725,-0.139735,0.0988297,-1.5708,0,0,0;
7.94, -0.614195,-0.139975,0.0988394,-1.5708,0,0,0;
7.95, -0.614802,-0.140241,0.0988427,-1.5708,0,0,0;
7.96, -0.615299,-0.14039,0.0987836,-1.5708,0,0,0;
7.97, -0.6154,-0.14066,0.098747,-1.5708,0,0,0;
7.98, -0.615994,-0.140651,0.0987265,-1.5708,0,0,0;
7.99, -0.616601,-0.140892,0.0987454,-1.5708,0,0,0;
8, -0.61771,-0.141154,0.0987772,-1.5708,0,0,0;
8.01, -0.61745,-0.141173,0.0988317,-1.5708,0,0,0;
8.02, -0.618494,-0.141352,0.0988494,-1.5708,0,0,0;
8.03, -0.618031,-0.141566,0.0988334,-1.5708,0,0,0;
8.04, -0.619657,-0.141831,0.0988032,-1.5708,0,0,0;
8.05, -0.619424,-0.141847,0.0987798,-1.5708,0,0,0;
8.06, -0.62016,-0.142196,0.0987526,-1.5708,0,0,0;
8.07, -0.620004,-0.142251,0.0987516,-1.5708,0,0,0;
8.08, -0.621114,-0.142414,0.0987721,-1.5708,0,0,0;
8.09, -0.621634,-0.14252,0.0988156,-1.5708,0,0,0;
8.1, -0.621639,-0.142693,0.0988261,-1.5708,0,0,0;
8.11, -0.622427,-0.142871,0.0988159,-1.5708,0,0,0;
8.12, -0.622905,-0.143194,0.0988151,-1.5708,0,0,0;
8.13, -0.623909,-0.143364,0.0988027,-1.5708,0,0,0;
8.14, -0.624807,-0.143551,0.0987987,-1.5708,0,0,0;
8.15, -0.624705,-0.143847,0.0988097,-1.5708,0,0,0;
8.16, -0.62464,-0.14396,0.0988117,-1.5708,0,0,0;
8.17, -0.625571,-0.144103,0.0987971,-1.5708,0,0,0;
8.18, -0.625776,-0.144265,0.0988217,-1.5708,0,0,0;
8.19, -0.625951,-0.14445,0.0988034,-1.5708,0,0,0;
8.2, -0.626369,-0.144544,0.0988006,-1.5708,0,0,0;
8.21, -0.627038,-0.144672,0.0987906,-1.5708,0,0,0;
8.22, -0.627482,-0.144898,0.0987986,-1.5708,0,0,0;
8.23, -0.627833,-0.145068,0.0988023,-1.5708,0,0,0;
8.24, -0.628851,-0.14522,0.0988111,-1.5708,0,0,0;
8.25, -0.630017,-0.145415,0.098828,-1.5708,0,0,0;
8.26, -0.63089,-0.145615,0.0987984,-1.5708,0,0,0;
8.27, -0.630613,-0.145865,0.0987689,-1.5708,0,0,0;
8.28, -0.631134,-0.145988,0.0987568,-1.5708,0,0,0;
8.29, -0.631201,-0.146202,0.0987772,-1.5708,0,0,0;
8.3, -0.63148,-0.146286,0.0988095,-1.5708,0,0,0;
8.31, -0.631392,-0.146425,0.0988364,-1.5708,0,0,0;
8.32, -0.631775,-0.146515,0.0988606,-1.5708,0,0,0;
8.33, -0.632291,-0.146734,0.0988556,-1.5708,0,0,0;
8.34, -0.633572,-0.146895,0.0988449,-1.5708,0,0,0;
8.35, -0.634108,-0.147049,0.0988443,-1.5708,0,0,0;
8.36, -0.635171,-0.147421,0.0988118,-1.5708,0,0,0;
8.37, -0.634969,-0.147539,0.0987946,-1.5708,0,0,0;
8.38, -0.635792,-0.147762,0.0987699,-1.5708,0,0,0;
8.39, -0.636537,-0.147895,0.0987779,-1.5708,0,0,0;
8.4, -0.637195,-0.14802,0.0988017,-1.5708,0,0,0;
8.41, -0.637323,-0.148191,0.0988339,-1.5708,0,0,0;
8.42, -0.637175,-0.148385,0.0988352,-1.5708,0,0,0;
8.43, -0.637302,-0.1486,0.0988339,-1.5708,0,0,0;
8.44, -0.63786,-0.148707,0.0988307,-1.5708,0,0,0;
8.45, -0.638852,-0.148823,0.0988145,-1.5708,0,0,0;
8.46, -0.639189,-0.149003,0.0988158,-1.5708,0,0,0;
8.47, -0.64018,-0.149204,0.098834,-1.5708,0,0,0;
8.48, -0.64122,-0.149531,0.0988448,-1.5708,0,0,0;
8.49, -0.641448,-0.149646,0.0988404,-1.5708,0,0,0;
8.5, -0.641474,-0.14979,0.0988187,-1.5708,0,0,0;
8.51, -0.641851,-0.149926,0.0988223,-1.5708,0,0,0;
8.52, -0.642042,-0.150149,0.0988357,-1.5708,0,0,0;
8.53, -0.642362,-0.15032,0.0988599,-1.5708,0,0,0;
8.54, -0.643465,-0.150472,0.0988842,-1.5708,0,0,0;
8.55, -0.643243,-0.150623,0.0988807,-1.5708,0,0,0;
8.56, -0.643631,-0.150735,0.0988525,-1.5708,0,0,0;
8.57, -0.645172,-0.150898,0.0988449,-1.5708,0,0,0;
8.58, -0.645259,-0.15115,0.0988459,-1.5708,0,0,0;
8.59, -0.646267,-0.151276,0.0988339,-1.5708,0,0,0;
8.6, -0.645996,-0.151587,0.0988609,-1.5708,0,0,0;
8.61, -0.646364,-0.15169,0.0988523,-1.5708,0,0,0;
8.62, -0.646671,-0.151815,0.0988363,-1.5708,0,0,0;
8.63, -0.646936,-0.151941,0.0988609,-1.5708,0,0,0;
8.64, -0.648527,-0.152169,0.0988805,-1.5708,0,0,0;
8.65, -0.648738,-0.152455,0.0988972,-1.5708,0,0,0;
8.66, -0.650103,-0.152661,0.0988885,-1.5708,0,0,0;
8.67, -0.650196,-0.152902,0.0988802,-1.5708,0,0,0;
8.68, -0.649955,-0.152781,0.0988457,-1.5708,0,0,0;
8.69, -0.649301,-0.152899,0.0988449,-1.5708,0,0,0;
8.7, -0.650866,-0.153082,0.0988716,-1.5708,0,0,0;
8.71, -0.651279,-0.153372,0.0989121,-1.5708,0,0,0;
8.72, -0.651616,-0.153695,0.0989541,-1.5708,0,0,0;
8.73, -0.652622,-0.153921,0.0989517,-1.5708,0,0,0;
8.74, -0.653122,-0.154076,0.0989007,-1.5708,0,0,0;
8.75, -0.653764,-0.154204,0.0988637,-1.5708,0,0,0;
8.76, -0.654807,-0.154386,0.0988604,-1.5708,0,0,0;
8.77, -0.654911,-0.154594,0.0988512,-1.5708,0,0,0;
8.78, -0.655828,-0.154553,0.0988695,-1.5708,0,0,0;
8.79, -0.65518,-0.154684,0.0989013,-1.5708,0,0,0;
8.8, -0.655032,-0.154853,0.0989462,-1.5708,0,0,0;
8.81, -0.656007,-0.155185,0.0989697,-1.5708,0,0,0;
8.82, -0.656867,-0.155351,0.0989983,-1.5708,0,0,0;
8.83, -0.65668,-0.155588,0.0989827,-1.5708,0,0,0;
8.84, -0.658105,-0.155835,0.0989696,-1.5708,0,0,0;
8.85, -0.657993,-0.155812,0.0989403,-1.5708,0,0,0;
8.86, -0.659637,-0.155921,0.0988933,-1.5708,0,0,0;
8.87, -0.659728,-0.15624,0.0988735,-1.5708,0,0,0;
8.88, -0.659788,-0.156386,0.0988884,-1.5708,0,0,0;
8.89, -0.660141,-0.156517,0.0989352,-1.5708,0,0,0;
8.9, -0.66029,-0.156685,0.0990001,-1.5708,0,0,0;
8.91, -0.660796,-0.157011,0.0990135,-1.5708,0,0,0;
8.92, -0.661694,-0.157088,0.0989741,-1.5708,0,0,0;
8.93, -0.662989,-0.157332,0.0989361,-1.5708,0,0,0;
8.94, -0.662636,-0.157405,0.0989069,-1.5708,0,0,0;
8.95, -0.663804,-0.157669,0.0988982,-1.5708,0,0,0;
8.96, -0.663239,-0.157952,0.09892,-1.5708,0,0,0;
8.97, -0.663584,-0.157986,0.098947,-1.5708,0,0,0;
8.98, -0.664271,-0.158252,0.0989916,-1.5708,0,0,0;
8.99, -0.665252,-0.158263,0.0990412,-1.5708,0,0,0;
9, -0.666075,-0.158412,0.0990313,-1.5708,0,0,0;
9.01, -0.666123,-0.158508,0.0989885,-1.5708,0,0,0;
9.02, -0.666458,-0.158836,0.0989463,-1.5708,0,0,0;
9.03, -0.66683,-0.15902,0.0989235,-1.5708,0,0,0;
9.04, -0.667099,-0.159106,0.0989382,-1.5708,0,0,0;
9.05, -0.667906,-0.159296,0.0989804,-1.5708,0,0,0;
9.06, -0.6693,-0.159468,0.0990199,-1.5708,0,0,0;
9.07, -0.669074,-0.159606,0.0990085,-1.5708,0,0,0;
9.08, -0.668967,-0.159779,0.0990116,-1.5708,0,0,0;
9.09, -0.669466,-0.159977,0.0989893,-1.5708,0,0,0;
9.1, -0.670908,-0.160146,0.0989895,-1.5708,0,0,0;
9.11, -0.671306,-0.160378,0.0989832,-1.5708,0,0,0;
9.12, -0.671068,-0.16049,0.0989833,-1.5708,0,0,0;
9.13, -0.672221,-0.160614,0.0990021,-1.5708,0,0,0;
9.14, -0.673104,-0.16088,0.0990266,-1.5708,0,0,0;
9.15, -0.673351,-0.161041,0.0990371,-1.5708,0,0,0;
9.16, -0.67284,-0.16127,0.0990382,-1.5708,0,0,0;
9.17, -0.672849,-0.161327,0.0990309,-1.5708,0,0,0;
9.18, -0.673497,-0.161581,0.0990358,-1.5708,0,0,0;
9.19, -0.674414,-0.161608,0.0990383,-1.5708,0,0,0;
9.2, -0.675471,-0.161739,0.0990429,-1.5708,0,0,0;
9.21, -0.67579,-0.162072,0.0990334,-1.5708,0,0,0;
9.22, -0.676633,-0.162226,0.0990392,-1.5708,0,0,0;
9.23, -0.677135,-0.162366,0.099032,-1.5708,0,0,0;
9.24, -0.677619,-0.162582,0.099022,-1.5708,0,0,0;
9.25, -0.67788,-0.162752,0.0990322,-1.5708,0,0,0;
9.26, -0.678833,-0.162923,0.099033,-1.5708,0,0,0;
9.27, -0.679033,-0.163103,0.0990377,-1.5708,0,0,0;
9.28, -0.678936,-0.163143,0.0990644,-1.5708,0,0,0;
9.29, -0.679444,-0.163373,0.0990872,-1.5708,0,0,0;
9.3, -0.679601,-0.163469,0.0991161,-1.5708,0,0,0;
9.31, -0.680357,-0.163682,0.0991275,-1.5708,0,0,0;
9.32, -0.681059,-0.163916,0.0991096,-1.5708,0,0,0;
9.33, -0.681279,-0.164172,0.0990655,-1.5708,0,0,0;
9.34, -0.682267,-0.164377,0.0990644,-1.5708,0,0,0;
9.35, -0.683356,-0.164402,0.0990826,-1.5708,0,0,0;
9.36, -0.683896,-0.164621,0.0990741,-1.5708,0,0,0;
9.37, -0.683436,-0.164706,0.0990722,-1.5708,0,0,0;
9.38, -0.683563,-0.164848,0.0990956,-1.5708,0,0,0;
9.39, -0.683687,-0.164984,0.0991151,-1.5708,0,0,0;
9.4, -0.684505,-0.165261,0.0991318,-1.5708,0,0,0;
9.41, -0.684968,-0.165439,0.0991734,-1.5708,0,0,0;
9.42, -0.685972,-0.165653,0.099173,-1.5708,0,0,0;
9.43, -0.68719,-0.165806,0.0991416,-1.5708,0,0,0;
9.44, -0.687298,-0.16595,0.0991038,-1.5708,0,0,0;
9.45, -0.687285,-0.16625,0.0990775,-1.5708,0,0,0;
9.46, -0.688301,-0.166257,0.0990664,-1.5708,0,0,0;
9.47, -0.687863,-0.166572,0.0991079,-1.5708,0,0,0;
9.48, -0.689011,-0.166646,0.0991752,-1.5708,0,0,0;
9.49, -0.688935,-0.166821,0.0992142,-1.5708,0,0,0;
9.5, -0.689477,-0.166978,0.0992157,-1.5708,0,0,0;
9.51, -0.689798,-0.167139,0.0991891,-1.5708,0,0,0;
9.52, -0.690004,-0.167362,0.0991592,-1.5708,0,0,0;
9.53, -0.691023,-0.16751,0.0991215,-1.5708,0,0,0;
9.54, -0.691738,-0.167628,0.0991279,-1.5708,0,0,0;
9.55, -0.692278,-0.167769,0.0991657,-1.5708,0,0,0;
9.56, -0.693017,-0.168141,0.0992099,-1.5708,0,0,0;
9.57, -0.693685,-0.1682,0.0992377,-1.5708,0,0,0;
9.58, -0.694067,-0.168302,0.0992052,-1.5708,0,0,0;
9.59, -0.694496,-0.16855,0.0991593,-1.5708,0,0,0;
9.6, -0.695712,-0.168671,0.0991464,-1.5708,0,0,0;
9.61, -0.695514,-0.168834,0.0991604,-1.5708,0,0,0;
9.62, -0.695534,-0.168953,0.0991987,-1.5708,0,0,0;
9.63, -0.696403,-0.169201,0.0992419,-1.5708,0,0,0;
9.64, -0.696052,-0.169555,0.0992644,-1.5708,0,0,0;
9.65, -0.696394,-0.169467,0.0992748,-1.5708,0,0,0;
9.66, -0.696801,-0.169744,0.0992554,-1.5708,0,0,0;
9.67, -0.698206,-0.169876,0.0992471,-1.5708,0,0,0;
9.68, -0.698335,-0.170029,0.0992378,-1.5708,0,0,0;
9.69, -0.69887,-0.170313,0.0992261,-1.5708,0,0,0;
9.7, -0.700039,-0.17044,0.099256,-1.5708,0,0,0;
9.71, -0.700055,-0.170453,0.0992705,-1.5708,0,0,0;
9.72, -0.701458,-0.170631,0.0992869,-1.5708,0,0,0;
9.73, -0.701537,-0.170825,0.0992861,-1.5708,0,0,0;
9.74, -0.701475,-0.17102,0.099261,-1.5708,0,0,0;
9.75, -0.700996,-0.171157,0.099252,-1.5708,0,0,0;
9.76, -0.701786,-0.171438,0.0992671,-1.5708,0,0,0;
9.77, -0.702538,-0.171619,0.0993309,-1.5708,0,0,0;
9.78, -0.702846,-0.171757,0.0993769,-1.5708,0,0,0;
9.79, -0.704186,-0.171933,0.099382,-1.5708,0,0,0;
9.8, -0.704159,-0.172029,0.0993258,-1.5708,0,0,0;
9.81, -0.704316,-0.172263,0.0992593,-1.5708,0,0,0;
9.82, -0.705464,-0.17256,0.0992373,-1.5708,0,0,0;
9.83, -0.705848,-0.172626,0.0992715,-1.5708,0,0,0;
9.84, -0.706646,-0.172776,0.0993252,-1.5708,0,0,0;
9.85, -0.706782,-0.172857,0.0993575,-1.5708,0,0,0;
9.86, -0.707531,-0.173085,0.0993547,-1.5708,0,0,0;
9.87, -0.707889,-0.173262,0.099335,-1.5708,0,0,0;
9.88, -0.707925,-0.173443,0.0993436,-1.5708,0,0,0;
9.89, -0.70888,-0.173613,0.09935,-1.5708,0,0,0;
9.9, -0.708819,-0.173762,0.0993631,-1.5708,0,0,0;
9.91, -0.709371,-0.174027,0.099391,-1.5708,0,0,0;
9.92, -0.710417,-0.174152,0.099409,-1.5708,0,0,0;
9.93, -0.710276,-0.174297,0.0993939,-1.5708,0,0,0;
9.94, -0.711179,-0.174394,0.0993755,-1.5708,0,0,0;
9.95, -0.711609,-0.174407,0.0993672,-1.5708,0,0,0;
9.96, -0.712232,-0.174598,0.0993695,-1.5708,0,0,0;
9.97, -0.712541,-0.174902,0.099383,-1.5708,0,0,0;
9.98, -0.712778,-0.17514,0.0994157,-1.5708,0,0,0;
9.99, -0.713113,-0.175373,0.0994286,-1.5708,0,0,0;
