0, 0.93978, 0.341781, 0.000234668, -0.341781, 0.939779, -0.000679515, -0.000452781, 0.000558389, 1; 
0.01, 0.939779, 0.341781, 0.000786193, -0.341781, 0.93978, -0.000151479, -0.000790621, -0.000126349, 1; 
0.02, 0.939777, 0.341772, 0.00329073, -0.341786, 0.93976, 0.00572855, -0.00113464, -0.00650829, 0.999978; 
0.03, 0.939771, 0.341704, 0.00827532, -0.341801, 0.939587, 0.0186652, -0.00139742, -0.0203695, 0.999792; 
0.04, 0.939749, 0.341488, 0.0160434, -0.341857, 0.939015, 0.0372154, -0.00235634, -0.0404576, 0.999178; 
0.05, 0.939707, 0.341072, 0.0249117, -0.341963, 0.937893, 0.0584638, -0.00342418, -0.0634577, 0.997979; 
0.06, 0.939668, 0.340513, 0.032795, -0.342066, 0.936379, 0.0786475, -0.00392804, -0.0851205, 0.996363; 
0.07, 0.939645, 0.339827, 0.0398121, -0.34213, 0.934515, 0.0981298, -0.00385785, -0.105828, 0.994377; 
0.08, 0.939632, 0.339115, 0.0457537, -0.342168, 0.932574, 0.115005, -0.00366886, -0.123718, 0.992311; 
0.09, 0.939615, 0.338457, 0.0506986, -0.342213, 0.930779, 0.128611, -0.0036601, -0.138194, 0.990398; 
0.1, 0.939608, 0.337825, 0.0548811, -0.342236, 0.929055, 0.140467, -0.00353423, -0.150766, 0.988563; 
0.11, 0.939619, 0.3373, 0.0578358, -0.342208, 0.927621, 0.14971, -0.00315255, -0.160462, 0.987037; 
0.12, 0.939611, 0.336794, 0.0608286, -0.342229, 0.926239, 0.157989, -0.00313192, -0.169266, 0.985565; 
0.13, 0.939606, 0.336343, 0.0633542, -0.342244, 0.925007, 0.165019, -0.00310006, -0.176736, 0.984253; 
0.14, 0.939594, 0.335858, 0.0660547, -0.342277, 0.92368, 0.172227, -0.00316969, -0.184432, 0.98284; 
0.15, 0.939584, 0.335448, 0.0682461, -0.342304, 0.92256, 0.178077, -0.00322548, -0.190679, 0.981647; 
0.16, 0.93957, 0.334988, 0.070653, -0.342342, 0.921303, 0.184399, -0.00332112, -0.197444, 0.980309; 
0.17, 0.939552, 0.334537, 0.0729903, -0.342389, 0.920068, 0.19038, -0.00346699, -0.203863, 0.978993; 
0.18, 0.939532, 0.334087, 0.0752748, -0.342443, 0.918839, 0.196133, -0.00363974, -0.210051, 0.977684; 
0.19, 0.939509, 0.333658, 0.0774243, -0.342501, 0.917663, 0.201464, -0.00382945, -0.215795, 0.976431; 
0.2, 0.939489, 0.333253, 0.0793911, -0.342556, 0.916556, 0.206351, -0.00399941, -0.22106, 0.975252; 
0.21, 0.939465, 0.332883, 0.0812081, -0.34262, 0.915544, 0.210693, -0.00421323, -0.225763, 0.974173; 
0.22, 0.939452, 0.33261, 0.0824626, -0.342653, 0.914797, 0.213858, -0.00430523, -0.229165, 0.973378; 
0.23, 0.939443, 0.332304, 0.0837932, -0.342678, 0.913958, 0.217378, -0.00434797, -0.232928, 0.972484; 
0.24, 0.939434, 0.332052, 0.0848845, -0.342702, 0.91327, 0.220212, -0.00440033, -0.235965, 0.971752; 
0.25, 0.93942, 0.331838, 0.0858736, -0.34274, 0.912683, 0.222574, -0.00451697, -0.238522, 0.971126; 
0.26, 0.939394, 0.331603, 0.0870508, -0.342805, 0.912038, 0.2251, -0.00474979, -0.2413, 0.970439; 
0.27, 0.939376, 0.331376, 0.0881047, -0.342854, 0.911419, 0.227523, -0.00490449, -0.243937, 0.969779; 
0.28, 0.939353, 0.331188, 0.0890501, -0.342913, 0.910903, 0.229491, -0.00511127, -0.24611, 0.969228; 
0.29, 0.939337, 0.331008, 0.0898873, -0.342956, 0.910411, 0.231374, -0.00524773, -0.248165, 0.968704; 
0.3, 0.939315, 0.33086, 0.0906557, -0.343012, 0.910005, 0.23288, -0.00544639, -0.249844, 0.968271; 
0.31, 0.939287, 0.330692, 0.0915605, -0.343085, 0.909544, 0.234569, -0.00570846, -0.25174, 0.967778; 
0.32, 0.939263, 0.330525, 0.0924067, -0.343148, 0.909089, 0.236235, -0.00592417, -0.253596, 0.967292; 
0.33, 0.939266, 0.33043, 0.0927134, -0.34314, 0.908827, 0.237251, -0.00586562, -0.254656, 0.967014; 
0.34, 0.939257, 0.330364, 0.0930391, -0.343164, 0.908647, 0.237907, -0.00594382, -0.255383, 0.966821; 
0.35, 0.939239, 0.330257, 0.0935997, -0.34321, 0.908353, 0.238961, -0.00610308, -0.256566, 0.966507; 
0.36, 0.939204, 0.330101, 0.0944937, -0.3433, 0.907927, 0.240444, -0.00642238, -0.258266, 0.966052; 
0.37, 0.93918, 0.329969, 0.0951923, -0.343361, 0.907565, 0.24172, -0.00663315, -0.259704, 0.965666; 
0.38, 0.939152, 0.329895, 0.0957173, -0.343432, 0.907364, 0.242376, -0.00689163, -0.2605, 0.965449; 
0.39, 0.939135, 0.329834, 0.0961021, -0.343476, 0.907194, 0.242945, -0.00705197, -0.261167, 0.965268; 
0.4, 0.939112, 0.329707, 0.0967539, -0.343534, 0.906848, 0.244152, -0.00724242, -0.262525, 0.964898; 
0.41, 0.939098, 0.329631, 0.0971543, -0.343571, 0.90664, 0.244874, -0.00736572, -0.263341, 0.964675; 
0.42, 0.939082, 0.329569, 0.0975115, -0.34361, 0.90647, 0.245447, -0.00749939, -0.264001, 0.964493; 
0.43, 0.939068, 0.329497, 0.0978884, -0.343646, 0.906274, 0.246121, -0.00761739, -0.264764, 0.964283; 
0.44, 0.93905, 0.329434, 0.0982766, -0.343693, 0.906101, 0.24669, -0.00778036, -0.265431, 0.964098; 
0.45, 0.939024, 0.329329, 0.0988803, -0.343759, 0.905811, 0.24766, -0.00800523, -0.26655, 0.963788; 
0.46, 0.939004, 0.329346, 0.0990042, -0.343807, 0.905859, 0.247417, -0.00819798, -0.266364, 0.963838; 
0.47, 0.938987, 0.329268, 0.0994294, -0.343851, 0.905644, 0.248143, -0.00834223, -0.267192, 0.963607; 
0.48, 0.938974, 0.329157, 0.099916, -0.343884, 0.90534, 0.249204, -0.00843073, -0.268356, 0.963283; 
0.49, 0.938947, 0.329176, 0.100109, -0.343952, 0.905393, 0.24892, -0.008699, -0.268156, 0.963336; 
0.5, 0.938925, 0.329155, 0.100389, -0.344008, 0.905335, 0.249052, -0.00890907, -0.268375, 0.963273; 
0.51, 0.938908, 0.329077, 0.100793, -0.344049, 0.905123, 0.249765, -0.00903863, -0.269184, 0.963046; 
0.52, 0.938875, 0.32894, 0.101553, -0.344133, 0.904747, 0.251007, -0.00931364, -0.270612, 0.962643; 
0.53, 0.938856, 0.328864, 0.101969, -0.344179, 0.904537, 0.251699, -0.00946026, -0.271405, 0.962419; 
0.54, 0.938822, 0.32878, 0.102556, -0.344266, 0.904309, 0.252402, -0.00975732, -0.272267, 0.962172; 
0.55, 0.938799, 0.328723, 0.102944, -0.344322, 0.904154, 0.25288, -0.00994974, -0.272849, 0.962005; 
0.56, 0.938822, 0.328785, 0.102535, -0.344264, 0.904323, 0.252352, -0.00975495, -0.272213, 0.962188; 
0.57, 0.938809, 0.32879, 0.102637, -0.344296, 0.904335, 0.252266, -0.00987551, -0.272167, 0.962199; 
0.58, 0.938759, 0.328682, 0.10344, -0.34442, 0.90404, 0.253151, -0.0103074, -0.273274, 0.961881; 
0.59, 0.938706, 0.328677, 0.10394, -0.344551, 0.904025, 0.253027, -0.0108003, -0.273331, 0.961859; 
0.6, 0.938694, 0.328604, 0.104272, -0.344579, 0.903826, 0.253702, -0.0108762, -0.274079, 0.961646; 
0.61, 0.938696, 0.328548, 0.104432, -0.344575, 0.903672, 0.254252, -0.0108384, -0.27465, 0.961483; 
0.62, 0.938683, 0.328528, 0.104614, -0.344608, 0.903618, 0.254403, -0.0109529, -0.274854, 0.961423; 
0.63, 0.938641, 0.328427, 0.105302, -0.34471, 0.903342, 0.255242, -0.0112954, -0.275879, 0.961126; 
0.64, 0.93861, 0.328384, 0.105715, -0.344787, 0.903225, 0.255552, -0.0115655, -0.276313, 0.960998; 
0.65, 0.938566, 0.328354, 0.106199, -0.344893, 0.903141, 0.255706, -0.0119505, -0.276624, 0.960904; 
0.66, 0.938565, 0.328263, 0.106489, -0.344898, 0.902893, 0.256574, -0.0119244, -0.27754, 0.96064; 
0.67, 0.938517, 0.328172, 0.107188, -0.345013, 0.902643, 0.257297, -0.0123146, -0.278459, 0.960369; 
0.68, 0.938493, 0.328133, 0.107514, -0.345071, 0.902538, 0.257588, -0.0125119, -0.278845, 0.960255; 
0.69, 0.938514, 0.328166, 0.107228, -0.34502, 0.902628, 0.257341, -0.0123363, -0.278514, 0.960353; 
0.7, 0.938508, 0.328158, 0.107308, -0.345035, 0.902605, 0.257401, -0.0123885, -0.278598, 0.960328; 
0.71, 0.938492, 0.328086, 0.107668, -0.345074, 0.902406, 0.258044, -0.0125, -0.279326, 0.960115; 
0.72, 0.938472, 0.3281, 0.107802, -0.345123, 0.902446, 0.257839, -0.0126881, -0.27918, 0.960155; 
0.73, 0.938451, 0.32803, 0.108191, -0.345173, 0.902255, 0.258441, -0.0128392, -0.279879, 0.959949; 
0.74, 0.938403, 0.327952, 0.108847, -0.34529, 0.90204, 0.259033, -0.0132337, -0.280661, 0.959716; 
0.75, 0.93838, 0.327894, 0.109215, -0.345345, 0.901883, 0.259508, -0.0134083, -0.281234, 0.959545; 
0.76, 0.938353, 0.327828, 0.109649, -0.345411, 0.901702, 0.260047, -0.0136198, -0.281889, 0.95935; 
0.77, 0.938343, 0.327838, 0.109702, -0.345433, 0.901728, 0.259929, -0.0137066, -0.281797, 0.959376; 
0.78, 0.938319, 0.32776, 0.110141, -0.345492, 0.901514, 0.260593, -0.0138821, -0.282572, 0.959146; 
0.79, 0.938314, 0.327794, 0.110078, -0.345502, 0.901608, 0.260253, -0.0139374, -0.282231, 0.959245; 
0.8, 0.938297, 0.32773, 0.110417, -0.345545, 0.901432, 0.260804, -0.0140606, -0.282865, 0.959057; 
0.81, 0.938283, 0.327728, 0.110546, -0.345579, 0.901427, 0.260779, -0.0141844, -0.282886, 0.959049; 
0.82, 0.938265, 0.327652, 0.110919, -0.345621, 0.901218, 0.261444, -0.0142996, -0.28364, 0.958824; 
0.83, 0.938237, 0.327595, 0.111326, -0.34569, 0.901063, 0.261886, -0.0145194, -0.284195, 0.958656; 
0.84, 0.938228, 0.327553, 0.111522, -0.34571, 0.900947, 0.262256, -0.0145729, -0.28461, 0.958532; 
0.85, 0.938204, 0.327447, 0.112037, -0.34577, 0.900657, 0.263174, -0.0147316, -0.285649, 0.958221; 
0.86, 0.938191, 0.327458, 0.112113, -0.3458, 0.900686, 0.263035, -0.0148463, -0.285546, 0.95825; 
0.87, 0.938177, 0.327439, 0.112287, -0.345833, 0.900634, 0.263169, -0.0149581, -0.285731, 0.958193; 
0.88, 0.938163, 0.327412, 0.112476, -0.345865, 0.900561, 0.263376, -0.015059, -0.285991, 0.958114; 
0.89, 0.938143, 0.327372, 0.112763, -0.345914, 0.900451, 0.263687, -0.0152144, -0.286382, 0.957995; 
0.9, 0.938117, 0.32728, 0.113249, -0.345978, 0.900199, 0.264463, -0.0153931, -0.287279, 0.957723; 
0.91, 0.938103, 0.327264, 0.113403, -0.346008, 0.900156, 0.26457, -0.0154958, -0.287433, 0.957675; 
0.92, 0.938081, 0.327226, 0.113697, -0.346061, 0.900052, 0.264856, -0.0156658, -0.287802, 0.957562; 
0.93, 0.938059, 0.327154, 0.114086, -0.346114, 0.899854, 0.265457, -0.0158153, -0.288501, 0.957349; 
0.94, 0.938039, 0.327135, 0.114305, -0.346162, 0.899803, 0.26557, -0.0159747, -0.288683, 0.957291; 
0.95, 0.93802, 0.327088, 0.114591, -0.346206, 0.899674, 0.265949, -0.0161059, -0.289137, 0.957152; 
0.96, 0.937994, 0.327002, 0.115053, -0.346269, 0.899437, 0.266668, -0.0162824, -0.289972, 0.956896; 
0.97, 0.937976, 0.327009, 0.115177, -0.34631, 0.899458, 0.26654, -0.0164355, -0.289895, 0.956917; 
0.98, 0.937967, 0.326974, 0.115354, -0.346333, 0.899362, 0.266835, -0.0164972, -0.290234, 0.956814; 
0.99, 0.937939, 0.326941, 0.115677, -0.346399, 0.899271, 0.267058, -0.0167127, -0.290554, 0.956712; 
1, 0.937925, 0.326903, 0.115897, -0.346432, 0.899166, 0.267368, -0.016807, -0.290922, 0.956599; 
1.01, 0.937902, 0.326816, 0.116328, -0.346487, 0.898927, 0.268098, -0.0169515, -0.291756, 0.956343; 
1.02, 0.937868, 0.32672, 0.116868, -0.346567, 0.898665, 0.268873, -0.017179, -0.292669, 0.956059; 
1.03, 0.937846, 0.326725, 0.117031, -0.346618, 0.898679, 0.268762, -0.0173618, -0.292622, 0.956071; 
1.04, 0.937831, 0.3267, 0.117222, -0.346653, 0.89861, 0.268943, -0.0174733, -0.292859, 0.955996; 
1.05, 0.937812, 0.326669, 0.117453, -0.346696, 0.898526, 0.269172, -0.0176048, -0.293153, 0.955903; 
1.06, 0.937795, 0.326658, 0.117627, -0.346737, 0.898494, 0.269224, -0.0177432, -0.293262, 0.955867; 
1.07, 0.937772, 0.326618, 0.117913, -0.346789, 0.898387, 0.269514, -0.0179034, -0.293634, 0.95575; 
1.08, 0.937745, 0.32653, 0.118374, -0.346854, 0.898145, 0.270236, -0.0180768, -0.294471, 0.95549; 
1.09, 0.93772, 0.326499, 0.118658, -0.346912, 0.898059, 0.270448, -0.0182612, -0.294768, 0.955394; 
1.1, 0.937705, 0.326508, 0.118749, -0.346945, 0.898086, 0.270317, -0.0183861, -0.294677, 0.95542; 
1.11, 0.937682, 0.326466, 0.119046, -0.346999, 0.89797, 0.270631, -0.0185478, -0.295074, 0.955294; 
1.12, 0.937655, 0.326444, 0.119321, -0.347061, 0.897909, 0.270754, -0.0187533, -0.295286, 0.955225; 
1.13, 0.937629, 0.326369, 0.119731, -0.347123, 0.897703, 0.271357, -0.0189201, -0.295994, 0.955002; 
1.14, 0.937603, 0.326295, 0.120132, -0.347183, 0.897502, 0.271945, -0.0190846, -0.296684, 0.954785; 
1.15, 0.937579, 0.326219, 0.120526, -0.34724, 0.897293, 0.272563, -0.0192323, -0.297401, 0.954559; 
1.16, 0.937548, 0.326198, 0.120822, -0.34731, 0.897236, 0.272659, -0.0194648, -0.297593, 0.954494; 
1.17, 0.937538, 0.326161, 0.121004, -0.347335, 0.897134, 0.272962, -0.0195272, -0.297942, 0.954384; 
1.18, 0.93752, 0.326142, 0.121193, -0.347376, 0.897082, 0.273081, -0.019657, -0.298118, 0.954326; 
1.19, 0.9375, 0.32612, 0.121403, -0.347421, 0.897022, 0.273223, -0.0197974, -0.298325, 0.954259; 
1.2, 0.937475, 0.326025, 0.121852, -0.34748, 0.896761, 0.274002, -0.0199407, -0.299211, 0.953978; 
1.21, 0.93742, 0.325898, 0.122616, -0.347609, 0.896414, 0.274974, -0.0203014, -0.300388, 0.953601; 
1.22, 0.937385, 0.325882, 0.122923, -0.347687, 0.89637, 0.275018, -0.020561, -0.300537, 0.953549; 
1.23, 0.937368, 0.325853, 0.123126, -0.347726, 0.896291, 0.275227, -0.0206736, -0.300803, 0.953462; 
1.24, 0.937361, 0.325859, 0.123172, -0.347743, 0.896305, 0.275157, -0.0207378, -0.300754, 0.953476; 
1.25, 0.937355, 0.325864, 0.123202, -0.347756, 0.89632, 0.275093, -0.0207856, -0.300704, 0.953491; 
1.26, 0.937309, 0.325833, 0.12363, -0.347858, 0.896234, 0.275243, -0.0211187, -0.300994, 0.953392; 
1.27, 0.937294, 0.325846, 0.123714, -0.347893, 0.896271, 0.275078, -0.0212478, -0.300868, 0.953429; 
1.28, 0.937257, 0.32564, 0.124528, -0.347981, 0.895707, 0.276801, -0.0214034, -0.302767, 0.952824; 
1.29, 0.937205, 0.325614, 0.124993, -0.348099, 0.895634, 0.276887, -0.0217901, -0.30301, 0.952738; 
1.3, 0.937176, 0.325538, 0.125403, -0.348165, 0.895427, 0.277474, -0.0219607, -0.303703, 0.952514; 
1.31, 0.937132, 0.325489, 0.12586, -0.348264, 0.895292, 0.277784, -0.022266, -0.304152, 0.952363; 
1.32, 0.937152, 0.325525, 0.125616, -0.348218, 0.895392, 0.277519, -0.0221356, -0.303819, 0.952472; 
1.33, 0.937156, 0.325497, 0.125663, -0.348212, 0.895314, 0.27778, -0.0220917, -0.30408, 0.95239; 
1.34, 0.937101, 0.325409, 0.126297, -0.348336, 0.895074, 0.278396, -0.0224525, -0.304879, 0.952126; 
1.35, 0.937069, 0.325503, 0.12629, -0.348402, 0.895331, 0.277486, -0.0227484, -0.304023, 0.952393; 
1.36, 0.937029, 0.32542, 0.126799, -0.348493, 0.895103, 0.278106, -0.0229971, -0.304782, 0.952144; 
1.37, 0.936992, 0.325302, 0.127379, -0.34858, 0.894779, 0.279038, -0.0232048, -0.305858, 0.951794; 
1.38, 0.936979, 0.325258, 0.127583, -0.348609, 0.894658, 0.279389, -0.0232702, -0.306258, 0.951664; 
1.39, 0.93697, 0.325151, 0.127927, -0.348635, 0.894365, 0.280294, -0.0232751, -0.307227, 0.951352; 
1.4, 0.936949, 0.325114, 0.128172, -0.348683, 0.894265, 0.280553, -0.0234084, -0.307555, 0.951242; 
1.41, 0.936916, 0.32504, 0.128594, -0.348756, 0.894063, 0.281107, -0.0236005, -0.308222, 0.951022; 
1.42, 0.936893, 0.324998, 0.128875, -0.34881, 0.893946, 0.28141, -0.0237493, -0.308604, 0.950894; 
1.43, 0.936877, 0.325017, 0.128943, -0.348843, 0.893997, 0.281206, -0.0238776, -0.308436, 0.950945; 
1.44, 0.936864, 0.324944, 0.129214, -0.348873, 0.893799, 0.281799, -0.0239225, -0.309087, 0.950733; 
1.45, 0.936802, 0.324829, 0.129953, -0.349014, 0.893483, 0.282626, -0.0243055, -0.31012, 0.950387; 
1.46, 0.936792, 0.324834, 0.130013, -0.349036, 0.893498, 0.282551, -0.0243841, -0.310071, 0.950401; 
1.47, 0.936762, 0.324749, 0.130444, -0.349105, 0.893263, 0.283207, -0.0245497, -0.310836, 0.950146; 
1.48, 0.936727, 0.324727, 0.130749, -0.349182, 0.893205, 0.283296, -0.0247912, -0.311026, 0.950078; 
1.49, 0.936704, 0.32472, 0.130927, -0.349232, 0.893186, 0.283294, -0.0249508, -0.311087, 0.950054; 
1.5, 0.936705, 0.324737, 0.130881, -0.349229, 0.893232, 0.283152, -0.0249568, -0.310937, 0.950103; 
1.51, 0.936682, 0.324668, 0.131217, -0.349282, 0.893041, 0.283689, -0.0250782, -0.311558, 0.949896; 
1.52, 0.93666, 0.324636, 0.131454, -0.349331, 0.892953, 0.283904, -0.0252166, -0.311843, 0.949799; 
1.53, 0.936631, 0.324549, 0.131872, -0.349398, 0.892717, 0.284567, -0.0253687, -0.31261, 0.949543; 
1.54, 0.936598, 0.324522, 0.132173, -0.34947, 0.892644, 0.284707, -0.0255894, -0.312846, 0.949459; 
1.55, 0.936578, 0.324499, 0.13237, -0.349514, 0.892579, 0.284854, -0.0257157, -0.313053, 0.949387; 
1.56, 0.936555, 0.324433, 0.132694, -0.349566, 0.892397, 0.28536, -0.0258354, -0.313641, 0.94919; 
1.57, 0.936527, 0.324354, 0.133088, -0.349632, 0.892181, 0.285956, -0.0259874, -0.314337, 0.948956; 
1.58, 0.9365, 0.32425, 0.13353, -0.349695, 0.891896, 0.286765, -0.0261108, -0.31525, 0.948649; 
1.59, 0.936478, 0.324224, 0.133744, -0.349742, 0.891824, 0.286931, -0.0262458, -0.315481, 0.948569; 
1.6, 0.936451, 0.324193, 0.134013, -0.349803, 0.89174, 0.287119, -0.0264227, -0.315751, 0.948474; 
1.61, 0.936431, 0.324182, 0.134173, -0.349845, 0.891711, 0.287159, -0.0265516, -0.315844, 0.948439; 
1.62, 0.936405, 0.324161, 0.134411, -0.349903, 0.891652, 0.287271, -0.0267256, -0.316033, 0.948372; 
1.63, 0.936378, 0.324099, 0.134749, -0.349964, 0.891482, 0.287725, -0.0268754, -0.316576, 0.948186; 
1.64, 0.936356, 0.324064, 0.134983, -0.350012, 0.891386, 0.287962, -0.0270041, -0.31688, 0.948081; 
1.65, 0.936334, 0.324015, 0.135252, -0.350062, 0.891254, 0.28831, -0.0271272, -0.317302, 0.947937; 
1.66, 0.936305, 0.323914, 0.135698, -0.350129, 0.890975, 0.289091, -0.0272625, -0.318189, 0.947635; 
1.67, 0.936282, 0.323891, 0.135906, -0.350178, 0.890912, 0.289224, -0.0274036, -0.318387, 0.947565; 
1.68, 0.936248, 0.323827, 0.136292, -0.350254, 0.890738, 0.289667, -0.027598, -0.318937, 0.947374; 
1.69, 0.936224, 0.323814, 0.13649, -0.350306, 0.890703, 0.289713, -0.0277584, -0.31905, 0.947331; 
1.7, 0.936199, 0.323763, 0.136783, -0.350362, 0.890561, 0.290082, -0.0278961, -0.319498, 0.947176; 
1.71, 0.936172, 0.323727, 0.137049, -0.350421, 0.890464, 0.290307, -0.0280566, -0.319802, 0.947069; 
1.72, 0.936147, 0.32369, 0.137311, -0.350477, 0.890362, 0.290554, -0.0282071, -0.320125, 0.946955; 
1.73, 0.936118, 0.323648, 0.137605, -0.35054, 0.890248, 0.290828, -0.0283765, -0.320485, 0.946828; 
1.74, 0.936091, 0.323577, 0.137955, -0.350601, 0.890052, 0.291352, -0.0285129, -0.321099, 0.946616; 
1.75, 0.936062, 0.323505, 0.138321, -0.350666, 0.889855, 0.291877, -0.0286615, -0.321719, 0.946401; 
1.76, 0.936037, 0.32347, 0.138573, -0.350721, 0.889759, 0.292103, -0.02881, -0.32202, 0.946294; 
1.77, 0.936007, 0.323425, 0.138876, -0.350785, 0.889635, 0.292401, -0.0289791, -0.322406, 0.946158; 
1.78, 0.935985, 0.323374, 0.139145, -0.350835, 0.889495, 0.29277, -0.0290948, -0.322845, 0.946004; 
1.79, 0.935943, 0.323309, 0.139576, -0.350927, 0.889318, 0.293197, -0.029334, -0.323397, 0.945809; 
1.8, 0.935926, 0.323281, 0.139757, -0.350965, 0.889242, 0.29338, -0.0294336, -0.323632, 0.945725; 
1.81, 0.935892, 0.323262, 0.140027, -0.351037, 0.889188, 0.293457, -0.0296472, -0.323799, 0.945661; 
1.82, 0.93586, 0.323267, 0.140229, -0.351104, 0.889204, 0.29333, -0.029868, -0.323751, 0.945671; 
1.83, 0.935825, 0.323171, 0.140683, -0.351183, 0.88894, 0.294035, -0.0300353, -0.324571, 0.945384; 
1.84, 0.935795, 0.323051, 0.14116, -0.351253, 0.888609, 0.294949, -0.0301527, -0.325594, 0.945029; 
1.85, 0.935765, 0.32297, 0.141541, -0.35132, 0.888389, 0.295531, -0.0302957, -0.326274, 0.94479; 
1.86, 0.935765, 0.323028, 0.141413, -0.351318, 0.888547, 0.295061, -0.0303391, -0.325788, 0.944956; 
1.87, 0.935735, 0.322988, 0.141697, -0.351381, 0.888438, 0.295311, -0.0305069, -0.326123, 0.944835; 
1.88, 0.935714, 0.322997, 0.141818, -0.351425, 0.888463, 0.295183, -0.0306566, -0.326045, 0.944857; 
1.89, 0.935672, 0.32293, 0.142249, -0.351518, 0.88828, 0.295624, -0.0308912, -0.32661, 0.944654; 
1.9, 0.93564, 0.322831, 0.142681, -0.351589, 0.888007, 0.296357, -0.0310284, -0.327449, 0.944359; 
1.91, 0.935592, 0.322763, 0.143149, -0.351693, 0.887822, 0.296791, -0.0312977, -0.32802, 0.944152; 
1.92, 0.935558, 0.322636, 0.143658, -0.351772, 0.887474, 0.297736, -0.031432, -0.329084, 0.943777; 
1.93, 0.935519, 0.322543, 0.14412, -0.351859, 0.887218, 0.298395, -0.0316206, -0.329864, 0.943499; 
1.94, 0.935471, 0.322495, 0.14454, -0.351962, 0.887087, 0.298663, -0.031902, -0.330263, 0.94335; 
1.95, 0.935433, 0.322391, 0.145015, -0.352046, 0.886802, 0.299408, -0.0320729, -0.331128, 0.943041; 
1.96, 0.935433, 0.322469, 0.144842, -0.352041, 0.887014, 0.298786, -0.0321279, -0.330485, 0.943264; 
1.97, 0.935395, 0.322592, 0.144814, -0.352112, 0.887352, 0.297696, -0.0324667, -0.329454, 0.943613; 
1.98, 0.935359, 0.322477, 0.145299, -0.352192, 0.887036, 0.298542, -0.0326125, -0.330417, 0.943272; 
1.99, 0.935352, 0.322537, 0.145213, -0.352203, 0.887202, 0.298035, -0.0327056, -0.329912, 0.943445; 
2, 0.935306, 0.322477, 0.14564, -0.352301, 0.887038, 0.298409, -0.0329582, -0.330414, 0.943261; 
2.01, 0.935307, 0.322369, 0.14587, -0.352306, 0.886742, 0.299281, -0.0328698, -0.33131, 0.942949; 
2.02, 0.935248, 0.322166, 0.146695, -0.352441, 0.886185, 0.300767, -0.0331021, -0.332993, 0.942348; 
2.03, 0.935205, 0.322109, 0.147095, -0.352533, 0.886028, 0.301122, -0.033336, -0.333467, 0.942172; 
2.04, 0.935143, 0.322114, 0.147476, -0.35266, 0.886043, 0.300931, -0.0337364, -0.333422, 0.942174; 
2.05, 0.935137, 0.322038, 0.147686, -0.352678, 0.885832, 0.301527, -0.0337217, -0.334055, 0.94195; 
2.06, 0.93508, 0.321897, 0.148348, -0.352803, 0.885447, 0.30251, -0.0339768, -0.335209, 0.941531; 
2.07, 0.935051, 0.321884, 0.148563, -0.352865, 0.885411, 0.302546, -0.0341545, -0.335318, 0.941486; 
2.08, 0.935052, 0.321874, 0.14858, -0.352864, 0.885383, 0.302627, -0.0341423, -0.3354, 0.941457; 
2.09, 0.935011, 0.321786, 0.149024, -0.352953, 0.885143, 0.303227, -0.0343335, -0.336119, 0.941194; 
2.1, 0.934991, 0.32179, 0.149139, -0.352993, 0.885154, 0.303147, -0.0344613, -0.336085, 0.941201; 
2.11, 0.934984, 0.321795, 0.149176, -0.353007, 0.885167, 0.303094, -0.0345119, -0.336048, 0.941212; 
2.12, 0.934955, 0.321809, 0.149326, -0.353065, 0.885207, 0.30291, -0.0347055, -0.335929, 0.941248; 
2.13, 0.934908, 0.321674, 0.149911, -0.353171, 0.884837, 0.303865, -0.0349011, -0.33703, 0.940847; 
2.14, 0.934854, 0.321585, 0.150437, -0.353286, 0.884592, 0.304445, -0.0351703, -0.337758, 0.940575; 
2.15, 0.934808, 0.32154, 0.15082, -0.353383, 0.884469, 0.304687, -0.0354267, -0.338121, 0.940436; 
2.16, 0.934791, 0.321492, 0.151025, -0.35342, 0.884337, 0.305027, -0.0354934, -0.338512, 0.940292; 
2.17, 0.934775, 0.321402, 0.151315, -0.353459, 0.88409, 0.305698, -0.0355241, -0.339242, 0.940028; 
2.18, 0.93475, 0.32132, 0.151645, -0.353517, 0.883866, 0.306279, -0.0356201, -0.339903, 0.939786; 
2.19, 0.934725, 0.321287, 0.151867, -0.353569, 0.883776, 0.306478, -0.0357487, -0.340168, 0.939685; 
2.2, 0.934707, 0.321345, 0.151859, -0.353602, 0.883933, 0.305987, -0.0359058, -0.339706, 0.939846; 
2.21, 0.934676, 0.321326, 0.152087, -0.353665, 0.883881, 0.306066, -0.0360802, -0.33986, 0.939784; 
2.22, 0.934644, 0.321251, 0.152445, -0.353736, 0.883676, 0.306575, -0.0362245, -0.340464, 0.93956; 
2.23, 0.934594, 0.321123, 0.15302, -0.353846, 0.883324, 0.307459, -0.0364341, -0.341495, 0.939177; 
2.24, 0.934564, 0.32105, 0.153353, -0.353912, 0.883125, 0.307956, -0.0365605, -0.342077, 0.93896; 
2.25, 0.934538, 0.321043, 0.153528, -0.353965, 0.883105, 0.307952, -0.0367155, -0.342136, 0.938933; 
2.26, 0.934513, 0.321017, 0.153731, -0.354016, 0.883034, 0.308097, -0.0368449, -0.342344, 0.938852; 
2.27, 0.934479, 0.320938, 0.154103, -0.354091, 0.882817, 0.308631, -0.0369932, -0.342976, 0.938615; 
2.28, 0.934458, 0.320909, 0.154292, -0.354136, 0.882739, 0.308803, -0.0371019, -0.343203, 0.938528; 
2.29, 0.934426, 0.320879, 0.154545, -0.354201, 0.882656, 0.308965, -0.0372698, -0.343445, 0.938433; 
2.3, 0.934386, 0.320746, 0.155065, -0.354293, 0.882293, 0.309896, -0.0374143, -0.344501, 0.93804; 
2.31, 0.934358, 0.32068, 0.155368, -0.354353, 0.882111, 0.310345, -0.0375301, -0.345028, 0.937842; 
2.32, 0.934329, 0.320667, 0.155569, -0.354412, 0.882074, 0.310382, -0.0376942, -0.345134, 0.937796; 
2.33, 0.934296, 0.320617, 0.15587, -0.354482, 0.881939, 0.310686, -0.0378564, -0.345525, 0.937645; 
2.34, 0.934273, 0.320604, 0.156037, -0.35453, 0.881903, 0.310734, -0.0379872, -0.34563, 0.937602; 
2.35, 0.934243, 0.32051, 0.156407, -0.354597, 0.881645, 0.311388, -0.0380921, -0.346374, 0.937323; 
2.36, 0.934213, 0.320514, 0.156581, -0.354657, 0.881655, 0.311292, -0.0382767, -0.346346, 0.937326; 
2.37, 0.934176, 0.320451, 0.156925, -0.354734, 0.881484, 0.311687, -0.0384465, -0.346837, 0.937137; 
2.38, 0.934147, 0.320406, 0.157196, -0.354797, 0.881359, 0.311971, -0.0385888, -0.347199, 0.936997; 
2.39, 0.934114, 0.320344, 0.157514, -0.354867, 0.881189, 0.312372, -0.0387335, -0.347688, 0.93681; 
2.4, 0.934075, 0.320293, 0.157849, -0.354949, 0.881051, 0.312668, -0.0389274, -0.348083, 0.936655; 
2.41, 0.934041, 0.320215, 0.15821, -0.355023, 0.880836, 0.313186, -0.03907, -0.348697, 0.936421; 
2.42, 0.934011, 0.320158, 0.158501, -0.355087, 0.88068, 0.313554, -0.0392013, -0.349145, 0.936248; 
2.43, 0.933978, 0.320101, 0.158807, -0.355156, 0.880524, 0.313913, -0.0393491, -0.349589, 0.936076; 
2.44, 0.933945, 0.320048, 0.15911, -0.355227, 0.880378, 0.314243, -0.0395039, -0.350006, 0.935914; 
2.45, 0.933916, 0.319989, 0.159397, -0.355289, 0.880216, 0.314626, -0.0396273, -0.350466, 0.935737; 
2.46, 0.933885, 0.319962, 0.159638, -0.355354, 0.880141, 0.314761, -0.0397926, -0.350679, 0.93565; 
2.47, 0.933845, 0.319865, 0.160064, -0.355441, 0.879877, 0.315403, -0.0399506, -0.351431, 0.935361; 
2.48, 0.933807, 0.319835, 0.160343, -0.355517, 0.879795, 0.315544, -0.0401465, -0.351662, 0.935266; 
2.49, 0.933782, 0.319811, 0.160538, -0.355569, 0.879727, 0.315675, -0.0402732, -0.351854, 0.935188; 
2.5, 0.933727, 0.319698, 0.161082, -0.355687, 0.879419, 0.316398, -0.0405067, -0.352724, 0.93485; 
2.51, 0.9337, 0.319672, 0.161289, -0.355742, 0.879348, 0.316536, -0.0406411, -0.352926, 0.934768; 
2.52, 0.933672, 0.31964, 0.161516, -0.3558, 0.879258, 0.316719, -0.0407781, -0.353179, 0.934667; 
2.53, 0.933645, 0.319614, 0.161723, -0.355856, 0.879189, 0.316849, -0.0409157, -0.353374, 0.934587; 
2.54, 0.933627, 0.319618, 0.161821, -0.355891, 0.879198, 0.316785, -0.0410226, -0.353349, 0.934592; 
2.55, 0.933568, 0.319486, 0.162418, -0.356018, 0.878837, 0.317642, -0.0412565, -0.354364, 0.934197; 
2.56, 0.933505, 0.319424, 0.162903, -0.356147, 0.878667, 0.317969, -0.041571, -0.354843, 0.934001; 
2.57, 0.933485, 0.319353, 0.163157, -0.356193, 0.878472, 0.318456, -0.0416291, -0.355389, 0.933791; 
2.58, 0.933462, 0.319268, 0.163453, -0.356245, 0.87824, 0.319036, -0.041693, -0.356037, 0.933541; 
2.59, 0.933384, 0.319129, 0.164166, -0.35641, 0.877859, 0.3199, -0.0420254, -0.3571, 0.93312; 
2.6, 0.93339, 0.319144, 0.164104, -0.356396, 0.877898, 0.319806, -0.0420024, -0.35699, 0.933163; 
2.61, 0.933365, 0.319121, 0.164292, -0.356448, 0.877837, 0.319918, -0.0421289, -0.357162, 0.933092; 
2.62, 0.933328, 0.319214, 0.164323, -0.356512, 0.878091, 0.319149, -0.0424141, -0.356453, 0.93335; 
2.63, 0.933282, 0.319118, 0.164769, -0.35661, 0.877828, 0.319761, -0.042597, -0.357185, 0.933062; 
2.64, 0.933236, 0.319061, 0.165138, -0.356704, 0.877672, 0.320085, -0.0428108, -0.35762, 0.932885; 
2.65, 0.933199, 0.318922, 0.165618, -0.35679, 0.877291, 0.321032, -0.0429109, -0.358677, 0.932475; 
2.66, 0.933153, 0.318844, 0.166027, -0.356887, 0.877076, 0.32151, -0.043107, -0.359271, 0.932237; 
2.67, 0.933134, 0.31894, 0.165949, -0.356914, 0.87734, 0.320759, -0.043291, -0.35854, 0.93251; 
2.68, 0.933112, 0.318816, 0.166307, -0.356967, 0.877, 0.321631, -0.0433101, -0.359484, 0.932146; 
2.69, 0.933065, 0.318727, 0.166741, -0.357067, 0.876757, 0.322181, -0.0435037, -0.360153, 0.931878; 
2.7, 0.933014, 0.318656, 0.167165, -0.357174, 0.876562, 0.322593, -0.0437342, -0.360691, 0.93166; 
2.71, 0.932956, 0.318651, 0.167495, -0.357285, 0.876548, 0.322506, -0.0440503, -0.360728, 0.93163; 
2.72, 0.932892, 0.318481, 0.168176, -0.357426, 0.876083, 0.323613, -0.0442711, -0.362006, 0.931124; 
2.73, 0.932847, 0.318303, 0.168757, -0.357529, 0.875593, 0.324823, -0.0443706, -0.363345, 0.930597; 
2.74, 0.932861, 0.318394, 0.168512, -0.357494, 0.875844, 0.324184, -0.0443718, -0.362661, 0.930864; 
2.75, 0.932822, 0.318381, 0.168754, -0.357571, 0.875807, 0.3242, -0.0445768, -0.362762, 0.930815; 
2.76, 0.932818, 0.318323, 0.168882, -0.357584, 0.87565, 0.324609, -0.0445511, -0.363191, 0.930649; 
2.77, 0.932791, 0.31836, 0.168961, -0.357632, 0.875751, 0.324284, -0.0447286, -0.362915, 0.930748; 
2.78, 0.932744, 0.318275, 0.169378, -0.35773, 0.875517, 0.324807, -0.0449151, -0.363553, 0.93049; 
2.79, 0.932703, 0.318138, 0.169861, -0.357823, 0.875142, 0.325713, -0.0450309, -0.364574, 0.930085; 
2.8, 0.932659, 0.318098, 0.17018, -0.357912, 0.875031, 0.325914, -0.0452405, -0.364876, 0.929956; 
2.81, 0.932606, 0.318039, 0.170581, -0.35802, 0.874869, 0.326229, -0.0454829, -0.365315, 0.929772; 
2.82, 0.932563, 0.31791, 0.171055, -0.358115, 0.874517, 0.327067, -0.0456125, -0.366268, 0.929391; 
2.83, 0.932512, 0.317966, 0.171227, -0.358205, 0.874669, 0.326563, -0.0459311, -0.365859, 0.929536; 
2.84, 0.932483, 0.31794, 0.171435, -0.358264, 0.874597, 0.32669, -0.0460692, -0.366052, 0.929453; 
2.85, 0.932414, 0.317831, 0.172008, -0.358406, 0.874301, 0.327328, -0.0463514, -0.366854, 0.929123; 
2.86, 0.93238, 0.317765, 0.172318, -0.358479, 0.87412, 0.327731, -0.0464849, -0.367342, 0.928923; 
2.87, 0.93238, 0.317669, 0.172494, -0.358489, 0.873856, 0.328424, -0.0464046, -0.368053, 0.928646; 
2.88, 0.932337, 0.317659, 0.172744, -0.358571, 0.873827, 0.32841, -0.0466258, -0.36813, 0.928604; 
2.89, 0.932304, 0.317536, 0.173149, -0.358648, 0.873491, 0.329219, -0.0467047, -0.369032, 0.928243; 
2.9, 0.932275, 0.317472, 0.173421, -0.358709, 0.873314, 0.329621, -0.0468057, -0.369505, 0.928049; 
2.91, 0.932239, 0.317504, 0.173553, -0.358774, 0.873404, 0.329313, -0.0470238, -0.369264, 0.928134; 
2.92, 0.932199, 0.31746, 0.173852, -0.358855, 0.873283, 0.329544, -0.0472046, -0.369588, 0.927996; 
2.93, 0.932186, 0.317417, 0.173997, -0.358883, 0.873164, 0.329829, -0.0472347, -0.369906, 0.927868; 
2.94, 0.932143, 0.317341, 0.174367, -0.358974, 0.872957, 0.330279, -0.0474038, -0.370461, 0.927638; 
2.95, 0.932103, 0.317236, 0.174773, -0.359061, 0.872667, 0.330949, -0.0475303, -0.371233, 0.927323; 
2.96, 0.932046, 0.317095, 0.17533, -0.359184, 0.872282, 0.33183, -0.0477157, -0.372257, 0.926902; 
2.97, 0.932018, 0.317064, 0.175539, -0.359242, 0.872196, 0.331994, -0.0478407, -0.372485, 0.926804; 
2.98, 0.931999, 0.31713, 0.175516, -0.359269, 0.872376, 0.33149, -0.0479909, -0.372006, 0.926989; 
2.99, 0.931962, 0.317103, 0.17576, -0.359341, 0.872304, 0.331601, -0.0481639, -0.372198, 0.926903; 
3, 0.931931, 0.317035, 0.176051, -0.359409, 0.872116, 0.332023, -0.0482738, -0.372697, 0.926696; 
3.01, 0.931884, 0.316908, 0.176527, -0.359511, 0.871769, 0.332823, -0.048416, -0.373616, 0.926319; 
3.02, 0.931846, 0.316837, 0.176851, -0.35959, 0.871575, 0.333245, -0.0485543, -0.374127, 0.926106; 
3.03, 0.931808, 0.316812, 0.177098, -0.359665, 0.871506, 0.333344, -0.0487344, -0.374309, 0.926023; 
3.04, 0.931767, 0.316739, 0.177443, -0.359749, 0.871305, 0.333778, -0.0488864, -0.374839, 0.9258; 
3.05, 0.931729, 0.316677, 0.177756, -0.359829, 0.871135, 0.334135, -0.0490367, -0.375285, 0.925611; 
3.06, 0.931693, 0.316657, 0.177979, -0.359899, 0.871081, 0.334202, -0.0492069, -0.375428, 0.925544; 
3.07, 0.931657, 0.316583, 0.178299, -0.359975, 0.870877, 0.334651, -0.0493318, -0.375963, 0.92532; 
3.08, 0.93161, 0.316438, 0.1788, -0.360079, 0.870478, 0.335576, -0.0494529, -0.377008, 0.924889; 
3.09, 0.93158, 0.316438, 0.178956, -0.360135, 0.87048, 0.335509, -0.0496098, -0.377002, 0.924883; 
3.1, 0.931542, 0.316355, 0.179305, -0.360217, 0.870251, 0.336015, -0.0497401, -0.377601, 0.924632; 
3.11, 0.931512, 0.316341, 0.179483, -0.360274, 0.870213, 0.336054, -0.049881, -0.377701, 0.924583; 
3.12, 0.93147, 0.316304, 0.179764, -0.360357, 0.870113, 0.336224, -0.0500662, -0.377961, 0.924467; 
3.13, 0.931433, 0.316228, 0.180091, -0.360435, 0.869903, 0.336684, -0.050193, -0.37851, 0.924235; 
3.14, 0.931396, 0.316173, 0.18038, -0.360511, 0.869753, 0.336988, -0.0503393, -0.378899, 0.924068; 
3.15, 0.931355, 0.316149, 0.180629, -0.360589, 0.869687, 0.337075, -0.0505252, -0.37907, 0.923988; 
3.16, 0.931306, 0.316038, 0.18108, -0.360695, 0.869383, 0.337746, -0.0506873, -0.379859, 0.923655; 
3.17, 0.931274, 0.316017, 0.181279, -0.360757, 0.869326, 0.337826, -0.0508318, -0.380006, 0.923586; 
3.18, 0.931245, 0.315936, 0.181569, -0.36082, 0.869104, 0.33833, -0.0509113, -0.380582, 0.923345; 
3.19, 0.931189, 0.315858, 0.181992, -0.360934, 0.86889, 0.338757, -0.0511322, -0.381134, 0.923105; 
3.2, 0.931144, 0.315835, 0.182265, -0.361021, 0.868825, 0.338833, -0.0513409, -0.381303, 0.923023; 
3.21, 0.931118, 0.315819, 0.182421, -0.361069, 0.868781, 0.338893, -0.051455, -0.381416, 0.92297; 
3.22, 0.931062, 0.315729, 0.182865, -0.361185, 0.868534, 0.339401, -0.0516655, -0.382051, 0.922696; 
3.23, 0.931017, 0.31559, 0.18333, -0.361284, 0.868153, 0.340271, -0.0517725, -0.383032, 0.922283; 
3.24, 0.930996, 0.315592, 0.183434, -0.361324, 0.868161, 0.340209, -0.0518829, -0.383012, 0.922285; 
3.25, 0.930959, 0.315443, 0.183878, -0.36141, 0.867751, 0.341162, -0.0519436, -0.384063, 0.921845; 
3.26, 0.9309, 0.31547, 0.18413, -0.361516, 0.867826, 0.340859, -0.0522622, -0.383872, 0.921906; 
3.27, 0.930857, 0.315323, 0.184596, -0.361613, 0.867423, 0.341781, -0.0523514, -0.384901, 0.921472; 
3.28, 0.930817, 0.315313, 0.184816, -0.361688, 0.867393, 0.341775, -0.0525423, -0.384976, 0.92143; 
3.29, 0.930776, 0.315252, 0.185125, -0.361771, 0.867228, 0.342108, -0.0526951, -0.385399, 0.921244; 
3.3, 0.930707, 0.315197, 0.185566, -0.361906, 0.867075, 0.342352, -0.0529918, -0.385787, 0.921065; 
3.31, 0.930684, 0.315193, 0.185691, -0.36195, 0.867065, 0.34233, -0.0531063, -0.385812, 0.921048; 
3.32, 0.930686, 0.315221, 0.18563, -0.361941, 0.867142, 0.342144, -0.0531171, -0.385616, 0.921129; 
3.33, 0.930636, 0.31512, 0.186056, -0.362047, 0.866864, 0.342737, -0.0532824, -0.386324, 0.920823; 
3.34, 0.930562, 0.314949, 0.18671, -0.362203, 0.866397, 0.343752, -0.0535003, -0.38751, 0.920312; 
3.35, 0.930505, 0.315024, 0.186868, -0.362299, 0.866603, 0.343131, -0.0538456, -0.386987, 0.920511; 
3.36, 0.930501, 0.315085, 0.186786, -0.362299, 0.866769, 0.342712, -0.0539169, -0.386567, 0.920684; 
3.37, 0.930422, 0.314767, 0.187715, -0.362485, 0.865897, 0.344713, -0.054038, -0.388772, 0.919748; 
3.38, 0.930385, 0.314792, 0.187855, -0.362549, 0.865966, 0.344472, -0.0542388, -0.388599, 0.919809; 
3.39, 0.930314, 0.314519, 0.188663, -0.362714, 0.865216, 0.346179, -0.0543544, -0.390486, 0.919003; 
3.4, 0.930287, 0.314608, 0.18865, -0.362753, 0.865462, 0.345523, -0.0545648, -0.389869, 0.919252; 
3.41, 0.93027, 0.314559, 0.188811, -0.362789, 0.865327, 0.345822, -0.0546016, -0.390206, 0.919107; 
3.42, 0.930221, 0.314367, 0.189376, -0.362905, 0.864799, 0.347019, -0.0546812, -0.39153, 0.918539; 
3.43, 0.930188, 0.314497, 0.18932, -0.362948, 0.865156, 0.346083, -0.0549497, -0.390636, 0.918904; 
3.44, 0.930112, 0.314377, 0.189892, -0.363102, 0.864828, 0.346742, -0.0552161, -0.391459, 0.918538; 
3.45, 0.930045, 0.314303, 0.190343, -0.363234, 0.864624, 0.347111, -0.055477, -0.391967, 0.918305; 
3.46, 0.930043, 0.314356, 0.190264, -0.363231, 0.864769, 0.346753, -0.055531, -0.391605, 0.918456; 
3.47, 0.930041, 0.314338, 0.190301, -0.363236, 0.864721, 0.346869, -0.0555235, -0.391726, 0.918405; 
3.48, 0.929974, 0.314129, 0.190976, -0.363386, 0.864148, 0.348137, -0.0556718, -0.393156, 0.917785; 
3.49, 0.929912, 0.313986, 0.191511, -0.363517, 0.863755, 0.348973, -0.0558461, -0.394132, 0.917356; 
3.5, 0.929884, 0.313995, 0.191634, -0.363568, 0.86378, 0.348859, -0.0559897, -0.39407, 0.917373; 
3.51, 0.929814, 0.313942, 0.19206, -0.363702, 0.863635, 0.349077, -0.0562797, -0.39443, 0.917201; 
3.52, 0.9298, 0.313975, 0.192071, -0.363722, 0.863725, 0.348835, -0.0563715, -0.394207, 0.917291; 
3.53, 0.929754, 0.313864, 0.192474, -0.36382, 0.86342, 0.349487, -0.0564951, -0.394963, 0.916958; 
3.54, 0.929712, 0.313784, 0.19281, -0.363908, 0.8632, 0.349938, -0.056629, -0.395507, 0.916715; 
3.55, 0.929664, 0.313697, 0.193182, -0.364006, 0.862961, 0.350425, -0.0567812, -0.396097, 0.916451; 
3.56, 0.929595, 0.313579, 0.193705, -0.364147, 0.86264, 0.351069, -0.0570092, -0.396889, 0.916094; 
3.57, 0.929575, 0.313539, 0.193866, -0.364189, 0.862529, 0.351298, -0.0570694, -0.397161, 0.915973; 
3.58, 0.929511, 0.313465, 0.194292, -0.364315, 0.862327, 0.351663, -0.0573087, -0.397658, 0.915742; 
3.59, 0.929467, 0.313353, 0.19468, -0.364409, 0.862019, 0.35232, -0.0574176, -0.398413, 0.915407; 
3.6, 0.92944, 0.313358, 0.194805, -0.364458, 0.862032, 0.352236, -0.0575522, -0.39838, 0.915413; 
3.61, 0.929434, 0.313405, 0.194753, -0.364461, 0.862163, 0.351914, -0.0576168, -0.398061, 0.915548; 
3.62, 0.929371, 0.313304, 0.19522, -0.36459, 0.861885, 0.352461, -0.0578296, -0.398742, 0.915238; 
3.63, 0.929346, 0.313272, 0.195388, -0.364639, 0.861798, 0.352624, -0.0579176, -0.398955, 0.915139; 
3.64, 0.929279, 0.313143, 0.195915, -0.364778, 0.861443, 0.353346, -0.0581216, -0.399822, 0.914748; 
3.65, 0.929217, 0.313064, 0.196335, -0.364901, 0.861227, 0.353745, -0.0583441, -0.400348, 0.914504; 
3.66, 0.929164, 0.312976, 0.196724, -0.365008, 0.860986, 0.354222, -0.0585138, -0.400936, 0.914235; 
3.67, 0.929148, 0.312898, 0.196921, -0.365046, 0.860771, 0.354702, -0.0585187, -0.401456, 0.914007; 
3.68, 0.929121, 0.312853, 0.19712, -0.365101, 0.860647, 0.354948, -0.0586046, -0.401759, 0.913868; 
3.69, 0.929065, 0.312812, 0.197449, -0.365208, 0.860535, 0.355111, -0.058829, -0.402031, 0.913734; 
3.7, 0.929036, 0.312824, 0.19757, -0.365259, 0.860569, 0.354975, -0.0589778, -0.401948, 0.913761; 
3.71, 0.928989, 0.312772, 0.197869, -0.36535, 0.860426, 0.355227, -0.0591467, -0.402293, 0.913598; 
3.72, 0.928932, 0.312615, 0.198384, -0.365474, 0.859995, 0.356144, -0.0592737, -0.403338, 0.913129; 
3.73, 0.928897, 0.312532, 0.198684, -0.36555, 0.859766, 0.356617, -0.0593673, -0.403889, 0.912879; 
3.74, 0.928843, 0.312414, 0.199118, -0.365662, 0.859443, 0.35728, -0.0595113, -0.404667, 0.912525; 
3.75, 0.928813, 0.312441, 0.199217, -0.365713, 0.859517, 0.35705, -0.0596731, -0.404488, 0.912594; 
3.76, 0.928769, 0.312452, 0.199402, -0.365789, 0.859547, 0.356899, -0.0598819, -0.404416, 0.912612; 
3.77, 0.928731, 0.312352, 0.199736, -0.365871, 0.859273, 0.357475, -0.0599699, -0.405076, 0.912314; 
3.78, 0.9287, 0.31233, 0.199916, -0.365931, 0.859214, 0.357555, -0.0600952, -0.405217, 0.912243; 
3.79, 0.928652, 0.312272, 0.200229, -0.366024, 0.859054, 0.357843, -0.0602631, -0.4056, 0.912062; 
3.8, 0.928598, 0.312152, 0.200668, -0.366139, 0.858725, 0.358516, -0.0604075, -0.406389, 0.911701; 
3.81, 0.928557, 0.312101, 0.200937, -0.366219, 0.858584, 0.358773, -0.060548, -0.406728, 0.911541; 
3.82, 0.928512, 0.312043, 0.201234, -0.366308, 0.858427, 0.359057, -0.060703, -0.407102, 0.911363; 
3.83, 0.928455, 0.311953, 0.201634, -0.366421, 0.858179, 0.359534, -0.0608804, -0.407694, 0.911087; 
3.84, 0.928397, 0.311873, 0.202025, -0.366536, 0.857959, 0.359941, -0.0610736, -0.408217, 0.910839; 
3.85, 0.928364, 0.311815, 0.202267, -0.366604, 0.857801, 0.36025, -0.0611737, -0.408595, 0.910663; 
3.86, 0.928324, 0.311782, 0.202499, -0.366679, 0.857709, 0.360391, -0.0613223, -0.408812, 0.910556; 
3.87, 0.928284, 0.311709, 0.202797, -0.366762, 0.85751, 0.360779, -0.061442, -0.409284, 0.910336; 
3.88, 0.928233, 0.311589, 0.203215, -0.36687, 0.857179, 0.361456, -0.0615664, -0.410069, 0.909974; 
3.89, 0.92818, 0.311534, 0.203541, -0.366972, 0.857029, 0.361708, -0.0617559, -0.410424, 0.909801; 
3.9, 0.928137, 0.311558, 0.2037, -0.367044, 0.857094, 0.361481, -0.0619677, -0.410271, 0.909856; 
3.91, 0.928077, 0.311336, 0.20431, -0.367183, 0.856487, 0.362776, -0.0620435, -0.411703, 0.909204; 
3.92, 0.928035, 0.311366, 0.204454, -0.367253, 0.856569, 0.362512, -0.0622553, -0.411511, 0.909276; 
3.93, 0.927994, 0.311293, 0.204755, -0.367338, 0.856369, 0.362898, -0.0623779, -0.411981, 0.909055; 
3.94, 0.927981, 0.311326, 0.204762, -0.367355, 0.85646, 0.362666, -0.0624629, -0.411767, 0.909146; 
3.95, 0.927926, 0.311303, 0.205044, -0.367455, 0.856397, 0.362713, -0.0626855, -0.411915, 0.909063; 
3.96, 0.927898, 0.311172, 0.20537, -0.367524, 0.856038, 0.363491, -0.0626962, -0.412761, 0.908679; 
3.97, 0.927815, 0.311051, 0.205928, -0.367689, 0.855705, 0.364108, -0.0629575, -0.413542, 0.908306; 
3.98, 0.927781, 0.310968, 0.206208, -0.367762, 0.855476, 0.364571, -0.0630359, -0.414077, 0.908056; 
3.99, 0.92773, 0.310892, 0.206549, -0.367863, 0.855269, 0.364954, -0.0631941, -0.41456, 0.907825; 
4, 0.927685, 0.310896, 0.206748, -0.367943, 0.855279, 0.364851, -0.0633965, -0.414538, 0.907821; 
4.01, 0.927621, 0.310781, 0.207206, -0.368072, 0.854964, 0.365457, -0.0635765, -0.415272, 0.907473; 
4.02, 0.927565, 0.310716, 0.207555, -0.368181, 0.854785, 0.365768, -0.0637648, -0.415691, 0.907268; 
4.03, 0.92753, 0.310702, 0.207734, -0.368246, 0.854747, 0.365792, -0.0639077, -0.41578, 0.907217; 
4.04, 0.927484, 0.310515, 0.208215, -0.368353, 0.854235, 0.366876, -0.0639436, -0.416968, 0.906669; 
4.05, 0.927416, 0.31054, 0.208481, -0.36847, 0.854304, 0.366599, -0.0642626, -0.416809, 0.90672; 
4.06, 0.927408, 0.310531, 0.208529, -0.368485, 0.854278, 0.366645, -0.064287, -0.41687, 0.90669; 
4.07, 0.927351, 0.310425, 0.208941, -0.368602, 0.853989, 0.367201, -0.0644445, -0.41754, 0.90637; 
4.08, 0.927258, 0.310462, 0.209299, -0.368759, 0.854089, 0.366808, -0.0648802, -0.417307, 0.906447; 
4.09, 0.927241, 0.310327, 0.209575, -0.36881, 0.853718, 0.367621, -0.0648353, -0.418167, 0.906054; 
4.1, 0.92721, 0.310314, 0.209731, -0.368866, 0.853684, 0.367644, -0.0649589, -0.418246, 0.906008; 
4.11, 0.927157, 0.310125, 0.210243, -0.368988, 0.853165, 0.368725, -0.0650206, -0.419443, 0.90545; 
4.12, 0.927058, 0.310045, 0.210797, -0.369173, 0.852944, 0.36905, -0.0653759, -0.419951, 0.905189; 
4.13, 0.926962, 0.309864, 0.211483, -0.369369, 0.852449, 0.369996, -0.0656302, -0.421088, 0.904642; 
4.14, 0.926919, 0.309766, 0.211819, -0.369461, 0.852179, 0.370525, -0.0657314, -0.421705, 0.904347; 
4.15, 0.926918, 0.309763, 0.211824, -0.369462, 0.852171, 0.370543, -0.0657299, -0.421724, 0.904339; 
4.16, 0.926934, 0.309777, 0.211737, -0.369433, 0.85221, 0.370483, -0.0656772, -0.421636, 0.904383; 
4.17, 0.926888, 0.30971, 0.212033, -0.369523, 0.852027, 0.370814, -0.0658133, -0.422054, 0.904178; 
4.18, 0.926853, 0.309744, 0.212137, -0.369579, 0.85212, 0.370545, -0.0659918, -0.421842, 0.904265; 
4.19, 0.926749, 0.309669, 0.212703, -0.369773, 0.851912, 0.370828, -0.0663702, -0.422316, 0.904015; 
4.2, 0.926697, 0.309611, 0.213012, -0.369872, 0.851755, 0.37109, -0.0665403, -0.422675, 0.903835; 
4.21, 0.926624, 0.309588, 0.213364, -0.370003, 0.85169, 0.371108, -0.0668295, -0.422823, 0.903745; 
4.22, 0.926561, 0.309409, 0.213895, -0.370141, 0.851199, 0.372097, -0.0669371, -0.423941, 0.903213; 
4.23, 0.926531, 0.309266, 0.214231, -0.370215, 0.850808, 0.372916, -0.0669392, -0.42483, 0.902795; 
4.24, 0.9265, 0.309191, 0.214472, -0.370281, 0.850603, 0.373318, -0.0670034, -0.425294, 0.902571; 
4.25, 0.926469, 0.309195, 0.214602, -0.370335, 0.850613, 0.373243, -0.0671382, -0.425273, 0.902572; 
4.26, 0.926414, 0.30922, 0.214802, -0.370426, 0.850681, 0.372996, -0.0673907, -0.425117, 0.902626; 
4.27, 0.926364, 0.30912, 0.215163, -0.370529, 0.850406, 0.37352, -0.0675138, -0.425739, 0.902323; 
4.28, 0.926269, 0.30903, 0.215697, -0.370707, 0.850161, 0.373901, -0.0678308, -0.426294, 0.902038; 
4.29, 0.926219, 0.308986, 0.215979, -0.370803, 0.85004, 0.374081, -0.0680049, -0.426566, 0.901896; 
4.3, 0.926192, 0.308809, 0.216348, -0.370878, 0.849554, 0.37511, -0.0679618, -0.427662, 0.90138; 
4.31, 0.926159, 0.30876, 0.216557, -0.370942, 0.849419, 0.375352, -0.0680544, -0.427966, 0.901229; 
4.32, 0.926133, 0.308782, 0.216638, -0.370984, 0.84948, 0.375172, -0.0681833, -0.427829, 0.901284; 
4.33, 0.926047, 0.308595, 0.217269, -0.371162, 0.848966, 0.376158, -0.0683737, -0.428982, 0.900722; 
4.34, 0.926008, 0.308499, 0.217572, -0.371246, 0.848704, 0.376667, -0.0684526, -0.429569, 0.900436; 
4.35, 0.925947, 0.308534, 0.217782, -0.371346, 0.848801, 0.37635, -0.0687369, -0.429353, 0.900517; 
4.36, 0.925914, 0.308394, 0.21812, -0.371425, 0.848415, 0.37714, -0.0687487, -0.430215, 0.900105; 
4.37, 0.925885, 0.308468, 0.218137, -0.371463, 0.848618, 0.376647, -0.0689316, -0.429762, 0.900307; 
4.38, 0.925819, 0.308371, 0.218558, -0.371594, 0.848352, 0.377115, -0.0691226, -0.430355, 0.900009; 
4.39, 0.925757, 0.308312, 0.218902, -0.37171, 0.848192, 0.377363, -0.0693256, -0.430714, 0.899822; 
4.4, 0.925689, 0.308201, 0.219346, -0.371846, 0.847887, 0.377914, -0.0695069, -0.431393, 0.899482; 
4.41, 0.925662, 0.308109, 0.219588, -0.371907, 0.847635, 0.378418, -0.069536, -0.431954, 0.899211; 
4.42, 0.925618, 0.308046, 0.219862, -0.371993, 0.847462, 0.378721, -0.069661, -0.432338, 0.899017; 
4.43, 0.925565, 0.308019, 0.220122, -0.372089, 0.847388, 0.378793, -0.0698534, -0.432502, 0.898923; 
4.44, 0.925509, 0.307917, 0.220501, -0.372202, 0.847106, 0.379311, -0.0699921, -0.433127, 0.898611; 
4.45, 0.925449, 0.307744, 0.220993, -0.372334, 0.846633, 0.380236, -0.0700849, -0.434172, 0.898099; 
4.46, 0.925413, 0.307718, 0.221179, -0.3724, 0.846562, 0.380331, -0.0702068, -0.43433, 0.898013; 
4.47, 0.925397, 0.307716, 0.221251, -0.372428, 0.846554, 0.38032, -0.0702707, -0.434347, 0.898001; 
4.48, 0.925339, 0.307622, 0.221625, -0.372544, 0.846297, 0.380778, -0.0704247, -0.434914, 0.897714; 
4.49, 0.925292, 0.307595, 0.221857, -0.372629, 0.846225, 0.380856, -0.0705912, -0.435073, 0.897624; 
4.5, 0.925228, 0.307506, 0.222245, -0.372752, 0.845979, 0.381282, -0.0707678, -0.435615, 0.897347; 
4.51, 0.925173, 0.307462, 0.222535, -0.372855, 0.84586, 0.381445, -0.0709537, -0.435875, 0.897206; 
4.52, 0.925132, 0.307337, 0.222878, -0.372946, 0.845516, 0.382118, -0.0710083, -0.436631, 0.896834; 
4.53, 0.925059, 0.307269, 0.223273, -0.373082, 0.84533, 0.382396, -0.071241, -0.437038, 0.896617; 
4.54, 0.925004, 0.307203, 0.223591, -0.373187, 0.84515, 0.382693, -0.0714036, -0.437434, 0.896411; 
4.55, 0.924972, 0.307136, 0.223817, -0.373253, 0.844965, 0.383036, -0.0714734, -0.437838, 0.896208; 
4.56, 0.924912, 0.307086, 0.224135, -0.373365, 0.844828, 0.383228, -0.0716712, -0.438136, 0.896047; 
4.57, 0.924859, 0.307007, 0.22446, -0.373469, 0.844611, 0.383607, -0.0718117, -0.438611, 0.895803; 
4.58, 0.924808, 0.306936, 0.224766, -0.373567, 0.844417, 0.383937, -0.0719521, -0.439033, 0.895585; 
4.59, 0.924776, 0.306864, 0.224998, -0.373635, 0.844218, 0.384309, -0.0720165, -0.439467, 0.895367; 
4.6, 0.924729, 0.306795, 0.225286, -0.373727, 0.84403, 0.384631, -0.0721446, -0.439875, 0.895156; 
4.61, 0.924674, 0.306727, 0.225601, -0.373832, 0.843843, 0.384939, -0.0723007, -0.44028, 0.894945; 
4.62, 0.924641, 0.306738, 0.225725, -0.373887, 0.843872, 0.384823, -0.0724433, -0.440218, 0.894963; 
4.63, 0.924584, 0.306602, 0.226143, -0.374008, 0.843499, 0.385522, -0.0725493, -0.441027, 0.894557; 
4.64, 0.924514, 0.306583, 0.226452, -0.374129, 0.843447, 0.385518, -0.0728074, -0.441139, 0.894481; 
4.65, 0.924467, 0.30654, 0.226701, -0.374216, 0.843329, 0.385691, -0.0729539, -0.441394, 0.894343; 
4.66, 0.924443, 0.30642, 0.226964, -0.374279, 0.843, 0.38635, -0.0729454, -0.442106, 0.893992; 
4.67, 0.924383, 0.306302, 0.227368, -0.374402, 0.842676, 0.386937, -0.0730779, -0.442805, 0.893635; 
4.68, 0.924304, 0.306288, 0.227705, -0.374538, 0.842639, 0.386887, -0.0733742, -0.442886, 0.893571; 
4.69, 0.924216, 0.306141, 0.228259, -0.374712, 0.842234, 0.387599, -0.0735881, -0.443757, 0.893121; 
4.7, 0.924163, 0.306014, 0.228646, -0.374825, 0.841887, 0.388243, -0.073686, -0.444502, 0.892742; 
4.71, 0.924113, 0.305986, 0.228883, -0.374914, 0.841809, 0.388326, -0.0738531, -0.444668, 0.892645; 
4.72, 0.924056, 0.305957, 0.229152, -0.375016, 0.84173, 0.388399, -0.0740509, -0.444838, 0.892544; 
4.73, 0.924028, 0.305924, 0.229311, -0.37507, 0.841641, 0.38854, -0.0741333, -0.44503, 0.892442; 
4.74, 0.924011, 0.305877, 0.229442, -0.375107, 0.841511, 0.388785, -0.0741573, -0.445306, 0.892302; 
4.75, 0.923969, 0.305782, 0.229737, -0.375194, 0.84125, 0.389266, -0.0742358, -0.445866, 0.892016; 
4.76, 0.923882, 0.305734, 0.23015, -0.37535, 0.841117, 0.389403, -0.0745295, -0.44615, 0.89185; 
4.77, 0.923803, 0.305698, 0.230515, -0.37549, 0.84102, 0.389477, -0.074805, -0.446356, 0.891723; 
4.78, 0.923752, 0.305523, 0.23095, -0.375606, 0.840538, 0.390405, -0.0748445, -0.447384, 0.891205; 
4.79, 0.923709, 0.305419, 0.231261, -0.375698, 0.840253, 0.390929, -0.074921, -0.447989, 0.890895; 
4.8, 0.923647, 0.305409, 0.231519, -0.375804, 0.840226, 0.390886, -0.0751484, -0.448047, 0.890846; 
4.81, 0.923575, 0.305338, 0.231902, -0.375939, 0.840031, 0.391174, -0.0753646, -0.44846, 0.89062; 
4.82, 0.923535, 0.305174, 0.232275, -0.376034, 0.839581, 0.392048, -0.0753707, -0.449413, 0.890139; 
4.83, 0.923486, 0.305151, 0.232503, -0.376122, 0.839517, 0.3921, -0.0755403, -0.449548, 0.890056; 
4.84, 0.923413, 0.305038, 0.232939, -0.376265, 0.839209, 0.392624, -0.075719, -0.4502, 0.889711; 
4.85, 0.923389, 0.305061, 0.233004, -0.376301, 0.839272, 0.392452, -0.0758319, -0.450066, 0.88977; 
4.86, 0.923325, 0.304962, 0.233385, -0.376426, 0.838999, 0.392917, -0.0759854, -0.450643, 0.889465; 
4.87, 0.923275, 0.304961, 0.233587, -0.376512, 0.838998, 0.392838, -0.0761785, -0.450645, 0.889447; 
4.88, 0.923179, 0.304746, 0.234245, -0.376711, 0.838407, 0.393907, -0.0763512, -0.45189, 0.8888; 
4.89, 0.92315, 0.304811, 0.234275, -0.376748, 0.838586, 0.393489, -0.07652, -0.451512, 0.888978; 
4.9, 0.923151, 0.304838, 0.234235, -0.376741, 0.838659, 0.393342, -0.0765379, -0.45136, 0.889054; 
4.91, 0.923057, 0.304637, 0.234866, -0.376935, 0.838108, 0.394328, -0.0767161, -0.452517, 0.88845; 
4.92, 0.923033, 0.304646, 0.234951, -0.376975, 0.838133, 0.394238, -0.0768169, -0.452465, 0.888468; 
4.93, 0.922921, 0.304444, 0.235651, -0.377199, 0.837579, 0.3952, -0.07706, -0.453625, 0.887855; 
4.94, 0.922898, 0.304341, 0.235872, -0.377255, 0.837295, 0.395747, -0.0770526, -0.454218, 0.887552; 
4.95, 0.922838, 0.304267, 0.236204, -0.37737, 0.837092, 0.396067, -0.0772144, -0.454642, 0.887321; 
4.96, 0.922746, 0.304207, 0.236638, -0.377534, 0.836928, 0.396257, -0.0775048, -0.454984, 0.88712; 
4.97, 0.922677, 0.304087, 0.237062, -0.377672, 0.836598, 0.396821, -0.0776577, -0.455669, 0.886755; 
4.98, 0.922632, 0.30404, 0.237299, -0.377757, 0.836469, 0.397012, -0.0777864, -0.455937, 0.886606; 
4.99, 0.922598, 0.303917, 0.237587, -0.377836, 0.836132, 0.397647, -0.0778025, -0.456637, 0.886245; 
5, 0.922544, 0.30396, 0.237743, -0.377919, 0.836251, 0.397318, -0.0780438, -0.456391, 0.88635; 
5.01, 0.922498, 0.303876, 0.238027, -0.37801, 0.836019, 0.397719, -0.078138, -0.456872, 0.886094; 
5.02, 0.922429, 0.303838, 0.238343, -0.378133, 0.835916, 0.397819, -0.0783621, -0.457085, 0.885964; 
5.03, 0.92237, 0.303718, 0.238725, -0.378254, 0.835586, 0.398396, -0.0784757, -0.457767, 0.885602; 
5.04, 0.922361, 0.303744, 0.238725, -0.378263, 0.835657, 0.398238, -0.0785301, -0.457621, 0.885673; 
5.05, 0.922265, 0.303603, 0.239275, -0.37845, 0.835272, 0.398869, -0.0787618, -0.458417, 0.88524; 
5.06, 0.922206, 0.303554, 0.239564, -0.378557, 0.835137, 0.39905, -0.0789357, -0.458695, 0.885081; 
5.07, 0.922177, 0.303511, 0.23973, -0.378613, 0.83502, 0.399242, -0.0790046, -0.458937, 0.884949; 
5.08, 0.922107, 0.303314, 0.240249, -0.378766, 0.834477, 0.40023, -0.0790872, -0.460053, 0.884362; 
5.09, 0.922052, 0.303239, 0.240555, -0.378872, 0.834272, 0.400557, -0.0792236, -0.460473, 0.884131; 
5.1, 0.922001, 0.303231, 0.240758, -0.378958, 0.834251, 0.40052, -0.0794027, -0.460517, 0.884092; 
5.11, 0.921941, 0.303142, 0.241103, -0.379075, 0.834006, 0.400919, -0.0795457, -0.461019, 0.883817; 
5.12, 0.921848, 0.302963, 0.241681, -0.379262, 0.833514, 0.401764, -0.0797249, -0.462026, 0.883276; 
5.13, 0.921807, 0.302896, 0.241923, -0.379344, 0.83333, 0.402069, -0.0798171, -0.462402, 0.88307; 
5.14, 0.921785, 0.302916, 0.24198, -0.379376, 0.833387, 0.401921, -0.0799145, -0.462286, 0.883122; 
5.15, 0.921735, 0.302811, 0.242301, -0.379479, 0.833099, 0.40242, -0.0800032, -0.462873, 0.882807; 
5.16, 0.921692, 0.302817, 0.242459, -0.37955, 0.833115, 0.402321, -0.0801668, -0.462841, 0.882809; 
5.17, 0.921596, 0.302717, 0.242949, -0.379728, 0.83284, 0.402721, -0.0804268, -0.4634, 0.882492; 
5.18, 0.921558, 0.302662, 0.243161, -0.379801, 0.832688, 0.402966, -0.0805151, -0.463709, 0.882322; 
5.19, 0.921468, 0.302425, 0.243794, -0.379994, 0.832039, 0.404123, -0.080629, -0.465026, 0.881618; 
5.2, 0.921439, 0.302426, 0.243902, -0.380042, 0.832041, 0.404074, -0.0807345, -0.465022, 0.88161; 
5.21, 0.921378, 0.302391, 0.244179, -0.38015, 0.831945, 0.40417, -0.0809258, -0.465218, 0.881489; 
5.22, 0.921359, 0.302426, 0.244206, -0.380175, 0.83204, 0.403951, -0.0810244, -0.465025, 0.881582; 
5.23, 0.921313, 0.302404, 0.244405, -0.380255, 0.831981, 0.403998, -0.08117, -0.465145, 0.881505; 
5.24, 0.921231, 0.302257, 0.244898, -0.380419, 0.831577, 0.404674, -0.0813362, -0.465962, 0.881058; 
5.25, 0.92117, 0.302092, 0.24533, -0.380551, 0.831125, 0.405478, -0.081408, -0.466874, 0.880569; 
5.26, 0.921117, 0.301969, 0.245678, -0.380661, 0.830789, 0.406063, -0.0814875, -0.467551, 0.880202; 
5.27, 0.921047, 0.301928, 0.245991, -0.380785, 0.830676, 0.406178, -0.081702, -0.467779, 0.880061; 
5.28, 0.920968, 0.301723, 0.246537, -0.380954, 0.830114, 0.407167, -0.0818021, -0.468908, 0.879451; 
5.29, 0.920918, 0.301686, 0.246771, -0.381044, 0.830012, 0.40729, -0.0819487, -0.469112, 0.879328; 
5.3, 0.920875, 0.301667, 0.246956, -0.381119, 0.829959, 0.407328, -0.0820857, -0.469218, 0.879259; 
5.31, 0.92084, 0.301742, 0.246993, -0.381162, 0.830163, 0.406872, -0.0822746, -0.468808, 0.87946; 
5.32, 0.920774, 0.301648, 0.247355, -0.381289, 0.829906, 0.407277, -0.0824267, -0.469324, 0.879171; 
5.33, 0.920714, 0.30153, 0.247722, -0.381411, 0.829584, 0.407818, -0.0825361, -0.469968, 0.878816; 
5.34, 0.920646, 0.301335, 0.248208, -0.381559, 0.829048, 0.408768, -0.0826005, -0.471037, 0.878238; 
5.35, 0.920607, 0.301325, 0.248365, -0.381625, 0.829021, 0.408761, -0.0827299, -0.471091, 0.878196; 
5.36, 0.920542, 0.301297, 0.248641, -0.381738, 0.828944, 0.408812, -0.082936, -0.471244, 0.878095; 
5.37, 0.920476, 0.301176, 0.249031, -0.38187, 0.828611, 0.409364, -0.083059, -0.471907, 0.877727; 
5.38, 0.920401, 0.301122, 0.249373, -0.382003, 0.828463, 0.409539, -0.0832751, -0.472202, 0.877548; 
5.39, 0.920357, 0.301069, 0.249601, -0.382087, 0.828318, 0.409754, -0.0833849, -0.47249, 0.877383; 
5.4, 0.920284, 0.300922, 0.250045, -0.382234, 0.827915, 0.41043, -0.0835084, -0.473288, 0.87694; 
5.41, 0.920236, 0.300846, 0.250315, -0.382329, 0.827706, 0.410765, -0.0836101, -0.473703, 0.876707; 
5.42, 0.920181, 0.30077, 0.250607, -0.382433, 0.827498, 0.411086, -0.0837346, -0.474114, 0.876473; 
5.43, 0.920152, 0.300758, 0.250728, -0.382483, 0.827463, 0.41111, -0.0838236, -0.474183, 0.876427; 
5.44, 0.920087, 0.300594, 0.251164, -0.382622, 0.827013, 0.411886, -0.0839054, -0.475072, 0.875938; 
5.45, 0.920015, 0.300599, 0.251422, -0.382739, 0.827028, 0.411747, -0.0841623, -0.475042, 0.875929; 
5.46, 0.919966, 0.30061, 0.251587, -0.382817, 0.827057, 0.411616, -0.0843413, -0.474985, 0.875943; 
5.47, 0.919916, 0.300437, 0.251977, -0.382933, 0.826584, 0.412457, -0.0843628, -0.475916, 0.875435; 
5.48, 0.919882, 0.300457, 0.252078, -0.382985, 0.826639, 0.412299, -0.0844992, -0.475808, 0.87548; 
5.49, 0.919796, 0.30038, 0.252482, -0.38314, 0.826428, 0.412577, -0.084728, -0.476222, 0.875233; 
5.5, 0.919679, 0.300144, 0.253189, -0.383379, 0.82578, 0.413653, -0.0849226, -0.477495, 0.874521; 
5.51, 0.919636, 0.300092, 0.253404, -0.383458, 0.825637, 0.413864, -0.0850224, -0.477774, 0.874358; 
5.52, 0.9196, 0.300032, 0.253607, -0.383529, 0.825471, 0.414129, -0.0850936, -0.478099, 0.874174; 
5.53, 0.919515, 0.299935, 0.254028, -0.383687, 0.825207, 0.414509, -0.0853, -0.478615, 0.873872; 
5.54, 0.919435, 0.299794, 0.254486, -0.383846, 0.824819, 0.415134, -0.0854497, -0.479372, 0.873442; 
5.55, 0.919393, 0.299783, 0.254649, -0.383916, 0.82479, 0.415127, -0.0855838, -0.479428, 0.873398; 
5.56, 0.91932, 0.299748, 0.254956, -0.384043, 0.824691, 0.415205, -0.0858037, -0.47962, 0.873271; 
5.57, 0.919278, 0.299702, 0.255159, -0.384119, 0.824565, 0.415384, -0.085904, -0.479865, 0.873126; 
5.58, 0.919287, 0.299671, 0.255165, -0.384112, 0.824481, 0.415559, -0.0858474, -0.48003, 0.873041; 
5.59, 0.919208, 0.299539, 0.255604, -0.384267, 0.824119, 0.416133, -0.086, -0.480733, 0.87264; 
5.6, 0.919162, 0.299384, 0.255949, -0.384372, 0.823693, 0.416879, -0.0860169, -0.481559, 0.872182; 
5.61, 0.91907, 0.299309, 0.256367, -0.384537, 0.823488, 0.417133, -0.0862635, -0.481957, 0.871938; 
5.62, 0.918957, 0.299257, 0.256833, -0.384731, 0.823344, 0.417236, -0.0866017, -0.482234, 0.871751; 
5.63, 0.918901, 0.299268, 0.257021, -0.38482, 0.823376, 0.417091, -0.0868029, -0.482172, 0.871766; 
5.64, 0.918859, 0.299088, 0.257381, -0.384925, 0.822882, 0.417968, -0.086785, -0.483126, 0.871239; 
5.65, 0.918805, 0.298967, 0.257713, -0.385036, 0.822549, 0.418522, -0.0868578, -0.483769, 0.870875; 
5.66, 0.918749, 0.29887, 0.258024, -0.385146, 0.822283, 0.418942, -0.0869596, -0.48428, 0.870581; 
5.67, 0.918664, 0.298761, 0.258455, -0.385307, 0.821983, 0.419383, -0.0871504, -0.484856, 0.870241; 
5.68, 0.918669, 0.298862, 0.258318, -0.385278, 0.822263, 0.418862, -0.0872233, -0.484319, 0.870532; 
5.69, 0.918603, 0.298768, 0.258663, -0.385405, 0.822003, 0.419254, -0.0873624, -0.484818, 0.870241; 
5.7, 0.918517, 0.298768, 0.258967, -0.385543, 0.822003, 0.419127, -0.08765, -0.484818, 0.870212; 
5.71, 0.918474, 0.298608, 0.259304, -0.385646, 0.821565, 0.419891, -0.0876522, -0.485658, 0.869743; 
5.72, 0.918377, 0.298552, 0.259712, -0.385814, 0.82141, 0.420039, -0.087927, -0.485955, 0.86955; 
5.73, 0.918312, 0.298488, 0.260017, -0.385933, 0.821235, 0.420273, -0.0880882, -0.486291, 0.869345; 
5.74, 0.918253, 0.298363, 0.260366, -0.386053, 0.820892, 0.420832, -0.0881722, -0.486945, 0.868971; 
5.75, 0.918194, 0.298199, 0.260764, -0.386183, 0.820442, 0.42159, -0.0882244, -0.487804, 0.868484; 
5.76, 0.918122, 0.298145, 0.261079, -0.38631, 0.820293, 0.421764, -0.0884144, -0.488088, 0.868305; 
5.77, 0.918068, 0.298058, 0.261366, -0.386414, 0.820056, 0.422129, -0.0885154, -0.488538, 0.868041; 
5.78, 0.918, 0.298059, 0.261604, -0.386524, 0.820059, 0.422022, -0.088743, -0.488533, 0.868021; 
5.79, 0.917877, 0.29791, 0.262206, -0.386753, 0.819648, 0.42261, -0.0890173, -0.489313, 0.867553; 
5.8, 0.917807, 0.297599, 0.262803, -0.38693, 0.818796, 0.424097, -0.0889713, -0.490926, 0.866646; 
5.81, 0.91779, 0.297623, 0.262834, -0.386952, 0.818861, 0.423951, -0.0890468, -0.490802, 0.866708; 
5.82, 0.917735, 0.297597, 0.263057, -0.387047, 0.81879, 0.424002, -0.0892067, -0.490936, 0.866616; 
5.83, 0.917717, 0.297643, 0.263068, -0.387066, 0.818915, 0.423742, -0.0893068, -0.4907, 0.86674; 
5.84, 0.917639, 0.297551, 0.263442, -0.38721, 0.818663, 0.424099, -0.0894789, -0.491177, 0.866452; 
5.85, 0.917541, 0.297449, 0.263898, -0.387389, 0.818384, 0.424473, -0.0897104, -0.491703, 0.866129; 
5.86, 0.917483, 0.297375, 0.264182, -0.387497, 0.818182, 0.424764, -0.0898347, -0.492084, 0.8659; 
5.87, 0.917475, 0.297375, 0.264213, -0.387511, 0.818181, 0.424753, -0.0898633, -0.492085, 0.865896; 
5.88, 0.917431, 0.297344, 0.264401, -0.387589, 0.818095, 0.424847, -0.0899795, -0.492246, 0.865793; 
5.89, 0.917366, 0.297139, 0.264855, -0.387735, 0.817533, 0.425795, -0.0900073, -0.493304, 0.865188; 
5.9, 0.917304, 0.297097, 0.265115, -0.387843, 0.817417, 0.425919, -0.0901706, -0.493521, 0.865047; 
5.91, 0.917216, 0.296967, 0.265568, -0.388012, 0.81706, 0.426449, -0.0903435, -0.494189, 0.864647; 
5.92, 0.917134, 0.296856, 0.265973, -0.388166, 0.816756, 0.426891, -0.0905099, -0.494758, 0.864305; 
5.93, 0.917078, 0.296801, 0.266228, -0.388268, 0.816604, 0.427089, -0.0906429, -0.495042, 0.864128; 
5.94, 0.917011, 0.296769, 0.266495, -0.388382, 0.816516, 0.427154, -0.0908313, -0.495207, 0.864014; 
5.95, 0.916958, 0.296663, 0.266795, -0.388489, 0.816227, 0.427609, -0.0909094, -0.495746, 0.863696; 
5.96, 0.916883, 0.29641, 0.267334, -0.388663, 0.815533, 0.428775, -0.0909263, -0.497039, 0.862951; 
5.97, 0.916839, 0.296462, 0.267427, -0.388722, 0.815676, 0.428448, -0.0911152, -0.496772, 0.863085; 
5.98, 0.916803, 0.296418, 0.2676, -0.38879, 0.815553, 0.428621, -0.0911914, -0.497001, 0.862945; 
5.99, 0.916733, 0.296366, 0.267897, -0.388912, 0.815411, 0.42878, -0.0913703, -0.497265, 0.862774; 
6, 0.91666, 0.296219, 0.268307, -0.389059, 0.815009, 0.42941, -0.0914727, -0.49801, 0.862333; 
6.01, 0.91657, 0.29617, 0.268671, -0.389215, 0.814873, 0.429528, -0.0917191, -0.498263, 0.862161; 
6.02, 0.916487, 0.296069, 0.269063, -0.389368, 0.814597, 0.429912, -0.0918939, -0.498773, 0.861847; 
6.03, 0.916456, 0.295999, 0.269246, -0.389432, 0.814403, 0.43022, -0.0919302, -0.499131, 0.861636; 
6.04, 0.91639, 0.295886, 0.269593, -0.389561, 0.814094, 0.430688, -0.0920394, -0.499701, 0.861294; 
6.05, 0.916341, 0.295795, 0.269861, -0.389659, 0.813845, 0.43107, -0.0921169, -0.500161, 0.861019; 
6.06, 0.916307, 0.295803, 0.269966, -0.389711, 0.813866, 0.430984, -0.0922299, -0.500122, 0.861029; 
6.07, 0.916242, 0.295759, 0.270236, -0.389825, 0.813746, 0.431108, -0.092399, -0.500344, 0.860882; 
6.08, 0.916169, 0.2957, 0.270549, -0.389954, 0.813583, 0.431298, -0.0925792, -0.500643, 0.860689; 
6.09, 0.916071, 0.295498, 0.2711, -0.390153, 0.813028, 0.432165, -0.092708, -0.501664, 0.86008; 
6.1, 0.915998, 0.295405, 0.271449, -0.39029, 0.812774, 0.432519, -0.0928584, -0.50213, 0.859792; 
6.11, 0.915926, 0.295273, 0.271835, -0.390432, 0.812413, 0.433068, -0.0929686, -0.502791, 0.859394; 
6.12, 0.915865, 0.295205, 0.272114, -0.390544, 0.812225, 0.433319, -0.0931002, -0.503134, 0.859179; 
6.13, 0.91579, 0.295072, 0.272511, -0.390692, 0.81186, 0.43387, -0.0932178, -0.503801, 0.858775; 
6.14, 0.915776, 0.295049, 0.272582, -0.390718, 0.811796, 0.433965, -0.09324, -0.503918, 0.858704; 
6.15, 0.915699, 0.294956, 0.272941, -0.390861, 0.811543, 0.434311, -0.0934007, -0.50438, 0.858416; 
6.16, 0.91566, 0.29502, 0.273003, -0.390909, 0.811718, 0.43394, -0.0935802, -0.50406, 0.858583; 
6.17, 0.915619, 0.295009, 0.273149, -0.390976, 0.811688, 0.433936, -0.0936968, -0.504115, 0.858539; 
6.18, 0.915539, 0.294788, 0.273657, -0.391151, 0.811082, 0.434911, -0.0937514, -0.505219, 0.857884; 
6.19, 0.915483, 0.294817, 0.273812, -0.391233, 0.811161, 0.434689, -0.0939522, -0.505074, 0.857947; 
6.2, 0.915384, 0.294665, 0.274308, -0.391424, 0.810744, 0.435295, -0.0941277, -0.505832, 0.857481; 
6.21, 0.915333, 0.294556, 0.274596, -0.391529, 0.810444, 0.435758, -0.0941895, -0.506376, 0.857153; 
6.22, 0.915238, 0.294469, 0.275004, -0.391697, 0.810205, 0.436053, -0.0944056, -0.50681, 0.856873; 
6.23, 0.915142, 0.294354, 0.275445, -0.391874, 0.80989, 0.436478, -0.0946013, -0.507379, 0.856514; 
6.24, 0.915107, 0.294204, 0.275723, -0.391962, 0.809479, 0.437161, -0.0945771, -0.508122, 0.856077; 
6.25, 0.915078, 0.294288, 0.27573, -0.39199, 0.809707, 0.436712, -0.0947415, -0.507709, 0.856303; 
6.26, 0.914997, 0.294045, 0.276257, -0.392171, 0.80904, 0.437785, -0.0947749, -0.508912, 0.855585; 
6.27, 0.914931, 0.293882, 0.27665, -0.392311, 0.808595, 0.438482, -0.0948358, -0.509713, 0.855101; 
6.28, 0.914883, 0.293889, 0.2768, -0.392385, 0.808614, 0.438379, -0.0949892, -0.509678, 0.855105; 
6.29, 0.914792, 0.29377, 0.277226, -0.392555, 0.808286, 0.438834, -0.095162, -0.510268, 0.854734; 
6.3, 0.914686, 0.293701, 0.277651, -0.392738, 0.808097, 0.439018, -0.0954285, -0.510607, 0.854502; 
6.31, 0.914632, 0.293749, 0.277777, -0.392813, 0.80823, 0.438705, -0.0956389, -0.510368, 0.854621; 
6.32, 0.914615, 0.293772, 0.277809, -0.392835, 0.808291, 0.438572, -0.0957109, -0.510258, 0.854679; 
6.33, 0.914593, 0.29375, 0.277904, -0.392874, 0.808232, 0.438647, -0.0957584, -0.510365, 0.85461; 
6.34, 0.914489, 0.293544, 0.278464, -0.393083, 0.807667, 0.4395, -0.0958933, -0.511377, 0.85399; 
6.35, 0.914418, 0.293456, 0.27879, -0.393215, 0.807424, 0.439827, -0.0960319, -0.51181, 0.853714; 
6.36, 0.914329, 0.293313, 0.279231, -0.393386, 0.807033, 0.440392, -0.0961762, -0.512508, 0.853279; 
6.37, 0.914235, 0.293085, 0.279777, -0.393584, 0.806406, 0.441363, -0.0962568, -0.513625, 0.852598; 
6.38, 0.914118, 0.292975, 0.280275, -0.393793, 0.806105, 0.441725, -0.0965171, -0.514159, 0.852247; 
6.39, 0.9141, 0.292932, 0.280377, -0.39383, 0.805988, 0.441907, -0.0965315, -0.514368, 0.852119; 
6.4, 0.914106, 0.292941, 0.28035, -0.39382, 0.80601, 0.441875, -0.0965222, -0.514327, 0.852145; 
6.41, 0.914008, 0.292863, 0.280749, -0.39399, 0.805796, 0.442113, -0.0967481, -0.514707, 0.85189; 
6.42, 0.913966, 0.292727, 0.281027, -0.394086, 0.805425, 0.442704, -0.0967548, -0.515366, 0.851491; 
6.43, 0.913898, 0.292806, 0.281167, -0.394177, 0.80564, 0.442231, -0.097032, -0.514984, 0.85169; 
6.44, 0.913847, 0.292757, 0.281385, -0.394268, 0.805507, 0.442393, -0.0971435, -0.51522, 0.851535; 
6.45, 0.913731, 0.292634, 0.281889, -0.394478, 0.80517, 0.44282, -0.0973842, -0.515817, 0.851146; 
6.46, 0.913635, 0.292472, 0.282366, -0.394663, 0.804725, 0.443462, -0.0975269, -0.516602, 0.850653; 
6.47, 0.913561, 0.292304, 0.28278, -0.394817, 0.804262, 0.444164, -0.0975981, -0.517417, 0.850149; 
6.48, 0.91349, 0.292279, 0.283037, -0.394935, 0.804194, 0.444183, -0.0977913, -0.517538, 0.850054; 
6.49, 0.913421, 0.291982, 0.283564, -0.395108, 0.80338, 0.4455, -0.0977315, -0.518967, 0.849189; 
6.5, 0.913387, 0.292041, 0.283612, -0.395149, 0.803542, 0.445172, -0.0978858, -0.518683, 0.849344; 
6.51, 0.913304, 0.291962, 0.283961, -0.395297, 0.803325, 0.445431, -0.098064, -0.519063, 0.849092; 
6.52, 0.913273, 0.291904, 0.284121, -0.395358, 0.803166, 0.445664, -0.0981051, -0.519342, 0.848916; 
6.53, 0.913162, 0.29172, 0.284665, -0.395572, 0.802661, 0.446384, -0.0982699, -0.520226, 0.848356; 
6.54, 0.9131, 0.291681, 0.284906, -0.39568, 0.802552, 0.446484, -0.0984215, -0.520416, 0.848222; 
6.55, 0.913083, 0.29174, 0.284897, -0.395692, 0.802716, 0.446178, -0.0985234, -0.52013, 0.848386; 
6.56, 0.912949, 0.291582, 0.28549, -0.395938, 0.802282, 0.44674, -0.0987821, -0.520887, 0.847891; 
6.57, 0.912914, 0.291598, 0.285583, -0.395988, 0.802326, 0.446617, -0.0988981, -0.52081, 0.847924; 
6.58, 0.912835, 0.291532, 0.285904, -0.396127, 0.802144, 0.44682, -0.0990742, -0.521127, 0.847709; 
6.59, 0.912777, 0.291298, 0.286328, -0.39627, 0.801501, 0.447846, -0.0990354, -0.522247, 0.847024; 
6.6, 0.912743, 0.291303, 0.286431, -0.396322, 0.801515, 0.447775, -0.0991403, -0.522223, 0.847027; 
6.61, 0.912692, 0.291213, 0.286686, -0.396423, 0.801269, 0.448127, -0.0992125, -0.52265, 0.846755; 
6.62, 0.912633, 0.291106, 0.286982, -0.396539, 0.800974, 0.448551, -0.0992898, -0.523162, 0.84643; 
6.63, 0.912525, 0.290916, 0.287517, -0.39675, 0.800452, 0.449295, -0.0994366, -0.524065, 0.845853; 
6.64, 0.912457, 0.290796, 0.287856, -0.396884, 0.800123, 0.449763, -0.0995307, -0.524635, 0.845489; 
6.65, 0.912337, 0.290672, 0.28836, -0.397098, 0.799783, 0.450178, -0.0997708, -0.525221, 0.845096; 
6.66, 0.912312, 0.290712, 0.288398, -0.397128, 0.799893, 0.449956, -0.0998796, -0.525032, 0.845202; 
6.67, 0.912223, 0.290574, 0.288818, -0.397298, 0.799513, 0.45048, -0.100016, -0.525685, 0.844779; 
6.68, 0.912176, 0.290601, 0.288938, -0.397365, 0.799589, 0.450288, -0.100178, -0.525556, 0.84484; 
6.69, 0.912137, 0.290616, 0.289049, -0.397423, 0.799629, 0.450165, -0.100307, -0.525487, 0.844868; 
6.7, 0.912072, 0.290417, 0.289453, -0.397569, 0.799084, 0.451002, -0.100318, -0.526424, 0.844283; 
6.71, 0.911994, 0.290397, 0.289718, -0.397695, 0.799028, 0.450991, -0.100527, -0.52652, 0.844198; 
6.72, 0.911932, 0.290266, 0.290044, -0.397821, 0.798668, 0.451517, -0.100589, -0.527139, 0.843805; 
6.73, 0.9118, 0.290053, 0.290671, -0.398074, 0.798084, 0.452326, -0.100781, -0.528139, 0.843156; 
6.74, 0.911731, 0.289954, 0.290987, -0.398205, 0.797813, 0.45269, -0.100894, -0.528603, 0.842852; 
6.75, 0.911723, 0.289998, 0.290969, -0.398208, 0.797934, 0.452474, -0.100957, -0.528397, 0.842974; 
6.76, 0.911618, 0.28977, 0.291522, -0.398422, 0.797308, 0.453386, -0.101055, -0.529464, 0.842292; 
6.77, 0.91157, 0.289836, 0.291608, -0.398482, 0.797488, 0.453018, -0.101253, -0.529158, 0.84246; 
6.78, 0.911497, 0.289786, 0.291885, -0.398606, 0.797352, 0.453147, -0.101419, -0.529389, 0.842295; 
6.79, 0.91147, 0.289746, 0.292011, -0.398658, 0.797241, 0.453297, -0.101462, -0.529579, 0.842171; 
6.8, 0.911383, 0.289527, 0.292498, -0.398843, 0.79664, 0.45419, -0.101515, -0.530602, 0.84152; 
6.81, 0.911295, 0.289408, 0.29289, -0.399007, 0.796314, 0.454617, -0.101663, -0.531155, 0.841153; 
6.82, 0.911206, 0.289177, 0.293394, -0.399197, 0.79568, 0.45556, -0.10171, -0.532231, 0.840467; 
6.83, 0.911156, 0.289245, 0.293483, -0.39926, 0.795867, 0.455178, -0.101916, -0.531914, 0.840643; 
6.84, 0.911073, 0.289106, 0.293878, -0.39942, 0.795486, 0.455703, -0.102029, -0.532559, 0.84022; 
6.85, 0.911014, 0.289109, 0.294056, -0.39951, 0.795495, 0.455609, -0.102199, -0.532545, 0.840209; 
6.86, 0.910992, 0.289074, 0.294159, -0.399553, 0.795397, 0.455743, -0.10223, -0.53271, 0.8401; 
6.87, 0.910929, 0.288989, 0.294437, -0.39967, 0.795164, 0.456046, -0.102334, -0.533103, 0.839839; 
6.88, 0.91083, 0.288839, 0.29489, -0.399857, 0.794751, 0.456601, -0.10248, -0.5338, 0.839378; 
6.89, 0.910766, 0.288769, 0.295157, -0.399973, 0.79456, 0.456833, -0.1026, -0.534123, 0.839158; 
6.9, 0.910635, 0.288607, 0.295718, -0.400212, 0.794115, 0.457396, -0.102826, -0.534871, 0.838653; 
6.91, 0.910573, 0.2885, 0.296014, -0.400333, 0.793823, 0.457798, -0.102908, -0.535362, 0.83833; 
6.92, 0.910548, 0.288472, 0.296118, -0.400378, 0.793744, 0.457895, -0.102952, -0.535495, 0.83824; 
6.93, 0.91049, 0.288352, 0.296414, -0.400496, 0.793416, 0.45836, -0.103011, -0.536045, 0.837881; 
6.94, 0.910431, 0.288335, 0.296612, -0.400591, 0.79337, 0.458357, -0.103162, -0.536122, 0.837813; 
6.95, 0.910389, 0.288293, 0.296781, -0.400665, 0.793253, 0.458494, -0.103242, -0.536318, 0.837678; 
6.96, 0.910286, 0.288091, 0.297292, -0.400871, 0.792699, 0.459272, -0.103351, -0.537245, 0.83707; 
6.97, 0.910205, 0.288038, 0.297591, -0.401008, 0.792554, 0.459402, -0.103532, -0.537486, 0.836893; 
6.98, 0.910102, 0.287829, 0.29811, -0.401217, 0.79198, 0.460209, -0.103635, -0.538443, 0.836265; 
6.99, 0.910038, 0.287856, 0.298279, -0.401309, 0.792054, 0.460002, -0.103838, -0.538321, 0.836318; 
7, 0.909951, 0.287744, 0.298653, -0.401469, 0.791745, 0.460393, -0.103982, -0.538835, 0.835969; 
7.01, 0.909914, 0.287714, 0.298793, -0.401533, 0.791664, 0.460478, -0.104058, -0.53897, 0.835873; 
7.02, 0.909839, 0.287615, 0.299115, -0.401671, 0.791394, 0.460822, -0.104178, -0.53942, 0.835567; 
7.03, 0.909768, 0.287484, 0.299459, -0.401811, 0.791033, 0.461317, -0.10426, -0.540018, 0.835171; 
7.04, 0.909684, 0.287391, 0.299803, -0.401962, 0.790778, 0.461624, -0.104411, -0.540442, 0.834878; 
7.05, 0.909613, 0.287186, 0.300214, -0.402119, 0.790214, 0.462452, -0.104424, -0.541374, 0.834272; 
7.06, 0.909562, 0.287204, 0.300352, -0.402194, 0.790265, 0.4623, -0.104583, -0.541291, 0.834306; 
7.07, 0.909501, 0.287201, 0.300538, -0.402287, 0.790256, 0.462234, -0.104748, -0.541305, 0.834276; 
7.08, 0.909447, 0.287098, 0.300799, -0.402395, 0.789974, 0.462623, -0.104805, -0.541771, 0.833966; 
7.09, 0.909344, 0.286891, 0.301308, -0.402601, 0.789405, 0.463413, -0.104905, -0.542709, 0.833344; 
7.1, 0.909218, 0.286805, 0.30177, -0.402815, 0.789168, 0.463631, -0.105176, -0.5431, 0.833055; 
7.11, 0.909182, 0.286779, 0.301905, -0.402878, 0.789098, 0.463696, -0.105254, -0.543214, 0.83297; 
7.12, 0.909118, 0.286721, 0.302153, -0.40299, 0.788938, 0.463871, -0.105378, -0.543478, 0.832783; 
7.13, 0.909079, 0.286681, 0.302308, -0.403059, 0.788829, 0.463997, -0.10545, -0.543657, 0.832657; 
7.14, 0.908989, 0.286595, 0.302658, -0.403216, 0.788592, 0.464262, -0.105619, -0.544046, 0.832381; 
7.15, 0.908885, 0.286363, 0.30319, -0.40343, 0.787956, 0.465155, -0.105697, -0.545088, 0.831689; 
7.16, 0.908849, 0.286468, 0.303198, -0.403461, 0.788244, 0.464641, -0.105889, -0.544617, 0.831973; 
7.17, 0.908694, 0.286126, 0.303986, -0.40378, 0.787305, 0.465954, -0.106008, -0.546153, 0.830951; 
7.18, 0.908689, 0.28617, 0.303958, -0.403776, 0.787425, 0.465754, -0.106059, -0.545956, 0.831073; 
7.19, 0.908682, 0.286203, 0.303949, -0.403779, 0.787515, 0.465599, -0.106109, -0.545809, 0.831164; 
7.2, 0.908559, 0.285965, 0.304541, -0.404024, 0.786863, 0.466487, -0.106233, -0.546873, 0.830448; 
7.21, 0.908496, 0.285957, 0.304735, -0.404122, 0.786842, 0.466438, -0.106397, -0.546908, 0.830405; 
7.22, 0.908348, 0.285694, 0.305421, -0.40441, 0.786119, 0.467406, -0.106562, -0.548083, 0.829608; 
7.23, 0.908314, 0.285625, 0.305589, -0.40448, 0.78593, 0.467665, -0.106595, -0.548391, 0.8294; 
7.24, 0.908315, 0.285707, 0.305508, -0.404458, 0.786155, 0.467305, -0.106664, -0.548026, 0.829633; 
7.25, 0.908215, 0.285524, 0.305976, -0.404654, 0.785652, 0.467981, -0.106771, -0.548842, 0.829079; 
7.26, 0.908162, 0.285507, 0.306148, -0.404739, 0.785605, 0.467986, -0.106899, -0.548917, 0.829013; 
7.27, 0.908092, 0.285432, 0.306428, -0.404865, 0.785401, 0.46822, -0.107024, -0.549248, 0.828778; 
7.28, 0.907953, 0.285355, 0.30691, -0.405095, 0.785187, 0.468379, -0.107328, -0.549594, 0.828509; 
7.29, 0.907876, 0.285183, 0.307297, -0.405253, 0.784716, 0.469032, -0.107381, -0.550356, 0.827996; 
7.3, 0.907804, 0.284994, 0.307685, -0.405408, 0.784198, 0.469764, -0.107406, -0.551192, 0.827437; 
7.31, 0.907694, 0.284954, 0.308047, -0.405586, 0.784088, 0.469794, -0.107667, -0.551368, 0.827285; 
7.32, 0.907656, 0.2848, 0.308301, -0.40568, 0.783665, 0.470418, -0.107629, -0.552049, 0.826836; 
7.33, 0.907566, 0.28468, 0.308678, -0.405847, 0.783334, 0.470825, -0.107764, -0.55258, 0.826464; 
7.34, 0.90752, 0.284703, 0.30879, -0.40591, 0.783399, 0.470662, -0.107907, -0.552476, 0.826515; 
7.35, 0.907447, 0.284793, 0.308921, -0.406, 0.783646, 0.470173, -0.108183, -0.552079, 0.826743; 
7.36, 0.907378, 0.284606, 0.309298, -0.406151, 0.783133, 0.470898, -0.108201, -0.552904, 0.82619; 
7.37, 0.907325, 0.284448, 0.309597, -0.406268, 0.782698, 0.471519, -0.108198, -0.553601, 0.825724; 
7.38, 0.907246, 0.284293, 0.309971, -0.406426, 0.782273, 0.472088, -0.10827, -0.55428, 0.825258; 
7.39, 0.907198, 0.284228, 0.310171, -0.406514, 0.782095, 0.472306, -0.108341, -0.554564, 0.825058; 
7.4, 0.907105, 0.284092, 0.310566, -0.406688, 0.781723, 0.472773, -0.108465, -0.555159, 0.824642; 
7.41, 0.907019, 0.284019, 0.310885, -0.406837, 0.781521, 0.472978, -0.108628, -0.55548, 0.824404; 
7.42, 0.906912, 0.283769, 0.311426, -0.40706, 0.780834, 0.473921, -0.108688, -0.556573, 0.823658; 
7.43, 0.906844, 0.283748, 0.311643, -0.407168, 0.780777, 0.473921, -0.108849, -0.556664, 0.823576; 
7.44, 0.906825, 0.28389, 0.311569, -0.407163, 0.781166, 0.473284, -0.109026, -0.556045, 0.82397; 
7.45, 0.906726, 0.283663, 0.312064, -0.407368, 0.780544, 0.474133, -0.109085, -0.557034, 0.823294; 
7.46, 0.906694, 0.283757, 0.312071, -0.407394, 0.780801, 0.473687, -0.109254, -0.556625, 0.823548; 
7.47, 0.906581, 0.283539, 0.312596, -0.407618, 0.780203, 0.47448, -0.109355, -0.557575, 0.822892; 
7.48, 0.906529, 0.283463, 0.312816, -0.407715, 0.779995, 0.474738, -0.109424, -0.557903, 0.82266; 
7.49, 0.906429, 0.283432, 0.313134, -0.407874, 0.779909, 0.474742, -0.109659, -0.558039, 0.822537; 
7.5, 0.906367, 0.283329, 0.313405, -0.407992, 0.779627, 0.475104, -0.109729, -0.558485, 0.822225; 
7.51, 0.906303, 0.283219, 0.31369, -0.408116, 0.779325, 0.475493, -0.109798, -0.558963, 0.821891; 
7.52, 0.906209, 0.283041, 0.314124, -0.408303, 0.778837, 0.476133, -0.109886, -0.559733, 0.821355; 
7.53, 0.906134, 0.282858, 0.314504, -0.40846, 0.778334, 0.476819, -0.109917, -0.560524, 0.820811; 
7.54, 0.90606, 0.282786, 0.314782, -0.40859, 0.778136, 0.477032, -0.110045, -0.560836, 0.820581; 
7.55, 0.905998, 0.282742, 0.315, -0.408694, 0.778016, 0.477136, -0.110168, -0.561023, 0.820436; 
7.56, 0.905933, 0.282648, 0.315269, -0.408815, 0.777757, 0.477456, -0.110251, -0.56143, 0.820147; 
7.57, 0.9058, 0.282435, 0.315844, -0.409069, 0.777172, 0.47819, -0.110408, -0.562347, 0.819498; 
7.58, 0.905732, 0.282451, 0.316023, -0.409167, 0.777216, 0.478036, -0.110596, -0.562279, 0.819519; 
7.59, 0.905722, 0.282482, 0.316024, -0.409174, 0.7773, 0.477892, -0.11065, -0.562146, 0.819602; 
7.6, 0.905668, 0.282483, 0.316179, -0.409257, 0.777305, 0.477814, -0.110793, -0.56214, 0.819588; 
7.61, 0.905547, 0.282159, 0.316812, -0.409517, 0.776416, 0.479034, -0.110814, -0.563528, 0.818631; 
7.62, 0.90549, 0.282096, 0.317032, -0.409619, 0.776241, 0.479231, -0.110904, -0.563801, 0.81843; 
7.63, 0.90543, 0.28198, 0.317306, -0.409737, 0.775924, 0.479642, -0.110956, -0.564295, 0.818083; 
7.64, 0.905332, 0.281926, 0.317636, -0.4099, 0.775774, 0.479746, -0.111161, -0.564528, 0.817894; 
7.65, 0.905278, 0.281857, 0.317851, -0.409998, 0.775585, 0.479968, -0.111238, -0.564823, 0.81768; 
7.66, 0.905243, 0.281953, 0.317865, -0.410028, 0.77585, 0.479514, -0.111415, -0.56441, 0.817941; 
7.67, 0.905154, 0.281806, 0.318248, -0.410197, 0.775446, 0.480022, -0.111511, -0.565038, 0.817494; 
7.68, 0.905078, 0.281682, 0.318572, -0.410341, 0.775106, 0.480448, -0.111593, -0.565567, 0.817117; 
7.69, 0.905005, 0.281501, 0.31894, -0.410496, 0.774609, 0.481117, -0.111619, -0.566337, 0.81658; 
7.7, 0.904917, 0.28133, 0.319342, -0.410671, 0.77414, 0.481722, -0.111692, -0.567062, 0.816067; 
7.71, 0.90481, 0.281237, 0.319727, -0.410855, 0.773883, 0.481978, -0.111882, -0.56746, 0.815764; 
7.72, 0.904721, 0.281171, 0.320037, -0.411005, 0.773702, 0.482141, -0.112049, -0.56774, 0.815547; 
7.73, 0.904646, 0.281019, 0.320382, -0.411156, 0.773286, 0.482679, -0.112105, -0.56838, 0.815093; 
7.74, 0.904591, 0.280986, 0.320565, -0.411246, 0.773196, 0.482748, -0.112214, -0.56852, 0.81498; 
7.75, 0.904492, 0.280927, 0.320897, -0.41141, 0.773033, 0.482869, -0.112413, -0.568771, 0.814778; 
7.76, 0.904419, 0.280826, 0.32119, -0.411544, 0.772756, 0.483198, -0.112507, -0.569197, 0.814467; 
7.77, 0.904353, 0.280776, 0.32142, -0.411656, 0.772617, 0.483325, -0.112628, -0.569411, 0.814301; 
7.78, 0.904252, 0.280567, 0.321887, -0.411859, 0.772045, 0.484065, -0.112698, -0.570289, 0.813677; 
7.79, 0.90419, 0.28049, 0.322127, -0.411971, 0.771834, 0.484305, -0.112786, -0.570611, 0.813439; 
7.8, 0.90411, 0.28043, 0.322405, -0.412107, 0.771668, 0.484454, -0.112934, -0.570865, 0.81324; 
7.81, 0.904092, 0.280409, 0.322473, -0.412138, 0.771611, 0.484519, -0.11296, -0.570953, 0.813174; 
7.82, 0.904047, 0.280293, 0.3227, -0.412234, 0.771291, 0.484946, -0.112968, -0.571442, 0.81283; 
7.83, 0.90392, 0.280097, 0.323226, -0.412473, 0.770753, 0.485598, -0.113113, -0.572264, 0.812231; 
7.84, 0.903871, 0.280003, 0.323443, -0.41257, 0.770496, 0.485924, -0.113151, -0.572656, 0.81195; 
7.85, 0.903764, 0.27996, 0.323779, -0.412741, 0.770377, 0.485967, -0.113381, -0.572836, 0.81179; 
7.86, 0.90371, 0.279898, 0.323984, -0.412838, 0.770208, 0.486152, -0.113462, -0.573094, 0.811597; 
7.87, 0.903618, 0.279763, 0.324356, -0.413008, 0.769836, 0.486597, -0.113569, -0.573659, 0.811182; 
7.88, 0.903521, 0.279694, 0.324687, -0.413172, 0.769648, 0.486755, -0.113752, -0.573945, 0.810955; 
7.89, 0.903435, 0.279596, 0.325009, -0.413324, 0.769379, 0.487051, -0.113878, -0.574353, 0.810648; 
7.9, 0.903403, 0.279453, 0.325221, -0.413407, 0.768987, 0.4876, -0.113829, -0.574948, 0.810233; 
7.91, 0.903348, 0.279453, 0.325375, -0.413491, 0.768985, 0.487532, -0.113967, -0.574951, 0.810212; 
7.92, 0.903248, 0.279367, 0.325726, -0.413662, 0.76875, 0.487757, -0.114139, -0.575306, 0.809936; 
7.93, 0.903166, 0.279218, 0.32608, -0.413821, 0.768341, 0.488267, -0.114208, -0.575925, 0.809486; 
7.94, 0.903069, 0.279125, 0.326427, -0.413988, 0.768087, 0.488525, -0.114365, -0.576309, 0.80919; 
7.95, 0.902959, 0.279006, 0.326835, -0.414184, 0.767758, 0.488876, -0.114531, -0.576805, 0.808813; 
7.96, 0.902891, 0.278907, 0.327107, -0.41431, 0.767488, 0.489192, -0.114612, -0.577211, 0.808512; 
7.97, 0.902798, 0.278887, 0.327379, -0.414453, 0.767433, 0.489157, -0.114822, -0.577294, 0.808423; 
7.98, 0.902778, 0.27877, 0.327535, -0.414512, 0.767111, 0.489612, -0.114767, -0.577778, 0.808085; 
7.99, 0.902676, 0.27865, 0.327919, -0.414695, 0.766782, 0.489973, -0.114912, -0.578273, 0.80771; 
8, 0.902546, 0.27843, 0.328462, -0.414944, 0.766178, 0.490706, -0.115033, -0.579178, 0.807044; 
8.01, 0.90255, 0.278482, 0.328407, -0.414925, 0.76632, 0.490501, -0.115069, -0.578966, 0.807191; 
8.02, 0.90245, 0.278275, 0.328857, -0.415125, 0.765751, 0.491219, -0.115129, -0.579817, 0.806571; 
8.03, 0.902398, 0.278367, 0.328923, -0.415181, 0.766004, 0.490779, -0.115339, -0.57944, 0.806812; 
8.04, 0.902247, 0.278044, 0.329609, -0.415486, 0.765117, 0.491901, -0.11542, -0.580764, 0.805848; 
8.05, 0.902251, 0.27809, 0.329559, -0.415469, 0.765245, 0.491718, -0.115452, -0.580574, 0.80598; 
8.06, 0.902107, 0.277944, 0.330077, -0.41572, 0.764843, 0.49213, -0.115673, -0.581173, 0.805517; 
8.07, 0.902095, 0.277975, 0.330084, -0.415731, 0.764928, 0.491989, -0.11573, -0.581046, 0.8056; 
8.08, 0.901997, 0.277754, 0.330536, -0.415931, 0.764322, 0.492761, -0.115769, -0.581949, 0.804943; 
8.09, 0.901942, 0.27765, 0.330774, -0.41604, 0.764037, 0.493111, -0.115812, -0.582372, 0.804631; 
8.1, 0.901884, 0.277649, 0.330931, -0.416125, 0.764035, 0.493042, -0.11595, -0.582376, 0.804608; 
8.11, 0.901794, 0.277492, 0.331309, -0.416299, 0.763603, 0.493564, -0.116028, -0.583016, 0.804133; 
8.12, 0.901668, 0.277397, 0.331731, -0.416511, 0.763341, 0.493791, -0.116248, -0.583405, 0.803819; 
8.13, 0.901572, 0.277196, 0.33216, -0.416704, 0.76279, 0.494479, -0.116301, -0.584221, 0.803219; 
8.14, 0.901474, 0.277017, 0.332575, -0.416895, 0.762297, 0.495078, -0.116376, -0.584949, 0.802678; 
8.15, 0.90138, 0.277037, 0.332814, -0.41703, 0.762353, 0.494878, -0.116622, -0.584866, 0.802702; 
8.16, 0.901345, 0.27705, 0.332898, -0.417079, 0.762389, 0.494782, -0.116718, -0.584814, 0.802726; 
8.17, 0.90126, 0.276864, 0.333282, -0.417251, 0.761877, 0.495424, -0.116755, -0.585568, 0.802171; 
8.18, 0.901198, 0.276823, 0.333485, -0.417354, 0.761764, 0.495511, -0.116868, -0.585734, 0.802033; 
8.19, 0.901129, 0.276787, 0.333699, -0.417465, 0.761667, 0.495566, -0.117001, -0.585877, 0.80191; 
8.2, 0.901081, 0.276704, 0.333898, -0.417557, 0.761438, 0.495842, -0.117041, -0.586215, 0.801657; 
8.21, 0.901012, 0.276569, 0.334197, -0.417694, 0.761069, 0.496292, -0.117088, -0.586757, 0.801253; 
8.22, 0.900918, 0.27648, 0.334522, -0.417855, 0.760824, 0.496532, -0.117231, -0.587116, 0.800969; 
8.23, 0.900847, 0.27641, 0.334771, -0.417978, 0.76063, 0.496725, -0.117337, -0.587401, 0.800745; 
8.24, 0.900756, 0.276205, 0.335186, -0.418166, 0.760068, 0.497427, -0.117373, -0.588224, 0.800135; 
8.25, 0.900644, 0.27597, 0.33568, -0.418391, 0.759423, 0.498222, -0.117429, -0.589166, 0.799433; 
8.26, 0.900542, 0.275794, 0.336099, -0.418587, 0.758939, 0.498795, -0.117514, -0.589872, 0.7989; 
8.27, 0.900469, 0.27585, 0.336248, -0.418681, 0.759093, 0.498482, -0.117737, -0.589648, 0.799032; 
8.28, 0.900406, 0.275745, 0.336501, -0.4188, 0.758804, 0.498821, -0.117791, -0.590068, 0.798714; 
8.29, 0.900332, 0.275731, 0.336712, -0.418914, 0.758767, 0.498782, -0.117956, -0.590123, 0.79865; 
8.3, 0.900293, 0.275675, 0.336863, -0.418986, 0.758613, 0.498956, -0.117999, -0.590348, 0.798477; 
8.31, 0.900249, 0.275692, 0.336965, -0.419046, 0.758661, 0.498832, -0.118118, -0.590277, 0.798512; 
8.32, 0.900203, 0.275615, 0.337151, -0.419134, 0.758449, 0.499082, -0.118157, -0.590586, 0.798277; 
8.33, 0.900109, 0.275511, 0.337488, -0.4193, 0.758162, 0.499377, -0.118287, -0.591002, 0.79795; 
8.34, 0.900003, 0.275251, 0.337982, -0.419522, 0.75745, 0.50027, -0.118304, -0.592035, 0.797181; 
8.35, 0.899929, 0.275143, 0.338267, -0.419659, 0.757152, 0.500607, -0.118381, -0.592467, 0.796849; 
8.36, 0.89976, 0.274927, 0.33889, -0.419963, 0.75656, 0.501246, -0.118585, -0.593323, 0.796182; 
8.37, 0.899728, 0.274968, 0.338942, -0.42, 0.756672, 0.501046, -0.118697, -0.593161, 0.796286; 
8.38, 0.899619, 0.274801, 0.339366, -0.420204, 0.756214, 0.501568, -0.118802, -0.593823, 0.795777; 
8.39, 0.899544, 0.274649, 0.339688, -0.420353, 0.755798, 0.502069, -0.118843, -0.594422, 0.795323; 
8.4, 0.899475, 0.274516, 0.339979, -0.420489, 0.75543, 0.502508, -0.118884, -0.594951, 0.794921; 
8.41, 0.899412, 0.274489, 0.340168, -0.42059, 0.755358, 0.502532, -0.119009, -0.595054, 0.794825; 
8.42, 0.899352, 0.27452, 0.340302, -0.42067, 0.755441, 0.50234, -0.119176, -0.594935, 0.794889; 
8.43, 0.899273, 0.274494, 0.34053, -0.420793, 0.75537, 0.502344, -0.119336, -0.595037, 0.794789; 
8.44, 0.899214, 0.27438, 0.340777, -0.420909, 0.755058, 0.502716, -0.119372, -0.595485, 0.794448; 
8.45, 0.899134, 0.274178, 0.341151, -0.421078, 0.754503, 0.503407, -0.119376, -0.596282, 0.793849; 
8.46, 0.899059, 0.274109, 0.341404, -0.421206, 0.754314, 0.503583, -0.119489, -0.596552, 0.793629; 
8.47, 0.89895, 0.273906, 0.341853, -0.421419, 0.753758, 0.504238, -0.119561, -0.597348, 0.79302; 
8.48, 0.898796, 0.273694, 0.342429, -0.4217, 0.753174, 0.504875, -0.119727, -0.598182, 0.792366; 
8.49, 0.898747, 0.273647, 0.342594, -0.421784, 0.753045, 0.504996, -0.119798, -0.598364, 0.792217; 
8.5, 0.898697, 0.273642, 0.342731, -0.42186, 0.753031, 0.504954, -0.11991, -0.598385, 0.792185; 
8.51, 0.898635, 0.273565, 0.342955, -0.421971, 0.752819, 0.505177, -0.119985, -0.598687, 0.791946; 
8.52, 0.89855, 0.273525, 0.343207, -0.422105, 0.752711, 0.505226, -0.120144, -0.59884, 0.791805; 
8.53, 0.898479, 0.27346, 0.343447, -0.422227, 0.752531, 0.505392, -0.12025, -0.599097, 0.791595; 
8.54, 0.898381, 0.273233, 0.343882, -0.422429, 0.75191, 0.506148, -0.120272, -0.599979, 0.790923; 
8.55, 0.898338, 0.273279, 0.343957, -0.42248, 0.752035, 0.505919, -0.120411, -0.599801, 0.791037; 
8.56, 0.898284, 0.273199, 0.344163, -0.42258, 0.751816, 0.50616, -0.120464, -0.600112, 0.790793; 
8.57, 0.898165, 0.272883, 0.344725, -0.422837, 0.750946, 0.507236, -0.120454, -0.601344, 0.789858; 
8.58, 0.898074, 0.272865, 0.344975, -0.422974, 0.750897, 0.507194, -0.120645, -0.601414, 0.789776; 
8.59, 0.897989, 0.272657, 0.34536, -0.423153, 0.750327, 0.507888, -0.120654, -0.602218, 0.789162; 
8.6, 0.897893, 0.272713, 0.345566, -0.42328, 0.750481, 0.507555, -0.120924, -0.602002, 0.789285; 
8.61, 0.897842, 0.272637, 0.345758, -0.423374, 0.750273, 0.507785, -0.120972, -0.602296, 0.789054; 
8.62, 0.897786, 0.272574, 0.345953, -0.423472, 0.750098, 0.50796, -0.121042, -0.602541, 0.788855; 
8.63, 0.897732, 0.272519, 0.346138, -0.423566, 0.749949, 0.508103, -0.121118, -0.602752, 0.788682; 
8.64, 0.897587, 0.272191, 0.34677, -0.423863, 0.749046, 0.509186, -0.121151, -0.604021, 0.787706; 
8.65, 0.897479, 0.272147, 0.347084, -0.424032, 0.748927, 0.50922, -0.121357, -0.604189, 0.787545; 
8.66, 0.897351, 0.271865, 0.347635, -0.424292, 0.748151, 0.510143, -0.121394, -0.605276, 0.786704; 
8.67, 0.897264, 0.271845, 0.347877, -0.424426, 0.748098, 0.510109, -0.121575, -0.60535, 0.78662; 
8.68, 0.897316, 0.271895, 0.347703, -0.424337, 0.748235, 0.509982, -0.121502, -0.605158, 0.786779; 
8.69, 0.897302, 0.272031, 0.347633, -0.424322, 0.748607, 0.509448, -0.121655, -0.604637, 0.787155; 
8.7, 0.897173, 0.271706, 0.348218, -0.424594, 0.747717, 0.510528, -0.121655, -0.605883, 0.786197; 
8.71, 0.897055, 0.271621, 0.34859, -0.42479, 0.747482, 0.51071, -0.121845, -0.606212, 0.785914; 
8.72, 0.896928, 0.271551, 0.34897, -0.424993, 0.74729, 0.510822, -0.122068, -0.60648, 0.785672; 
8.73, 0.896808, 0.271342, 0.349442, -0.425224, 0.746716, 0.511469, -0.122151, -0.60728, 0.785042; 
8.74, 0.896733, 0.271238, 0.349715, -0.42536, 0.746431, 0.511771, -0.122226, -0.607677, 0.784722; 
8.75, 0.896661, 0.271104, 0.350002, -0.4255, 0.746064, 0.51219, -0.122267, -0.608187, 0.784321; 
8.76, 0.896554, 0.270887, 0.350444, -0.425712, 0.745468, 0.512881, -0.122312, -0.609014, 0.783672; 
8.77, 0.896477, 0.270865, 0.350659, -0.425831, 0.745408, 0.512869, -0.122465, -0.609096, 0.783584; 
8.78, 0.896453, 0.270674, 0.350867, -0.425915, 0.744883, 0.513562, -0.122347, -0.609824, 0.783037; 
8.79, 0.896434, 0.270809, 0.350811, -0.425908, 0.745254, 0.51303, -0.12251, -0.60931, 0.783411; 
8.8, 0.896381, 0.27084, 0.350923, -0.425977, 0.745339, 0.512848, -0.122657, -0.609193, 0.783479; 
8.81, 0.896224, 0.270637, 0.351481, -0.42626, 0.74478, 0.513424, -0.122825, -0.609965, 0.782851; 
8.82, 0.896129, 0.270457, 0.35186, -0.426444, 0.744287, 0.513986, -0.122874, -0.610646, 0.782313; 
8.83, 0.896054, 0.270496, 0.352022, -0.426544, 0.744394, 0.513748, -0.123077, -0.610499, 0.782396; 
8.84, 0.895907, 0.270198, 0.352625, -0.426836, 0.743577, 0.514689, -0.123135, -0.611626, 0.781506; 
8.85, 0.89592, 0.270222, 0.352574, -0.426811, 0.743641, 0.514617, -0.123127, -0.611538, 0.781576; 
8.86, 0.895812, 0.269877, 0.353111, -0.427057, 0.742695, 0.515778, -0.123057, -0.612838, 0.780568; 
8.87, 0.895696, 0.269858, 0.353421, -0.427232, 0.742643, 0.515708, -0.123297, -0.61291, 0.780474; 
8.88, 0.895642, 0.269846, 0.353567, -0.427314, 0.742608, 0.515689, -0.123405, -0.612957, 0.78042; 
8.89, 0.89558, 0.269772, 0.353778, -0.427423, 0.742405, 0.515893, -0.123473, -0.613236, 0.780189; 
8.9, 0.895515, 0.26974, 0.353969, -0.427527, 0.742319, 0.51593, -0.12359, -0.613354, 0.780078; 
8.91, 0.895378, 0.269634, 0.354395, -0.427753, 0.742027, 0.516162, -0.123796, -0.613754, 0.779731; 
8.92, 0.895313, 0.269445, 0.354703, -0.427897, 0.741509, 0.516787, -0.12377, -0.614462, 0.779177; 
8.93, 0.895171, 0.269173, 0.355266, -0.428174, 0.740761, 0.51763, -0.123835, -0.615483, 0.77836; 
8.94, 0.89516, 0.269247, 0.355238, -0.428171, 0.740965, 0.517341, -0.123926, -0.615205, 0.778566; 
8.95, 0.895017, 0.269001, 0.355785, -0.428443, 0.740289, 0.518082, -0.124019, -0.616125, 0.777823; 
8.96, 0.89494, 0.26912, 0.355888, -0.428524, 0.740616, 0.517547, -0.124294, -0.615681, 0.778131; 
8.97, 0.894914, 0.269048, 0.356009, -0.428581, 0.740417, 0.517785, -0.124286, -0.615952, 0.777918; 
8.98, 0.89479, 0.268903, 0.35643, -0.428799, 0.740019, 0.518173, -0.124426, -0.616493, 0.777467; 
8.99, 0.894744, 0.268696, 0.356701, -0.42892, 0.73945, 0.518885, -0.12434, -0.617265, 0.776868; 
9, 0.894656, 0.268522, 0.357053, -0.429093, 0.738972, 0.519422, -0.124376, -0.617913, 0.776347; 
9.01, 0.89462, 0.268512, 0.357151, -0.429148, 0.738945, 0.519415, -0.124446, -0.61795, 0.776306; 
9.02, 0.894489, 0.268441, 0.357533, -0.429358, 0.73875, 0.519519, -0.124667, -0.618213, 0.776061; 
9.03, 0.894407, 0.268362, 0.357796, -0.429497, 0.738534, 0.519711, -0.124774, -0.618506, 0.77581; 
9.04, 0.894365, 0.268305, 0.357944, -0.429573, 0.738377, 0.519871, -0.124814, -0.618718, 0.775635; 
9.05, 0.894263, 0.268134, 0.358328, -0.429766, 0.737908, 0.520377, -0.124882, -0.619351, 0.775119; 
9.06, 0.894142, 0.267838, 0.35885, -0.430019, 0.737096, 0.521319, -0.124878, -0.620445, 0.774244; 
9.07, 0.894102, 0.267886, 0.358914, -0.430065, 0.737228, 0.521095, -0.125007, -0.620268, 0.774365; 
9.08, 0.894044, 0.267909, 0.35904, -0.430142, 0.73729, 0.520943, -0.125152, -0.620184, 0.774409; 
9.09, 0.893952, 0.267803, 0.35935, -0.430304, 0.736999, 0.52122, -0.125256, -0.620575, 0.774078; 
9.1, 0.89383, 0.267496, 0.359881, -0.430561, 0.736157, 0.522197, -0.125243, -0.621706, 0.773173; 
9.11, 0.893729, 0.267412, 0.360194, -0.430729, 0.735925, 0.522385, -0.125384, -0.622017, 0.7729; 
9.12, 0.893699, 0.267463, 0.360231, -0.43076, 0.736064, 0.522164, -0.125494, -0.621831, 0.773032; 
9.13, 0.893605, 0.267217, 0.360646, -0.43096, 0.73539, 0.522948, -0.125475, -0.622733, 0.772308; 
9.14, 0.893471, 0.267029, 0.361117, -0.431203, 0.734873, 0.523474, -0.125592, -0.623423, 0.771732; 
9.15, 0.893402, 0.266976, 0.361326, -0.431316, 0.734729, 0.523584, -0.125692, -0.623617, 0.771559; 
9.16, 0.893341, 0.267085, 0.361396, -0.431376, 0.735028, 0.523114, -0.12592, -0.623217, 0.771845; 
9.17, 0.89332, 0.267083, 0.361449, -0.431407, 0.735022, 0.523096, -0.125963, -0.623224, 0.771832; 
9.18, 0.893201, 0.266945, 0.361846, -0.431616, 0.734643, 0.523457, -0.126094, -0.623731, 0.771402; 
9.19, 0.893151, 0.266749, 0.362113, -0.431739, 0.734105, 0.52411, -0.126023, -0.624447, 0.770833; 
9.2, 0.893059, 0.266523, 0.362507, -0.431933, 0.733485, 0.524819, -0.126017, -0.625273, 0.770165; 
9.21, 0.892924, 0.266455, 0.362889, -0.432145, 0.733297, 0.524906, -0.126242, -0.625522, 0.769926; 
9.22, 0.892832, 0.266274, 0.363248, -0.432326, 0.732801, 0.525449, -0.126275, -0.626179, 0.769386; 
9.23, 0.89276, 0.266167, 0.363504, -0.432459, 0.732506, 0.525751, -0.126332, -0.62657, 0.769058; 
9.24, 0.89266, 0.266063, 0.363824, -0.43263, 0.732221, 0.526008, -0.126449, -0.626948, 0.768731; 
9.25, 0.892587, 0.266007, 0.364044, -0.43275, 0.732067, 0.526123, -0.126553, -0.627151, 0.768548; 
9.26, 0.892484, 0.265802, 0.364448, -0.432953, 0.731505, 0.526737, -0.126587, -0.627893, 0.767936; 
9.27, 0.892409, 0.265759, 0.364661, -0.433072, 0.731387, 0.526803, -0.126705, -0.628049, 0.767789; 
9.28, 0.892399, 0.26578, 0.364671, -0.433081, 0.731444, 0.526716, -0.126746, -0.627973, 0.767845; 
9.29, 0.892293, 0.265671, 0.36501, -0.433263, 0.731145, 0.526983, -0.126871, -0.628368, 0.767501; 
9.3, 0.892251, 0.265637, 0.365136, -0.433332, 0.731052, 0.527054, -0.126928, -0.62849, 0.767391; 
9.31, 0.892141, 0.265474, 0.365525, -0.433535, 0.730605, 0.527508, -0.127014, -0.629079, 0.766895; 
9.32, 0.892025, 0.265323, 0.365917, -0.433741, 0.73019, 0.527912, -0.127122, -0.629624, 0.76643; 
9.33, 0.891922, 0.265276, 0.366203, -0.433903, 0.73006, 0.527959, -0.127295, -0.629795, 0.76626; 
9.34, 0.891804, 0.265063, 0.366644, -0.434129, 0.729475, 0.528582, -0.12735, -0.630562, 0.76562; 
9.35, 0.891748, 0.264828, 0.36695, -0.434272, 0.728829, 0.529354, -0.127257, -0.631406, 0.764939; 
9.36, 0.891644, 0.264711, 0.367287, -0.434452, 0.728509, 0.529647, -0.127368, -0.631825, 0.764574; 
9.37, 0.891632, 0.26481, 0.367243, -0.434443, 0.728781, 0.52928, -0.127481, -0.631469, 0.76485; 
9.38, 0.891575, 0.264783, 0.367402, -0.434533, 0.728706, 0.529309, -0.127577, -0.631567, 0.764753; 
9.39, 0.891519, 0.264756, 0.367556, -0.43462, 0.728633, 0.529339, -0.127668, -0.631663, 0.764658; 
9.4, 0.891382, 0.264579, 0.368017, -0.434864, 0.728147, 0.529807, -0.127795, -0.632297, 0.764113; 
9.41, 0.891296, 0.264479, 0.368296, -0.435014, 0.727872, 0.530061, -0.127882, -0.632656, 0.763802; 
9.42, 0.891174, 0.264262, 0.368749, -0.435248, 0.727274, 0.530689, -0.127941, -0.633433, 0.763147; 
9.43, 0.891064, 0.263997, 0.369202, -0.435475, 0.726549, 0.531496, -0.12793, -0.634375, 0.762366; 
9.44, 0.891006, 0.263974, 0.369359, -0.435565, 0.726485, 0.53151, -0.128029, -0.634458, 0.76228; 
9.45, 0.890896, 0.263977, 0.369623, -0.435723, 0.726493, 0.53137, -0.128259, -0.634448, 0.76225; 
9.46, 0.890849, 0.263756, 0.369893, -0.435849, 0.725887, 0.532094, -0.128158, -0.635233, 0.761613; 
9.47, 0.890751, 0.263851, 0.37006, -0.435964, 0.726148, 0.531644, -0.128444, -0.634895, 0.761847; 
9.48, 0.890674, 0.263602, 0.370424, -0.436141, 0.725462, 0.532434, -0.128378, -0.635782, 0.761118; 
9.49, 0.890612, 0.263618, 0.370561, -0.436225, 0.725508, 0.532302, -0.12852, -0.635723, 0.761143; 
9.5, 0.890531, 0.2635, 0.370841, -0.436374, 0.725184, 0.532622, -0.128582, -0.636142, 0.760783; 
9.51, 0.890457, 0.26343, 0.371068, -0.436498, 0.724992, 0.532781, -0.128671, -0.636389, 0.760561; 
9.52, 0.890365, 0.263385, 0.37132, -0.436642, 0.724869, 0.532831, -0.128818, -0.636548, 0.760403; 
9.53, 0.890265, 0.263163, 0.371716, -0.436844, 0.724259, 0.533494, -0.128823, -0.637333, 0.759744; 
9.54, 0.89019, 0.263007, 0.372007, -0.436993, 0.723831, 0.533953, -0.128836, -0.637884, 0.759279; 
9.55, 0.890114, 0.26289, 0.372273, -0.437134, 0.723507, 0.534277, -0.128886, -0.6383, 0.758921; 
9.56, 0.889943, 0.262728, 0.372795, -0.437422, 0.723063, 0.534641, -0.129089, -0.638869, 0.758408; 
9.57, 0.889891, 0.262582, 0.373021, -0.437534, 0.722662, 0.535091, -0.129063, -0.639382, 0.75798; 
9.58, 0.889836, 0.262498, 0.37321, -0.437635, 0.722433, 0.535319, -0.129099, -0.639676, 0.757726; 
9.59, 0.889725, 0.262405, 0.373542, -0.43782, 0.722175, 0.535516, -0.129241, -0.640006, 0.757423; 
9.6, 0.889626, 0.262138, 0.373964, -0.438032, 0.721443, 0.536328, -0.129202, -0.64094, 0.756639; 
9.61, 0.889574, 0.262181, 0.374058, -0.438096, 0.721562, 0.536116, -0.129346, -0.640788, 0.756743; 
9.62, 0.889529, 0.262177, 0.374169, -0.438162, 0.72155, 0.536078, -0.129434, -0.640803, 0.756715; 
9.63, 0.889398, 0.261986, 0.374614, -0.4384, 0.721027, 0.536587, -0.129528, -0.64147, 0.756134; 
9.64, 0.88928, 0.262063, 0.374838, -0.438547, 0.721238, 0.536182, -0.129834, -0.641201, 0.75631; 
9.65, 0.889298, 0.261988, 0.374848, -0.438542, 0.721032, 0.536464, -0.12973, -0.641463, 0.756105; 
9.66, 0.889176, 0.261899, 0.3752, -0.43874, 0.720786, 0.536632, -0.129896, -0.641775, 0.755812; 
9.67, 0.889065, 0.26159, 0.375679, -0.438982, 0.719938, 0.537572, -0.129843, -0.642852, 0.754905; 
9.68, 0.889001, 0.261562, 0.375849, -0.43908, 0.719861, 0.537596, -0.129944, -0.642951, 0.754804; 
9.69, 0.888871, 0.261444, 0.376239, -0.439298, 0.719537, 0.53785, -0.1301, -0.643361, 0.754428; 
9.7, 0.888771, 0.261187, 0.376653, -0.439509, 0.71883, 0.538623, -0.130068, -0.644255, 0.753669; 
9.71, 0.888766, 0.261183, 0.376668, -0.439517, 0.718821, 0.538629, -0.130076, -0.644267, 0.753658; 
9.72, 0.888637, 0.260874, 0.377187, -0.439785, 0.717971, 0.539544, -0.130057, -0.645339, 0.752743; 
9.73, 0.88856, 0.260856, 0.37738, -0.439899, 0.717923, 0.539514, -0.130194, -0.6454, 0.752668; 
9.74, 0.888489, 0.26087, 0.377538, -0.439997, 0.71796, 0.539385, -0.130348, -0.645353, 0.752681; 
9.75, 0.888459, 0.260976, 0.377536, -0.440012, 0.718251, 0.538986, -0.130503, -0.644987, 0.752968; 
9.76, 0.888317, 0.260801, 0.377989, -0.44026, 0.717771, 0.539421, -0.130628, -0.64559, 0.752429; 
9.77, 0.888215, 0.260635, 0.378343, -0.44045, 0.717315, 0.539873, -0.130682, -0.646165, 0.751927; 
9.78, 0.888149, 0.260567, 0.378544, -0.440562, 0.717128, 0.54003, -0.130751, -0.6464, 0.751713; 
9.79, 0.888023, 0.26027, 0.379045, -0.440822, 0.716313, 0.540899, -0.130735, -0.647421, 0.750835; 
9.8, 0.887988, 0.260276, 0.379123, -0.44087, 0.71633, 0.540837, -0.13081, -0.647401, 0.75084; 
9.81, 0.887892, 0.260241, 0.379371, -0.441016, 0.716235, 0.540844, -0.130969, -0.64752, 0.75071; 
9.82, 0.887728, 0.259987, 0.379929, -0.441318, 0.715536, 0.541523, -0.131064, -0.648395, 0.749938; 
9.83, 0.887686, 0.259901, 0.380086, -0.4414, 0.715301, 0.541765, -0.13107, -0.648687, 0.749683; 
9.84, 0.887593, 0.259724, 0.380424, -0.44158, 0.714815, 0.54226, -0.131094, -0.649294, 0.749154; 
9.85, 0.887556, 0.259694, 0.38053, -0.441641, 0.714732, 0.542321, -0.131139, -0.649398, 0.749056; 
9.86, 0.887436, 0.259528, 0.380924, -0.441856, 0.714275, 0.542747, -0.131226, -0.649967, 0.748547; 
9.87, 0.887353, 0.259448, 0.381172, -0.441996, 0.714056, 0.542921, -0.131318, -0.650239, 0.748294; 
9.88, 0.887282, 0.25944, 0.381342, -0.442099, 0.714034, 0.542867, -0.13145, -0.650267, 0.748247; 
9.89, 0.887174, 0.259227, 0.381737, -0.442309, 0.71345, 0.543462, -0.13147, -0.650992, 0.747613; 
9.9, 0.88712, 0.259241, 0.381853, -0.442383, 0.713487, 0.543354, -0.131588, -0.650945, 0.747633; 
9.91, 0.886994, 0.259118, 0.38223, -0.442595, 0.71315, 0.543624, -0.131724, -0.651364, 0.747244; 
9.92, 0.886899, 0.258885, 0.382607, -0.442792, 0.712509, 0.544303, -0.131699, -0.652158, 0.746556; 
9.93, 0.88685, 0.258916, 0.3827, -0.442854, 0.712595, 0.54414, -0.131824, -0.652051, 0.746627; 
9.94, 0.886773, 0.258715, 0.383016, -0.443018, 0.712042, 0.54473, -0.131794, -0.652735, 0.746035; 
9.95, 0.886748, 0.258619, 0.383137, -0.443078, 0.711778, 0.545026, -0.131755, -0.653061, 0.745756; 
9.96, 0.886647, 0.258479, 0.383466, -0.44326, 0.711396, 0.545378, -0.131827, -0.653532, 0.74533; 
9.97, 0.886516, 0.25841, 0.383814, -0.443463, 0.711206, 0.54546, -0.132018, -0.653766, 0.745091; 
9.98, 0.886414, 0.258357, 0.384085, -0.443622, 0.711061, 0.54552, -0.132168, -0.653945, 0.744907; 
9.99, 0.88631, 0.258282, 0.384376, -0.443791, 0.710854, 0.545651, -0.132304, -0.654199, 0.74466; 
