0, -16.3397,-0.307654,0.315488,0,0,0,0;
0.01, -14.2413,-0.317609,0.721051,0,0,0,0;
0.02, -9.90175,-0.25079,0.214436,0,0,0,0;
0.03, -3.82856,-0.256637,0.233486,0,0,0,0;
0.04, 1.76085,0.282633,0.514523,0,0,0,0;
0.05, 4.83716,0.409949,1.0806,0,0,0,0;
0.06, 5.17631,0.0729023,0.783885,0,0,0,0;
0.07, 5.78055,-0.310057,0.421087,0,0,0,0;
0.08, 4.95503,-0.392018,-0.132225,0,0,0,0;
0.09, 3.43086,-0.267239,-0.586648,0,0,0,0;
0.1, 2.80311,-0.360731,-0.912708,0,0,0,0;
0.11, 1.15824,-0.566426,-0.875012,0,0,0,0;
0.12, 0.855053,-0.322579,-0.621107,0,0,0,0;
0.13, 0.190107,-0.336581,-0.311064,0,0,0,0;
0.14, 0.657244,-0.261337,-0.0359344,0,0,0,0;
0.15, 0.0282749,-0.276983,0.00470233,0,0,0,0;
0.16, 0.790126,-0.243707,-0.0684797,0,0,0,0;
0.17, 0.95796,-0.206817,-0.184025,0,0,0,0;
0.18, 1.16948,-0.183981,-0.290053,0,0,0,0;
0.19, 1.15996,-0.168291,-0.284397,0,0,0,0;
0.2, 1.09479,-0.179168,-0.261303,0,0,0,0;
0.21, 0.919505,-0.145201,-0.15038,0,0,0,0;
0.22, 0.196521,-0.237421,-0.0688734,0,0,0,0;
0.23, 0.616572,-0.268752,0.00672464,0,0,0,0;
0.24, 0.317456,-0.271555,-0.0459481,0,0,0,0;
0.25, 0.141498,-0.232651,-0.086573,0,0,0,0;
0.26, 0.448453,-0.145442,-0.152464,0,0,0,0;
0.27, 0.489824,-0.198291,-0.209396,0,0,0,0;
0.28, 0.273194,-0.163309,-0.224974,0,0,0,0;
0.29, 0.23726,-0.211054,-0.0934148,0,0,0,0;
0.3, 0.0489544,-0.168515,-0.0369294,0,0,0,0;
0.31, 0.278149,-0.115262,0.00425523,0,0,0,0;
0.32, 0.350039,-0.141848,-0.0146065,0,0,0,0;
0.33, -0.126918,-0.348457,-0.0822746,0,0,0,0;
0.34, -0.305535,-0.264321,-0.179781,0,0,0,0;
0.35, 0.0271774,-0.203535,-0.164681,0,0,0,0;
0.36, 0.458076,-0.0791294,-0.217336,0,0,0,0;
0.37, 0.300576,-0.151862,-0.124048,0,0,0,0;
0.38, -0.117082,-0.120296,-0.0750706,0,0,0,0;
0.39, -0.197761,-0.187972,-0.0403621,0,0,0,0;
0.4, 0.327439,-0.156623,-0.049854,0,0,0,0;
0.41, 0.00665533,-0.210024,-0.0986772,0,0,0,0;
0.42, -0.0785038,-0.206086,-0.121482,0,0,0,0;
0.43, 0.00835236,-0.217922,-0.136526,0,0,0,0;
0.44, -0.0344846,-0.188338,-0.174283,0,0,0,0;
0.45, 0.297586,-0.136882,-0.161068,0,0,0,0;
0.46, -0.621761,-0.172992,-0.129206,0,0,0,0;
0.47, 0.0673997,-0.194739,-0.10915,0,0,0,0;
0.48, 0.348689,-0.232181,-0.154831,0,0,0,0;
0.49, -0.592454,-0.120178,-0.164998,0,0,0,0;
0.5, -0.348189,-0.152745,-0.10245,0,0,0,0;
0.51, 0.0595404,-0.201682,-0.0731285,0,0,0,0;
0.52, 0.551348,-0.0875205,-0.10082,0,0,0,0;
0.53, 0.177505,-0.18288,-0.200296,0,0,0,0;
0.54, 0.255818,-0.0714826,-0.243624,0,0,0,0;
0.55, 0.0361544,-0.144889,-0.141062,0,0,0,0;
0.56, -0.86082,-0.444304,-0.074641,0,0,0,0;
0.57, -0.482433,-0.224464,-0.0752826,0,0,0,0;
0.58, 0.367224,0.017875,-0.180083,0,0,0,0;
0.59, -0.351601,0.0648345,-0.208964,0,0,0,0;
0.6, 0.129123,-0.218209,-0.289811,0,0,0,0;
0.61, -0.0129854,-0.309311,-0.227924,0,0,0,0;
0.62, -0.280464,-0.212257,-0.187127,0,0,0,0;
0.63, 0.279443,-0.0358971,-0.0839582,0,0,0,0;
0.64, -0.129938,-0.0850976,0.0304879,0,0,0,0;
0.65, -0.167295,0.00555025,-0.0636974,0,0,0,0;
0.66, 0.274187,-0.277726,-0.119668,0,0,0,0;
0.67, 0.354788,0.0211584,-0.245907,0,0,0,0;
0.68, -0.0525197,-0.116651,-0.13316,0,0,0,0;
0.69, -0.566774,-0.401178,-0.198192,0,0,0,0;
0.7, -0.326655,-0.246338,-0.142937,0,0,0,0;
0.71, 0.136615,-0.200269,-0.19418,0,0,0,0;
0.72, -0.498796,-0.157731,-0.119377,0,0,0,0;
0.73, 0.0963694,-0.17284,-0.174514,0,0,0,0;
0.74, 0.171904,0.00824329,-0.148667,0,0,0,0;
0.75, 0.0489534,-0.14392,-0.189519,0,0,0,0;
0.76, 0.096327,-0.114679,-0.118496,0,0,0,0;
0.77, -0.441122,-0.213487,-0.0645357,0,0,0,0;
0.78, 0.158412,-0.140207,-0.0345892,0,0,0,0;
0.79, -0.600279,-0.242334,-0.097115,0,0,0,0;
0.8, 0.0677404,-0.18558,-0.114618,0,0,0,0;
0.81, -0.349516,-0.195207,-0.164454,0,0,0,0;
0.82, 0.158017,-0.19475,-0.186147,0,0,0,0;
0.83, 0.0139779,-0.122143,-0.119382,0,0,0,0;
0.84, -0.0852234,-0.243595,-0.10434,0,0,0,0;
0.85, 0.370209,-0.162756,-0.0906264,0,0,0,0;
0.86, -0.415773,-0.209853,-0.0874248,0,0,0,0;
0.87, -0.235912,-0.211004,-0.0848554,0,0,0,0;
0.88, -0.183166,-0.220997,-0.121585,0,0,0,0;
0.89, -0.100574,-0.182421,-0.108809,0,0,0,0;
0.9, 0.272466,-0.158389,-0.131686,0,0,0,0;
0.91, -0.248918,-0.223366,-0.097978,0,0,0,0;
0.92, -0.110467,-0.174001,-0.0777941,0,0,0,0;
0.93, 0.124457,-0.18374,-0.0607656,0,0,0,0;
0.94, -0.21963,-0.183333,-0.0827428,0,0,0,0;
0.95, -0.0253596,-0.200925,-0.123324,0,0,0,0;
0.96, 0.25114,-0.163636,-0.120979,0,0,0,0;
0.97, -0.388647,-0.192522,-0.115019,0,0,0,0;
0.98, -0.129847,-0.255903,-0.086992,0,0,0,0;
0.99, -0.138673,-0.147201,-0.0925592,0,0,0,0;
1, -0.113533,-0.233734,-0.0901705,0,0,0,0;
1.01, 0.225854,-0.193454,-0.0899414,0,0,0,0;
1.02, 0.318645,-0.130604,-0.105948,0,0,0,0;
1.03, -0.352569,-0.172791,-0.0962427,0,0,0,0;
1.04, -0.180177,-0.221541,-0.0861876,0,0,0,0;
1.05, -0.130863,-0.208705,-0.148071,0,0,0,0;
1.06, -0.287246,-0.208657,-0.115753,0,0,0,0;
1.07, -0.114264,-0.190553,-0.122981,0,0,0,0;
1.08, 0.217235,-0.174396,-0.11457,0,0,0,0;
1.09, -0.150598,-0.172262,-0.100252,0,0,0,0;
1.1, -0.443143,-0.221063,-0.0880963,0,0,0,0;
1.11, -0.116272,-0.18932,-0.0900823,0,0,0,0;
1.12, -0.242791,-0.159061,-0.111661,0,0,0,0;
1.13, 0.111922,-0.178695,-0.142988,0,0,0,0;
1.14, 0.121492,-0.179997,-0.170366,0,0,0,0;
1.15, 0.134026,-0.192134,-0.111895,0,0,0,0;
1.16, -0.224596,-0.13643,-0.104687,0,0,0,0;
1.17, -0.11722,-0.257294,-0.147733,0,0,0,0;
1.18, -0.245434,-0.215529,-0.154812,0,0,0,0;
1.19, -0.248481,-0.209653,-0.133006,0,0,0,0;
1.2, 0.225584,-0.199264,-0.109699,0,0,0,0;
1.21, 0.484564,-0.0323967,-0.139922,0,0,0,0;
1.22, -0.218517,-0.110376,-0.142566,0,0,0,0;
1.23, -0.158171,-0.213773,-0.137618,0,0,0,0;
1.24, -0.388664,-0.257535,-0.172801,0,0,0,0;
1.25, -0.437745,-0.276576,-0.120294,0,0,0,0;
1.26, -0.213267,-0.0657475,-0.112256,0,0,0,0;
1.27, -0.502987,-0.214345,-0.19152,0,0,0,0;
1.28, 0.908768,-0.16913,-0.130607,0,0,0,0;
1.29, -0.193568,-0.0169491,-0.112535,0,0,0,0;
1.3, 0.131366,-0.159238,-0.158309,0,0,0,0;
1.31, -0.0110593,-0.0605694,-0.213012,0,0,0,0;
1.32, -0.624828,-0.391718,-0.11496,0,0,0,0;
1.33, -0.244567,-0.33522,-0.0786299,0,0,0,0;
1.34, 0.154496,-0.036062,-0.074218,0,0,0,0;
1.35, -0.993393,-0.0964616,-0.157071,0,0,0,0;
1.36, 0.112477,-0.102312,-0.229116,0,0,0,0;
1.37, 0.346017,-0.124019,-0.20762,0,0,0,0;
1.38, -0.12859,-0.237427,-0.152552,0,0,0,0;
1.39, 0.271701,-0.279452,-0.114885,0,0,0,0;
1.4, -0.152221,-0.200012,-0.0957327,0,0,0,0;
1.41, 0.0769506,-0.152622,-0.0320233,0,0,0,0;
1.42, -0.0835798,-0.185059,-0.0897306,0,0,0,0;
1.43, -0.462057,-0.208895,-0.161994,0,0,0,0;
1.44, 0.092588,-0.262524,-0.183589,0,0,0,0;
1.45, 0.384255,-0.00968484,-0.169338,0,0,0,0;
1.46, -0.387321,-0.241602,-0.129638,0,0,0,0;
1.47, 0.181901,-0.169258,-0.146674,0,0,0,0;
1.48, -0.23123,-0.120841,-0.0764325,0,0,0,0;
1.49, -0.333681,-0.179473,-0.0784452,0,0,0,0;
1.5, -0.496027,-0.297835,-0.116696,0,0,0,0;
1.51, 0.0317057,-0.209058,-0.120591,0,0,0,0;
1.52, -0.190381,-0.202875,-0.144821,0,0,0,0;
1.53, 0.14844,-0.187002,-0.141452,0,0,0,0;
1.54, -0.225767,-0.143792,-0.101376,0,0,0,0;
1.55, -0.268158,-0.212199,-0.063888,0,0,0,0;
1.56, 0.010139,-0.212658,-0.0908887,0,0,0,0;
1.57, 0.101196,-0.188379,-0.0808452,0,0,0,0;
1.58, 0.294204,-0.205363,-0.127326,0,0,0,0;
1.59, -0.173057,-0.208587,-0.125017,0,0,0,0;
1.6, -0.157235,-0.178522,-0.128111,0,0,0,0;
1.61, -0.311047,-0.217495,-0.0853667,0,0,0,0;
1.62, -0.257198,-0.184322,-0.0887033,0,0,0,0;
1.63, -0.00570389,-0.19606,-0.110385,0,0,0,0;
1.64, -0.175224,-0.216085,-0.0990058,0,0,0,0;
1.65, -0.0973633,-0.220416,-0.0944772,0,0,0,0;
1.66, 0.24606,-0.205674,-0.101201,0,0,0,0;
1.67, -0.216383,-0.212093,-0.126858,0,0,0,0;
1.68, 0.0160828,-0.1687,-0.100053,0,0,0,0;
1.69, -0.291594,-0.198852,-0.10577,0,0,0,0;
1.7, -0.0738419,-0.211496,-0.0863118,0,0,0,0;
1.71, -0.16835,-0.197345,-0.101441,0,0,0,0;
1.72, -0.161364,-0.204686,-0.104578,0,0,0,0;
1.73, -0.13856,-0.190819,-0.108128,0,0,0,0;
1.74, 0.0458002,-0.210947,-0.125411,0,0,0,0;
1.75, 0.061235,-0.202757,-0.123424,0,0,0,0;
1.76, -0.169683,-0.208638,-0.0901682,0,0,0,0;
1.77, -0.110461,-0.192473,-0.096065,0,0,0,0;
1.78, -0.0674514,-0.230893,-0.115519,0,0,0,0;
1.79, 0.024057,-0.138151,-0.136875,0,0,0,0;
1.8, -0.202805,-0.244261,-0.1448,0,0,0,0;
1.81, -0.267019,-0.163876,-0.139265,0,0,0,0;
1.82, -0.455585,-0.160548,-0.094337,0,0,0,0;
1.83, 0.150492,-0.183987,-0.106619,0,0,0,0;
1.84, 0.324787,-0.216529,-0.103824,0,0,0,0;
1.85, 0.118987,-0.20315,-0.107011,0,0,0,0;
1.86, -0.700161,-0.297786,-0.149265,0,0,0,0;
1.87, -0.167142,-0.19946,-0.144259,0,0,0,0;
1.88, -0.4747,-0.220123,-0.147162,0,0,0,0;
1.89, -0.0438385,-0.14768,-0.135832,0,0,0,0;
1.9, 0.169269,-0.211867,-0.160095,0,0,0,0;
1.91, -0.00366123,-0.117209,-0.139803,0,0,0,0;
1.92, 0.344733,-0.20537,-0.0896255,0,0,0,0;
1.93, 0.223173,-0.166222,-0.197242,0,0,0,0;
1.94, -0.0876226,-0.103531,-0.0360657,0,0,0,0;
1.95, 0.286296,-0.169642,-0.123727,0,0,0,0;
1.96, -0.803729,-0.282227,-0.0523849,0,0,0,0;
1.97, -1.11975,-0.0812502,-0.125807,0,0,0,0;
1.98, 0.248501,-0.18641,-0.203399,0,0,0,0;
1.99, -0.786082,-0.25159,-0.232897,0,0,0,0;
2, -0.115305,-0.120578,-0.259822,0,0,0,0;
2.01, 0.123707,-0.369611,-0.15811,0,0,0,0;
2.02, 0.727931,-0.126944,-0.120633,0,0,0,0;
2.03, -0.0913425,-0.139051,-0.0162152,0,0,0,0;
2.04, -0.447381,-0.0160805,0.00741057,0,0,0,0;
2.05, 0.0588118,-0.3019,-0.122866,0,0,0,0;
2.06, 0.480768,-0.0966604,-0.190569,0,0,0,0;
2.07, -0.239294,-0.166826,-0.214158,0,0,0,0;
2.08, -0.306196,-0.31367,-0.184756,0,0,0,0;
2.09, 0.122652,-0.160003,-0.149152,0,0,0,0;
2.1, -0.420395,-0.219293,-0.0988873,0,0,0,0;
2.11, -0.443383,-0.279977,-0.115374,0,0,0,0;
2.12, -0.552745,-0.181606,-0.023349,0,0,0,0;
2.13, 0.341674,-0.154989,-0.115567,0,0,0,0;
2.14, 0.126275,-0.100763,-0.138914,0,0,0,0;
2.15, -0.121376,-0.11013,-0.143431,0,0,0,0;
2.16, -0.107345,-0.248535,-0.162261,0,0,0,0;
2.17, 0.129203,-0.275936,-0.153825,0,0,0,0;
2.18, 0.0844126,-0.234922,-0.109027,0,0,0,0;
2.19, -0.18492,-0.219658,-0.0987365,0,0,0,0;
2.2, -0.730928,-0.213712,-0.057511,0,0,0,0;
2.21, -0.322212,-0.190371,-0.0953491,0,0,0,0;
2.22, 0.000453631,-0.204194,-0.132703,0,0,0,0;
2.23, 0.330634,-0.147028,-0.152683,0,0,0,0;
2.24, 0.0380138,-0.214198,-0.154662,0,0,0,0;
2.25, -0.350485,-0.204575,-0.105898,0,0,0,0;
2.26, -0.269004,-0.222737,-0.0915744,0,0,0,0;
2.27, 0.0267502,-0.202512,-0.0810926,0,0,0,0;
2.28, -0.247697,-0.239237,-0.0829009,0,0,0,0;
2.29, -0.243186,-0.196802,-0.0853055,0,0,0,0;
2.3, 0.350955,-0.198886,-0.122535,0,0,0,0;
2.31, 0.0115946,-0.229021,-0.13867,0,0,0,0;
2.32, -0.297493,-0.202832,-0.1197,0,0,0,0;
2.33, -0.120605,-0.20051,-0.0947086,0,0,0,0;
2.34, -0.330045,-0.229389,-0.0915639,0,0,0,0;
2.35, 0.124585,-0.239012,-0.119086,0,0,0,0;
2.36, -0.428192,-0.195588,-0.072713,0,0,0,0;
2.37, -0.0696703,-0.196158,-0.0938664,0,0,0,0;
2.38, -0.148012,-0.217846,-0.12471,0,0,0,0;
2.39, -0.0564352,-0.214713,-0.144824,0,0,0,0;
2.4, -0.132185,-0.180728,-0.116744,0,0,0,0;
2.41, 0.0169273,-0.214359,-0.0977877,0,0,0,0;
2.42, -0.0903096,-0.226133,-0.0902515,0,0,0,0;
2.43, -0.0841992,-0.214365,-0.100773,0,0,0,0;
2.44, -0.105142,-0.210217,-0.0891364,0,0,0,0;
2.45, -0.0644285,-0.232839,-0.113053,0,0,0,0;
2.46, -0.240547,-0.207358,-0.118711,0,0,0,0;
2.47, 0.138591,-0.203157,-0.127855,0,0,0,0;
2.48, -0.225031,-0.183627,-0.11121,0,0,0,0;
2.49, -0.260976,-0.235315,-0.13478,0,0,0,0;
2.5, 0.21248,-0.144289,-0.120886,0,0,0,0;
2.51, -0.242849,-0.226592,-0.132908,0,0,0,0;
2.52, -0.23772,-0.227067,-0.0867591,0,0,0,0;
2.53, -0.276168,-0.228159,-0.118562,0,0,0,0;
2.54, -0.455166,-0.258032,-0.109872,0,0,0,0;
2.55, 0.283136,-0.144936,-0.131907,0,0,0,0;
2.56, -0.06492,-0.0870184,-0.13732,0,0,0,0;
2.57, -0.0205403,-0.273342,-0.142133,0,0,0,0;
2.58, 0.0502948,-0.273177,-0.111728,0,0,0,0;
2.59, 0.388417,-0.0628352,-0.145532,0,0,0,0;
2.6, -0.445424,-0.347189,-0.115072,0,0,0,0;
2.61, -0.249036,-0.23747,-0.1865,0,0,0,0;
2.62, -0.95553,-0.140851,-0.0391876,0,0,0,0;
2.63, 0.038086,-0.184538,-0.0880082,0,0,0,0;
2.64, -0.127771,-0.161594,-0.155355,0,0,0,0;
2.65, 0.317456,-0.234198,-0.152701,0,0,0,0;
2.66, 0.0330848,-0.170241,-0.183484,0,0,0,0;
2.67, -0.955772,-0.206599,-0.0940258,0,0,0,0;
2.68, 0.202662,-0.3003,-0.154235,0,0,0,0;
2.69, 0.0203248,-0.179627,-0.0870829,0,0,0,0;
2.7, -0.0544732,-0.150224,-0.0755989,0,0,0,0;
2.71, -0.37811,-0.0868757,-0.147853,0,0,0,0;
2.72, 0.517715,-0.126846,-0.220386,0,0,0,0;
2.73, 0.575927,-0.216166,-0.143614,0,0,0,0;
2.74, -0.835637,-0.332261,-0.148959,0,0,0,0;
2.75, -0.373253,-0.175803,-0.0380121,0,0,0,0;
2.76, -0.111097,-0.339875,-0.151905,0,0,0,0;
2.77, -0.632937,-0.209717,-0.112153,0,0,0,0;
2.78, 0.0103257,-0.183467,-0.185998,0,0,0,0;
2.79, 0.298232,-0.228598,-0.19588,0,0,0,0;
2.8, -0.211858,-0.173852,-0.125981,0,0,0,0;
2.81, -0.129536,-0.143941,-0.0906153,0,0,0,0;
2.82, 0.244556,-0.214648,-0.0721313,0,0,0,0;
2.83, -0.696258,-0.0956034,-0.0670014,0,0,0,0;
2.84, -0.307175,-0.21437,-0.0880506,0,0,0,0;
2.85, 0.138121,-0.0915754,-0.117149,0,0,0,0;
2.86, -0.0392152,-0.201568,-0.205898,0,0,0,0;
2.87, 0.0996751,-0.36561,-0.179723,0,0,0,0;
2.88, -0.375025,-0.162501,-0.0729933,0,0,0,0;
2.89, 0.218725,-0.250225,-0.112739,0,0,0,0;
2.9, -0.0714533,-0.245517,-0.0677428,0,0,0,0;
2.91, -0.569297,-0.171574,-0.0894386,0,0,0,0;
2.92, -0.192522,-0.186266,-0.122157,0,0,0,0;
2.93, -0.189632,-0.300423,-0.178065,0,0,0,0;
2.94, -0.0428829,-0.198021,-0.139142,0,0,0,0;
2.95, 0.121956,-0.225265,-0.138449,0,0,0,0;
2.96, 0.315186,-0.176529,-0.0945303,0,0,0,0;
2.97, -0.230408,-0.235856,-0.0594131,0,0,0,0;
2.98, -0.750079,-0.233128,-0.0560837,0,0,0,0;
2.99, -0.310747,-0.203336,-0.0762889,0,0,0,0;
3, -0.0818865,-0.243402,-0.129785,0,0,0,0;
3.01, 0.244818,-0.210961,-0.18276,0,0,0,0;
3.02, -0.0329128,-0.223213,-0.172256,0,0,0,0;
3.03, -0.293002,-0.201459,-0.114595,0,0,0,0;
3.04, -0.070339,-0.216486,-0.0699531,0,0,0,0;
3.05, -0.113816,-0.21794,-0.0737882,0,0,0,0;
3.06, -0.327763,-0.208524,-0.0685596,0,0,0,0;
3.07, -0.0462155,-0.233598,-0.100111,0,0,0,0;
3.08, 0.346319,-0.225715,-0.137299,0,0,0,0;
3.09, -0.386627,-0.221447,-0.118321,0,0,0,0;
3.1, 0.0210424,-0.231001,-0.119322,0,0,0,0;
3.11, -0.333603,-0.234811,-0.11014,0,0,0,0;
3.12, -0.243678,-0.199547,-0.0958411,0,0,0,0;
3.13, -0.0459503,-0.237418,-0.0907409,0,0,0,0;
3.14, -0.142121,-0.225681,-0.11192,0,0,0,0;
3.15, -0.297294,-0.200002,-0.128674,0,0,0,0;
3.16, 0.126156,-0.20519,-0.111335,0,0,0,0;
3.17, -0.318013,-0.231315,-0.104828,0,0,0,0;
3.18, -0.0147343,-0.272822,-0.138068,0,0,0,0;
3.19, -0.0283071,-0.168494,-0.117179,0,0,0,0;
3.2, -0.303694,-0.182746,-0.102038,0,0,0,0;
3.21, -0.364217,-0.255229,-0.100558,0,0,0,0;
3.22, 0.0054496,-0.171492,-0.116265,0,0,0,0;
3.23, 0.276175,-0.239504,-0.136407,0,0,0,0;
3.24, -0.433133,-0.261546,-0.0893012,0,0,0,0;
3.25, 0.319878,-0.279834,-0.0936767,0,0,0,0;
3.26, -0.524112,-0.108999,-0.11563,0,0,0,0;
3.27, 0.33136,-0.25192,-0.164008,0,0,0,0;
3.28, -0.340115,-0.197899,-0.127004,0,0,0,0;
3.29, -0.130754,-0.220878,-0.0785832,0,0,0,0;
3.3, -0.132765,-0.107611,-0.117108,0,0,0,0;
3.31, -0.39998,-0.249375,-0.131703,0,0,0,0;
3.32, -0.591883,-0.33946,-0.139488,0,0,0,0;
3.33, 0.041054,-0.208255,-0.183335,0,0,0,0;
3.34, 0.389535,-0.157105,-0.145925,0,0,0,0;
3.35, -0.816348,-0.0921775,-0.0960089,0,0,0,0;
3.36, -0.816037,-0.296035,-0.081046,0,0,0,0;
3.37, 1.05989,-0.203407,-0.118247,0,0,0,0;
3.38, -0.546591,-0.189404,-0.111892,0,0,0,0;
3.39, 0.972613,-0.202827,-0.271027,0,0,0,0;
3.4, -0.824914,-0.191224,-0.12937,0,0,0,0;
3.41, -0.238025,-0.308034,-0.0424188,0,0,0,0;
3.42, 0.516892,-0.254125,-0.113848,0,0,0,0;
3.43, -1.044,-0.160922,-0.0641061,0,0,0,0;
3.44, 0.126958,-0.119217,-0.0887449,0,0,0,0;
3.45, -0.0666101,-0.121403,-0.0952495,0,0,0,0;
3.46, -0.680515,-0.295233,-0.148641,0,0,0,0;
3.47, -0.364959,-0.339436,-0.225304,0,0,0,0;
3.48, 0.551548,-0.200508,-0.204706,0,0,0,0;
3.49, 0.287358,-0.187311,-0.217835,0,0,0,0;
3.5, -0.471115,-0.23702,-0.134085,0,0,0,0;
3.51, -0.245575,-0.120864,0.0174024,0,0,0,0;
3.52, -0.645189,-0.276649,0.00117664,0,0,0,0;
3.53, 0.0570589,-0.229963,-0.0487337,0,0,0,0;
3.54, -0.0350714,-0.222935,-0.127068,0,0,0,0;
3.55, 0.0322199,-0.205772,-0.210719,0,0,0,0;
3.56, 0.174509,-0.143601,-0.205124,0,0,0,0;
3.57, -0.198947,-0.284162,-0.201006,0,0,0,0;
3.58, -0.0981312,-0.151008,-0.0698967,0,0,0,0;
3.59, 0.10251,-0.239561,-0.0668607,0,0,0,0;
3.6, -0.43955,-0.238338,-0.057982,0,0,0,0;
3.61, -0.662431,-0.301084,-0.0907392,0,0,0,0;
3.62, 0.0385668,-0.16649,-0.144007,0,0,0,0;
3.63, -0.286665,-0.271372,-0.158501,0,0,0,0;
3.64, 0.179041,-0.169366,-0.178106,0,0,0,0;
3.65, -0.0598342,-0.160926,-0.13787,0,0,0,0;
3.66, -0.0220166,-0.197699,-0.103476,0,0,0,0;
3.67, -0.0715868,-0.327003,-0.0686381,0,0,0,0;
3.68, -0.218449,-0.276312,-0.0491383,0,0,0,0;
3.69, -0.228213,-0.170582,-0.0676034,0,0,0,0;
3.7, -0.482803,-0.233322,-0.102744,0,0,0,0;
3.71, -0.190524,-0.207703,-0.150495,0,0,0,0;
3.72, 0.313295,-0.223033,-0.167921,0,0,0,0;
3.73, -0.0178342,-0.262037,-0.149076,0,0,0,0;
3.74, 0.142098,-0.221246,-0.11854,0,0,0,0;
3.75, -0.555676,-0.233344,-0.0412139,0,0,0,0;
3.76, -0.507908,-0.194103,-0.0439079,0,0,0,0;
3.77, 0.0156654,-0.265678,-0.0975633,0,0,0,0;
3.78, -0.340067,-0.251591,-0.105849,0,0,0,0;
3.79, -0.166494,-0.213148,-0.154119,0,0,0,0;
3.8, 0.121754,-0.221546,-0.161557,0,0,0,0;
3.81, -0.195936,-0.236707,-0.141603,0,0,0,0;
3.82, -0.194126,-0.227682,-0.0992193,0,0,0,0;
3.83, -0.0394727,-0.204398,-0.0841286,0,0,0,0;
3.84, -0.0736312,-0.190684,-0.0780762,0,0,0,0;
3.85, -0.158627,-0.262618,-0.109273,0,0,0,0;
3.86, -0.287221,-0.232953,-0.0837927,0,0,0,0;
3.87, -0.101543,-0.248328,-0.11624,0,0,0,0;
3.88, 0.125219,-0.23871,-0.105301,0,0,0,0;
3.89, -0.157653,-0.197927,-0.11328,0,0,0,0;
3.9, -0.535367,-0.19231,-0.113283,0,0,0,0;
3.91, 0.589894,-0.256214,-0.149624,0,0,0,0;
3.92, -0.548571,-0.194271,-0.0875166,0,0,0,0;
3.93, -0.109003,-0.246136,-0.0884436,0,0,0,0;
3.94, -0.59239,-0.293836,-0.113687,0,0,0,0;
3.95, -0.373877,-0.183127,-0.110644,0,0,0,0;
3.96, 0.123634,-0.327599,-0.145621,0,0,0,0;
3.97, 0.121386,-0.136326,-0.175104,0,0,0,0;
3.98, -0.0584007,-0.282197,-0.143875,0,0,0,0;
3.99, -0.111877,-0.227162,-0.0799165,0,0,0,0;
4, -0.477584,-0.205091,-0.0503571,0,0,0,0;
4.01, 0.0671829,-0.198002,-0.0961667,0,0,0,0;
4.02, -0.133869,-0.195666,-0.10447,0,0,0,0;
4.03, -0.355217,-0.235822,-0.165204,0,0,0,0;
4.04, 0.425768,-0.293244,-0.1997,0,0,0,0;
4.05, -0.543151,-0.114381,-0.106362,0,0,0,0;
4.06, -0.421374,-0.333429,-0.130667,0,0,0,0;
4.07, -0.0191909,-0.222782,-0.0775522,0,0,0,0;
4.08, -0.643967,-0.0244036,-0.0782453,0,0,0,0;
4.09, 0.123282,-0.357675,-0.14388,0,0,0,0;
4.1, -0.41897,-0.255975,-0.128991,0,0,0,0;
4.11, 0.406701,-0.27372,-0.224363,0,0,0,0;
4.12, -0.0753717,-0.0662207,-0.154911,0,0,0,0;
4.13, 0.34734,-0.121307,-0.0589845,0,0,0,0;
4.14, 0.0254112,-0.24499,-0.0461703,0,0,0,0;
4.15, -0.397713,-0.343905,-0.0174899,0,0,0,0;
4.16, -0.473598,-0.394352,-0.0700154,0,0,0,0;
4.17, -0.0971959,-0.240107,-0.169183,0,0,0,0;
4.18, -0.566647,-0.226765,-0.180595,0,0,0,0;
4.19, -0.0838875,-0.0477548,-0.273575,0,0,0,0;
4.2, -0.223998,-0.211218,-0.193101,0,0,0,0;
4.21, -0.405272,-0.125471,-0.142806,0,0,0,0;
4.22, 0.237592,-0.239571,-0.0282246,0,0,0,0;
4.23, 0.144931,-0.323601,-0.0377004,0,0,0,0;
4.24, -0.108287,-0.289414,-0.0473201,0,0,0,0;
4.25, -0.450475,-0.250674,-0.0400954,0,0,0,0;
4.26, -0.537722,-0.158841,-0.129703,0,0,0,0;
4.27, 0.0286787,-0.231863,-0.26297,0,0,0,0;
4.28, -0.0423627,-0.0856368,-0.222492,0,0,0,0;
4.29, -0.30348,-0.205541,-0.0986544,0,0,0,0;
4.3, 0.289642,-0.351932,-0.101016,0,0,0,0;
4.31, -0.238539,-0.274473,-0.0721643,0,0,0,0;
4.32, -0.570111,-0.262496,-0.0411502,0,0,0,0;
4.33, 0.365025,-0.1752,-0.0973146,0,0,0,0;
4.34, 0.0312687,-0.270408,-0.168769,0,0,0,0;
4.35, -0.575322,-0.138417,-0.100071,0,0,0,0;
4.36, 0.168868,-0.318175,-0.124831,0,0,0,0;
4.37, -0.753226,-0.226119,-0.134411,0,0,0,0;
4.38, -0.0587547,-0.19242,-0.131756,0,0,0,0;
4.39, -0.214635,-0.186,-0.140252,0,0,0,0;
4.4, 0.00998423,-0.191489,-0.13518,0,0,0,0;
4.41, -0.0776998,-0.314618,-0.0940973,0,0,0,0;
4.42, -0.197652,-0.249969,-0.0661372,0,0,0,0;
4.43, -0.343065,-0.201741,-0.0877645,0,0,0,0;
4.44, -0.0291666,-0.229643,-0.0735251,0,0,0,0;
4.45, 0.312937,-0.249931,-0.108797,0,0,0,0;
4.46, -0.282953,-0.252323,-0.12732,0,0,0,0;
4.47, -0.416784,-0.307572,-0.118135,0,0,0,0;
4.48, -0.0425138,-0.226142,-0.121649,0,0,0,0;
4.49, -0.332537,-0.227727,-0.118959,0,0,0,0;
4.5, -0.0805836,-0.209499,-0.10042,0,0,0,0;
4.51, -0.272148,-0.207381,-0.107327,0,0,0,0;
4.52, 0.0856225,-0.29449,-0.133659,0,0,0,0;
4.53, -0.154626,-0.167911,-0.10222,0,0,0,0;
4.54, -0.172499,-0.2201,-0.0815105,0,0,0,0;
4.55, -0.165418,-0.292419,-0.0820384,0,0,0,0;
4.56, -0.231367,-0.196259,-0.094586,0,0,0,0;
4.57, -0.0970535,-0.232412,-0.135739,0,0,0,0;
4.58, -0.142516,-0.235788,-0.119999,0,0,0,0;
4.59, -0.126252,-0.295493,-0.150555,0,0,0,0;
4.6, -0.16986,-0.253815,-0.0955325,0,0,0,0;
4.61, -0.161544,-0.23089,-0.114686,0,0,0,0;
4.62, -0.529028,-0.259244,-0.048231,0,0,0,0;
4.63, 0.100896,-0.259715,-0.103488,0,0,0,0;
4.64, -0.36758,-0.158329,-0.123011,0,0,0,0;
4.65, -0.28279,-0.238067,-0.149279,0,0,0,0;
4.66, 0.0242188,-0.350863,-0.136786,0,0,0,0;
4.67, 0.022797,-0.247455,-0.0983884,0,0,0,0;
4.68, -0.398156,-0.133673,-0.105082,0,0,0,0;
4.69, 0.153669,-0.167587,-0.106948,0,0,0,0;
4.7, 0.100807,-0.256517,-0.124308,0,0,0,0;
4.71, -0.323527,-0.2239,-0.0594802,0,0,0,0;
4.72, -0.303898,-0.194242,-0.134466,0,0,0,0;
4.73, -0.317762,-0.286299,-0.129099,0,0,0,0;
4.74, -0.274511,-0.335945,-0.135402,0,0,0,0;
4.75, -0.0862614,-0.292283,-0.118426,0,0,0,0;
4.76, -0.279902,-0.131988,-0.0953826,0,0,0,0;
4.77, -0.345417,-0.140654,-0.0931881,0,0,0,0;
4.78, 0.254569,-0.294556,-0.135624,0,0,0,0;
4.79, 0.000645042,-0.279682,-0.167004,0,0,0,0;
4.8, -0.410442,-0.1832,-0.115586,0,0,0,0;
4.81, -0.178795,-0.177695,-0.116102,0,0,0,0;
4.82, 0.208907,-0.325059,-0.106597,0,0,0,0;
4.83, -0.350115,-0.225752,-0.0855973,0,0,0,0;
4.84, 0.0118528,-0.200358,-0.0880231,0,0,0,0;
4.85, -0.542007,-0.275371,-0.0932329,0,0,0,0;
4.86, -0.0407603,-0.221108,-0.145351,0,0,0,0;
4.87, -0.467017,-0.209685,-0.113183,0,0,0,0;
4.88, 0.432083,-0.181314,-0.166771,0,0,0,0;
4.89, -0.715424,-0.235202,-0.134955,0,0,0,0;
4.9, -0.618548,-0.354234,-0.133956,0,0,0,0;
4.91, 0.280359,-0.194053,-0.0831919,0,0,0,0;
4.92, -0.539858,-0.288778,-0.0860719,0,0,0,0;
4.93, 0.368541,-0.130581,-0.204438,0,0,0,0;
4.94, -0.0267463,-0.346186,-0.168217,0,0,0,0;
4.95, -0.164878,-0.227284,-0.103256,0,0,0,0;
4.96, -0.225752,-0.125242,-0.0804771,0,0,0,0;
4.97, 0.0259007,-0.214498,-0.0866343,0,0,0,0;
4.98, -0.260293,-0.245839,-0.0703684,0,0,0,0;
4.99, 0.061989,-0.320653,-0.104963,0,0,0,0;
5, -0.606628,-0.177287,-0.0977767,0,0,0,0;
5.01, -0.107653,-0.266952,-0.152813,0,0,0,0;
5.02, -0.329517,-0.17838,-0.0836084,0,0,0,0;
5.03, 0.0321911,-0.242678,-0.164802,0,0,0,0;
5.04, -0.570505,-0.322343,-0.151992,0,0,0,0;
5.05, 0.0834011,-0.154052,-0.171245,0,0,0,0;
5.06, -0.309598,-0.21718,-0.083682,0,0,0,0;
5.07, -0.335366,-0.300383,-0.097808,0,0,0,0;
5.08, 0.280794,-0.264757,-0.0572637,0,0,0,0;
5.09, -0.175033,-0.243813,-0.0228868,0,0,0,0;
5.1, -0.414422,-0.217409,-0.0792477,0,0,0,0;
5.11, -0.0762287,-0.226155,-0.15731,0,0,0,0;
5.12, 0.31185,-0.176985,-0.209198,0,0,0,0;
5.13, -0.133581,-0.26846,-0.192423,0,0,0,0;
5.14, -0.547445,-0.292777,-0.0958083,0,0,0,0;
5.15, -0.084898,-0.281839,-0.0564811,0,0,0,0;
5.16, -0.523631,-0.245042,-0.0202237,0,0,0,0;
5.17, -0.0875017,-0.140856,-0.0741382,0,0,0,0;
5.18, -0.236876,-0.277527,-0.13353,0,0,0,0;
5.19, 0.504076,-0.223088,-0.165696,0,0,0,0;
5.2, -0.417847,-0.276601,-0.14047,0,0,0,0;
5.21, -0.317827,-0.206791,-0.116097,0,0,0,0;
5.22, -0.624082,-0.295835,-0.11398,0,0,0,0;
5.23, -0.446047,-0.253674,-0.097401,0,0,0,0;
5.24, 0.0588086,-0.210201,-0.128029,0,0,0,0;
5.25, 0.154656,-0.279279,-0.122852,0,0,0,0;
5.26, 0.00687322,-0.283988,-0.0861607,0,0,0,0;
5.27, -0.299502,-0.192006,-0.0737614,0,0,0,0;
5.28, 0.354452,-0.246814,-0.0848038,0,0,0,0;
5.29, -0.260841,-0.239184,-0.0944072,0,0,0,0;
5.3, -0.339399,-0.250719,-0.123209,0,0,0,0;
5.31, -0.756434,-0.232851,-0.0962476,0,0,0,0;
5.32, -0.122762,-0.228057,-0.147683,0,0,0,0;
5.33, -0.0297718,-0.257997,-0.142652,0,0,0,0;
5.34, 0.300334,-0.27869,-0.154053,0,0,0,0;
5.35, -0.422422,-0.268181,-0.0926529,0,0,0,0;
5.36, -0.394515,-0.20737,-0.0358124,0,0,0,0;
5.37, -0.0143302,-0.248696,-0.0768455,0,0,0,0;
5.38, -0.251162,-0.183619,-0.0932577,0,0,0,0;
5.39, -0.262854,-0.266434,-0.10513,0,0,0,0;
5.4, 0.104863,-0.237653,-0.113638,0,0,0,0;
5.41, -0.127984,-0.265783,-0.168012,0,0,0,0;
5.42, -0.156139,-0.25353,-0.133353,0,0,0,0;
5.43, -0.41487,-0.297969,-0.126163,0,0,0,0;
5.44, 0.150691,-0.278772,-0.11007,0,0,0,0;
5.45, -0.496253,-0.172707,-0.0678058,0,0,0,0;
5.46, -0.565949,-0.235459,-0.0174157,0,0,0,0;
5.47, 0.177005,-0.317846,-0.125465,0,0,0,0;
5.48, -0.54004,-0.267047,-0.145784,0,0,0,0;
5.49, -0.199407,-0.17548,-0.157387,0,0,0,0;
5.5, 0.409411,-0.167612,-0.121556,0,0,0,0;
5.51, -0.23462,-0.271528,-0.175741,0,0,0,0;
5.52, -0.258204,-0.303527,-0.0886017,0,0,0,0;
5.53, -0.119843,-0.188755,-0.0777272,0,0,0,0;
5.54, 0.0776942,-0.218269,-0.0946495,0,0,0,0;
5.55, -0.419396,-0.25689,-0.0654573,0,0,0,0;
5.56, -0.320806,-0.179739,-0.115942,0,0,0,0;
5.57, -0.293569,-0.27168,-0.144589,0,0,0,0;
5.58, -0.368259,-0.408088,-0.166073,0,0,0,0;
5.59, -0.0179989,-0.232061,-0.109547,0,0,0,0;
5.6, 0.116033,-0.332151,-0.159267,0,0,0,0;
5.61, -0.186297,-0.167778,-0.113248,0,0,0,0;
5.62, -0.313746,-0.0967152,-0.0106544,0,0,0,0;
5.63, -0.561248,-0.208952,-0.00313726,0,0,0,0;
5.64, 0.223888,-0.334956,-0.164562,0,0,0,0;
5.65, 0.0416221,-0.278201,-0.199402,0,0,0,0;
5.66, -0.0495109,-0.264183,-0.211642,0,0,0,0;
5.67, -0.0464754,-0.197885,-0.116727,0,0,0,0;
5.68, -0.863667,-0.338524,-0.0876095,0,0,0,0;
5.69, -0.195252,-0.254249,-0.0313482,0,0,0,0;
5.7, -0.517481,-0.145713,-0.0739042,0,0,0,0;
5.71, 0.0893427,-0.335864,-0.130978,0,0,0,0;
5.72, -0.269264,-0.137615,-0.141642,0,0,0,0;
5.73, -0.241072,-0.220963,-0.186101,0,0,0,0;
5.74, -0.037562,-0.274371,-0.159094,0,0,0,0;
5.75, 0.135919,-0.292521,-0.181472,0,0,0,0;
5.76, -0.291979,-0.210871,-0.0936859,0,0,0,0;
5.77, -0.194986,-0.276484,-0.0450655,0,0,0,0;
5.78, -0.516574,-0.191242,-0.0267766,0,0,0,0;
5.79, 0.0579831,-0.111397,-0.0664202,0,0,0,0;
5.8, 0.720028,-0.324983,-0.112237,0,0,0,0;
5.81, -0.475648,-0.302237,-0.080034,0,0,0,0;
5.82, -0.312199,-0.226802,-0.119642,0,0,0,0;
5.83, -0.595464,-0.291767,-0.170358,0,0,0,0;
5.84, -0.141157,-0.212197,-0.150059,0,0,0,0;
5.85, -0.120724,-0.161263,-0.110031,0,0,0,0;
5.86, -0.220274,-0.249333,-0.106152,0,0,0,0;
5.87, -0.505007,-0.346146,-0.0990708,0,0,0,0;
5.88, -0.413774,-0.275602,-0.103817,0,0,0,0;
5.89, 0.234899,-0.310824,-0.12508,0,0,0,0;
5.9, -0.340902,-0.237842,-0.0956828,0,0,0,0;
5.91, -0.0114339,-0.207603,-0.120563,0,0,0,0;
5.92, -0.0712881,-0.213668,-0.107954,0,0,0,0;
5.93, -0.266511,-0.250104,-0.113425,0,0,0,0;
5.94, -0.377429,-0.212587,-0.0811237,0,0,0,0;
5.95, -0.100608,-0.282506,-0.128631,0,0,0,0;
5.96, 0.471432,-0.30094,-0.152692,0,0,0,0;
5.97, -0.638805,-0.232802,-0.0817831,0,0,0,0;
5.98, -0.334498,-0.3068,-0.0659517,0,0,0,0;
5.99, -0.301843,-0.221357,-0.0956349,0,0,0,0;
6, 0.0549376,-0.259211,-0.131309,0,0,0,0;
6.01, -0.293066,-0.162645,-0.104294,0,0,0,0;
6.02, -0.113185,-0.204171,-0.117004,0,0,0,0;
6.03, -0.218599,-0.322879,-0.125516,0,0,0,0;
6.04, -0.0716884,-0.259673,-0.115777,0,0,0,0;
6.05, -0.14978,-0.292422,-0.0960777,0,0,0,0;
6.06, -0.50963,-0.288057,-0.0959719,0,0,0,0;
6.07, -0.371258,-0.236996,-0.0473391,0,0,0,0;
6.08, -0.297342,-0.217802,-0.100828,0,0,0,0;
6.09, 0.242091,-0.222714,-0.142918,0,0,0,0;
6.1, -0.109662,-0.223866,-0.177835,0,0,0,0;
6.11, 0.00692648,-0.251884,-0.135285,0,0,0,0;
6.12, -0.242339,-0.253282,-0.0546717,0,0,0,0;
6.13, -0.00708686,-0.249214,-0.0361437,0,0,0,0;
6.14, -0.366519,-0.348604,-0.0728145,0,0,0,0;
6.15, -0.116223,-0.222908,-0.107264,0,0,0,0;
6.16, -0.690143,-0.242279,-0.109465,0,0,0,0;
6.17, -0.474113,-0.280959,-0.123743,0,0,0,0;
6.18, 0.287183,-0.28478,-0.172288,0,0,0,0;
6.19, -0.591526,-0.222495,-0.157547,0,0,0,0;
6.2, -0.00582648,-0.206988,-0.0938521,0,0,0,0;
6.21, -0.125626,-0.304071,-0.109098,0,0,0,0;
6.22, -0.194944,-0.183007,-0.096689,0,0,0,0;
6.23, -0.10467,-0.189472,-0.0642037,0,0,0,0;
6.24, 0.0504016,-0.356403,-0.0895197,0,0,0,0;
6.25, -0.767184,-0.259892,-0.0906029,0,0,0,0;
6.26, 0.378086,-0.29374,-0.146546,0,0,0,0;
6.27, 0.148357,-0.288295,-0.166838,0,0,0,0;
6.28, -0.471543,-0.25773,-0.10594,0,0,0,0;
6.29, -0.0631923,-0.216006,-0.065691,0,0,0,0;
6.3, -0.227705,-0.14391,-0.0539956,0,0,0,0;
6.31, -0.644015,-0.208408,-0.0788863,0,0,0,0;
6.32, -0.594708,-0.317914,-0.0995478,0,0,0,0;
6.33, -0.430631,-0.329119,-0.219166,0,0,0,0;
6.34, 0.172227,-0.225959,-0.16053,0,0,0,0;
6.35, -0.220158,-0.247422,-0.136492,0,0,0,0;
6.36, -0.0192187,-0.228123,-0.148558,0,0,0,0;
6.37, 0.268433,-0.263486,-0.05171,0,0,0,0;
6.38, -0.0549321,-0.129379,-0.123637,0,0,0,0;
6.39, -0.333883,-0.350392,-0.0242786,0,0,0,0;
6.4, -0.514482,-0.388011,-0.0374418,0,0,0,0;
6.41, -0.200486,-0.175097,-0.10307,0,0,0,0;
6.42, 0.0200768,-0.337042,-0.161234,0,0,0,0;
6.43, -0.732617,-0.168019,-0.167973,0,0,0,0;
6.44, -0.358749,-0.278011,-0.164337,0,0,0,0;
6.45, -0.108707,-0.153969,-0.170653,0,0,0,0;
6.46, 0.00851187,-0.223873,-0.101101,0,0,0,0;
6.47, 0.0333597,-0.281485,-0.019251,0,0,0,0;
6.48, -0.413379,-0.207898,-0.044337,0,0,0,0;
6.49, 0.554975,-0.347763,-0.0925979,0,0,0,0;
6.5, -0.615922,-0.255383,-0.106173,0,0,0,0;
6.51, -0.158394,-0.202009,-0.177699,0,0,0,0;
6.52, -0.24277,-0.322002,-0.203087,0,0,0,0;
6.53, 0.143348,-0.201145,-0.112437,0,0,0,0;
6.54, -0.348779,-0.243818,-0.0608216,0,0,0,0;
6.55, -0.727487,-0.312205,-0.0153819,0,0,0,0;
6.56, 0.0386061,-0.124219,-0.101414,0,0,0,0;
6.57, -0.547818,-0.276443,-0.109668,0,0,0,0;
6.58, -0.284081,-0.208087,-0.145785,0,0,0,0;
6.59, 0.306502,-0.345003,-0.181194,0,0,0,0;
6.6, -0.492523,-0.289161,-0.172878,0,0,0,0;
6.61, -0.251946,-0.307666,-0.0589081,0,0,0,0;
6.62, -0.161721,-0.297168,-0.0920848,0,0,0,0;
6.63, 0.141133,-0.218122,-0.0856904,0,0,0,0;
6.64, -0.0578428,-0.272517,-0.0922476,0,0,0,0;
6.65, -0.0276144,-0.147247,-0.0883958,0,0,0,0;
6.66, -0.591521,-0.291955,-0.0813431,0,0,0,0;
6.67, 0.0131344,-0.224895,-0.150758,0,0,0,0;
6.68, -0.57048,-0.246874,-0.112291,0,0,0,0;
6.69, -0.584419,-0.276493,-0.085211,0,0,0,0;
6.7, 0.155966,-0.320308,-0.166923,0,0,0,0;
6.71, -0.461363,-0.207019,-0.0818623,0,0,0,0;
6.72, -0.108739,-0.300685,-0.0581684,0,0,0,0;
6.73, 0.209584,-0.167773,-0.0689153,0,0,0,0;
6.74, -0.124113,-0.251705,-0.0893106,0,0,0,0;
6.75, -0.592914,-0.326665,-0.149845,0,0,0,0;
6.76, 0.30091,-0.237673,-0.175861,0,0,0,0;
6.77, -0.694056,-0.228618,-0.121481,0,0,0,0;
6.78, -0.37974,-0.232631,-0.0762798,0,0,0,0;
6.79, -0.424949,-0.337924,-0.0637585,0,0,0,0;
6.8, 0.190601,-0.286781,-0.0814772,0,0,0,0;
6.81, -0.0795413,-0.225976,-0.123914,0,0,0,0;
6.82, 0.327523,-0.277714,-0.155011,0,0,0,0;
6.83, -0.69743,-0.22739,-0.0502769,0,0,0,0;
6.84, -0.016824,-0.248809,-0.109435,0,0,0,0;
6.85, -0.503452,-0.238063,-0.0658507,0,0,0,0;
6.86, -0.383886,-0.344541,-0.113524,0,0,0,0;
6.87, -0.229279,-0.276597,-0.132394,0,0,0,0;
6.88, -0.01814,-0.226136,-0.108763,0,0,0,0;
6.89, -0.251813,-0.261892,-0.15667,0,0,0,0;
6.9, 0.0189781,-0.154506,-0.0821935,0,0,0,0;
6.91, -0.139697,-0.28087,-0.0814355,0,0,0,0;
6.92, -0.395045,-0.334595,-0.0805493,0,0,0,0;
6.93, -0.0946193,-0.303422,-0.106117,0,0,0,0;
6.94, -0.427157,-0.252273,-0.117903,0,0,0,0;
6.95, -0.36492,-0.308699,-0.137253,0,0,0,0;
6.96, 0.162486,-0.245148,-0.154595,0,0,0,0;
6.97, -0.330748,-0.223775,-0.0976323,0,0,0,0;
6.98, 0.190399,-0.244583,-0.105497,0,0,0,0;
6.99, -0.579224,-0.220285,-0.0559882,0,0,0,0;
7, -0.13728,-0.231475,-0.0789184,0,0,0,0;
7.01, -0.415507,-0.309278,-0.0540886,0,0,0,0;
7.02, -0.164417,-0.251033,-0.133871,0,0,0,0;
7.03, -0.0529455,-0.275475,-0.145285,0,0,0,0;
7.04, -0.16565,-0.227473,-0.160721,0,0,0,0;
7.05, 0.191503,-0.316521,-0.13748,0,0,0,0;
7.06, -0.545138,-0.257399,-0.0712136,0,0,0,0;
7.07, -0.517367,-0.249762,-0.0499002,0,0,0,0;
7.08, -0.183826,-0.310176,-0.107751,0,0,0,0;
7.09, 0.165144,-0.249655,-0.090324,0,0,0,0;
7.1, -0.185244,-0.128055,-0.0983728,0,0,0,0;
7.11, -0.376922,-0.298892,-0.145517,0,0,0,0;
7.12, -0.310363,-0.259812,-0.118858,0,0,0,0;
7.13, -0.401025,-0.313368,-0.087605,0,0,0,0;
7.14, -0.237326,-0.217741,-0.139746,0,0,0,0;
7.15, 0.238935,-0.254221,-0.136052,0,0,0,0;
7.16, -0.867723,-0.250424,-0.0440298,0,0,0,0;
7.17, 0.576699,-0.189697,-0.0968333,0,0,0,0;
7.18, -0.614226,-0.341759,-0.0873297,0,0,0,0;
7.19, -0.633711,-0.351822,-0.0759034,0,0,0,0;
7.2, 0.260581,-0.215874,-0.163506,0,0,0,0;
7.21, -0.469431,-0.241065,-0.134287,0,0,0,0;
7.22, 0.366647,-0.166828,-0.190601,0,0,0,0;
7.23, -0.268488,-0.333293,-0.0951607,0,0,0,0;
7.24, -0.801497,-0.353764,-0.0204618,0,0,0,0;
7.25, 0.0343653,-0.25454,-0.0463887,0,0,0,0;
7.26, -0.444899,-0.271593,-0.102551,0,0,0,0;
7.27, -0.265333,-0.258338,-0.150502,0,0,0,0;
7.28, -0.24133,-0.0991549,-0.210322,0,0,0,0;
7.29, 0.0348138,-0.284574,-0.19594,0,0,0,0;
7.3, 0.0937182,-0.308338,-0.161125,0,0,0,0;
7.31, -0.433954,-0.160424,0.0216586,0,0,0,0;
7.32, -0.0505634,-0.371852,-0.000393489,0,0,0,0;
7.33, -0.0804842,-0.229213,-0.0789062,0,0,0,0;
7.34, -0.541539,-0.259736,-0.0749368,0,0,0,0;
7.35, -0.78232,-0.16352,-0.119704,0,0,0,0;
7.36, 0.084592,-0.303423,-0.212882,0,0,0,0;
7.37, -0.0185063,-0.339085,-0.149933,0,0,0,0;
7.38, -0.00496119,-0.279045,-0.160852,0,0,0,0;
7.39, -0.328228,-0.314588,-0.0492462,0,0,0,0;
7.4, -0.103587,-0.249783,-0.0265162,0,0,0,0;
7.41, -0.257324,-0.224794,-0.0665402,0,0,0,0;
7.42, 0.340555,-0.256761,-0.129213,0,0,0,0;
7.43, -0.339652,-0.228211,-0.156575,0,0,0,0;
7.44, -0.939855,-0.270149,-0.0754572,0,0,0,0;
7.45, 0.180658,-0.272285,-0.108158,0,0,0,0;
7.46, -0.810118,-0.266377,-0.0941115,0,0,0,0;
7.47, 0.13561,-0.239398,-0.11082,0,0,0,0;
7.48, -0.262733,-0.299848,-0.146771,0,0,0,0;
7.49, -0.449356,-0.178525,-0.0681803,0,0,0,0;
7.5, -0.228532,-0.294275,-0.0893834,0,0,0,0;
7.51, -0.192421,-0.292895,-0.100666,0,0,0,0;
7.52, 0.0362048,-0.257469,-0.105016,0,0,0,0;
7.53, 0.110936,-0.298435,-0.168393,0,0,0,0;
7.54, -0.261684,-0.254479,-0.0741386,0,0,0,0;
7.55, -0.36041,-0.267142,-0.066915,0,0,0,0;
7.56, -0.213748,-0.288162,-0.0603574,0,0,0,0;
7.57, 0.196144,-0.185535,-0.108005,0,0,0,0;
7.58, -0.508431,-0.218303,-0.0744221,0,0,0,0;
7.59, -0.576549,-0.337566,-0.131575,0,0,0,0;
7.6, -0.53552,-0.262124,-0.131997,0,0,0,0;
7.61, 0.470578,-0.276456,-0.149892,0,0,0,0;
7.62, -0.290672,-0.28844,-0.120948,0,0,0,0;
7.63, -0.142955,-0.310968,-0.115674,0,0,0,0;
7.64, -0.347911,-0.199635,-0.0629542,0,0,0,0;
7.65, -0.319666,-0.30352,-0.0442925,0,0,0,0;
7.66, -0.848616,-0.267109,-0.03023,0,0,0,0;
7.67, -0.0946312,-0.262264,-0.129987,0,0,0,0;
7.68, -0.134323,-0.277163,-0.177798,0,0,0,0;
7.69, 0.0443248,-0.3128,-0.178382,0,0,0,0;
7.7, 0.0152906,-0.279393,-0.136959,0,0,0,0;
7.71, -0.230079,-0.203824,-0.0687339,0,0,0,0;
7.72, -0.335026,-0.228456,-0.0103177,0,0,0,0;
7.73, -0.0437664,-0.29177,-0.0527297,0,0,0,0;
7.74, -0.375332,-0.277272,-0.0810237,0,0,0,0;
7.75, -0.299932,-0.190518,-0.114728,0,0,0,0;
7.76, -0.173188,-0.265217,-0.15375,0,0,0,0;
7.77, -0.340707,-0.258839,-0.151491,0,0,0,0;
7.78, 0.120768,-0.261755,-0.129755,0,0,0,0;
7.79, -0.271455,-0.284917,-0.0874673,0,0,0,0;
7.8, -0.344256,-0.241283,-0.0401897,0,0,0,0;
7.81, -0.483394,-0.360004,-0.0110073,0,0,0,0;
7.82, -0.146645,-0.343967,-0.132396,0,0,0,0;
7.83, 0.125517,-0.202816,-0.177687,0,0,0,0;
7.84, -0.182622,-0.324385,-0.159366,0,0,0,0;
7.85, -0.363535,-0.17945,-0.122858,0,0,0,0;
7.86, -0.352134,-0.304196,-0.0724639,0,0,0,0;
7.87, -0.123411,-0.259616,-0.0793931,0,0,0,0;
7.88, -0.319386,-0.210673,-0.0579472,0,0,0,0;
7.89, -0.21002,-0.244026,-0.108547,0,0,0,0;
7.9, -0.0763118,-0.383312,-0.103563,0,0,0,0;
7.91, -0.491595,-0.268873,-0.119749,0,0,0,0;
7.92, -0.262619,-0.214799,-0.132032,0,0,0,0;
7.93, -0.0537352,-0.28025,-0.182463,0,0,0,0;
7.94, -0.241419,-0.225156,-0.133401,0,0,0,0;
7.95, -0.164858,-0.205757,-0.125427,0,0,0,0;
7.96, -0.275803,-0.292048,-0.00422902,0,0,0,0;
7.97, -0.488787,-0.197463,-0.0150334,0,0,0,0;
7.98, -0.186386,-0.392991,-0.0641402,0,0,0,0;
7.99, -0.135618,-0.218029,-0.124309,0,0,0,0;
8, 0.191003,-0.201789,-0.164041,0,0,0,0;
8.01, -0.604632,-0.356666,-0.189722,0,0,0,0;
8.02, 0.111085,-0.271963,-0.165625,0,0,0,0;
8.03, -0.816854,-0.237317,-0.058985,0,0,0,0;
8.04, 0.402294,-0.222578,-0.0818524,0,0,0,0;
8.05, -0.655004,-0.371745,-0.0433859,0,0,0,0;
8.06, -0.105172,-0.152716,-0.0447843,0,0,0,0;
8.07, -0.609133,-0.339736,-0.0766232,0,0,0,0;
8.08, 0.147767,-0.280097,-0.150914,0,0,0,0;
8.09, -0.160396,-0.311633,-0.185721,0,0,0,0;
8.1, -0.514875,-0.269763,-0.116965,0,0,0,0;
8.11, -0.0826871,-0.278392,-0.10233,0,0,0,0;
8.12, -0.244325,-0.168613,-0.100376,0,0,0,0;
8.13, 0.072198,-0.276574,-0.0955948,0,0,0,0;
8.14, 0.0511264,-0.259409,-0.100475,0,0,0,0;
8.15, -0.525908,-0.168017,-0.0944547,0,0,0,0;
8.16, -0.550113,-0.296728,-0.0939298,0,0,0,0;
8.17, 0.0118722,-0.293157,-0.0900844,0,0,0,0;
8.18, -0.369799,-0.265431,-0.140701,0,0,0,0;
8.19, -0.447652,-0.258974,-0.0634143,0,0,0,0;
8.2, -0.301854,-0.32381,-0.10166,0,0,0,0;
8.21, -0.157171,-0.306825,-0.0914218,0,0,0,0;
8.22, -0.266855,-0.233356,-0.112448,0,0,0,0;
8.23, -0.331868,-0.271449,-0.106146,0,0,0,0;
8.24, 0.0737246,-0.290687,-0.134924,0,0,0,0;
8.25, 0.205472,-0.259831,-0.149737,0,0,0,0;
8.26, 0.0282212,-0.256428,-0.0486483,0,0,0,0;
8.27, -0.645467,-0.205301,-0.00416915,0,0,0,0;
8.28, -0.184752,-0.29834,-0.0633843,0,0,0,0;
8.29, -0.432453,-0.22684,-0.107637,0,0,0,0;
8.3, -0.324039,-0.321329,-0.152431,0,0,0,0;
8.31, -0.576488,-0.28618,-0.140907,0,0,0,0;
8.32, -0.33277,-0.332823,-0.163171,0,0,0,0;
8.33, -0.289152,-0.25228,-0.110553,0,0,0,0;
8.34, 0.180078,-0.298756,-0.116838,0,0,0,0;
8.35, -0.212364,-0.291296,-0.109216,0,0,0,0;
8.36, 0.0856083,-0.146435,-0.0464431,0,0,0,0;
8.37, -0.627133,-0.297804,-0.0410147,0,0,0,0;
8.38, -0.0490864,-0.239267,-0.0480906,0,0,0,0;
8.39, -0.0391479,-0.292722,-0.104547,0,0,0,0;
8.4, -0.0636387,-0.296839,-0.133852,0,0,0,0;
8.41, -0.376105,-0.260451,-0.140268,0,0,0,0;
8.42, -0.602856,-0.249801,-0.0825365,0,0,0,0;
8.43, -0.479372,-0.239153,-0.0893377,0,0,0,0;
8.44, -0.239433,-0.320908,-0.103707,0,0,0,0;
8.45, 0.0211083,-0.322803,-0.0857705,0,0,0,0;
8.46, -0.327883,-0.268749,-0.0923549,0,0,0,0;
8.47, 0.0772675,-0.257693,-0.14156,0,0,0,0;
8.48, 0.130409,-0.166348,-0.12169,0,0,0,0;
8.49, -0.342046,-0.301473,-0.078615,0,0,0,0;
8.5, -0.496716,-0.285229,-0.0382931,0,0,0,0;
8.51, -0.28678,-0.293478,-0.0956912,0,0,0,0;
8.52, -0.401161,-0.231059,-0.107705,0,0,0,0;
8.53, -0.335696,-0.267628,-0.141091,0,0,0,0;
8.54, 0.127498,-0.290464,-0.168608,0,0,0,0;
8.55, -0.669901,-0.282164,-0.0811152,0,0,0,0;
8.56, -0.363748,-0.323631,-0.055016,0,0,0,0;
8.57, 0.356784,-0.298463,-0.112005,0,0,0,0;
8.58, -0.451033,-0.213519,-0.0781491,0,0,0,0;
8.59, 0.074427,-0.312044,-0.0838087,0,0,0,0;
8.6, -0.637456,-0.160697,-0.111395,0,0,0,0;
8.61, -0.330996,-0.319077,-0.0811132,0,0,0,0;
8.62, -0.380376,-0.306983,-0.0617861,0,0,0,0;
8.63, -0.380979,-0.302985,-0.138297,0,0,0,0;
8.64, 0.403893,-0.250033,-0.16288,0,0,0,0;
8.65, -0.370964,-0.186575,-0.116538,0,0,0,0;
8.66, 0.290427,-0.256074,-0.103199,0,0,0,0;
8.67, -0.4221,-0.210558,-0.0600325,0,0,0,0;
8.68, -0.667762,-0.467203,-0.0158205,0,0,0,0;
8.69, -0.937292,-0.305354,-0.0573249,0,0,0,0;
8.7, 0.361891,-0.286407,-0.175141,0,0,0,0;
8.71, -0.262676,-0.190471,-0.168045,0,0,0,0;
8.72, -0.322006,-0.162386,-0.178561,0,0,0,0;
8.73, 0.0308369,-0.240899,-0.122874,0,0,0,0;
8.74, -0.280711,-0.286646,-0.0102981,0,0,0,0;
8.75, -0.169682,-0.303517,-0.0271727,0,0,0,0;
8.76, 0.121753,-0.264762,-0.0885811,0,0,0,0;
8.77, -0.414561,-0.232553,-0.0454547,0,0,0,0;
8.78, 0.081844,-0.415551,-0.132195,0,0,0,0;
8.79, -0.836955,-0.28429,-0.111124,0,0,0,0;
8.8, -0.607013,-0.269623,-0.169299,0,0,0,0;
8.81, 0.00464073,-0.173585,-0.165454,0,0,0,0;
8.82, -0.0304996,-0.280361,-0.181435,0,0,0,0;
8.83, -0.683802,-0.22553,-0.0667959,0,0,0,0;
8.84, 0.253286,-0.233565,-0.111117,0,0,0,0;
8.85, -0.620957,-0.403361,-0.0402201,0,0,0,0;
8.86, 0.391493,-0.341749,-0.0376372,0,0,0,0;
8.87, -0.437352,-0.165751,-0.0203972,0,0,0,0;
8.88, -0.44733,-0.27732,-0.0937776,0,0,0,0;
8.89, -0.274409,-0.291006,-0.173648,0,0,0,0;
8.9, -0.403895,-0.264808,-0.216979,0,0,0,0;
8.91, -0.268603,-0.168646,-0.136572,0,0,0,0;
8.92, -0.0745782,-0.350298,-0.0540048,0,0,0,0;
8.93, 0.202732,-0.236184,-0.0421205,0,0,0,0;
8.94, -0.719077,-0.32883,-0.00622264,0,0,0,0;
8.95, 0.165618,-0.21372,-0.0758639,0,0,0,0;
8.96, -0.808923,-0.167622,-0.0805202,0,0,0,0;
8.97, -0.327472,-0.355931,-0.142951,0,0,0,0;
8.98, -0.122482,-0.200162,-0.184836,0,0,0,0;
8.99, 0.0665734,-0.381597,-0.223438,0,0,0,0;
9, -0.0586294,-0.29839,-0.103405,0,0,0,0;
9.01, -0.527883,-0.331111,-0.0133501,0,0,0,0;
9.02, -0.376144,-0.172591,-0.00211348,0,0,0,0;
9.03, -0.335212,-0.261974,-0.0361936,0,0,0,0;
9.04, -0.367255,-0.324796,-0.106626,0,0,0,0;
9.05, -0.0379204,-0.25887,-0.176329,0,0,0,0;
9.06, 0.328718,-0.278778,-0.19298,0,0,0,0;
9.07, -0.638974,-0.288784,-0.053933,0,0,0,0;
9.08, -0.601678,-0.268036,-0.0873471,0,0,0,0;
9.09, -0.298687,-0.262769,-0.0565242,0,0,0,0;
9.1, 0.297071,-0.289628,-0.117265,0,0,0,0;
9.11, -0.272876,-0.227089,-0.0665323,0,0,0,0;
9.12, -0.653212,-0.302169,-0.0656432,0,0,0,0;
9.13, 0.151874,-0.313715,-0.14405,0,0,0,0;
9.14, 0.0346159,-0.20818,-0.140799,0,0,0,0;
9.15, -0.336958,-0.271883,-0.1035,0,0,0,0;
9.16, -0.820421,-0.217729,-0.0640307,0,0,0,0;
9.17, -0.580168,-0.349667,-0.0789131,0,0,0,0;
9.18, -0.21849,-0.223206,-0.112375,0,0,0,0;
9.19, -0.0449375,-0.382834,-0.123266,0,0,0,0;
9.2, 0.0692186,-0.316451,-0.12207,0,0,0,0;
9.21, -0.349736,-0.16406,-0.0608353,0,0,0,0;
9.22, -0.0275612,-0.287504,-0.109966,0,0,0,0;
9.23, -0.219987,-0.294644,-0.0732779,0,0,0,0;
9.24, -0.229778,-0.241309,-0.0603429,0,0,0,0;
9.25, -0.343791,-0.265379,-0.0930919,0,0,0,0;
9.26, 0.047381,-0.27566,-0.0952251,0,0,0,0;
9.27, -0.368812,-0.257095,-0.0784071,0,0,0,0;
9.28, -0.548325,-0.35223,-0.124134,0,0,0,0;
9.29, -0.235812,-0.234579,-0.135988,0,0,0,0;
9.3, -0.442983,-0.323702,-0.150419,0,0,0,0;
9.31, -0.127443,-0.256819,-0.135456,0,0,0,0;
9.32, -0.168715,-0.242024,-0.0733452,0,0,0,0;
9.33, -0.45876,-0.218188,0.00175611,0,0,0,0;
9.34, 0.0310988,-0.252564,-0.094641,0,0,0,0;
9.35, 0.145847,-0.374844,-0.137914,0,0,0,0;
9.36, -0.169863,-0.238493,-0.0607937,0,0,0,0;
9.37, -0.755559,-0.317392,-0.0482865,0,0,0,0;
9.38, -0.448618,-0.289514,-0.120965,0,0,0,0;
9.39, -0.482426,-0.298581,-0.122474,0,0,0,0;
9.4, -0.0992155,-0.21126,-0.135597,0,0,0,0;
9.41, -0.269828,-0.267378,-0.181652,0,0,0,0;
9.42, 0.00833668,-0.256605,-0.11901,0,0,0,0;
9.43, 0.147132,-0.301646,-0.0575898,0,0,0,0;
9.44, -0.462189,-0.29029,-0.000346651,0,0,0,0;
9.45, -0.542778,-0.176135,-0.00436334,0,0,0,0;
9.46, 0.0604841,-0.390637,-0.0703063,0,0,0,0;
9.47, -0.729405,-0.149421,-0.114718,0,0,0,0;
9.48, 0.174055,-0.338196,-0.238541,0,0,0,0;
9.49, -0.554501,-0.258489,-0.157595,0,0,0,0;
9.5, -0.262135,-0.290181,-0.114316,0,0,0,0;
9.51, -0.413663,-0.288065,-0.0501323,0,0,0,0;
9.52, -0.489904,-0.242599,-0.0301298,0,0,0,0;
9.53, -0.0231672,-0.304191,-0.0307218,0,0,0,0;
9.54, -0.119146,-0.311272,-0.0968276,0,0,0,0;
9.55, -0.18217,-0.289515,-0.153443,0,0,0,0;
9.56, -0.0641653,-0.129487,-0.169162,0,0,0,0;
9.57, -0.108312,-0.344589,-0.156837,0,0,0,0;
9.58, -0.323375,-0.325278,-0.0309172,0,0,0,0;
9.59, -0.306821,-0.225168,0.0112109,0,0,0,0;
9.6, 0.198781,-0.314731,-0.0661806,0,0,0,0;
9.61, -0.566497,-0.260813,-0.0704765,0,0,0,0;
9.62, -0.466167,-0.295905,-0.137095,0,0,0,0;
9.63, 0.00277477,-0.220579,-0.177117,0,0,0,0;
9.64, -0.725239,-0.127757,-0.104093,0,0,0,0;
9.65, -0.379155,-0.449957,-0.131805,0,0,0,0;
9.66, -0.381617,-0.209038,-0.0602358,0,0,0,0;
9.67, 0.222961,-0.31789,-0.10665,0,0,0,0;
9.68, -0.469951,-0.282197,-0.0596317,0,0,0,0;
9.69, -0.253473,-0.195802,-0.0587611,0,0,0,0;
9.7, 0.168552,-0.303534,-0.15986,0,0,0,0;
9.71, -0.487697,-0.372509,-0.105502,0,0,0,0;
9.72, 0.300921,-0.283612,-0.143838,0,0,0,0;
9.73, -0.438765,-0.25214,-0.0698526,0,0,0,0;
9.74, -0.569337,-0.253355,-0.0186804,0,0,0,0;
9.75, -0.83451,-0.287279,-0.0383378,0,0,0,0;
9.76, -0.126535,-0.202793,-0.120111,0,0,0,0;
9.77, -0.0874556,-0.260093,-0.22194,0,0,0,0;
9.78, -0.361326,-0.289038,-0.190457,0,0,0,0;
9.79, 0.194027,-0.286117,-0.144113,0,0,0,0;
9.8, -0.606032,-0.328663,0.019341,0,0,0,0;
9.81, -0.529872,-0.237018,0.0537633,0,0,0,0;
9.82, 0.0870452,-0.193604,-0.040617,0,0,0,0;
9.83, -0.261686,-0.32804,-0.132032,0,0,0,0;
9.84, -0.0153426,-0.277667,-0.187692,0,0,0,0;
9.85, -0.414493,-0.32412,-0.141197,0,0,0,0;
9.86, -0.113877,-0.240299,-0.0901798,0,0,0,0;
9.87, -0.338154,-0.268532,-0.042942,0,0,0,0;
9.88, -0.508134,-0.255933,-0.0853741,0,0,0,0;
9.89, 0.00163334,-0.278132,-0.110242,0,0,0,0;
9.9, -0.561023,-0.276389,-0.0940297,0,0,0,0;
9.91, -0.227506,-0.20311,-0.142358,0,0,0,0;
9.92, 0.0584774,-0.307939,-0.146162,0,0,0,0;
9.93, -0.634982,-0.28119,-0.0451957,0,0,0,0;
9.94, -0.0608628,-0.334347,-0.0684997,0,0,0,0;
9.95, -0.295667,-0.386243,-0.0705089,0,0,0,0;
9.96, -0.17615,-0.267941,-0.0860215,0,0,0,0;
9.97, -0.342899,-0.179232,-0.0929109,0,0,0,0;
9.98, -0.382735,-0.216437,-0.135863,0,0,0,0;
9.99, -0.363819,-0.223256,-0.108086,0,0,0,0;
