0, -0.0498633,0.555607,3.38087,0,0,0,0;
0.01, 0.124767,0.607865,0.0287209,0,0,0,0;
0.02, 16.332,0.298248,-0.327111,0,0,0,0;
0.03, 14.223,0.323393,-0.651385,0,0,0,0;
0.04, 9.87368,0.256924,-0.18799,0,0,0,0;
0.05, 3.79721,0.255479,-0.219997,0,0,0,0;
0.06, -1.79168,-0.282582,-0.497694,0,0,0,0;
0.07, -4.86612,-0.40685,-1.10751,0,0,0,0;
0.08, -5.20047,-0.0620783,-0.799398,0,0,0,0;
0.09, -5.80088,0.320832,-0.388744,0,0,0,0;
0.1, -4.97259,0.408745,0.134951,0,0,0,0;
0.11, -3.44482,0.279549,0.580328,0,0,0,0;
0.12, -2.81554,0.372135,0.919716,0,0,0,0;
0.13, -1.16828,0.575661,0.877362,0,0,0,0;
0.14, -0.86445,0.333178,0.625627,0,0,0,0;
0.15, -0.198588,0.34663,0.315084,0,0,0,0;
0.16, -0.666295,0.274583,0.0438469,0,0,0,0;
0.17, -0.0369814,0.29139,0.000630751,0,0,0,0;
0.18, -0.798752,0.257719,0.0714073,0,0,0,0;
0.19, -0.966352,0.221855,0.188133,0,0,0,0;
0.2, -1.17636,0.198691,0.293439,0,0,0,0;
0.21, -1.16609,0.180922,0.285991,0,0,0,0;
0.22, -1.09983,0.187501,0.263664,0,0,0,0;
0.23, -0.924205,0.15629,0.153,0,0,0,0;
0.24, -0.200659,0.24628,0.0722265,0,0,0,0;
0.25, -0.619645,0.276479,-0.00542369,0,0,0,0;
0.26, -0.321092,0.279502,0.0473653,0,0,0,0;
0.27, -0.144846,0.24084,0.0880743,0,0,0,0;
0.28, -0.451194,0.150601,0.15344,0,0,0,0;
0.29, -0.491998,0.204166,0.210896,0,0,0,0;
0.3, -0.275036,0.16793,0.227205,0,0,0,0;
0.31, -0.238775,0.216273,0.0949662,0,0,0,0;
0.32, -0.0506168,0.169421,0.0388724,0,0,0,0;
0.33, -0.279374,0.114566,-0.00393422,0,0,0,0;
0.34, -0.350918,0.143882,0.0155744,0,0,0,0;
0.35, 0.124736,0.35111,0.0834132,0,0,0,0;
0.36, 0.303102,0.266099,0.181166,0,0,0,0;
0.37, -0.0285783,0.203064,0.165871,0,0,0,0;
0.38, -0.458828,0.0789683,0.217945,0,0,0,0;
0.39, -0.301418,0.15118,0.124649,0,0,0,0;
0.4, 0.115917,0.117949,0.0757706,0,0,0,0;
0.41, 0.19763,0.186398,0.0410739,0,0,0,0;
0.42, -0.327911,0.155123,0.0503962,0,0,0,0;
0.43, -0.00752145,0.208141,0.0990012,0,0,0,0;
0.44, 0.0775526,0.204537,0.122102,0,0,0,0;
0.45, -0.00985861,0.214695,0.137265,0,0,0,0;
0.46, 0.0346557,0.189566,0.17474,0,0,0,0;
0.47, -0.29975,0.134082,0.161275,0,0,0,0;
0.48, 0.621173,0.169115,0.129619,0,0,0,0;
0.49, -0.0686861,0.19533,0.109529,0,0,0,0;
0.5, -0.349997,0.231395,0.155344,0,0,0,0;
0.51, 0.591095,0.117487,0.165993,0,0,0,0;
0.52, 0.344401,0.148154,0.103167,0,0,0,0;
0.53, -0.060236,0.198749,0.0733651,0,0,0,0;
0.54, -0.552068,0.0857731,0.101469,0,0,0,0;
0.55, -0.177749,0.18171,0.200453,0,0,0,0;
0.56, -0.254512,0.0727465,0.243604,0,0,0,0;
0.57, -0.0376584,0.142114,0.141212,0,0,0,0;
0.58, 0.858999,0.439326,0.0750842,0,0,0,0;
0.59, 0.482351,0.222842,0.0764057,0,0,0,0;
0.6, -0.368593,-0.018859,0.18132,0,0,0,0;
0.61, 0.349366,-0.0664916,0.210317,0,0,0,0;
0.62, -0.130713,0.21517,0.290819,0,0,0,0;
0.63, 0.00942087,0.307314,0.22907,0,0,0,0;
0.64, 0.277467,0.210951,0.187403,0,0,0,0;
0.65, -0.280417,0.036341,0.0847468,0,0,0,0;
0.66, 0.128264,0.0858005,-0.0301606,0,0,0,0;
0.67, 0.166505,-0.00388101,0.0640879,0,0,0,0;
0.68, -0.273713,0.279517,0.12001,0,0,0,0;
0.69, -0.354712,-0.0214086,0.246035,0,0,0,0;
0.7, 0.0518243,0.116042,0.133367,0,0,0,0;
0.71, 0.565347,0.402218,0.198236,0,0,0,0;
0.72, 0.32577,0.244955,0.143436,0,0,0,0;
0.73, -0.138172,0.200675,0.194603,0,0,0,0;
0.74, 0.497497,0.158281,0.119599,0,0,0,0;
0.75, -0.0965323,0.173703,0.174486,0,0,0,0;
0.76, -0.172485,-0.00731964,0.149079,0,0,0,0;
0.77, -0.0487055,0.143571,0.189759,0,0,0,0;
0.78, -0.0957326,0.115721,0.118649,0,0,0,0;
0.79, 0.441404,0.212959,0.0648804,0,0,0,0;
0.8, -0.159716,0.141006,0.0348845,0,0,0,0;
0.81, 0.599394,0.242427,0.0975904,0,0,0,0;
0.82, -0.069074,0.185976,0.11464,0,0,0,0;
0.83, 0.348521,0.195562,0.165088,0,0,0,0;
0.84, -0.159125,0.194698,0.186405,0,0,0,0;
0.85, -0.01565,0.121672,0.119721,0,0,0,0;
0.86, 0.0853218,0.243876,0.104709,0,0,0,0;
0.87, -0.371164,0.163136,0.0910006,0,0,0,0;
0.88, 0.415025,0.210486,0.0880013,0,0,0,0;
0.89, 0.234386,0.211667,0.0851285,0,0,0,0;
0.9, 0.180903,0.220121,0.122142,0,0,0,0;
0.91, 0.0999758,0.182911,0.109055,0,0,0,0;
0.92, -0.273315,0.158296,0.131945,0,0,0,0;
0.93, 0.247765,0.222065,0.0984984,0,0,0,0;
0.94, 0.110177,0.174163,0.0784703,0,0,0,0;
0.95, -0.125584,0.18384,0.0608997,0,0,0,0;
0.96, 0.217919,0.182145,0.0833541,0,0,0,0;
0.97, 0.0253567,0.202434,0.123603,0,0,0,0;
0.98, -0.251554,0.164112,0.121227,0,0,0,0;
0.99, 0.388068,0.193022,0.115559,0,0,0,0;
1, 0.128862,0.256384,0.0873962,0,0,0,0;
1.01, 0.136775,0.146231,0.0927128,0,0,0,0;
1.02, 0.113544,0.232902,0.0906625,0,0,0,0;
1.03, -0.225429,0.194425,0.0900399,0,0,0,0;
1.04, -0.318792,0.131021,0.106053,0,0,0,0;
1.05, 0.352027,0.173091,0.0964568,0,0,0,0;
1.06, 0.179972,0.222186,0.0862734,0,0,0,0;
1.07, 0.130879,0.208863,0.148274,0,0,0,0;
1.08, 0.287168,0.208473,0.116268,0,0,0,0;
1.09, 0.114279,0.191277,0.123253,0,0,0,0;
1.1, -0.217744,0.175016,0.114922,0,0,0,0;
1.11, 0.149819,0.172669,0.100357,0,0,0,0;
1.12, 0.442242,0.221363,0.088597,0,0,0,0;
1.13, 0.115522,0.18951,0.0906217,0,0,0,0;
1.14, 0.241872,0.159514,0.112141,0,0,0,0;
1.15, -0.111917,0.179138,0.142983,0,0,0,0;
1.16, -0.121419,0.180097,0.170736,0,0,0,0;
1.17, -0.135116,0.19236,0.11227,0,0,0,0;
1.18, 0.223319,0.136414,0.104819,0,0,0,0;
1.19, 0.115269,0.257209,0.147808,0,0,0,0;
1.2, 0.244472,0.216162,0.155324,0,0,0,0;
1.21, 0.24754,0.210552,0.133163,0,0,0,0;
1.22, -0.224496,0.199219,0.110003,0,0,0,0;
1.23, -0.485762,0.0324853,0.140174,0,0,0,0;
1.24, 0.218522,0.109812,0.14241,0,0,0,0;
1.25, 0.158043,0.212847,0.137604,0,0,0,0;
1.26, 0.38905,0.25662,0.173502,0,0,0,0;
1.27, 0.438425,0.276169,0.120503,0,0,0,0;
1.28, 0.212514,0.065886,0.112606,0,0,0,0;
1.29, 0.503481,0.213559,0.192055,0,0,0,0;
1.3, -0.908767,0.169603,0.130786,0,0,0,0;
1.31, 0.194182,0.017049,0.112787,0,0,0,0;
1.32, -0.130355,0.160314,0.158551,0,0,0,0;
1.33, 0.0102571,0.0595342,0.213047,0,0,0,0;
1.34, 0.624067,0.388733,0.115044,0,0,0,0;
1.35, 0.24523,0.334975,0.0789012,0,0,0,0;
1.36, -0.157012,0.0350758,0.0743843,0,0,0,0;
1.37, 0.992353,0.0952543,0.157308,0,0,0,0;
1.38, -0.113771,0.101883,0.229638,0,0,0,0;
1.39, -0.347567,0.122376,0.207739,0,0,0,0;
1.4, 0.128321,0.236788,0.152958,0,0,0,0;
1.41, -0.273936,0.277785,0.114866,0,0,0,0;
1.42, 0.153253,0.199276,0.0957496,0,0,0,0;
1.43, -0.0780644,0.152678,0.0326236,0,0,0,0;
1.44, 0.0821987,0.183428,0.0898726,0,0,0,0;
1.45, 0.461701,0.206598,0.16218,0,0,0,0;
1.46, -0.0918459,0.262725,0.183774,0,0,0,0;
1.47, -0.38538,0.00805453,0.169491,0,0,0,0;
1.48, 0.387579,0.2414,0.129903,0,0,0,0;
1.49, -0.181356,0.169174,0.146935,0,0,0,0;
1.5, 0.231327,0.120933,0.0766548,0,0,0,0;
1.51, 0.332665,0.178734,0.0787653,0,0,0,0;
1.52, 0.49607,0.297874,0.117429,0,0,0,0;
1.53, -0.0332541,0.20814,0.120827,0,0,0,0;
1.54, 0.189987,0.203225,0.145094,0,0,0,0;
1.55, -0.149648,0.187059,0.14184,0,0,0,0;
1.56, 0.224453,0.143594,0.101813,0,0,0,0;
1.57, 0.266713,0.212279,0.0643258,0,0,0,0;
1.58, -0.012417,0.212573,0.0911352,0,0,0,0;
1.59, -0.101576,0.189439,0.0811191,0,0,0,0;
1.6, -0.293902,0.206519,0.127867,0,0,0,0;
1.61, 0.173109,0.209432,0.125275,0,0,0,0;
1.62, 0.156701,0.179642,0.128489,0,0,0,0;
1.63, 0.310063,0.218457,0.0854988,0,0,0,0;
1.64, 0.256854,0.185058,0.0892317,0,0,0,0;
1.65, 0.00463187,0.196938,0.110838,0,0,0,0;
1.66, 0.17392,0.217226,0.0991814,0,0,0,0;
1.67, 0.096844,0.221527,0.0950548,0,0,0,0;
1.68, -0.246938,0.206497,0.101345,0,0,0,0;
1.69, 0.21615,0.212639,0.126951,0,0,0,0;
1.7, -0.0167345,0.169687,0.10019,0,0,0,0;
1.71, 0.291592,0.199658,0.106006,0,0,0,0;
1.72, 0.0733164,0.21243,0.0866613,0,0,0,0;
1.73, 0.167273,0.198317,0.101788,0,0,0,0;
1.74, 0.160269,0.205425,0.104805,0,0,0,0;
1.75, 0.138186,0.191587,0.108354,0,0,0,0;
1.76, -0.0470249,0.2116,0.125523,0,0,0,0;
1.77, -0.0621465,0.203484,0.123749,0,0,0,0;
1.78, 0.168843,0.208939,0.0903436,0,0,0,0;
1.79, 0.109404,0.192768,0.0963509,0,0,0,0;
1.8, 0.0666916,0.231141,0.115859,0,0,0,0;
1.81, -0.0245439,0.138269,0.137258,0,0,0,0;
1.82, 0.202599,0.24428,0.144863,0,0,0,0;
1.83, 0.26593,0.163139,0.139618,0,0,0,0;
1.84, 0.455054,0.159673,0.0945823,0,0,0,0;
1.85, -0.151047,0.183252,0.106774,0,0,0,0;
1.86, -0.324943,0.216937,0.104282,0,0,0,0;
1.87, -0.119723,0.202737,0.107221,0,0,0,0;
1.88, 0.699698,0.297542,0.149535,0,0,0,0;
1.89, 0.165002,0.198709,0.144655,0,0,0,0;
1.9, 0.473009,0.218699,0.147432,0,0,0,0;
1.91, 0.0425128,0.146495,0.136872,0,0,0,0;
1.92, -0.171111,0.209554,0.160455,0,0,0,0;
1.93, 0.00278318,0.115776,0.140227,0,0,0,0;
1.94, -0.344529,0.203762,0.089752,0,0,0,0;
1.95, -0.222961,0.164477,0.197473,0,0,0,0;
1.96, 0.0888424,0.103347,0.0360759,0,0,0,0;
1.97, -0.282665,0.170767,0.123831,0,0,0,0;
1.98, 0.803532,0.281073,0.052799,0,0,0,0;
1.99, 1.1196,0.0818737,0.125949,0,0,0,0;
2, -0.250713,0.184998,0.203965,0,0,0,0;
2.01, 0.783366,0.250286,0.232891,0,0,0,0;
2.02, 0.113763,0.117395,0.26,0,0,0,0;
2.03, -0.123726,0.367995,0.158813,0,0,0,0;
2.04, -0.727971,0.126197,0.120861,0,0,0,0;
2.05, 0.0903786,0.137897,0.0166403,0,0,0,0;
2.06, 0.446424,0.0142756,-0.00679889,0,0,0,0;
2.07, -0.0572246,0.301346,0.123166,0,0,0,0;
2.08, -0.480466,0.096028,0.19058,0,0,0,0;
2.09, 0.238925,0.165974,0.214512,0,0,0,0;
2.1, 0.306314,0.313214,0.184781,0,0,0,0;
2.11, -0.122541,0.159826,0.149592,0,0,0,0;
2.12, 0.418284,0.219179,0.0990339,0,0,0,0;
2.13, 0.439132,0.279929,0.115891,0,0,0,0;
2.14, 0.551638,0.181585,0.0238156,0,0,0,0;
2.15, -0.342586,0.155023,0.11596,0,0,0,0;
2.16, -0.126864,0.100588,0.139031,0,0,0,0;
2.17, 0.121357,0.11027,0.143728,0,0,0,0;
2.18, 0.107595,0.248801,0.162379,0,0,0,0;
2.19, -0.128049,0.276192,0.154033,0,0,0,0;
2.2, -0.083929,0.235321,0.10913,0,0,0,0;
2.21, 0.18413,0.220005,0.0988626,0,0,0,0;
2.22, 0.729715,0.213857,0.0577897,0,0,0,0;
2.23, 0.320885,0.190856,0.0960792,0,0,0,0;
2.24, -0.0010538,0.204671,0.133018,0,0,0,0;
2.25, -0.330613,0.147651,0.153115,0,0,0,0;
2.26, -0.0383596,0.214684,0.154787,0,0,0,0;
2.27, 0.350131,0.204988,0.106004,0,0,0,0;
2.28, 0.26833,0.22318,0.0921403,0,0,0,0;
2.29, -0.0277505,0.203085,0.0814092,0,0,0,0;
2.3, 0.246336,0.239022,0.083396,0,0,0,0;
2.31, 0.24289,0.196841,0.0859558,0,0,0,0;
2.32, -0.350574,0.199574,0.122602,0,0,0,0;
2.33, -0.0118785,0.229151,0.138827,0,0,0,0;
2.34, 0.297107,0.203265,0.120055,0,0,0,0;
2.35, 0.11956,0.200266,0.0949208,0,0,0,0;
2.36, 0.330238,0.230081,0.0920175,0,0,0,0;
2.37, -0.12502,0.238895,0.119277,0,0,0,0;
2.38, 0.427302,0.195544,0.0730961,0,0,0,0;
2.39, 0.0689837,0.196178,0.0943338,0,0,0,0;
2.4, 0.14759,0.217866,0.125065,0,0,0,0;
2.41, 0.0557213,0.214348,0.145102,0,0,0,0;
2.42, 0.131507,0.180412,0.11717,0,0,0,0;
2.43, -0.0176084,0.213914,0.0981979,0,0,0,0;
2.44, 0.0896015,0.225975,0.0903892,0,0,0,0;
2.45, 0.0834947,0.214144,0.101205,0,0,0,0;
2.46, 0.104608,0.210615,0.0894009,0,0,0,0;
2.47, 0.0632846,0.231736,0.113324,0,0,0,0;
2.48, 0.240566,0.207648,0.118855,0,0,0,0;
2.49, -0.139367,0.203152,0.128055,0,0,0,0;
2.5, 0.224509,0.182549,0.111523,0,0,0,0;
2.51, 0.261997,0.235147,0.1351,0,0,0,0;
2.52, -0.212725,0.144276,0.121158,0,0,0,0;
2.53, 0.242344,0.226496,0.133174,0,0,0,0;
2.54, 0.236274,0.227212,0.0869493,0,0,0,0;
2.55, 0.273737,0.227102,0.119058,0,0,0,0;
2.56, 0.454152,0.257423,0.109916,0,0,0,0;
2.57, -0.284155,0.144199,0.132269,0,0,0,0;
2.58, 0.0645608,0.0862566,0.137769,0,0,0,0;
2.59, 0.0210714,0.272082,0.142261,0,0,0,0;
2.6, -0.0492992,0.273274,0.112173,0,0,0,0;
2.61, -0.387798,0.0622562,0.145556,0,0,0,0;
2.62, 0.44659,0.347275,0.115147,0,0,0,0;
2.63, 0.248073,0.236892,0.186616,0,0,0,0;
2.64, 0.954099,0.140248,0.0393341,0,0,0,0;
2.65, -0.0404378,0.183812,0.0883713,0,0,0,0;
2.66, 0.128125,0.161048,0.155833,0,0,0,0;
2.67, -0.316434,0.233931,0.153456,0,0,0,0;
2.68, -0.035357,0.169749,0.183614,0,0,0,0;
2.69, 0.954797,0.205709,0.0944026,0,0,0,0;
2.7, -0.20417,0.30005,0.154208,0,0,0,0;
2.71, -0.0211922,0.179073,0.0876722,0,0,0,0;
2.72, 0.0530076,0.150126,0.075703,0,0,0,0;
2.73, 0.377954,0.0864887,0.148138,0,0,0,0;
2.74, -0.51679,0.12658,0.220503,0,0,0,0;
2.75, -0.576308,0.21592,0.143942,0,0,0,0;
2.76, 0.835802,0.331835,0.148949,0,0,0,0;
2.77, 0.373134,0.175398,0.0382929,0,0,0,0;
2.78, 0.109355,0.339349,0.152334,0,0,0,0;
2.79, 0.632064,0.209187,0.11258,0,0,0,0;
2.8, -0.0100661,0.183259,0.186262,0,0,0,0;
2.81, -0.299093,0.228281,0.196451,0,0,0,0;
2.82, 0.211218,0.172861,0.126639,0,0,0,0;
2.83, 0.130515,0.144351,0.0910177,0,0,0,0;
2.84, -0.245862,0.214352,0.0722347,0,0,0,0;
2.85, 0.695154,0.0945596,0.0673884,0,0,0,0;
2.86, 0.306431,0.213668,0.0880533,0,0,0,0;
2.87, -0.139039,0.0904845,0.117424,0,0,0,0;
2.88, 0.0394073,0.201437,0.205666,0,0,0,0;
2.89, -0.099776,0.36447,0.180075,0,0,0,0;
2.9, 0.375227,0.161817,0.0730995,0,0,0,0;
2.91, -0.218783,0.250682,0.112895,0,0,0,0;
2.92, 0.071169,0.245037,0.0678611,0,0,0,0;
2.93, 0.569177,0.170931,0.0898883,0,0,0,0;
2.94, 0.191924,0.186026,0.122326,0,0,0,0;
2.95, 0.18865,0.299501,0.178483,0,0,0,0;
2.96, 0.0423059,0.196888,0.13943,0,0,0,0;
2.97, -0.12145,0.225287,0.138482,0,0,0,0;
2.98, -0.314798,0.177869,0.0948078,0,0,0,0;
2.99, 0.22974,0.236059,0.0596419,0,0,0,0;
3, 0.748933,0.23278,0.0563041,0,0,0,0;
3.01, 0.309743,0.202757,0.076518,0,0,0,0;
3.02, 0.0811933,0.24312,0.130079,0,0,0,0;
3.03, -0.245834,0.211257,0.182946,0,0,0,0;
3.04, 0.0319065,0.223064,0.172383,0,0,0,0;
3.05, 0.292609,0.201138,0.115085,0,0,0,0;
3.06, 0.0700414,0.216857,0.0701648,0,0,0,0;
3.07, 0.112448,0.217862,0.0740676,0,0,0,0;
3.08, 0.326231,0.208194,0.0688233,0,0,0,0;
3.09, 0.045716,0.234095,0.100319,0,0,0,0;
3.1, -0.346798,0.22557,0.137803,0,0,0,0;
3.11, 0.386821,0.222059,0.118474,0,0,0,0;
3.12, -0.0215591,0.231383,0.119799,0,0,0,0;
3.13, 0.332726,0.234985,0.11047,0,0,0,0;
3.14, 0.243181,0.199966,0.0961434,0,0,0,0;
3.15, 0.0450149,0.237842,0.0909694,0,0,0,0;
3.16, 0.140448,0.225704,0.112168,0,0,0,0;
3.17, 0.296683,0.200308,0.129029,0,0,0,0;
3.18, -0.127313,0.205473,0.111629,0,0,0,0;
3.19, 0.317308,0.231417,0.105016,0,0,0,0;
3.2, 0.0144659,0.273195,0.138424,0,0,0,0;
3.21, 0.0278195,0.168534,0.117328,0,0,0,0;
3.22, 0.302577,0.182346,0.102195,0,0,0,0;
3.23, 0.362381,0.2545,0.101156,0,0,0,0;
3.24, -0.00623649,0.171836,0.116349,0,0,0,0;
3.25, -0.277246,0.239086,0.136565,0,0,0,0;
3.26, 0.433874,0.261883,0.0895888,0,0,0,0;
3.27, -0.319772,0.278873,0.0939003,0,0,0,0;
3.28, 0.525211,0.108986,0.116026,0,0,0,0;
3.29, -0.331453,0.251241,0.164216,0,0,0,0;
3.3, 0.341086,0.197234,0.127415,0,0,0,0;
3.31, 0.131273,0.220765,0.0789099,0,0,0,0;
3.32, 0.133815,0.107659,0.117418,0,0,0,0;
3.33, 0.399725,0.248135,0.13205,0,0,0,0;
3.34, 0.591673,0.337802,0.14008,0,0,0,0;
3.35, -0.039919,0.208951,0.183572,0,0,0,0;
3.36, -0.388998,0.157645,0.146051,0,0,0,0;
3.37, 0.81396,0.088486,0.0963429,0,0,0,0;
3.38, 0.81606,0.296225,0.0820441,0,0,0,0;
3.39, -1.06007,0.200678,0.118587,0,0,0,0;
3.4, 0.547163,0.189971,0.112178,0,0,0,0;
3.41, -0.973756,0.202176,0.271321,0,0,0,0;
3.42, 0.824059,0.188569,0.129475,0,0,0,0;
3.43, 0.239184,0.308984,0.0425668,0,0,0,0;
3.44, -0.517971,0.252907,0.114081,0,0,0,0;
3.45, 1.04498,0.159862,0.0638936,0,0,0,0;
3.46, -0.127852,0.119603,0.0890721,0,0,0,0;
3.47, 0.0651879,0.120998,0.0954885,0,0,0,0;
3.48, 0.677613,0.293008,0.148703,0,0,0,0;
3.49, 0.363924,0.337802,0.225593,0,0,0,0;
3.5, -0.552369,0.200568,0.205112,0,0,0,0;
3.51, -0.287262,0.186932,0.218044,0,0,0,0;
3.52, 0.471102,0.236977,0.134161,0,0,0,0;
3.53, 0.243998,0.119881,-0.0171502,0,0,0,0;
3.54, 0.644229,0.276245,-0.000951827,0,0,0,0;
3.55, -0.0585506,0.229381,0.0492418,0,0,0,0;
3.56, 0.0338318,0.222143,0.127691,0,0,0,0;
3.57, -0.0339189,0.205455,0.210864,0,0,0,0;
3.58, -0.175444,0.143272,0.205306,0,0,0,0;
3.59, 0.197449,0.283478,0.201511,0,0,0,0;
3.6, 0.0987611,0.151107,0.0701577,0,0,0,0;
3.61, -0.102576,0.240065,0.0668903,0,0,0,0;
3.62, 0.438683,0.238247,0.0582485,0,0,0,0;
3.63, 0.661415,0.301175,0.0912483,0,0,0,0;
3.64, -0.0401453,0.166428,0.144522,0,0,0,0;
3.65, 0.285548,0.271355,0.158933,0,0,0,0;
3.66, -0.17999,0.168928,0.178241,0,0,0,0;
3.67, 0.0588693,0.160623,0.137973,0,0,0,0;
3.68, 0.0217012,0.197968,0.103755,0,0,0,0;
3.69, 0.0704876,0.326987,0.068885,0,0,0,0;
3.7, 0.21851,0.276669,0.0493097,0,0,0,0;
3.71, 0.227346,0.170554,0.0680068,0,0,0,0;
3.72, 0.481602,0.232934,0.102848,0,0,0,0;
3.73, 0.189553,0.207813,0.150707,0,0,0,0;
3.74, -0.313812,0.222831,0.168026,0,0,0,0;
3.75, 0.0184597,0.262472,0.149219,0,0,0,0;
3.76, -0.142026,0.22185,0.118638,0,0,0,0;
3.77, 0.555251,0.23288,0.0415402,0,0,0,0;
3.78, 0.507486,0.194478,0.0440531,0,0,0,0;
3.79, -0.0164949,0.265779,0.0979012,0,0,0,0;
3.8, 0.338107,0.251202,0.106093,0,0,0,0;
3.81, 0.164914,0.213443,0.154524,0,0,0,0;
3.82, -0.122808,0.22186,0.161824,0,0,0,0;
3.83, 0.194587,0.236553,0.141799,0,0,0,0;
3.84, 0.193204,0.227447,0.0990378,0,0,0,0;
3.85, 0.038598,0.204056,0.0844599,0,0,0,0;
3.86, 0.0732858,0.190578,0.0782503,0,0,0,0;
3.87, 0.15757,0.261951,0.10952,0,0,0,0;
3.88, 0.285999,0.231968,0.0840596,0,0,0,0;
3.89, 0.101692,0.248241,0.116561,0,0,0,0;
3.9, -0.125585,0.239198,0.105468,0,0,0,0;
3.91, 0.155904,0.195718,0.113507,0,0,0,0;
3.92, 0.535881,0.192312,0.113593,0,0,0,0;
3.93, -0.590154,0.255455,0.149827,0,0,0,0;
3.94, 0.547605,0.194569,0.0876503,0,0,0,0;
3.95, 0.107779,0.245811,0.088283,0,0,0,0;
3.96, 0.59141,0.292727,0.113953,0,0,0,0;
3.97, 0.372195,0.18224,0.111053,0,0,0,0;
3.98, -0.124387,0.326861,0.146031,0,0,0,0;
3.99, -0.122176,0.13556,0.175322,0,0,0,0;
4, 0.0586689,0.282018,0.143883,0,0,0,0;
4.01, 0.110878,0.226331,0.0800372,0,0,0,0;
4.02, 0.477154,0.204983,0.0502885,0,0,0,0;
4.03, -0.0672779,0.197812,0.0966173,0,0,0,0;
4.04, 0.133183,0.19406,0.105143,0,0,0,0;
4.05, 0.355442,0.235939,0.16538,0,0,0,0;
4.06, -0.425905,0.293057,0.199919,0,0,0,0;
4.07, 0.543017,0.113763,0.106427,0,0,0,0;
4.08, 0.422151,0.333694,0.130836,0,0,0,0;
4.09, 0.017661,0.221973,0.0775082,0,0,0,0;
4.1, 0.64234,0.0243473,0.0789778,0,0,0,0;
4.11, -0.125496,0.356469,0.144661,0,0,0,0;
4.12, 0.417921,0.255386,0.129257,0,0,0,0;
4.13, -0.407037,0.272117,0.224342,0,0,0,0;
4.14, 0.0763424,0.0652998,0.155257,0,0,0,0;
4.15, -0.346597,0.120961,0.0591804,0,0,0,0;
4.16, -0.0262369,0.244929,0.0464521,0,0,0,0;
4.17, 0.396465,0.343023,0.017499,0,0,0,0;
4.18, 0.474364,0.394369,0.0704514,0,0,0,0;
4.19, 0.0964884,0.239337,0.169264,0,0,0,0;
4.2, 0.566444,0.226083,0.180771,0,0,0,0;
4.21, 0.0830286,0.047345,0.274084,0,0,0,0;
4.22, 0.222723,0.209706,0.193717,0,0,0,0;
4.23, 0.405022,0.12411,0.143178,0,0,0,0;
4.24, -0.236818,0.238814,0.0290887,0,0,0,0;
4.25, -0.144654,0.323542,0.0377342,0,0,0,0;
4.26, 0.10713,0.289599,0.0471646,0,0,0,0;
4.27, 0.449854,0.249814,0.0403109,0,0,0,0;
4.28, 0.538241,0.157969,0.130291,0,0,0,0;
4.29, -0.0299409,0.231327,0.263218,0,0,0,0;
4.3, 0.0412681,0.083765,0.222757,0,0,0,0;
4.31, 0.302421,0.204719,0.0989438,0,0,0,0;
4.32, -0.29152,0.351915,0.101125,0,0,0,0;
4.33, 0.236534,0.272728,0.0723687,0,0,0,0;
4.34, 0.569153,0.261589,0.0417711,0,0,0,0;
4.35, -0.365137,0.1759,0.097437,0,0,0,0;
4.36, -0.0314659,0.26893,0.169214,0,0,0,0;
4.37, 0.5758,0.139576,0.100215,0,0,0,0;
4.38, -0.168914,0.317129,0.125097,0,0,0,0;
4.39, 0.752397,0.225732,0.134328,0,0,0,0;
4.4, 0.0579267,0.191708,0.131866,0,0,0,0;
4.41, 0.213804,0.185412,0.140704,0,0,0,0;
4.42, -0.0100418,0.191379,0.135297,0,0,0,0;
4.43, 0.0770357,0.314655,0.0944639,0,0,0,0;
4.44, 0.196081,0.248934,0.0667263,0,0,0,0;
4.45, 0.340821,0.200057,0.0881673,0,0,0,0;
4.46, 0.0286856,0.229427,0.0737615,0,0,0,0;
4.47, -0.313168,0.250024,0.109037,0,0,0,0;
4.48, 0.282297,0.251919,0.127508,0,0,0,0;
4.49, 0.416329,0.30766,0.118166,0,0,0,0;
4.5, 0.0415929,0.226032,0.121933,0,0,0,0;
4.51, 0.331751,0.228027,0.119411,0,0,0,0;
4.52, 0.0793838,0.209139,0.100522,0,0,0,0;
4.53, 0.271235,0.207616,0.107579,0,0,0,0;
4.54, -0.0860308,0.294512,0.133884,0,0,0,0;
4.55, 0.154439,0.167998,0.102362,0,0,0,0;
4.56, 0.17259,0.220288,0.0819239,0,0,0,0;
4.57, 0.165079,0.291885,0.0821425,0,0,0,0;
4.58, 0.232684,0.196009,0.0946723,0,0,0,0;
4.59, 0.0960863,0.231868,0.135938,0,0,0,0;
4.6, 0.142003,0.235658,0.120194,0,0,0,0;
4.61, 0.126097,0.295255,0.150563,0,0,0,0;
4.62, 0.170069,0.254188,0.0955643,0,0,0,0;
4.63, 0.160518,0.230321,0.114871,0,0,0,0;
4.64, 0.52907,0.259564,0.0483513,0,0,0,0;
4.65, -0.102253,0.259538,0.103925,0,0,0,0;
4.66, 0.366933,0.157464,0.123261,0,0,0,0;
4.67, 0.282319,0.237744,0.149355,0,0,0,0;
4.68, -0.0245008,0.351102,0.136393,0,0,0,0;
4.69, -0.0242605,0.246528,0.0988799,0,0,0,0;
4.7, 0.397427,0.132719,0.105092,0,0,0,0;
4.71, -0.152874,0.167462,0.107252,0,0,0,0;
4.72, -0.100498,0.256095,0.124272,0,0,0,0;
4.73, 0.323315,0.223668,0.0594522,0,0,0,0;
4.74, 0.30486,0.193913,0.134531,0,0,0,0;
4.75, 0.317107,0.285554,0.128985,0,0,0,0;
4.76, 0.273553,0.335408,0.135448,0,0,0,0;
4.77, 0.0858935,0.291799,0.118591,0,0,0,0;
4.78, 0.277738,0.13045,0.0958177,0,0,0,0;
4.79, 0.344457,0.139732,0.0939772,0,0,0,0;
4.8, -0.255346,0.294255,0.136112,0,0,0,0;
4.81, -0.00135332,0.279125,0.167225,0,0,0,0;
4.82, 0.41011,0.181518,0.115877,0,0,0,0;
4.83, 0.179302,0.177287,0.116738,0,0,0,0;
4.84, -0.209413,0.323714,0.10661,0,0,0,0;
4.85, 0.350674,0.22573,0.0862622,0,0,0,0;
4.86, -0.0120256,0.199311,0.0884078,0,0,0,0;
4.87, 0.541911,0.274961,0.0934203,0,0,0,0;
4.88, 0.0389927,0.219166,0.145736,0,0,0,0;
4.89, 0.46706,0.210281,0.113308,0,0,0,0;
4.9, -0.432392,0.181318,0.166889,0,0,0,0;
4.91, 0.714288,0.232919,0.135115,0,0,0,0;
4.92, 0.618809,0.354191,0.13412,0,0,0,0;
4.93, -0.281661,0.192473,0.0831841,0,0,0,0;
4.94, 0.539131,0.2879,0.0863036,0,0,0,0;
4.95, -0.369659,0.129999,0.204279,0,0,0,0;
4.96, 0.026757,0.345467,0.168536,0,0,0,0;
4.97, 0.16532,0.226315,0.103515,0,0,0,0;
4.98, 0.225686,0.124546,0.0805505,0,0,0,0;
4.99, -0.0270094,0.213527,0.0866961,0,0,0,0;
5, 0.260823,0.24588,0.0703623,0,0,0,0;
5.01, -0.0632659,0.320067,0.105382,0,0,0,0;
5.02, 0.606562,0.177123,0.0978278,0,0,0,0;
5.03, 0.106949,0.266494,0.153163,0,0,0,0;
5.04, 0.32936,0.178733,0.0837379,0,0,0,0;
5.05, -0.0339079,0.241698,0.164955,0,0,0,0;
5.06, 0.569163,0.32227,0.152418,0,0,0,0;
5.07, -0.0845466,0.154034,0.171658,0,0,0,0;
5.08, 0.307873,0.215772,0.0842235,0,0,0,0;
5.09, 0.334887,0.299823,0.098123,0,0,0,0;
5.1, -0.281585,0.265003,0.0574233,0,0,0,0;
5.11, 0.173817,0.243357,0.0232164,0,0,0,0;
5.12, 0.413551,0.215969,0.0797556,0,0,0,0;
5.13, 0.0761291,0.225678,0.15752,0,0,0,0;
5.14, -0.3114,0.177364,0.209412,0,0,0,0;
5.15, 0.133259,0.268034,0.19254,0,0,0,0;
5.16, 0.547532,0.293166,0.0960758,0,0,0,0;
5.17, 0.0833742,0.281459,0.0568508,0,0,0,0;
5.18, 0.521895,0.244338,0.0205719,0,0,0,0;
5.19, 0.0861218,0.139095,0.074189,0,0,0,0;
5.2, 0.236506,0.277862,0.133476,0,0,0,0;
5.21, -0.504559,0.22317,0.165645,0,0,0,0;
5.22, 0.417592,0.277186,0.140779,0,0,0,0;
5.23, 0.316866,0.206902,0.116294,0,0,0,0;
5.24, 0.622003,0.294606,0.114534,0,0,0,0;
5.25, 0.443923,0.252472,0.0981736,0,0,0,0;
5.26, -0.0597616,0.209604,0.128328,0,0,0,0;
5.27, -0.156022,0.279374,0.123349,0,0,0,0;
5.28, -0.00883365,0.281944,0.0863471,0,0,0,0;
5.29, 0.299563,0.192129,0.0735751,0,0,0,0;
5.3, -0.354464,0.246872,0.0848781,0,0,0,0;
5.31, 0.261118,0.239994,0.0944987,0,0,0,0;
5.32, 0.338465,0.250123,0.123272,0,0,0,0;
5.33, 0.756162,0.232068,0.0965328,0,0,0,0;
5.34, 0.121439,0.226543,0.148301,0,0,0,0;
5.35, 0.0298424,0.258275,0.142886,0,0,0,0;
5.36, -0.300552,0.278764,0.154216,0,0,0,0;
5.37, 0.42241,0.267677,0.0929861,0,0,0,0;
5.38, 0.394322,0.20718,0.0365017,0,0,0,0;
5.39, 0.0140337,0.248357,0.076948,0,0,0,0;
5.4, 0.250518,0.182779,0.0936473,0,0,0,0;
5.41, 0.262001,0.26581,0.105268,0,0,0,0;
5.42, -0.105258,0.236872,0.113705,0,0,0,0;
5.43, 0.12798,0.265721,0.168544,0,0,0,0;
5.44, 0.155313,0.252202,0.133399,0,0,0,0;
5.45, 0.415286,0.29812,0.126306,0,0,0,0;
5.46, -0.150624,0.278882,0.110049,0,0,0,0;
5.47, 0.496351,0.171463,0.0681745,0,0,0,0;
5.48, 0.56607,0.235888,0.0175838,0,0,0,0;
5.49, -0.178556,0.317472,0.125853,0,0,0,0;
5.5, 0.539692,0.265387,0.145807,0,0,0,0;
5.51, 0.199178,0.175135,0.157942,0,0,0,0;
5.52, -0.410128,0.167093,0.121608,0,0,0,0;
5.53, 0.23427,0.27054,0.175746,0,0,0,0;
5.54, 0.258058,0.30201,0.0885518,0,0,0,0;
5.55, 0.12099,0.188471,0.0777375,0,0,0,0;
5.56, -0.0775466,0.217744,0.0947842,0,0,0,0;
5.57, 0.418819,0.256063,0.065781,0,0,0,0;
5.58, 0.321007,0.179256,0.116174,0,0,0,0;
5.59, 0.292782,0.270753,0.144496,0,0,0,0;
5.6, 0.367934,0.406882,0.166391,0,0,0,0;
5.61, 0.0176306,0.231409,0.109616,0,0,0,0;
5.62, -0.116492,0.331435,0.159702,0,0,0,0;
5.63, 0.185197,0.167772,0.113599,0,0,0,0;
5.64, 0.311757,0.0950919,0.0109803,0,0,0,0;
5.65, 0.561043,0.207867,0.00377476,0,0,0,0;
5.66, -0.224289,0.334035,0.165065,0,0,0,0;
5.67, -0.0404647,0.277183,0.199576,0,0,0,0;
5.68, 0.0507058,0.2646,0.211644,0,0,0,0;
5.69, 0.0458392,0.196598,0.116857,0,0,0,0;
5.7, 0.86331,0.338623,0.0879948,0,0,0,0;
5.71, 0.193175,0.253014,0.0314721,0,0,0,0;
5.72, 0.516543,0.145,0.0737232,0,0,0,0;
5.73, -0.0902754,0.335042,0.130965,0,0,0,0;
5.74, 0.26832,0.13626,0.142125,0,0,0,0;
5.75, 0.239013,0.219337,0.186791,0,0,0,0;
5.76, 0.0368333,0.27395,0.159743,0,0,0,0;
5.77, -0.136256,0.291723,0.181782,0,0,0,0;
5.78, 0.289997,0.210824,0.0938097,0,0,0,0;
5.79, 0.193212,0.275068,0.0455475,0,0,0,0;
5.8, 0.515277,0.188382,0.0274337,0,0,0,0;
5.81, -0.0562678,0.11155,0.0666678,0,0,0,0;
5.82, -0.71976,0.32486,0.112611,0,0,0,0;
5.83, 0.475447,0.302477,0.0802154,0,0,0,0;
5.84, 0.311769,0.226203,0.119676,0,0,0,0;
5.85, 0.595233,0.290865,0.170218,0,0,0,0;
5.86, 0.141419,0.211385,0.150111,0,0,0,0;
5.87, 0.120978,0.160841,0.110297,0,0,0,0;
5.88, 0.217721,0.249034,0.106304,0,0,0,0;
5.89, 0.503497,0.344618,0.099478,0,0,0,0;
5.9, 0.413929,0.275576,0.104111,0,0,0,0;
5.91, -0.235569,0.309874,0.125505,0,0,0,0;
5.92, 0.340275,0.236949,0.0957589,0,0,0,0;
5.93, 0.0112424,0.206967,0.120809,0,0,0,0;
5.94, 0.0709897,0.213727,0.108231,0,0,0,0;
5.95, 0.265015,0.249575,0.11335,0,0,0,0;
5.96, 0.37585,0.210596,0.0813571,0,0,0,0;
5.97, 0.100908,0.282964,0.129193,0,0,0,0;
5.98, -0.472464,0.30074,0.15278,0,0,0,0;
5.99, 0.637889,0.232684,0.0820814,0,0,0,0;
6, 0.333507,0.305694,0.0662228,0,0,0,0;
6.01, 0.301353,0.221486,0.0956631,0,0,0,0;
6.02, -0.0555485,0.258681,0.131354,0,0,0,0;
6.03, 0.292544,0.161937,0.104369,0,0,0,0;
6.04, 0.112524,0.203317,0.11724,0,0,0,0;
6.05, 0.218422,0.322036,0.125689,0,0,0,0;
6.06, 0.0712631,0.260136,0.116041,0,0,0,0;
6.07, 0.14959,0.29253,0.0960951,0,0,0,0;
6.08, 0.507971,0.287773,0.0961706,0,0,0,0;
6.09, 0.36922,0.235759,0.0477474,0,0,0,0;
6.1, 0.296324,0.217337,0.101068,0,0,0,0;
6.11, -0.2432,0.221994,0.14312,0,0,0,0;
6.12, 0.110117,0.223578,0.178059,0,0,0,0;
6.13, -0.00753549,0.250853,0.135261,0,0,0,0;
6.14, 0.243085,0.253162,0.0547921,0,0,0,0;
6.15, 0.00734594,0.248613,0.0363782,0,0,0,0;
6.16, 0.367739,0.348983,0.0730484,0,0,0,0;
6.17, 0.116321,0.22304,0.107438,0,0,0,0;
6.18, 0.689011,0.240236,0.109679,0,0,0,0;
6.19, 0.473862,0.281384,0.124145,0,0,0,0;
6.2, -0.288579,0.283523,0.172984,0,0,0,0;
6.21, 0.5906,0.221662,0.157616,0,0,0,0;
6.22, 0.00457576,0.206461,0.0942164,0,0,0,0;
6.23, 0.124971,0.302614,0.109201,0,0,0,0;
6.24, 0.19528,0.181311,0.0972981,0,0,0,0;
6.25, 0.103765,0.19028,0.0644355,0,0,0,0;
6.26, -0.0535654,0.353675,0.0899058,0,0,0,0;
6.27, 0.766618,0.258068,0.0908188,0,0,0,0;
6.28, -0.37762,0.293617,0.147076,0,0,0,0;
6.29, -0.149165,0.287044,0.166956,0,0,0,0;
6.3, 0.471586,0.25678,0.106275,0,0,0,0;
6.31, 0.06254,0.216179,0.0657522,0,0,0,0;
6.32, 0.227817,0.143843,0.054099,0,0,0,0;
6.33, 0.643457,0.207946,0.0792437,0,0,0,0;
6.34, 0.594163,0.316047,0.0995897,0,0,0,0;
6.35, 0.429659,0.328301,0.219459,0,0,0,0;
6.36, -0.172786,0.224796,0.161024,0,0,0,0;
6.37, 0.218749,0.24562,0.136441,0,0,0,0;
6.38, 0.0188212,0.227365,0.148992,0,0,0,0;
6.39, -0.267681,0.262789,0.0516453,0,0,0,0;
6.4, 0.055711,0.129262,0.123576,0,0,0,0;
6.41, 0.334399,0.349705,0.0245565,0,0,0,0;
6.42, 0.513502,0.386696,0.0375915,0,0,0,0;
6.43, 0.200583,0.175485,0.103238,0,0,0,0;
6.44, -0.0217801,0.336606,0.161687,0,0,0,0;
6.45, 0.729962,0.166685,0.168232,0,0,0,0;
6.46, 0.356954,0.276246,0.164458,0,0,0,0;
6.47, 0.107307,0.152284,0.17095,0,0,0,0;
6.48, -0.00956598,0.223534,0.101628,0,0,0,0;
6.49, -0.0348518,0.278908,0.0195017,0,0,0,0;
6.5, 0.412937,0.208422,0.0444053,0,0,0,0;
6.51, -0.555977,0.347152,0.0928868,0,0,0,0;
6.52, 0.615244,0.255055,0.106522,0,0,0,0;
6.53, 0.157707,0.200485,0.178122,0,0,0,0;
6.54, 0.242757,0.321741,0.203395,0,0,0,0;
6.55, -0.142512,0.201819,0.112526,0,0,0,0;
6.56, 0.348424,0.242445,0.0609537,0,0,0,0;
6.57, 0.727947,0.312522,0.0155033,0,0,0,0;
6.58, -0.0394132,0.12356,0.101684,0,0,0,0;
6.59, 0.545705,0.27417,0.109718,0,0,0,0;
6.6, 0.283708,0.208173,0.145864,0,0,0,0;
6.61, -0.307787,0.344437,0.181384,0,0,0,0;
6.62, 0.491865,0.288237,0.17292,0,0,0,0;
6.63, 0.251058,0.306395,0.0589395,0,0,0,0;
6.64, 0.160859,0.29635,0.0922814,0,0,0,0;
6.65, -0.140895,0.217324,0.0859117,0,0,0,0;
6.66, 0.0577894,0.273028,0.0923451,0,0,0,0;
6.67, 0.0272911,0.146124,0.0882381,0,0,0,0;
6.68, 0.592163,0.292146,0.0813502,0,0,0,0;
6.69, -0.0133137,0.225508,0.151009,0,0,0,0;
6.7, 0.568945,0.245267,0.112193,0,0,0,0;
6.71, 0.584038,0.276703,0.0851155,0,0,0,0;
6.72, -0.156892,0.319342,0.167514,0,0,0,0;
6.73, 0.460553,0.205164,0.0823268,0,0,0,0;
6.74, 0.108366,0.29957,0.0583405,0,0,0,0;
6.75, -0.209291,0.168216,0.0690874,0,0,0,0;
6.76, 0.12268,0.250304,0.0894622,0,0,0,0;
6.77, 0.593206,0.32743,0.150226,0,0,0,0;
6.78, -0.301878,0.237351,0.176104,0,0,0,0;
6.79, 0.693097,0.228294,0.121637,0,0,0,0;
6.8, 0.377684,0.231417,0.076508,0,0,0,0;
6.81, 0.424002,0.337107,0.0639561,0,0,0,0;
6.82, -0.191294,0.284524,0.081615,0,0,0,0;
6.83, 0.0797811,0.226711,0.12406,0,0,0,0;
6.84, -0.328565,0.27658,0.155095,0,0,0,0;
6.85, 0.697308,0.227515,0.0502186,0,0,0,0;
6.86, 0.0168772,0.248641,0.109771,0,0,0,0;
6.87, 0.502802,0.237819,0.0661662,0,0,0,0;
6.88, 0.382737,0.343402,0.113739,0,0,0,0;
6.89, 0.228166,0.276076,0.132782,0,0,0,0;
6.9, 0.0172683,0.224981,0.108711,0,0,0,0;
6.91, 0.250904,0.260932,0.156786,0,0,0,0;
6.92, -0.0198838,0.154215,0.0825748,0,0,0,0;
6.93, 0.138555,0.279902,0.0815706,0,0,0,0;
6.94, 0.394259,0.334507,0.0809588,0,0,0,0;
6.95, 0.0931337,0.30316,0.106364,0,0,0,0;
6.96, 0.425833,0.251218,0.118191,0,0,0,0;
6.97, 0.364338,0.308843,0.137469,0,0,0,0;
6.98, -0.163685,0.244072,0.154599,0,0,0,0;
6.99, 0.330676,0.224293,0.0975631,0,0,0,0;
7, -0.191535,0.243567,0.105453,0,0,0,0;
7.01, 0.578299,0.219732,0.0562465,0,0,0,0;
7.02, 0.135871,0.230799,0.0790498,0,0,0,0;
7.03, 0.414092,0.30817,0.0545361,0,0,0,0;
7.04, 0.164305,0.250189,0.134145,0,0,0,0;
7.05, 0.0514135,0.27328,0.145433,0,0,0,0;
7.06, 0.165594,0.227654,0.160775,0,0,0,0;
7.07, -0.191858,0.316807,0.137395,0,0,0,0;
7.08, 0.545112,0.256064,0.0716801,0,0,0,0;
7.09, 0.517672,0.247792,0.0502788,0,0,0,0;
7.1, 0.183753,0.309428,0.108693,0,0,0,0;
7.11, -0.164579,0.249239,0.090518,0,0,0,0;
7.12, 0.184759,0.127365,0.0986153,0,0,0,0;
7.13, 0.37722,0.298402,0.14583,0,0,0,0;
7.14, 0.310188,0.258718,0.118929,0,0,0,0;
7.15, 0.401341,0.311226,0.0876319,0,0,0,0;
7.16, 0.238146,0.218413,0.139954,0,0,0,0;
7.17, -0.24049,0.2513,0.136199,0,0,0,0;
7.18, 0.868597,0.250686,0.0443445,0,0,0,0;
7.19, -0.576496,0.189694,0.0968506,0,0,0,0;
7.2, 0.61352,0.339202,0.0873444,0,0,0,0;
7.21, 0.634143,0.351473,0.0764427,0,0,0,0;
7.22, -0.261245,0.213623,0.16359,0,0,0,0;
7.23, 0.470055,0.23999,0.134072,0,0,0,0;
7.24, -0.36616,0.167092,0.190723,0,0,0,0;
7.25, 0.268584,0.33137,0.0954137,0,0,0,0;
7.26, 0.802055,0.35346,0.0202271,0,0,0,0;
7.27, -0.0353482,0.253973,0.0461287,0,0,0,0;
7.28, 0.444065,0.270923,0.103242,0,0,0,0;
7.29, 0.264441,0.256759,0.150639,0,0,0,0;
7.3, 0.239382,0.0970827,0.210425,0,0,0,0;
7.31, -0.0353836,0.284028,0.196009,0,0,0,0;
7.32, -0.0948008,0.306845,0.161435,0,0,0,0;
7.33, 0.434324,0.159003,-0.021447,0,0,0,0;
7.34, 0.0505741,0.371749,0.000672206,0,0,0,0;
7.35, 0.0802695,0.229733,0.0789785,0,0,0,0;
7.36, 0.540091,0.258121,0.0752307,0,0,0,0;
7.37, 0.781339,0.161873,0.119968,0,0,0,0;
7.38, -0.0850269,0.302053,0.213041,0,0,0,0;
7.39, 0.0172851,0.338492,0.150364,0,0,0,0;
7.4, 0.00410667,0.278254,0.161014,0,0,0,0;
7.41, 0.328665,0.313981,0.0495454,0,0,0,0;
7.42, 0.103883,0.247624,0.0265499,0,0,0,0;
7.43, 0.258014,0.224695,0.0665939,0,0,0,0;
7.44, -0.340841,0.258049,0.129529,0,0,0,0;
7.45, 0.337825,0.22613,0.156558,0,0,0,0;
7.46, 0.939782,0.271381,0.0757675,0,0,0,0;
7.47, -0.181697,0.270267,0.108487,0,0,0,0;
7.48, 0.809641,0.266217,0.0942725,0,0,0,0;
7.49, -0.136311,0.23954,0.110899,0,0,0,0;
7.5, 0.261337,0.29901,0.146939,0,0,0,0;
7.51, 0.448029,0.177671,0.0689416,0,0,0,0;
7.52, 0.227702,0.292798,0.0898769,0,0,0,0;
7.53, 0.191193,0.291717,0.100203,0,0,0,0;
7.54, -0.0367481,0.256984,0.105001,0,0,0,0;
7.55, -0.111567,0.298343,0.168524,0,0,0,0;
7.56, 0.261356,0.253686,0.0741792,0,0,0,0;
7.57, 0.358627,0.265574,0.0666571,0,0,0,0;
7.58, 0.213711,0.288443,0.0605345,0,0,0,0;
7.59, -0.195778,0.185864,0.108238,0,0,0,0;
7.6, 0.508375,0.218365,0.0744005,0,0,0,0;
7.61, 0.575371,0.335006,0.131403,0,0,0,0;
7.62, 0.53486,0.261869,0.132402,0,0,0,0;
7.63, -0.47109,0.275614,0.149823,0,0,0,0;
7.64, 0.290896,0.288031,0.121237,0,0,0,0;
7.65, 0.141122,0.310579,0.115739,0,0,0,0;
7.66, 0.348381,0.200385,0.0632338,0,0,0,0;
7.67, 0.318055,0.302241,0.0446255,0,0,0,0;
7.68, 0.847786,0.266041,0.0303823,0,0,0,0;
7.69, 0.0931485,0.260453,0.130359,0,0,0,0;
7.7, 0.132905,0.275882,0.177885,0,0,0,0;
7.71, -0.0452097,0.312143,0.178487,0,0,0,0;
7.72, -0.0157486,0.279327,0.136972,0,0,0,0;
7.73, 0.229461,0.202523,0.0689896,0,0,0,0;
7.74, 0.335165,0.228705,0.0106272,0,0,0,0;
7.75, 0.0432375,0.291539,0.052554,0,0,0,0;
7.76, 0.37509,0.276289,0.0813346,0,0,0,0;
7.77, 0.299158,0.190137,0.114703,0,0,0,0;
7.78, 0.171793,0.263235,0.153643,0,0,0,0;
7.79, 0.339714,0.25806,0.151201,0,0,0,0;
7.8, -0.122209,0.261289,0.129823,0,0,0,0;
7.81, 0.270275,0.284683,0.0873826,0,0,0,0;
7.82, 0.34312,0.240134,0.0406288,0,0,0,0;
7.83, 0.482128,0.358317,0.0114743,0,0,0,0;
7.84, 0.146212,0.343197,0.132497,0,0,0,0;
7.85, -0.125479,0.202689,0.177568,0,0,0,0;
7.86, 0.181608,0.323915,0.159318,0,0,0,0;
7.87, 0.362652,0.178215,0.122994,0,0,0,0;
7.88, 0.351692,0.303773,0.07305,0,0,0,0;
7.89, 0.123077,0.258426,0.0793419,0,0,0,0;
7.9, 0.318197,0.209449,0.0582681,0,0,0,0;
7.91, 0.210728,0.244631,0.108791,0,0,0,0;
7.92, 0.075819,0.382398,0.103685,0,0,0,0;
7.93, 0.490071,0.267481,0.119844,0,0,0,0;
7.94, 0.262392,0.213831,0.132479,0,0,0,0;
7.95, 0.0538899,0.279082,0.182941,0,0,0,0;
7.96, 0.240593,0.224471,0.133063,0,0,0,0;
7.97, 0.164506,0.205595,0.125756,0,0,0,0;
7.98, 0.275821,0.29102,0.00447446,0,0,0,0;
7.99, 0.487726,0.196376,0.0155068,0,0,0,0;
8, 0.185721,0.391062,0.0641971,0,0,0,0;
8.01, 0.135788,0.218275,0.124399,0,0,0,0;
8.02, -0.192912,0.199962,0.164308,0,0,0,0;
8.03, 0.604154,0.357122,0.189834,0,0,0,0;
8.04, -0.112235,0.26905,0.165685,0,0,0,0;
8.05, 0.81716,0.237628,0.0590471,0,0,0,0;
8.06, -0.402652,0.221031,0.0819356,0,0,0,0;
8.07, 0.654503,0.371733,0.0432392,0,0,0,0;
8.08, 0.104204,0.150314,0.0451511,0,0,0,0;
8.09, 0.608567,0.338593,0.077058,0,0,0,0;
8.1, -0.149082,0.28008,0.151064,0,0,0,0;
8.11, 0.159062,0.309939,0.186145,0,0,0,0;
8.12, 0.514058,0.26897,0.117069,0,0,0,0;
8.13, 0.0816411,0.27654,0.102376,0,0,0,0;
8.14, 0.244134,0.167422,0.100347,0,0,0,0;
8.15, -0.0711801,0.276911,0.0958061,0,0,0,0;
8.16, -0.0509705,0.259539,0.100336,0,0,0,0;
8.17, 0.525559,0.166028,0.0945563,0,0,0,0;
8.18, 0.550027,0.29619,0.0941388,0,0,0,0;
8.19, -0.0119353,0.29265,0.0904205,0,0,0,0;
8.2, 0.36896,0.264343,0.140951,0,0,0,0;
8.21, 0.445748,0.257444,0.0637448,0,0,0,0;
8.22, 0.301045,0.323048,0.10161,0,0,0,0;
8.23, 0.157046,0.306274,0.0910839,0,0,0,0;
8.24, 0.265507,0.231551,0.113156,0,0,0,0;
8.25, 0.330128,0.269663,0.106149,0,0,0,0;
8.26, -0.0745786,0.28909,0.135011,0,0,0,0;
8.27, -0.205216,0.260364,0.149998,0,0,0,0;
8.28, -0.029758,0.255342,0.0486737,0,0,0,0;
8.29, 0.64484,0.205116,0.00428289,0,0,0,0;
8.3, 0.184445,0.297542,0.0635223,0,0,0,0;
8.31, 0.432064,0.227217,0.10787,0,0,0,0;
8.32, 0.32313,0.320637,0.152489,0,0,0,0;
8.33, 0.574514,0.285343,0.14162,0,0,0,0;
8.34, 0.331028,0.330308,0.163386,0,0,0,0;
8.35, 0.288616,0.251423,0.110986,0,0,0,0;
8.36, -0.180774,0.296802,0.117021,0,0,0,0;
8.37, 0.212365,0.291775,0.109185,0,0,0,0;
8.38, -0.0866756,0.145295,0.0466261,0,0,0,0;
8.39, 0.626127,0.296414,0.0412968,0,0,0,0;
8.4, 0.0495892,0.238178,0.048564,0,0,0,0;
8.41, 0.0383956,0.292426,0.104572,0,0,0,0;
8.42, 0.0634722,0.297195,0.134067,0,0,0,0;
8.43, 0.375564,0.260221,0.140557,0,0,0,0;
8.44, 0.60249,0.24859,0.0830809,0,0,0,0;
8.45, 0.478245,0.237772,0.0893408,0,0,0,0;
8.46, 0.239598,0.320445,0.104043,0,0,0,0;
8.47, -0.0220111,0.321058,0.0857174,0,0,0,0;
8.48, 0.327381,0.266721,0.0928935,0,0,0,0;
8.49, -0.0766743,0.257343,0.141797,0,0,0,0;
8.5, -0.13026,0.166379,0.121714,0,0,0,0;
8.51, 0.343307,0.300727,0.0788386,0,0,0,0;
8.52, 0.497512,0.284893,0.0385001,0,0,0,0;
8.53, 0.2866,0.292717,0.0959957,0,0,0,0;
8.54, 0.400174,0.229011,0.10778,0,0,0,0;
8.55, 0.335282,0.267881,0.141474,0,0,0,0;
8.56, -0.12843,0.289774,0.168964,0,0,0,0;
8.57, 0.669495,0.279304,0.0812779,0,0,0,0;
8.58, 0.363753,0.32351,0.0553159,0,0,0,0;
8.59, -0.356931,0.296319,0.112037,0,0,0,0;
8.6, 0.451491,0.214145,0.07829,0,0,0,0;
8.61, -0.0750539,0.311045,0.0840702,0,0,0,0;
8.62, 0.636756,0.15989,0.111525,0,0,0,0;
8.63, 0.329335,0.318737,0.0816885,0,0,0,0;
8.64, 0.379695,0.304028,0.0621141,0,0,0,0;
8.65, 0.381391,0.302635,0.138736,0,0,0,0;
8.66, -0.404082,0.247023,0.162912,0,0,0,0;
8.67, 0.371512,0.186372,0.116598,0,0,0,0;
8.68, -0.28976,0.256165,0.103215,0,0,0,0;
8.69, 0.421897,0.211637,0.0602708,0,0,0,0;
8.7, 0.666296,0.464323,0.0158724,0,0,0,0;
8.71, 0.936964,0.304744,0.0577724,0,0,0,0;
8.72, -0.363729,0.285933,0.17507,0,0,0,0;
8.73, 0.261181,0.1884,0.168354,0,0,0,0;
8.74, 0.320404,0.161389,0.178909,0,0,0,0;
8.75, -0.0316139,0.23941,0.122924,0,0,0,0;
8.76, 0.280439,0.284099,0.0106932,0,0,0,0;
8.77, 0.171095,0.302968,0.0274041,0,0,0,0;
8.78, -0.121584,0.262886,0.088547,0,0,0,0;
8.79, 0.416276,0.233534,0.0457109,0,0,0,0;
8.8, -0.0816302,0.415663,0.132298,0,0,0,0;
8.81, 0.836449,0.282232,0.111155,0,0,0,0;
8.82, 0.606456,0.267345,0.169695,0,0,0,0;
8.83, -0.00569344,0.173789,0.165696,0,0,0,0;
8.84, 0.029554,0.277699,0.181771,0,0,0,0;
8.85, 0.68284,0.225545,0.0667252,0,0,0,0;
8.86, -0.254836,0.230292,0.111222,0,0,0,0;
8.87, 0.62112,0.403205,0.0405542,0,0,0,0;
8.88, -0.391972,0.341493,0.037716,0,0,0,0;
8.89, 0.437019,0.165186,0.0206881,0,0,0,0;
8.9, 0.447145,0.276887,0.0941612,0,0,0,0;
8.91, 0.273563,0.289695,0.174273,0,0,0,0;
8.92, 0.402796,0.262832,0.217376,0,0,0,0;
8.93, 0.267947,0.165882,0.137007,0,0,0,0;
8.94, 0.0747898,0.3506,0.054615,0,0,0,0;
8.95, -0.204312,0.23383,0.0421849,0,0,0,0;
8.96, 0.719426,0.329939,0.00621129,0,0,0,0;
8.97, -0.165514,0.212844,0.0758888,0,0,0,0;
8.98, 0.808166,0.166256,0.0805485,0,0,0,0;
8.99, 0.325325,0.35324,0.143647,0,0,0,0;
9, 0.123236,0.198357,0.184708,0,0,0,0;
9.01, -0.0663646,0.381585,0.223653,0,0,0,0;
9.02, 0.0578558,0.297554,0.103439,0,0,0,0;
9.03, 0.527375,0.330259,0.0132934,0,0,0,0;
9.04, 0.375197,0.171898,0.00242988,0,0,0,0;
9.05, 0.333125,0.260333,0.0362594,0,0,0,0;
9.06, 0.36643,0.321117,0.106978,0,0,0,0;
9.07, 0.0388516,0.259399,0.176339,0,0,0,0;
9.08, -0.329315,0.279351,0.193088,0,0,0,0;
9.09, 0.637298,0.287835,0.0540182,0,0,0,0;
9.1, 0.600691,0.264908,0.0880939,0,0,0,0;
9.11, 0.298103,0.262172,0.0563608,0,0,0,0;
9.12, -0.297142,0.290112,0.117543,0,0,0,0;
9.13, 0.272088,0.225205,0.0667492,0,0,0,0;
9.14, 0.653622,0.30057,0.0660206,0,0,0,0;
9.15, -0.152422,0.313081,0.144195,0,0,0,0;
9.16, -0.0344652,0.20934,0.140918,0,0,0,0;
9.17, 0.336248,0.271654,0.103507,0,0,0,0;
9.18, 0.81832,0.216246,0.0649378,0,0,0,0;
9.19, 0.57845,0.3479,0.0789437,0,0,0,0;
9.2, 0.217509,0.221402,0.112573,0,0,0,0;
9.21, 0.0441955,0.382396,0.12379,0,0,0,0;
9.22, -0.0707044,0.314755,0.122335,0,0,0,0;
9.23, 0.349834,0.163387,0.0608204,0,0,0,0;
9.24, 0.0271947,0.286592,0.109886,0,0,0,0;
9.25, 0.219696,0.294095,0.073318,0,0,0,0;
9.26, 0.229106,0.239179,0.0604242,0,0,0,0;
9.27, 0.343504,0.264849,0.0934697,0,0,0,0;
9.28, -0.0475832,0.275642,0.0953712,0,0,0,0;
9.29, 0.368279,0.256465,0.0786076,0,0,0,0;
9.3, 0.54808,0.352047,0.124222,0,0,0,0;
9.31, 0.234719,0.233172,0.136017,0,0,0,0;
9.32, 0.442199,0.322461,0.150703,0,0,0,0;
9.33, 0.126448,0.256536,0.135394,0,0,0,0;
9.34, 0.168365,0.240222,0.0735136,0,0,0,0;
9.35, 0.457807,0.215723,-0.00174071,0,0,0,0;
9.36, -0.0309501,0.251644,0.0945733,0,0,0,0;
9.37, -0.144966,0.37585,0.138018,0,0,0,0;
9.38, 0.169575,0.238193,0.0609353,0,0,0,0;
9.39, 0.755408,0.317237,0.0488586,0,0,0,0;
9.4, 0.447586,0.288239,0.121142,0,0,0,0;
9.41, 0.481141,0.297684,0.123006,0,0,0,0;
9.42, 0.0982836,0.208997,0.135881,0,0,0,0;
9.43, 0.269298,0.264557,0.181738,0,0,0,0;
9.44, -0.00782394,0.256376,0.119102,0,0,0,0;
9.45, -0.146474,0.301666,0.0576468,0,0,0,0;
9.46, 0.462394,0.288019,0.000281319,0,0,0,0;
9.47, 0.543713,0.177273,0.00436906,0,0,0,0;
9.48, -0.0609601,0.388127,0.0703857,0,0,0,0;
9.49, 0.729109,0.149554,0.114763,0,0,0,0;
9.5, -0.175202,0.337018,0.238429,0,0,0,0;
9.51, 0.55517,0.257944,0.157867,0,0,0,0;
9.52, 0.26112,0.289557,0.114579,0,0,0,0;
9.53, 0.413543,0.286221,0.050415,0,0,0,0;
9.54, 0.488502,0.241061,0.0302532,0,0,0,0;
9.55, 0.0222922,0.303203,0.030859,0,0,0,0;
9.56, 0.117601,0.309636,0.0971955,0,0,0,0;
9.57, 0.181731,0.287997,0.153528,0,0,0,0;
9.58, 0.0627634,0.128659,0.169418,0,0,0,0;
9.59, 0.107567,0.343822,0.156937,0,0,0,0;
9.6, 0.322554,0.322269,0.0309189,0,0,0,0;
9.61, 0.307024,0.225582,-0.0110561,0,0,0,0;
9.62, -0.199037,0.314678,0.0665731,0,0,0,0;
9.63, 0.565951,0.258979,0.0706555,0,0,0,0;
9.64, 0.466465,0.296482,0.137111,0,0,0,0;
9.65, -0.00338992,0.219449,0.17753,0,0,0,0;
9.66, 0.723997,0.127041,0.104314,0,0,0,0;
9.67, 0.376964,0.447131,0.132332,0,0,0,0;
9.68, 0.381575,0.208448,0.0606304,0,0,0,0;
9.69, -0.223776,0.316424,0.10676,0,0,0,0;
9.7, 0.468235,0.279649,0.0595283,0,0,0,0;
9.71, 0.252729,0.195674,0.0587243,0,0,0,0;
9.72, -0.169302,0.301147,0.159669,0,0,0,0;
9.73, 0.487627,0.372631,0.105872,0,0,0,0;
9.74, -0.299191,0.28345,0.143831,0,0,0,0;
9.75, 0.438692,0.252939,0.0698645,0,0,0,0;
9.76, 0.568646,0.251895,0.0185897,0,0,0,0;
9.77, 0.834073,0.285961,0.0386728,0,0,0,0;
9.78, 0.126239,0.20237,0.120787,0,0,0,0;
9.79, 0.0866133,0.257467,0.221967,0,0,0,0;
9.8, 0.360686,0.289312,0.190449,0,0,0,0;
9.81, -0.194797,0.285793,0.14413,0,0,0,0;
9.82, 0.604662,0.326428,-0.0191259,0,0,0,0;
9.83, 0.529586,0.236272,-0.0537444,0,0,0,0;
9.84, -0.0881189,0.1916,0.0410223,0,0,0,0;
9.85, 0.261432,0.327684,0.131973,0,0,0,0;
9.86, 0.0150217,0.275886,0.188057,0,0,0,0;
9.87, 0.41306,0.32349,0.141251,0,0,0,0;
9.88, 0.113585,0.239899,0.090453,0,0,0,0;
9.89, 0.338317,0.265942,0.0432861,0,0,0,0;
9.9, 0.507787,0.256192,0.0854156,0,0,0,0;
9.91, -0.00198942,0.277201,0.110205,0,0,0,0;
9.92, 0.560449,0.27428,0.0940266,0,0,0,0;
9.93, 0.227758,0.203397,0.142582,0,0,0,0;
9.94, -0.0583414,0.305463,0.146775,0,0,0,0;
9.95, 0.634564,0.280287,0.0452796,0,0,0,0;
9.96, 0.0602644,0.332801,0.0687608,0,0,0,0;
9.97, 0.296097,0.385932,0.0706975,0,0,0,0;
9.98, 0.176271,0.267428,0.0861594,0,0,0,0;
9.99, 0.342088,0.178345,0.0929887,0,0,0,0;
