0, 0.930314,-0.354736,0.0985966,0,0,0,0;
0.01, -0.707088,-0.620448,0.0196364,0,0,0,0;
0.02, -7.27602,-0.583595,1.23906,0,0,0,0;
0.03, -13.255,-0.47332,1.59659,0,0,0,0;
0.04, -13.9275,-1.37196,1.18083,0,0,0,0;
0.05, -9.43428,-1.33162,-0.0161636,0,0,0,0;
0.06, -1.67239,-0.0216034,0.174793,0,0,0,0;
0.07, 1.8839,0.704933,0.983201,0,0,0,0;
0.08, 4.36764,0.389108,1.10209,0,0,0,0;
0.09, 6.66088,-0.231046,0.702484,0,0,0,0;
0.1, 5.68977,-0.197399,0.364706,0,0,0,0;
0.11, 5.6938,0.164867,-0.654215,0,0,0,0;
0.12, 4.01737,-0.435516,-1.40848,0,0,0,0;
0.13, 2.97692,-0.508176,-1.60489,0,0,0,0;
0.14, 1.27662,-0.434229,-1.28815,0,0,0,0;
0.15, 1.94517,-0.320473,-0.568486,0,0,0,0;
0.16, 0.851342,-0.301346,0.176239,0,0,0,0;
0.17, 0.400969,-0.343412,0.465941,0,0,0,0;
0.18, 0.755395,-0.323392,0.429008,0,0,0,0;
0.19, 0.989115,-0.295803,0.0815625,0,0,0,0;
0.2, 1.20982,-0.241096,-0.173127,0,0,0,0;
0.21, 1.36811,-0.282265,-0.408764,0,0,0,0;
0.22, 2.32199,-0.115872,-0.45916,0,0,0,0;
0.23, 1.01006,-0.0906957,-0.35383,0,0,0,0;
0.24, 0.985888,-0.18932,-0.0255737,0,0,0,0;
0.25, 1.404,-0.297203,0.125224,0,0,0,0;
0.26, 0.484946,-0.430271,0.142577,0,0,0,0;
0.27, 0.301575,-0.259486,0.107295,0,0,0,0;
0.28, 0.89058,-0.247858,-0.0291257,0,0,0,0;
0.29, 0.791877,-0.199018,-0.426927,0,0,0,0;
0.3, 0.853444,-0.263412,-0.445964,0,0,0,0;
0.31, 0.329633,-0.36863,-0.283274,0,0,0,0;
0.32, 0.159224,-0.255706,-0.0961137,0,0,0,0;
0.33, 1.20276,0.127525,0.103377,0,0,0,0;
0.34, 1.31841,-0.142258,0.216491,0,0,0,0;
0.35, 0.095365,-0.419901,-0.0477324,0,0,0,0;
0.36, -0.700895,-0.53398,-0.0877969,0,0,0,0;
0.37, 0.0534548,-0.276695,-0.312456,0,0,0,0;
0.38, 1.14242,-0.224237,-0.373184,0,0,0,0;
0.39, 0.968054,-0.150193,-0.275117,0,0,0,0;
0.4, -0.374327,-0.21629,-0.155242,0,0,0,0;
0.41, 0.325693,-0.175184,0.0222869,0,0,0,0;
0.42, 0.796495,-0.189939,0.021493,0,0,0,0;
0.43, 0.313431,-0.224982,-0.063741,0,0,0,0;
0.44, 0.296432,-0.28316,-0.042891,0,0,0,0;
0.45, -0.226399,-0.365128,-0.142185,0,0,0,0;
0.46, 1.41377,-0.246716,-0.209033,0,0,0,0;
0.47, 0.0924782,-0.177502,-0.256368,0,0,0,0;
0.48, -0.853232,-0.157128,-0.101552,0,0,0,0;
0.49, 1.45477,-0.377896,-0.00431776,0,0,0,0;
0.5, 0.841715,-0.313109,-0.249213,0,0,0,0;
0.51, -0.637179,-0.146983,-0.318666,0,0,0,0;
0.52, -1.03408,-0.370701,-0.119168,0,0,0,0;
0.53, 0.374279,-0.198162,0.15867,0,0,0,0;
0.54, 0.597863,-0.32141,0.118733,0,0,0,0;
0.55, 0.584793,-0.233663,-0.303022,0,0,0,0;
0.56, 1.93908,0.308587,-0.397548,0,0,0,0;
0.57, 0.621177,-0.27211,-0.229711,0,0,0,0;
0.58, -1.46907,-0.856561,0.0689836,0,0,0,0;
0.59, 0.438918,-0.610546,0.104995,0,0,0,0;
0.6, 0.151629,0.14641,0.0544081,0,0,0,0;
0.61, -0.0173303,0.2195,-0.216086,0,0,0,0;
0.62, 0.747229,-0.268033,-0.321731,0,0,0,0;
0.63, -0.417801,-0.641819,-0.441051,0,0,0,0;
0.64, 0.288473,-0.380503,-0.486074,0,0,0,0;
0.65, 0.782004,-0.342877,-0.00200915,0,0,0,0;
0.66, -0.30333,0.141179,0.161674,0,0,0,0;
0.67, -0.25936,-0.405672,0.270758,0,0,0,0;
0.68, 0.78629,-0.309147,-0.172399,0,0,0,0;
0.69, 1.54432,0.335893,-0.130996,0,0,0,0;
0.7, 0.434757,-0.176507,-0.199739,0,0,0,0;
0.71, -0.775459,-0.476965,-0.13697,0,0,0,0;
0.72, 0.681822,-0.404393,-0.213153,0,0,0,0;
0.73, -0.11681,-0.288287,-0.122567,0,0,0,0;
0.74, -0.483873,-0.531696,-0.123888,0,0,0,0;
0.75, 0.313136,-0.188857,-0.0602629,0,0,0,0;
0.76, 0.291718,-0.138144,-0.222929,0,0,0,0;
0.77, 1.08407,-0.0922141,-0.3012,0,0,0,0;
0.78, -0.16073,-0.258005,-0.255109,0,0,0,0;
0.79, 0.927668,-0.14565,0.0321901,0,0,0,0;
0.8, -0.071206,-0.237764,0.0203259,0,0,0,0;
0.81, 0.270018,-0.286597,0.0302067,0,0,0,0;
0.82, -0.22412,-0.25233,-0.0290821,0,0,0,0;
0.83, -0.0914168,-0.375201,-0.257207,0,0,0,0;
0.84, 0.483155,-0.136347,-0.250358,0,0,0,0;
0.85, -0.374189,-0.259095,-0.187455,0,0,0,0;
0.86, 1.08436,-0.246015,-0.0981812,0,0,0,0;
0.87, 0.79067,-0.205672,-0.103339,0,0,0,0;
0.88, 0.047664,-0.229828,-0.0460138,0,0,0,0;
0.89, -0.00146819,-0.306125,-0.100882,0,0,0,0;
0.9, -0.494006,-0.335344,-0.103769,0,0,0,0;
0.91, 0.667236,-0.176189,-0.149063,0,0,0,0;
0.92, 0.542702,-0.262127,-0.200149,0,0,0,0;
0.93, -0.249666,-0.282971,-0.195004,0,0,0,0;
0.94, 0.553522,-0.241694,-0.06797,0,0,0,0;
0.95, 0.307472,-0.216623,0.00966787,0,0,0,0;
0.96, -0.387734,-0.291073,-0.0835044,0,0,0,0;
0.97, 0.968529,-0.239036,-0.114364,0,0,0,0;
0.98, 0.468728,-0.121466,-0.202918,0,0,0,0;
0.99, 0.0175161,-0.355426,-0.162303,0,0,0,0;
1, 0.156823,-0.223959,-0.123664,0,0,0,0;
1.01, -0.366,-0.236395,-0.135165,0,0,0,0;
1.02, -0.27146,-0.38599,-0.0835397,0,0,0,0;
1.03, 1.24743,-0.248119,-0.077055,0,0,0,0;
1.04, 0.703445,-0.127741,-0.150575,0,0,0,0;
1.05, 0.0557537,-0.207618,-0.0215631,0,0,0,0;
1.06, 0.388615,-0.258932,-0.116292,0,0,0,0;
1.07, 0.0695819,-0.285447,-0.169469,0,0,0,0;
1.08, -0.522704,-0.301278,-0.167662,0,0,0,0;
1.09, 0.444913,-0.271967,-0.155885,0,0,0,0;
1.1, 1.09415,-0.170719,-0.141789,0,0,0,0;
1.11, 0.0509911,-0.247175,-0.144771,0,0,0,0;
1.12, 0.101129,-0.325678,-0.073251,0,0,0,0;
1.13, -0.256496,-0.252621,-0.0385191,0,0,0,0;
1.14, -0.155,-0.225773,-0.0349829,0,0,0,0;
1.15, 0.15134,-0.225998,-0.220134,0,0,0,0;
1.16, 0.828282,-0.322653,-0.202605,0,0,0,0;
1.17, 0.497707,-0.108328,-0.0477757,0,0,0,0;
1.18, 0.380441,-0.188901,-0.0549886,0,0,0,0;
1.19, 0.336875,-0.295392,-0.167975,0,0,0,0;
1.2, -0.582724,-0.287902,-0.23893,0,0,0,0;
1.21, -0.70472,-0.53413,-0.102799,0,0,0,0;
1.22, 1.11615,-0.294239,-0.0350647,0,0,0,0;
1.23, 0.927926,-0.00119667,-0.117778,0,0,0,0;
1.24, 0.650253,-0.0438719,-0.0612168,0,0,0,0;
1.25, 0.514481,-0.160074,-0.202121,0,0,0,0;
1.26, -0.129468,-0.575172,-0.230232,0,0,0,0;
1.27, 0.44609,-0.238374,0.0312102,0,0,0,0;
1.28, -1.87607,-0.195765,-0.206039,0,0,0,0;
1.29, 0.514456,-0.520999,-0.20828,0,0,0,0;
1.3, 0.845866,-0.17418,-0.0305347,0,0,0,0;
1.31, 0.326172,-0.250348,0.0583172,0,0,0,0;
1.32, 1.35569,0.204683,-0.239897,0,0,0,0;
1.33, 0.232024,0.00387897,-0.355676,0,0,0,0;
1.34, -0.814756,-0.774038,-0.201657,0,0,0,0;
1.35, 1.68154,-0.484238,0.137279,0,0,0,0;
1.36, -0.356461,-0.203343,0.113975,0,0,0,0;
1.37, -1.31789,-0.196273,-0.140216,0,0,0,0;
1.38, 0.578004,-0.0320966,-0.277232,0,0,0,0;
1.39, 0.0614321,-0.0550593,-0.299323,0,0,0,0;
1.4, 0.591513,-0.322035,-0.190917,0,0,0,0;
1.41, 0.311542,-0.419321,-0.250709,0,0,0,0;
1.42, 0.361486,-0.259524,-0.0392642,0,0,0,0;
1.43, 1.10453,-0.171097,0.168873,0,0,0,0;
1.44, -0.235241,-0.135069,0.00859022,0,0,0,0;
1.45, -0.854186,-0.60546,-0.158293,0,0,0,0;
1.46, 1.0985,-0.145627,-0.213942,0,0,0,0;
1.47, 0.123313,-0.140211,-0.166089,0,0,0,0;
1.48, 0.358125,-0.379368,-0.248719,0,0,0,0;
1.49, 0.79331,-0.211188,-0.184786,0,0,0,0;
1.5, 0.668556,0.00678514,-0.0213029,0,0,0,0;
1.51, -0.479273,-0.260857,-0.0759704,0,0,0,0;
1.52, 0.00240247,-0.349999,-0.0591707,0,0,0,0;
1.53, -0.160736,-0.302375,-0.106174,0,0,0,0;
1.54, 0.481618,-0.343741,-0.199842,0,0,0,0;
1.55, 0.664096,-0.190376,-0.242437,0,0,0,0;
1.56, -0.132868,-0.178784,-0.119928,0,0,0,0;
1.57, -0.212617,-0.280925,-0.0968735,0,0,0,0;
1.58, -0.173976,-0.248024,-0.0170536,0,0,0,0;
1.59, 0.839859,-0.225662,-0.0272725,0,0,0,0;
1.6, 0.74037,-0.293451,-0.102013,0,0,0,0;
1.61, 0.50242,-0.224608,-0.216402,0,0,0,0;
1.62, 0.280548,-0.268187,-0.180853,0,0,0,0;
1.63, -0.249812,-0.264819,-0.0907917,0,0,0,0;
1.64, 0.203549,-0.209041,-0.110492,0,0,0,0;
1.65, 0.246789,-0.221845,-0.139334,0,0,0,0;
1.66, -0.404953,-0.272007,-0.126229,0,0,0,0;
1.67, 0.644281,-0.253493,-0.0321059,0,0,0,0;
1.68, 0.336048,-0.318156,-0.139198,0,0,0,0;
1.69, 0.539376,-0.248645,-0.138093,0,0,0,0;
1.7, 0.172348,-0.203035,-0.166363,0,0,0,0;
1.71, 0.170358,-0.255111,-0.116034,0,0,0,0;
1.72, 0.296004,-0.251322,-0.0905294,0,0,0,0;
1.73, 0.184507,-0.267184,-0.109424,0,0,0,0;
1.74, -0.105685,-0.233404,-0.0927312,0,0,0,0;
1.75, -0.00231821,-0.243959,-0.110518,0,0,0,0;
1.76, 0.572861,-0.24865,-0.18311,0,0,0,0;
1.77, 0.39907,-0.27192,-0.14984,0,0,0,0;
1.78, 0.137866,-0.204808,-0.0773122,0,0,0,0;
1.79, 0.0432463,-0.358519,-0.0508702,0,0,0,0;
1.8, 0.507031,-0.173676,-0.0724697,0,0,0,0;
1.81, 0.569914,-0.273753,-0.126677,0,0,0,0;
1.82, 0.590943,-0.333584,-0.232137,0,0,0,0;
1.83, -0.609814,-0.228836,-0.199411,0,0,0,0;
1.84, -0.733001,-0.172081,-0.135162,0,0,0,0;
1.85, 0.34894,-0.226757,-0.0866904,0,0,0,0;
1.86, 1.88516,-0.0970765,0.0437119,0,0,0,0;
1.87, 0.296304,-0.313181,-0.0925355,0,0,0,0;
1.88, 0.187751,-0.324193,-0.146756,0,0,0,0;
1.89, -0.275682,-0.366929,-0.182224,0,0,0,0;
1.9, -0.612249,-0.228799,-0.125108,0,0,0,0;
1.91, 0.22932,-0.337531,-0.129419,0,0,0,0;
1.92, -0.184413,-0.204945,-0.261707,0,0,0,0;
1.93, 0.17279,-0.21299,0.0516324,0,0,0,0;
1.94, 0.868592,-0.380161,-0.286108,0,0,0,0;
1.95, 0.0305777,-0.208748,-0.13935,0,0,0,0;
1.96, 1.706,0.011967,-0.0971458,0,0,0,0;
1.97, 1.94809,-0.430278,0.0189869,0,0,0,0;
1.98, -1.6267,-0.292043,0.036865,0,0,0,0;
1.99, 0.357641,-0.0492635,0.0246863,0,0,0,0;
2, 0.0209857,-0.380483,-0.0775554,0,0,0,0;
2.01, -0.951339,-0.00425732,-0.401668,0,0,0,0;
2.02, -1.1821,-0.40737,-0.383734,0,0,0,0;
2.03, 0.922924,-0.473138,-0.34097,0,0,0,0;
2.04, 1.77841,-0.452478,-0.205149,0,0,0,0;
2.05, 0.022683,0.100338,0.153491,0,0,0,0;
2.06, -0.889318,-0.263525,0.208085,0,0,0,0;
2.07, 0.954217,-0.312654,0.0718343,0,0,0,0;
2.08, 1.08712,0.0404069,-0.160009,0,0,0,0;
2.09, -0.380472,-0.345686,-0.302941,0,0,0,0;
2.1, 0.608203,-0.316419,-0.286542,0,0,0,0;
2.11, 0.803195,-0.110665,-0.146154,0,0,0,0;
2.12, 0.424133,-0.349531,-0.284015,0,0,0,0;
2.13, -1.15858,-0.404105,-0.0685983,0,0,0,0;
2.14, -0.370588,-0.373136,0.0670571,0,0,0,0;
2.15, 0.821557,-0.284593,-0.0260689,0,0,0,0;
2.16, 0.54156,-0.0108292,-0.0722175,0,0,0,0;
2.17, -0.146054,-0.0521162,-0.14455,0,0,0,0;
2.18, 0.0220977,-0.279406,-0.238672,0,0,0,0;
2.19, 0.717442,-0.325242,-0.181224,0,0,0,0;
2.2, 1.45384,-0.28839,-0.170993,0,0,0,0;
2.21, 0.175098,-0.303774,-0.0977609,0,0,0,0;
2.22, -0.736776,-0.259658,-0.0223947,0,0,0,0;
2.23, -0.751124,-0.333754,-0.0417016,0,0,0,0;
2.24, 0.322055,-0.19972,-0.0762873,0,0,0,0;
2.25, 1.17887,-0.195885,-0.193109,0,0,0,0;
2.26, 0.55763,-0.226896,-0.219297,0,0,0,0;
2.27, -0.330267,-0.271505,-0.186408,0,0,0,0;
2.28, 0.340737,-0.212385,-0.109972,0,0,0,0;
2.29, 0.50053,-0.281683,-0.084645,0,0,0,0;
2.3, -0.721121,-0.29552,-0.0541651,0,0,0,0;
2.31, 0.162798,-0.202896,-0.0231009,0,0,0,0;
2.32, 1.08236,-0.257279,-0.104262,0,0,0,0;
2.33, 0.3075,-0.286217,-0.209889,0,0,0,0;
2.34, 0.396753,-0.213305,-0.165771,0,0,0,0;
2.35, -0.324627,-0.208352,-0.089015,0,0,0,0;
2.36, 0.639232,-0.309497,-0.157017,0,0,0,0;
2.37, 0.186193,-0.300179,-0.133535,0,0,0,0;
2.38, 0.0280895,-0.219196,-0.0337949,0,0,0,0;
2.39, 0.12921,-0.23058,-0.0365729,0,0,0,0;
2.4, 0.238037,-0.309654,-0.156351,0,0,0,0;
2.41, 0.02811,-0.239748,-0.212751,0,0,0,0;
2.42, 0.248532,-0.199649,-0.162375,0,0,0,0;
2.43, 0.346601,-0.250943,-0.0956931,0,0,0,0;
2.44, 0.282534,-0.269963,-0.119004,0,0,0,0;
2.45, 0.202472,-0.220684,-0.0780818,0,0,0,0;
2.46, 0.493732,-0.266698,-0.0640259,0,0,0,0;
2.47, -0.215612,-0.288338,-0.111421,0,0,0,0;
2.48, 0.420919,-0.290975,-0.139267,0,0,0,0;
2.49, 0.658344,-0.186099,-0.0873675,0,0,0,0;
2.5, -0.499029,-0.349292,-0.154928,0,0,0,0;
2.51, 0.4603,-0.207843,-0.106732,0,0,0,0;
2.52, 0.655723,-0.16972,-0.195342,0,0,0,0;
2.53, 0.333687,-0.238809,-0.115664,0,0,0,0;
2.54, 0.55082,-0.202078,-0.0911272,0,0,0,0;
2.55, -0.834459,-0.41234,-0.119916,0,0,0,0;
2.56, -0.00248331,-0.463785,-0.0784895,0,0,0,0;
2.57, 0.472282,-0.01889,-0.0966315,0,0,0,0;
2.58, 0.0993597,-0.0525082,-0.18963,0,0,0,0;
2.59, -0.371248,-0.568952,-0.0973995,0,0,0,0;
2.6, 1.27495,-0.0153585,-0.0992987,0,0,0,0;
2.61, 0.850268,-0.136668,0.000401735,0,0,0,0;
2.62, 1.20305,-0.506252,-0.314299,0,0,0,0;
2.63, -0.765612,-0.315426,-0.267492,0,0,0,0;
2.64, -0.548783,-0.245006,0.0539546,0,0,0,0;
2.65, -0.45534,-0.149114,-0.0367248,0,0,0,0;
2.66, 0.254236,-0.269042,-0.0435071,0,0,0,0;
2.67, 2.15181,-0.246759,-0.200222,0,0,0,0;
2.68, -0.591041,-0.0777775,-0.175434,0,0,0,0;
2.69, -0.709962,-0.352043,-0.226259,0,0,0,0;
2.7, 0.414475,-0.423131,-0.196661,0,0,0,0;
2.71, 0.952875,-0.383567,0.0632586,0,0,0,0;
2.72, -0.823817,-0.249452,0.0982022,0,0,0,0;
2.73, -0.85877,-0.0708273,-0.218729,0,0,0,0;
2.74, 2.46821,0.0600522,-0.125514,0,0,0,0;
2.75, 1.0074,-0.374952,-0.353325,0,0,0,0;
2.76, -0.573311,-0.156204,-0.0745175,0,0,0,0;
2.77, 0.726502,-0.305362,-0.0276959,0,0,0,0;
2.78, -0.327396,-0.429618,-0.0294886,0,0,0,0;
2.79, -0.948298,-0.235113,-0.0551448,0,0,0,0;
2.8, 0.643837,-0.298791,-0.235449,0,0,0,0;
2.81, 0.613729,-0.356957,-0.278998,0,0,0,0;
2.82, -0.42826,-0.178944,-0.226237,0,0,0,0;
2.83, 1.42444,-0.350403,-0.0725918,0,0,0,0;
2.84, 0.614347,-0.167965,-0.0538068,0,0,0,0;
2.85, -0.860017,-0.329194,-0.057245,0,0,0,0;
2.86, 0.0161907,-0.176593,0.11405,0,0,0,0;
2.87, 0.13634,0.12367,-0.0698946,0,0,0,0;
2.88, 0.827263,-0.399432,-0.364098,0,0,0,0;
2.89, -0.251049,-0.328489,-0.208843,0,0,0,0;
2.9, 0.109484,-0.196125,-0.160255,0,0,0,0;
2.91, 1.36367,-0.361565,-0.0588031,0,0,0,0;
2.92, 0.209542,-0.309194,-0.0210023,0,0,0,0;
2.93, -0.15163,-0.0600939,0.0214572,0,0,0,0;
2.94, -0.122878,-0.299205,-0.147268,0,0,0,0;
2.95, -0.259133,-0.319039,-0.196942,0,0,0,0;
2.96, -0.311996,-0.324794,-0.231339,0,0,0,0;
2.97, 0.934831,-0.204192,-0.207448,0,0,0,0;
2.98, 1.7446,-0.18502,-0.0986924,0,0,0,0;
2.99, 0.136972,-0.297272,-0.0834324,0,0,0,0;
3, -0.619754,-0.223459,-0.00662398,0,0,0,0;
3.01, -0.635377,-0.265829,0.0437241,0,0,0,0;
3.02, 0.293992,-0.264024,-0.0662332,0,0,0,0;
3.03, 0.912701,-0.282543,-0.244494,0,0,0,0;
3.04, 0.135899,-0.262128,-0.315917,0,0,0,0;
3.05, 0.0748859,-0.237736,-0.1774,0,0,0,0;
3.06, 0.626126,-0.257415,-0.0904725,0,0,0,0;
3.07, 0.0174641,-0.218928,-0.0484338,0,0,0,0;
3.08, -0.69804,-0.2405,-0.0139508,0,0,0,0;
3.09, 1.00684,-0.25794,-0.0618267,0,0,0,0;
3.1, 0.327925,-0.246768,-0.146397,0,0,0,0;
3.11, 0.438179,-0.239364,-0.14279,0,0,0,0;
3.12, 0.401753,-0.308019,-0.163757,0,0,0,0;
3.13, -0.207162,-0.237135,-0.171338,0,0,0,0;
3.14, 0.151073,-0.232629,-0.0778985,0,0,0,0;
3.15, 0.584861,-0.296367,-0.0354919,0,0,0,0;
3.16, -0.324888,-0.280651,-0.156003,0,0,0,0;
3.17, 0.496997,-0.20599,-0.144345,0,0,0,0;
3.18, 0.182376,-0.154028,-0.0656786,0,0,0,0;
3.19, -0.0477201,-0.376413,-0.129031,0,0,0,0;
3.2, 0.660433,-0.338635,-0.157981,0,0,0,0;
3.21, 0.626525,-0.129161,-0.136509,0,0,0,0;
3.22, -0.312198,-0.308131,-0.11282,0,0,0,0;
3.23, -0.643145,-0.22775,-0.0805335,0,0,0,0;
3.24, 1.06957,-0.145593,-0.145455,0,0,0,0;
3.25, -0.266751,-0.200487,-0.18707,0,0,0,0;
3.26, 0.928956,-0.498008,-0.0255826,0,0,0,0;
3.27, -0.307831,-0.208919,-0.0105948,0,0,0,0;
3.28, 0.471684,-0.201033,-0.127948,0,0,0,0;
3.29, 0.487349,-0.261958,-0.269659,0,0,0,0;
3.3, 0.0702578,-0.413108,-0.115318,0,0,0,0;
3.31, 0.665792,-0.132552,-0.0234311,0,0,0,0;
3.32, 0.816853,0.0421744,-0.0707216,0,0,0,0;
3.33, -0.637585,-0.359037,-0.071161,0,0,0,0;
3.34, -1.12266,-0.489933,-0.195806,0,0,0,0;
3.35, 1.76318,-0.422063,-0.199807,0,0,0,0;
3.36, 1.51873,0.00968449,-0.190215,0,0,0,0;
3.37, -2.84768,-0.209432,-0.173116,0,0,0,0;
3.38, 0.837266,-0.333574,-0.0195458,0,0,0,0;
3.39, -0.57998,-0.245318,0.202551,0,0,0,0;
3.4, 1.75154,-0.248499,-0.143786,0,0,0,0;
3.41, 1.014,-0.0889919,-0.490654,0,0,0,0;
3.42, -1.50708,-0.230657,-0.173199,0,0,0,0;
3.43, 1.97828,-0.433192,-0.0158579,0,0,0,0;
3.44, -0.0820277,-0.434637,-0.13168,0,0,0,0;
3.45, -0.614771,-0.304547,-0.10056,0,0,0,0;
3.46, 1.36893,0.0541112,0.0647442,0,0,0,0;
3.47, 0.414937,0.0223854,0.0970883,0,0,0,0;
3.48, -1.68298,-0.43676,-0.157367,0,0,0,0;
3.49, -0.431782,-0.437802,-0.153634,0,0,0,0;
3.5, 1.69439,-0.203774,-0.240006,0,0,0,0;
3.51, 0.653901,-0.407898,-0.547547,0,0,0,0;
3.52, 0.721018,-0.117294,-0.256585,0,0,0,0;
3.53, -0.49847,-0.160896,0.0140026,0,0,0,0;
3.54, -0.307167,-0.283111,0.15315,0,0,0,0;
3.55, 0.22135,-0.278452,0.199656,0,0,0,0;
3.56, -0.0597736,-0.375081,-0.0291672,0,0,0,0;
3.57, 0.676073,-0.0970577,-0.146698,0,0,0,0;
3.58, 0.37359,-0.338184,-0.43234,0,0,0,0;
3.59, -0.225942,-0.251109,-0.329727,0,0,0,0;
3.6, 0.938735,-0.160991,-0.0995324,0,0,0,0;
3.61, 1.23087,-0.129378,0.00315619,0,0,0,0;
3.62, -0.646797,-0.40847,0.00787282,0,0,0,0;
3.63, -0.0321021,-0.228254,-0.0236816,0,0,0,0;
3.64, -0.305459,-0.326587,-0.0818267,0,0,0,0;
3.65, 0.103365,-0.372063,-0.190453,0,0,0,0;
3.66, 0.357471,-0.215844,-0.245937,0,0,0,0;
3.67, 0.286168,-0.0041724,-0.237192,0,0,0,0;
3.68, 0.545292,-0.186262,-0.173701,0,0,0,0;
3.69, 0.456251,-0.462856,-0.0663998,0,0,0,0;
3.7, 0.716706,-0.267475,0.0221751,0,0,0,0;
3.71, 0.0194115,-0.236833,0.023392,0,0,0,0;
3.72, -0.966772,-0.259451,-0.0694518,0,0,0,0;
3.73, 0.151009,-0.178307,-0.139933,0,0,0,0;
3.74, 0.266084,-0.280503,-0.212062,0,0,0,0;
3.75, 1.24927,-0.275562,-0.280516,0,0,0,0;
3.76, 0.912817,-0.307119,-0.188435,0,0,0,0;
3.77, -0.638682,-0.181875,-0.0361664,0,0,0,0;
3.78, 0.21487,-0.195652,-0.00692916,0,0,0,0;
3.79, 0.274791,-0.318179,0.00864911,0,0,0,0;
3.8, -0.437704,-0.291782,-0.0726776,0,0,0,0;
3.81, 0.387662,-0.22731,-0.151149,0,0,0,0;
3.82, 0.511243,-0.255685,-0.236818,0,0,0,0;
3.83, -0.026873,-0.306243,-0.223319,0,0,0,0;
3.84, 0.112982,-0.30044,-0.144837,0,0,0,0;
3.85, 0.429617,-0.14331,-0.0347009,0,0,0,0;
3.86, 0.551431,-0.217827,-0.102997,0,0,0,0;
3.87, 0.0690339,-0.252963,-0.0828481,0,0,0,0;
3.88, -0.367465,-0.263148,-0.117205,0,0,0,0;
3.89, 0.4361,-0.325749,-0.0927842,0,0,0,0;
3.9, 1.1761,-0.297937,-0.067831,0,0,0,0;
3.91, -1.22965,-0.175679,-0.109302,0,0,0,0;
3.92, 0.894398,-0.277365,-0.166499,0,0,0,0;
3.93, 0.627915,-0.228535,-0.188465,0,0,0,0;
3.94, 0.67596,-0.120405,-0.0568788,0,0,0,0;
3.95, 0.315934,-0.376759,-0.0934997,0,0,0,0;
3.96, -0.873267,-0.15147,-0.103106,0,0,0,0;
3.97, -0.364452,-0.419667,-0.0275321,0,0,0,0;
3.98, 0.470112,-0.211179,-0.132485,0,0,0,0;
3.99, 0.492638,-0.212082,-0.287354,0,0,0,0;
4, 0.921416,-0.330903,-0.234079,0,0,0,0;
4.01, -0.251978,-0.29363,-0.0745099,0,0,0,0;
4.02, 0.00907868,-0.258537,-0.0269063,0,0,0,0;
4.03, 0.808343,-0.171087,0.061059,0,0,0,0;
4.04, -0.814932,-0.122355,-0.0170462,0,0,0,0;
4.05, 0.953074,-0.476055,-0.238086,0,0,0,0;
4.06, 0.995315,-0.0884327,-0.187183,0,0,0,0;
4.07, -0.558603,-0.230734,-0.257081,0,0,0,0;
4.08, 0.782,-0.663236,-0.141989,0,0,0,0;
4.09, -0.414907,0.0599107,-0.00812221,0,0,0,0;
4.1, 0.327802,-0.0653661,-0.0474608,0,0,0,0;
4.11, -0.611118,-0.298664,0.0371087,0,0,0,0;
4.12, 0.15912,-0.586057,-0.139651,0,0,0,0;
4.13, -0.0977394,-0.408881,-0.416543,0,0,0,0;
4.14, 0.376819,-0.00649759,-0.257423,0,0,0,0;
4.15, 1.34507,0.0768501,-0.120623,0,0,0,0;
4.16, 0.949276,-0.0330118,0.0146265,0,0,0,0;
4.17, -0.217392,-0.439645,0.155524,0,0,0,0;
4.18, 0.575415,-0.447881,0.0558698,0,0,0,0;
4.19, -0.142976,-0.585028,0.045321,0,0,0,0;
4.2, -0.172087,-0.203731,-0.23931,0,0,0,0;
4.21, 0.493729,-0.238149,-0.36102,0,0,0,0;
4.22, -0.794054,-0.162591,-0.493927,0,0,0,0;
4.23, -0.332854,0.00384814,-0.243165,0,0,0,0;
4.24, 0.80903,-0.179847,-0.00203252,0,0,0,0;
4.25, 1.20812,-0.330418,-0.016283,0,0,0,0;
4.26, 0.879852,-0.43653,0.11985,0,0,0,0;
4.27, -0.545408,-0.236854,0.236343,0,0,0,0;
4.28, -0.363678,-0.427305,-0.070364,0,0,0,0;
4.29, 0.516915,-0.226334,-0.44892,0,0,0,0;
4.3, -0.557688,0.0839698,-0.342212,0,0,0,0;
4.31, 0.501914,-0.19641,-0.155832,0,0,0,0;
4.32, 1.35495,-0.333706,-0.140301,0,0,0,0;
4.33, -0.894231,-0.432534,-0.0628195,0,0,0,0;
4.34, -0.154927,-0.18845,0.119497,0,0,0,0;
4.35, 1.54061,-0.358112,-0.0860076,0,0,0,0;
4.36, -0.347828,-0.109564,-0.194311,0,0,0,0;
4.37, 1.00985,-0.209135,-0.0429132,0,0,0,0;
4.38, -0.044765,-0.397355,-0.138602,0,0,0,0;
4.39, -0.259713,-0.319561,-0.138356,0,0,0,0;
4.4, -0.0991923,-0.257396,-0.133832,0,0,0,0;
4.41, 0.091247,-0.050589,-0.212677,0,0,0,0;
4.42, 0.494717,-0.220867,-0.204398,0,0,0,0;
4.43, 0.655374,-0.381018,-0.0730319,0,0,0,0;
4.44, -0.131507,-0.274842,-0.117246,0,0,0,0;
4.45, -0.683793,-0.201643,-0.0717444,0,0,0,0;
4.46, 0.877669,-0.2059,0.0226107,0,0,0,0;
4.47, 1.11581,-0.151972,-0.0710113,0,0,0,0;
4.48, -0.224356,-0.340857,-0.157039,0,0,0,0;
4.49, 0.267004,-0.341359,-0.126138,0,0,0,0;
4.5, 0.029577,-0.300719,-0.173756,0,0,0,0;
4.51, 0.26933,-0.275794,-0.125235,0,0,0,0;
4.52, -0.196717,-0.116458,-0.0710585,0,0,0,0;
4.53, 0.235486,-0.360961,-0.136113,0,0,0,0;
4.54, 0.473367,-0.296754,-0.181826,0,0,0,0;
4.55, 0.256445,-0.0922025,-0.139528,0,0,0,0;
4.56, 0.345149,-0.31697,-0.0725608,0,0,0,0;
4.57, 0.0896894,-0.287054,-0.0116458,0,0,0,0;
4.58, 0.137126,-0.220684,-0.096436,0,0,0,0;
4.59, 0.223873,-0.148687,-0.0777597,0,0,0,0;
4.6, 0.239355,-0.264228,-0.199503,0,0,0,0;
4.61, 0.238697,-0.335663,-0.150106,0,0,0,0;
4.62, 0.801652,-0.241191,-0.206306,0,0,0,0;
4.63, -0.449202,-0.233936,-0.112209,0,0,0,0;
4.64, 0.366933,-0.402165,0.0166097,0,0,0,0;
4.65, 0.543608,-0.225989,-0.0162764,0,0,0,0;
4.66, -0.397965,-0.00649822,-0.149456,0,0,0,0;
4.67, -0.188503,-0.301023,-0.2295,0,0,0,0;
4.68, 0.923205,-0.530647,-0.112971,0,0,0,0;
4.69, -0.22683,-0.340344,-0.122559,0,0,0,0;
4.7, -0.249212,-0.0803088,-0.0873127,0,0,0,0;
4.71, 0.946482,-0.189442,-0.179612,0,0,0,0;
4.72, 0.731169,-0.308052,-0.018358,0,0,0,0;
4.73, 0.271076,-0.136116,-0.040484,0,0,0,0;
4.74, 0.102918,-0.0831502,-0.124014,0,0,0,0;
4.75, -0.217845,-0.276721,-0.174166,0,0,0,0;
4.76, 0.285696,-0.566085,-0.179577,0,0,0,0;
4.77, 0.512141,-0.420459,-0.135744,0,0,0,0;
4.78, -0.70757,-0.0163325,-0.0697582,0,0,0,0;
4.79, 0.0194961,-0.0925542,0.0103934,0,0,0,0;
4.8, 1.15517,-0.39535,-0.129798,0,0,0,0;
4.81, 0.304584,-0.375672,-0.191275,0,0,0,0;
4.82, -0.692232,-0.0468037,-0.18609,0,0,0,0;
4.83, 0.709045,-0.243881,-0.1324,0,0,0,0;
4.84, 0.215829,-0.385435,-0.124517,0,0,0,0;
4.85, 0.838191,-0.161208,-0.0627902,0,0,0,0;
4.86, -0.0267545,-0.260038,-0.0108745,0,0,0,0;
4.87, 0.395283,-0.322325,-0.107426,0,0,0,0;
4.88, -0.911866,-0.331111,-0.0959506,0,0,0,0;
4.89, 1.1921,-0.181109,-0.0697296,0,0,0,0;
4.9, 1.22375,0.00250053,-0.139872,0,0,0,0;
4.91, -1.4185,-0.414491,-0.31928,0,0,0,0;
4.92, 0.544534,-0.261339,-0.147748,0,0,0,0;
4.93, -0.410112,-0.416065,0.120841,0,0,0,0;
4.94, -0.0234062,-0.0655901,-0.0365331,0,0,0,0;
4.95, 0.779177,-0.230637,-0.264516,0,0,0,0;
4.96, 0.522885,-0.527247,-0.240238,0,0,0,0;
4.97, -0.10947,-0.23495,-0.144964,0,0,0,0;
4.98, 0.443165,-0.103652,-0.110241,0,0,0,0;
4.99, 0.00058803,-0.078483,-0.0527751,0,0,0,0;
5, 1.05943,-0.382587,-0.0247633,0,0,0,0;
5.01, 0.100341,-0.258973,-0.0199468,0,0,0,0;
5.02, 0.0204956,-0.328331,-0.205034,0,0,0,0;
5.03, -0.221039,-0.237941,-0.0601676,0,0,0,0;
5.04, 0.853731,-0.0514394,-0.0190065,0,0,0,0;
5.05, -0.288396,-0.442661,-0.125636,0,0,0,0;
5.06, 0.11961,-0.341703,-0.289795,0,0,0,0;
5.07, 0.603865,-0.0676214,-0.187597,0,0,0,0;
5.08, -0.796554,-0.229417,-0.216976,0,0,0,0;
5.09, 0.306695,-0.315024,-0.190614,0,0,0,0;
5.1, 1.18518,-0.298121,0.0383265,0,0,0,0;
5.11, 0.0591245,-0.258113,0.128144,0,0,0,0;
5.12, -0.768688,-0.328453,0.0602648,0,0,0,0;
5.13, 0.488862,-0.152683,-0.0766246,0,0,0,0;
5.14, 1.31567,-0.122796,-0.316434,0,0,0,0;
5.15, -0.146,-0.260951,-0.373892,0,0,0,0;
5.16, 0.436648,-0.330001,-0.232616,0,0,0,0;
5.17, -0.0642744,-0.461876,-0.0389733,0,0,0,0;
5.18, 0.0685029,-0.13547,0.0963259,0,0,0,0;
5.19, -0.906293,-0.207103,0.00756979,0,0,0,0;
5.2, 0.981223,-0.195437,-0.0762105,0,0,0,0;
5.21, 1.01015,-0.310681,-0.179669,0,0,0,0;
5.22, 0.693015,-0.183704,-0.159665,0,0,0,0;
5.23, 0.166996,-0.2441,-0.17995,0,0,0,0;
5.24, -0.894187,-0.378894,-0.13031,0,0,0,0;
5.25, -0.578765,-0.202922,-0.105759,0,0,0,0;
5.26, 0.308145,-0.17401,-0.165182,0,0,0,0;
5.27, 0.95501,-0.377531,-0.132387,0,0,0,0;
5.28, -0.488192,-0.273359,-0.122098,0,0,0,0;
5.29, 0.627917,-0.199573,-0.034903,0,0,0,0;
5.3, 1.05037,-0.21575,0.00629473,0,0,0,0;
5.31, 1.06636,-0.263853,-0.102409,0,0,0,0;
5.32, -0.453148,-0.293682,-0.10267,0,0,0,0;
5.33, -0.709914,-0.227336,-0.119463,0,0,0,0;
5.34, -0.568637,-0.198653,-0.126079,0,0,0,0;
5.35, 1.06127,-0.236945,-0.180783,0,0,0,0;
5.36, 0.935546,-0.364976,-0.280006,0,0,0,0;
5.37, -0.382391,-0.262753,-0.131678,0,0,0,0;
5.38, 0.217319,-0.306883,-0.00433898,0,0,0,0;
5.39, 0.477478,-0.172604,-0.034899,0,0,0,0;
5.4, -0.385998,-0.220714,-0.100391,0,0,0,0;
5.41, 0.236249,-0.218285,0.0161772,0,0,0,0;
5.42, 0.487695,-0.244431,-0.107858,0,0,0,0;
5.43, 0.688837,-0.195437,-0.166726,0,0,0,0;
5.44, -0.506658,-0.260572,-0.209362,0,0,0,0;
5.45, 0.672072,-0.442705,-0.194737,0,0,0,0;
5.46, 0.965008,-0.269177,-0.234097,0,0,0,0;
5.47, -0.894239,-0.0680748,-0.00446939,0,0,0,0;
5.48, 0.644564,-0.214044,0.109304,0,0,0,0;
5.49, 0.349994,-0.446398,-0.0515857,0,0,0,0;
5.5, -1.22157,-0.404854,-0.24562,0,0,0,0;
5.51, 0.62469,-0.0845332,-0.02946,0,0,0,0;
5.52, 0.919471,-0.0793547,-0.202188,0,0,0,0;
5.53, 0.049661,-0.401596,-0.259007,0,0,0,0;
5.54, -0.259104,-0.330125,-0.109768,0,0,0,0;
5.55, 0.848809,-0.156635,-0.0987031,0,0,0,0;
5.56, 0.635166,-0.315238,-0.0160551,0,0,0,0;
5.57, 0.115945,-0.177261,-0.00032711,0,0,0,0;
5.58, 0.260063,0.0590376,-0.0418441,0,0,0,0;
5.59, -0.41011,-0.405786,-0.24373,0,0,0,0;
5.6, -0.430976,-0.287623,-0.117055,0,0,0,0;
5.61, 0.555852,-0.43184,-0.122298,0,0,0,0;
5.62, 0.717051,-0.546663,-0.346608,0,0,0,0;
5.63, 0.807275,-0.155812,-0.226096,0,0,0,0;
5.64, -0.738924,0.0888051,0.175728,0,0,0,0;
5.65, -0.270653,-0.17117,0.173279,0,0,0,0;
5.66, 0.514041,-0.317201,-0.0161285,0,0,0,0;
5.67, 0.265705,-0.406483,-0.314032,0,0,0,0;
5.68, 1.58331,-0.0990522,-0.255731,0,0,0,0;
5.69, -0.0935172,-0.267508,-0.314239,0,0,0,0;
5.7, 0.0568508,-0.504893,-0.0987921,0,0,0,0;
5.71, -0.529646,-0.0720022,0.0409284,0,0,0,0;
5.72, 0.180545,-0.364415,0.00976038,0,0,0,0;
5.73, 0.535953,-0.296646,0.0120025,0,0,0,0;
5.74, -0.169243,-0.105407,-0.14793,0,0,0,0;
5.75, -0.339689,-0.163555,-0.13886,0,0,0,0;
5.76, 0.699534,-0.359653,-0.246222,0,0,0,0;
5.77, 0.482336,-0.244862,-0.313329,0,0,0,0;
5.78, 0.712863,-0.322264,-0.179617,0,0,0,0;
5.79, -0.386976,-0.464533,-0.0559912,0,0,0,0;
5.8, -1.50453,-0.00932331,0.00460172,0,0,0,0;
5.81, 1.54293,-0.0230154,-0.00274515,0,0,0,0;
5.82, 1.32651,-0.351569,-0.013891,0,0,0,0;
5.83, 0.680595,-0.228769,0.0378218,0,0,0,0;
5.84, -0.361742,-0.346099,-0.149903,0,0,0,0;
5.85, -0.456111,-0.442799,-0.274844,0,0,0,0;
5.86, 0.246779,-0.176364,-0.182991,0,0,0,0;
5.87, 0.800197,0.0073255,-0.110532,0,0,0,0;
5.88, 0.369002,-0.250251,-0.108653,0,0,0,0;
5.89, -1.02086,-0.288473,-0.116545,0,0,0,0;
5.9, 0.436556,-0.342123,-0.112917,0,0,0,0;
5.91, 0.26265,-0.378483,-0.083147,0,0,0,0;
5.92, 0.0222927,-0.285655,-0.107378,0,0,0,0;
5.93, 0.608635,-0.177572,-0.0883877,0,0,0,0;
5.94, 0.624872,-0.264809,-0.151873,0,0,0,0;
5.95, -0.117095,-0.176066,-0.0764611,0,0,0,0;
5.96, -1.07364,-0.164542,-0.0518997,0,0,0,0;
5.97, 1.44615,-0.31763,-0.14216,0,0,0,0;
5.98, 0.88446,-0.208655,-0.215064,0,0,0,0;
5.99, -0.0798591,-0.326217,-0.100406,0,0,0,0;
6, -0.480413,-0.283183,-0.0262136,0,0,0,0;
6.01, 0.377198,-0.371737,-0.0963945,0,0,0,0;
6.02, 0.254094,-0.282305,-0.115425,0,0,0,0;
6.03, 0.226034,-0.0183461,-0.0851176,0,0,0,0;
6.04, 0.0450002,-0.220598,-0.129079,0,0,0,0;
6.05, 0.16853,-0.26048,-0.163757,0,0,0,0;
6.06, 0.913157,-0.224633,-0.101294,0,0,0,0;
6.07, 0.342069,-0.349401,-0.209046,0,0,0,0;
6.08, -0.0572595,-0.344411,-0.0756834,0,0,0,0;
6.09, -0.815083,-0.277294,0.00602245,0,0,0,0;
6.1, 0.231243,-0.229981,0.0349793,0,0,0,0;
6.11, 0.354066,-0.201839,-0.146835,0,0,0,0;
6.12, 0.495828,-0.22733,-0.324199,0,0,0,0;
6.13, 0.0634971,-0.262161,-0.260726,0,0,0,0;
6.14, 0.655724,-0.0777051,-0.0242808,0,0,0,0;
6.15, 0.227661,-0.338594,0.0266643,0,0,0,0;
6.16, 0.960277,-0.336422,-0.012979,0,0,0,0;
6.17, 0.40772,-0.189591,-0.0894136,0,0,0,0;
6.18, -1.37057,-0.233261,-0.0916567,0,0,0,0;
6.19, 0.792583,-0.333043,-0.0527365,0,0,0,0;
6.2, 0.0338414,-0.365217,-0.283912,0,0,0,0;
6.21, -0.191481,-0.128744,-0.193243,0,0,0,0;
6.22, 0.429547,-0.331189,-0.0988212,0,0,0,0;
6.23, 0.145254,-0.361841,-0.178193,0,0,0,0;
6.24, -0.122675,0.0157149,-0.0991483,0,0,0,0;
6.25, 1.50533,-0.190218,0.0103376,0,0,0,0;
6.26, -0.829089,-0.302147,-0.0417087,0,0,0,0;
6.27, -0.604376,-0.246916,-0.0303202,0,0,0,0;
6.28, 1.42784,-0.291994,-0.140669,0,0,0,0;
6.29, 0.198792,-0.373622,-0.287267,0,0,0,0;
6.3, 0.0760438,-0.423274,-0.197659,0,0,0,0;
6.31, 1.10395,-0.200896,-0.0211544,0,0,0,0;
6.32, 0.600532,0.00534737,-0.0238326,0,0,0,0;
6.33, -0.100993,-0.0967906,0.124475,0,0,0,0;
6.34, -1.16361,-0.430372,-0.158299,0,0,0,0;
6.35, 0.0720781,-0.346982,-0.24279,0,0,0,0;
6.36, 0.2537,-0.27276,-0.128518,0,0,0,0;
6.37, -0.516158,-0.236631,-0.317409,0,0,0,0;
6.38, 0.530539,-0.406241,-0.0429006,0,0,0,0;
6.39, 1.09262,-0.0160663,-0.160982,0,0,0,0;
6.4, 0.904123,0.0467307,-0.158101,0,0,0,0;
6.41, -0.0461829,-0.526803,0.0326042,0,0,0,0;
6.42, -0.496582,-0.226936,0.0713849,0,0,0,0;
6.43, 1.22336,-0.354564,0.0376971,0,0,0,0;
6.44, 0.320203,-0.253309,-0.140771,0,0,0,0;
6.45, -0.684124,-0.376041,-0.18809,0,0,0,0;
6.46, -0.445001,-0.281455,-0.289735,0,0,0,0;
6.47, -0.0792025,-0.106177,-0.366783,0,0,0,0;
6.48, 1.02753,-0.266935,-0.0956852,0,0,0,0;
6.49, -0.848986,-0.0992818,0.0072999,0,0,0,0;
6.5, 1.29643,-0.218334,0.0818791,0,0,0,0;
6.51, 0.754163,-0.405518,0.0818551,0,0,0,0;
6.52, -0.0518367,-0.135946,-0.00880933,0,0,0,0;
6.53, -0.549199,-0.359894,-0.318157,0,0,0,0;
6.54, 0.537222,-0.310717,-0.325031,0,0,0,0;
6.55, 1.3692,-0.0945743,-0.219068,0,0,0,0;
6.56, -0.610443,-0.480958,-0.0314407,0,0,0,0;
6.57, 0.393894,-0.18389,0.0441167,0,0,0,0;
6.58, 0.32427,-0.205194,-0.0107861,0,0,0,0;
6.59, -1.09402,-0.107004,-0.0616179,0,0,0,0;
6.6, 0.885462,-0.184181,-0.0471473,0,0,0,0;
6.61, 0.550861,-0.290263,-0.353003,0,0,0,0;
6.62, -0.173916,-0.277424,-0.220633,0,0,0,0;
6.63, -0.428912,-0.401174,-0.0987136,0,0,0,0;
6.64, 0.246547,-0.24366,-0.0653677,0,0,0,0;
6.65, 0.423935,-0.389981,-0.0699694,0,0,0,0;
6.66, 1.2289,-0.121722,-0.0631101,0,0,0,0;
6.67, -0.160811,-0.210981,-0.004457,0,0,0,0;
6.68, 0.546094,-0.265033,-0.0879736,0,0,0,0;
6.69, 0.742692,-0.189204,-0.20152,0,0,0,0;
6.7, -1.05247,-0.169326,-0.0657902,0,0,0,0;
6.71, 0.354726,-0.386786,-0.16555,0,0,0,0;
6.72, 0.155029,-0.233599,-0.259705,0,0,0,0;
6.73, -0.677674,-0.389828,-0.146361,0,0,0,0;
6.74, 0.47378,-0.225339,-0.00426698,0,0,0,0;
6.75, 1.50044,-0.00746503,0.123057,0,0,0,0;
6.76, -0.751693,-0.320456,-0.0352204,0,0,0,0;
6.77, 0.901173,-0.352201,-0.157531,0,0,0,0;
6.78, 0.610165,-0.278071,-0.280437,0,0,0,0;
6.79, -0.0641286,-0.0939878,-0.233413,0,0,0,0;
6.8, -0.894094,-0.23781,-0.134428,0,0,0,0;
6.81, 0.0253137,-0.381555,0.0244505,0,0,0,0;
6.82, -0.168092,-0.235678,0.0207779,0,0,0,0;
6.83, 1.56651,-0.265438,-0.192055,0,0,0,0;
6.84, 0.182155,-0.268917,-0.137799,0,0,0,0;
6.85, 0.357919,-0.24772,-0.126319,0,0,0,0;
6.86, 0.468973,-0.0802579,-0.054666,0,0,0,0;
6.87, -0.180888,-0.252155,-0.0404775,0,0,0,0;
6.88, -0.42386,-0.415997,-0.159012,0,0,0,0;
6.89, 0.362467,-0.249169,-0.0320866,0,0,0,0;
6.9, -0.0572038,-0.403329,-0.211782,0,0,0,0;
6.91, 0.183054,-0.158465,-0.198079,0,0,0,0;
6.92, 0.849112,-0.0145237,-0.0763929,0,0,0,0;
6.93, 0.0227066,-0.227024,-0.0610502,0,0,0,0;
6.94, 0.480668,-0.355971,-0.0312545,0,0,0,0;
6.95, 0.433752,-0.221758,-0.0494812,0,0,0,0;
6.96, -0.798172,-0.325423,-0.109498,0,0,0,0;
6.97, 0.394502,-0.352606,-0.190006,0,0,0,0;
6.98, -0.204284,-0.257912,-0.183233,0,0,0,0;
6.99, 1.01722,-0.249555,-0.149024,0,0,0,0;
7, 0.286869,-0.248597,-0.117132,0,0,0,0;
7.01, 0.24589,-0.109208,-0.122218,0,0,0,0;
7.02, 0.0716451,-0.246403,0.0265939,0,0,0,0;
7.03, -0.243492,-0.267224,-0.0006845,0,0,0,0;
7.04, 0.24327,-0.305853,-0.0542293,0,0,0,0;
7.05, -0.330322,-0.174871,-0.169744,0,0,0,0;
7.06, 1.0642,-0.247859,-0.229451,0,0,0,0;
7.07, 0.949036,-0.314694,-0.211504,0,0,0,0;
7.08, -0.337143,-0.177128,-0.0599136,0,0,0,0;
7.09, -0.832945,-0.301978,-0.103533,0,0,0,0;
7.1, 0.396478,-0.492456,-0.0697653,0,0,0,0;
7.11, 0.98794,-0.0822953,0.042233,0,0,0,0;
7.12, 0.334756,-0.137005,-0.107618,0,0,0,0;
7.13, 0.22243,-0.196661,-0.217315,0,0,0,0;
7.14, -0.011421,-0.353797,-0.0682626,0,0,0,0;
7.15, -0.841864,-0.311839,-0.100051,0,0,0,0;
7.16, 1.5249,-0.209209,-0.210285,0,0,0,0;
7.17, -1.10381,-0.376695,-0.178578,0,0,0,0;
7.18, 0.787401,-0.0417318,-0.015928,0,0,0,0;
7.19, 1.4888,-0.0473595,-0.0693667,0,0,0,0;
7.2, -1.20689,-0.470832,-0.0267169,0,0,0,0;
7.21, 0.428044,-0.353232,-0.038064,0,0,0,0;
7.22, -0.508588,-0.371448,-0.063931,0,0,0,0;
7.23, 0.385452,-0.0603915,-0.226901,0,0,0,0;
7.24, 1.73956,-0.0268527,-0.302716,0,0,0,0;
7.25, -0.604615,-0.395775,-0.207367,0,0,0,0;
7.26, 0.173781,-0.317478,0.0532455,0,0,0,0;
7.27, 0.397719,-0.249615,0.0894122,0,0,0,0;
7.28, 0.0224631,-0.51252,0.0645046,0,0,0,0;
7.29, -0.386894,-0.138472,-0.108581,0,0,0,0;
7.3, -0.298542,-0.0412745,-0.236841,0,0,0,0;
7.31, 0.920499,-0.448998,-0.485493,0,0,0,0;
7.32, 0.136758,-0.0716227,-0.292266,0,0,0,0;
7.33, 0.0148745,-0.240394,0.0966754,0,0,0,0;
7.34, 1.10661,-0.296679,0.0802517,0,0,0,0;
7.35, 1.1915,-0.363347,0.043355,0,0,0,0;
7.36, -1.0236,-0.146855,0.0440407,0,0,0,0;
7.37, -0.727979,-0.0771117,-0.17632,0,0,0,0;
7.38, 0.157842,-0.298872,-0.169184,0,0,0,0;
7.39, 0.719116,-0.264279,-0.302811,0,0,0,0;
7.4, 0.161721,-0.341786,-0.291831,0,0,0,0;
7.41, 0.321591,-0.345065,-0.0346804,0,0,0,0;
7.42, -0.596989,-0.229277,0.0628259,0,0,0,0;
7.43, 0.816509,-0.228029,0.0896349,0,0,0,0;
7.44, 1.96101,-0.182302,-0.144603,0,0,0,0;
7.45, -1.10491,-0.249017,-0.248799,0,0,0,0;
7.46, 0.640886,-0.241996,-0.084496,0,0,0,0;
7.47, -0.493494,-0.317833,-0.129292,0,0,0,0;
7.48, -0.0953943,-0.179453,-0.0277586,0,0,0,0;
7.49, 0.852596,-0.374094,-0.17745,0,0,0,0;
7.5, 0.0371853,-0.195908,-0.176206,0,0,0,0;
7.51, -0.0986534,-0.13762,-0.0738974,0,0,0,0;
7.52, -0.262322,-0.298849,-0.0867822,0,0,0,0;
7.53, -0.122501,-0.214384,0.0294976,0,0,0,0;
7.54, 0.756402,-0.274246,-0.172646,0,0,0,0;
7.55, 0.801905,-0.270169,-0.20723,0,0,0,0;
7.56, 0.0976694,-0.212698,-0.144591,0,0,0,0;
7.57, -0.655331,-0.400051,-0.0460942,0,0,0,0;
7.58, 0.976062,-0.279047,-0.0486178,0,0,0,0;
7.59, 1.1325,-0.0040597,0.0104775,0,0,0,0;
7.6, 0.230694,-0.24025,-0.0624423,0,0,0,0;
7.61, -1.73044,-0.349223,-0.177874,0,0,0,0;
7.62, 0.322769,-0.220505,-0.129175,0,0,0,0;
7.63, 0.742466,-0.189143,-0.12627,0,0,0,0;
7.64, 0.463935,-0.408286,-0.209103,0,0,0,0;
7.65, 0.349316,-0.205188,-0.200747,0,0,0,0;
7.66, 1.10842,-0.1877,-0.102189,0,0,0,0;
7.67, -0.509486,-0.28965,0.0377705,0,0,0,0;
7.68, -0.554318,-0.235284,0.083225,0,0,0,0;
7.69, -0.175873,-0.181645,-0.0507121,0,0,0,0;
7.7, 0.0137099,-0.275925,-0.198685,0,0,0,0;
7.71, 0.627755,-0.407699,-0.276411,0,0,0,0;
7.72, 0.661168,-0.295957,-0.286413,0,0,0,0;
7.73, -0.11907,-0.123414,-0.10101,0,0,0,0;
7.74, 0.538282,-0.168898,0.0487535,0,0,0,0;
7.75, 0.470959,-0.377437,0.0325403,0,0,0,0;
7.76, -0.0737308,-0.224009,-0.00122809,0,0,0,0;
7.77, 0.301267,-0.183695,-0.0666013,0,0,0,0;
7.78, -0.511959,-0.266574,-0.202523,0,0,0,0;
7.79, 0.322384,-0.211968,-0.217238,0,0,0,0;
7.8, 0.713168,-0.289956,-0.227755,0,0,0,0;
7.81, 0.54954,-0.101429,-0.202642,0,0,0,0;
7.82, -0.155934,-0.142868,0.0891798,0,0,0,0;
7.83, -0.602219,-0.4853,0.116082,0,0,0,0;
7.84, 0.384763,-0.208696,-0.0575845,0,0,0,0;
7.85, 0.819934,-0.365269,-0.1818,0,0,0,0;
7.86, 0.350594,-0.204945,-0.272077,0,0,0,0;
7.87, -0.24688,-0.213404,-0.191591,0,0,0,0;
7.88, 0.262778,-0.354766,-0.125679,0,0,0,0;
7.89, 0.24832,-0.236337,-0.0126736,0,0,0,0;
7.9, -0.135102,0.00897808,-0.0577364,0,0,0,0;
7.91, 0.785217,-0.258124,-0.0345867,0,0,0,0;
7.92, 0.258616,-0.448018,-0.0671501,0,0,0,0;
7.93, -0.407178,-0.228731,-0.0348086,0,0,0,0;
7.94, 0.209607,-0.275824,-0.146131,0,0,0,0;
7.95, 0.219245,-0.334714,-0.189446,0,0,0,0;
7.96, 0.23274,-0.148718,-0.360844,0,0,0,0;
7.97, 0.693795,-0.292641,-0.195839,0,0,0,0;
7.98, -0.0184857,-0.0111841,0.00757837,0,0,0,0;
7.99, -0.154758,-0.314234,0.0912125,0,0,0,0;
8, -0.419349,-0.444216,0.0479021,0,0,0,0;
8.01, 1.27407,-0.00242402,0.0593507,0,0,0,0;
8.02, -0.218353,-0.242068,-0.171525,0,0,0,0;
8.03, 0.96997,-0.388212,-0.328987,0,0,0,0;
8.04, -1.03563,-0.363884,-0.273958,0,0,0,0;
8.05, 0.745449,-0.00685984,-0.114708,0,0,0,0;
8.06, 0.35243,-0.431275,-0.120601,0,0,0,0;
8.07, 0.600686,-0.147686,-0.00340652,0,0,0,0;
8.08, -0.573962,-0.168917,0.0545154,0,0,0,0;
8.09, -0.0596476,-0.234985,0.0556116,0,0,0,0;
8.1, 1.06275,-0.280812,-0.15345,0,0,0,0;
8.11, -0.203069,-0.308649,-0.265604,0,0,0,0;
8.12, -0.0117071,-0.4281,-0.151026,0,0,0,0;
8.13, -0.225691,-0.196511,-0.129447,0,0,0,0;
8.14, -0.0789406,-0.161269,-0.0935378,0,0,0,0;
8.15, 1.29208,-0.358821,-0.0319459,0,0,0,0;
8.16, 0.934885,-0.121475,-0.0816014,0,0,0,0;
8.17, -0.785581,-0.151949,-0.17865,0,0,0,0;
8.18, 0.214782,-0.268827,-0.00317478,0,0,0,0;
8.19, 0.662515,-0.286845,-0.168004,0,0,0,0;
8.2, 0.0249447,-0.164666,-0.13965,0,0,0,0;
8.21, -0.254903,-0.21735,-0.103542,0,0,0,0;
8.22, 0.207898,-0.374455,-0.0584619,0,0,0,0;
8.23, 0.429417,-0.263003,-0.072448,0,0,0,0;
8.24, -0.435136,-0.196843,-0.0842841,0,0,0,0;
8.25, -0.474567,-0.278523,-0.0604627,0,0,0,0;
8.26, 0.306356,-0.287146,-0.257029,0,0,0,0;
8.27, 1.62793,-0.30697,-0.225793,0,0,0,0;
8.28, 0.258414,-0.142098,-0.0476189,0,0,0,0;
8.29, 0.211339,-0.248088,0.0658214,0,0,0,0;
8.3, 0.237715,-0.151461,0.0470104,0,0,0,0;
8.31, 0.466767,-0.209624,-0.0704587,0,0,0,0;
8.32, -0.0533565,-0.220436,-0.118429,0,0,0,0;
8.33, -0.277689,-0.363046,-0.232123,0,0,0,0;
8.34, -0.794629,-0.289959,-0.209938,0,0,0,0;
8.35, 0.37135,-0.205889,-0.0891092,0,0,0,0;
8.36, 0.097276,-0.488242,-0.217454,0,0,0,0;
8.37, 1.22376,-0.127127,-0.115234,0,0,0,0;
8.38, 0.0143372,-0.186349,-0.0977824,0,0,0,0;
8.39, -0.371299,-0.199756,0.00913596,0,0,0,0;
8.4, 0.237397,-0.167421,0.0523672,0,0,0,0;
8.41, 0.82038,-0.275614,-0.0118165,0,0,0,0;
8.42, 0.909387,-0.30421,-0.188951,0,0,0,0;
8.43, 0.176903,-0.296754,-0.195549,0,0,0,0;
8.44, -0.443029,-0.146553,-0.1243,0,0,0,0;
8.45, -0.642929,-0.176975,-0.156404,0,0,0,0;
8.46, 0.497015,-0.309036,-0.0753214,0,0,0,0;
8.47, -0.0734446,-0.321145,-0.000313759,0,0,0,0;
8.48, -0.301055,-0.419144,-0.0894997,0,0,0,0;
8.49, 0.954805,-0.107405,-0.158136,0,0,0,0;
8.5, 1.02107,-0.118071,-0.198956,0,0,0,0;
8.51, 0.0680568,-0.233342,-0.0592291,0,0,0,0;
8.52, 0.156913,-0.335461,-0.0107453,0,0,0,0;
8.53, 0.156056,-0.254032,-0.023746,0,0,0,0;
8.54, -0.737509,-0.198107,-0.0631638,0,0,0,0;
8.55, 0.993458,-0.220086,-0.19666,0,0,0,0;
8.56, 0.457301,-0.197351,-0.266577,0,0,0,0;
8.57, -1.37588,-0.280716,-0.107757,0,0,0,0;
8.58, 0.804326,-0.378871,-0.0328562,0,0,0,0;
8.59, 0.169929,-0.181468,-0.11377,0,0,0,0;
8.6, 1.00946,-0.358718,0.0117579,0,0,0,0;
8.61, 0.401654,-0.142346,-0.126205,0,0,0,0;
8.62, -0.0945324,-0.124596,-0.203066,0,0,0,0;
8.63, 0.223181,-0.236342,0.0207849,0,0,0,0;
8.64, -1.20959,-0.368106,-0.023402,0,0,0,0;
8.65, 0.647253,-0.393628,-0.117876,0,0,0,0;
8.66, -0.152213,-0.219716,-0.201612,0,0,0,0;
8.67, 0.808924,-0.226758,-0.167112,0,0,0,0;
8.68, 1.41306,0.156733,-0.17765,0,0,0,0;
8.69, 1.03415,-0.215846,-0.0408635,0,0,0,0;
8.7, -1.81485,-0.476567,0.0647111,0,0,0,0;
8.71, -0.234303,-0.446009,0.0247772,0,0,0,0;
8.72, 0.888861,-0.378742,-0.0497227,0,0,0,0;
8.73, -0.371031,-0.182602,-0.252993,0,0,0,0;
8.74, 0.238605,-0.096359,-0.394848,0,0,0,0;
8.75, 0.346098,-0.143987,-0.192528,0,0,0,0;
8.76, -0.303171,-0.270635,0.039228,0,0,0,0;
8.77, 0.874157,-0.307944,-0.0299668,0,0,0,0;
8.78, -0.0117692,0.0154645,0.0234187,0,0,0,0;
8.79, 1.34952,-0.230334,0.0324171,0,0,0,0;
8.8, 0.777024,-0.391678,-0.00967884,0,0,0,0;
8.81, -1.22228,-0.490103,-0.159451,0,0,0,0;
8.82, -0.594084,-0.202234,-0.131111,0,0,0,0;
8.83, 1.24937,-0.20807,-0.256838,0,0,0,0;
8.84, -0.743277,-0.304414,-0.216184,0,0,0,0;
8.85, 0.721454,0.0541813,-0.151337,0,0,0,0;
8.86, -0.695018,-0.182958,-0.208909,0,0,0,0;
8.87, 0.657933,-0.554885,-0.0744016,0,0,0,0;
8.88, 1.2262,-0.219893,0.103544,0,0,0,0;
8.89, 0.0613239,-0.108283,0.137866,0,0,0,0;
8.9, 0.209027,-0.251104,0.0739028,0,0,0,0;
8.91, -0.0727668,-0.454873,-0.24552,0,0,0,0;
8.92, -0.49037,-0.103935,-0.423186,0,0,0,0;
8.93, -0.586936,-0.260023,-0.262587,0,0,0,0;
8.94, 1.58951,-0.146411,-0.0776284,0,0,0,0;
8.95, -0.231163,-0.339645,-0.00794816,0,0,0,0;
8.96, 1.06632,-0.394698,0.0687611,0,0,0,0;
8.97, 0.391663,0.00937885,0.0335875,0,0,0,0;
8.98, -0.691401,-0.312064,-0.00999188,0,0,0,0;
8.99, -0.478822,-0.112593,-0.01843,0,0,0,0;
9, 0.0684551,-0.2219,-0.302241,0,0,0,0;
9.01, 1.09107,-0.266638,-0.383782,0,0,0,0;
9.02, 0.488053,-0.479902,-0.230571,0,0,0,0;
9.03, 0.0233055,-0.265112,-0.0451353,0,0,0,0;
9.04, 0.247187,-0.0363969,0.109359,0,0,0,0;
9.05, -0.319042,-0.263824,0.115067,0,0,0,0;
9.06, -0.849224,-0.296827,-0.0200861,0,0,0,0;
9.07, 1.39911,-0.198566,-0.277791,0,0,0,0;
9.08, 1.22352,-0.25013,-0.179653,0,0,0,0;
9.09, -0.363914,-0.301082,-0.185518,0,0,0,0;
9.1, -1.27852,-0.240722,-0.0822785,0,0,0,0;
9.11, 0.498879,-0.293417,-0.0754633,0,0,0,0;
9.12, 1.53978,-0.145889,-0.0720184,0,0,0,0;
9.13, -0.702156,-0.167154,-0.00724483,0,0,0,0;
9.14, -0.502656,-0.402312,-0.0362904,0,0,0,0;
9.15, 0.911717,-0.235281,-0.124536,0,0,0,0;
9.16, 1.49375,-0.248342,-0.164956,0,0,0,0;
9.17, 0.295534,-0.0905509,-0.150762,0,0,0,0;
9.18, -0.791134,-0.336735,-0.0908585,0,0,0,0;
9.19, -0.645478,-0.127161,-0.0721977,0,0,0,0;
9.2, -0.263302,-0.198526,-0.089118,0,0,0,0;
9.21, 0.814447,-0.530964,-0.166159,0,0,0,0;
9.22, 0.166369,-0.213547,-0.0753124,0,0,0,0;
9.23, 0.234587,-0.106052,-0.101907,0,0,0,0;
9.24, 0.412794,-0.297628,-0.142041,0,0,0,0;
9.25, 0.470581,-0.243896,-0.0331388,0,0,0,0;
9.26, -0.376665,-0.217261,-0.0796578,0,0,0,0;
9.27, 0.483254,-0.246604,-0.0998616,0,0,0,0;
9.28, 0.99919,-0.0803867,0.0083375,0,0,0,0;
9.29, -0.152441,-0.346045,-0.0602016,0,0,0,0;
9.3, 0.14251,-0.2255,-0.0746708,0,0,0,0;
9.31, -0.25625,-0.290665,-0.152921,0,0,0,0;
9.32, -0.187556,-0.353374,-0.264375,0,0,0,0;
9.33, 0.668058,-0.300022,-0.288969,0,0,0,0;
9.34, -0.271397,-0.206025,-0.0184648,0,0,0,0;
9.35, -0.455323,0.00511731,0.0974636,0,0,0,0;
9.36, 0.602054,-0.307732,-0.132396,0,0,0,0;
9.37, 1.64567,-0.216846,-0.127583,0,0,0,0;
9.38, 0.392681,-0.213997,0.00893331,0,0,0,0;
9.39, -0.129307,-0.266783,-0.044838,0,0,0,0;
9.4, -0.608948,-0.407746,-0.12201,0,0,0,0;
9.41, 0.0191291,-0.242956,-0.0107691,0,0,0,0;
9.42, -0.212068,-0.223254,-0.18962,0,0,0,0;
9.43, -0.433385,-0.198645,-0.3175,0,0,0,0;
9.44, 1.13857,-0.181462,-0.216903,0,0,0,0;
9.45, 1.12685,-0.40098,-0.0968702,0,0,0,0;
9.46, -0.687447,-0.0324104,-2.76566e-05,0,0,0,0;
9.47, 0.977262,-0.363436,0.143272,0,0,0,0;
9.48, -0.5149,-0.179563,0.157399,0,0,0,0;
9.49, 0.431365,-0.193053,-0.10478,0,0,0,0;
9.5, 0.288535,-0.279913,-0.305142,0,0,0,0;
9.51, 0.0681131,-0.244718,-0.319193,0,0,0,0;
9.52, 0.416415,-0.315773,-0.21085,0,0,0,0;
9.53, -0.577426,-0.210741,-0.150965,0,0,0,0;
9.54, -0.102224,-0.150339,0.0516551,0,0,0,0;
9.55, 0.500764,-0.226949,0.142321,0,0,0,0;
9.56, 0.124525,-0.515888,0.0131667,0,0,0,0;
9.57, 0.130286,-0.0750635,-0.112141,0,0,0,0;
9.58, 0.519771,-0.0660605,-0.352386,0,0,0,0;
9.59, 0.354792,-0.410408,-0.332401,0,0,0,0;
9.6, -0.65669,-0.217592,-0.035568,0,0,0,0;
9.61, 1.08161,-0.19375,0.0920477,0,0,0,0;
9.62, 0.93551,-0.20217,0.0883431,0,0,0,0;
9.63, -0.727063,-0.357106,-0.00745463,0,0,0,0;
9.64, 0.824796,-0.462195,-0.16283,0,0,0,0;
9.65, 0.2733,0.162055,-0.165761,0,0,0,0;
9.66, -0.28481,-0.315444,-0.259794,0,0,0,0;
9.67, -0.997363,-0.324372,-0.150698,0,0,0,0;
9.68, 0.753443,-0.180991,-0.0787389,0,0,0,0;
9.69, 0.597586,-0.393538,-0.115407,0,0,0,0;
9.7, -0.665204,-0.168602,0.0598752,0,0,0,0;
9.71, 0.892395,0.00934987,-0.0211003,0,0,0,0;
9.72, -0.495486,-0.320209,-0.11848,0,0,0,0;
9.73, 0.65425,-0.375451,-0.169271,0,0,0,0;
9.74, 1.19075,-0.272168,-0.234999,0,0,0,0;
9.75, 0.874241,-0.175644,-0.102301,0,0,0,0;
9.76, -0.808355,-0.359691,0.0156782,0,0,0,0;
9.77, -0.692895,-0.233714,0.159064,0,0,0,0;
9.78, 0.530306,-0.120921,-0.00821114,0,0,0,0;
9.79, -0.596549,-0.244603,-0.277581,0,0,0,0;
9.8, 0.893016,-0.175551,-0.440001,0,0,0,0;
9.81, 0.90984,-0.33751,-0.328294,0,0,0,0;
9.82, -0.862019,-0.417221,-0.00071764,0,0,0,0;
9.83, 0.233062,-0.0345598,0.246427,0,0,0,0;
9.84, 0.201439,-0.150835,0.159262,0,0,0,0;
9.85, 0.640515,-0.196459,-0.0904684,0,0,0,0;
9.86, -0.005475,-0.360833,-0.284232,0,0,0,0;
9.87, 0.201418,-0.297098,-0.268769,0,0,0,0;
9.88, 0.755078,-0.216276,-0.0482125,0,0,0,0;
9.89, -0.510797,-0.227457,-0.037142,0,0,0,0;
9.9, 0.600623,-0.201786,-0.0608637,0,0,0,0;
9.91, 0.197709,-0.351428,-0.0281327,0,0,0,0;
9.92, -0.704786,-0.173461,-0.0864208,0,0,0,0;
9.93, 0.999948,-0.160893,-0.233209,0,0,0,0;
9.94, -0.0915844,-0.186092,-0.198649,0,0,0,0;
9.95, 0.019255,-0.101566,-0.0724103,0,0,0,0;
9.96, 0.225389,-0.365359,-0.0401938,0,0,0,0;
9.97, 0.404468,-0.499665,-0.0375829,0,0,0,0;
9.98, 0.477836,-0.274007,0.0122032,0,0,0,0;
9.99, 0.165426,-0.19687,-0.109115,0,0,0,0;
