0, 0.274188,-0.252225,-0.128386,0,0,0,0;
0.01, 0.274209,-0.252584,-0.128386,0,0,0,0;
0.02, 0.274499,-0.25061,-0.128385,0,0,0,0;
0.03, 0.275086,-0.246102,-0.128364,0,0,0,0;
0.04, 0.276097,-0.239356,-0.12829,0,0,0,0;
0.05, 0.277354,-0.231285,-0.128134,0,0,0,0;
0.06, 0.278815,-0.222727,-0.127891,0,0,0,0;
0.07, 0.280458,-0.214261,-0.127564,0,0,0,0;
0.08, 0.28221,-0.206383,-0.127177,0,0,0,0;
0.09, 0.283963,-0.19989,-0.126778,0,0,0,0;
0.1, 0.285552,-0.195507,-0.126431,0,0,0,0;
0.11, 0.286801,-0.193512,-0.126189,0,0,0,0;
0.12, 0.287655,-0.19376,-0.126068,0,0,0,0;
0.13, 0.288227,-0.195605,-0.126033,0,0,0,0;
0.14, 0.288639,-0.198545,-0.126042,0,0,0,0;
0.15, 0.288965,-0.202097,-0.126062,0,0,0,0;
0.16, 0.289197,-0.206046,-0.126082,0,0,0,0;
0.17, 0.289355,-0.210363,-0.126094,0,0,0,0;
0.18, 0.289422,-0.215069,-0.126093,0,0,0,0;
0.19, 0.289312,-0.220175,-0.126101,0,0,0,0;
0.2, 0.288988,-0.22567,-0.126132,0,0,0,0;
0.21, 0.288558,-0.231473,-0.126144,0,0,0,0;
0.22, 0.288042,-0.237466,-0.126128,0,0,0,0;
0.23, 0.2873,-0.243824,-0.126153,0,0,0,0;
0.24, 0.286474,-0.250401,-0.126155,0,0,0,0;
0.25, 0.285615,-0.257015,-0.126113,0,0,0,0;
0.26, 0.284678,-0.263842,-0.126039,0,0,0,0;
0.27, 0.283669,-0.270756,-0.125956,0,0,0,0;
0.28, 0.282633,-0.277678,-0.125837,0,0,0,0;
0.29, 0.281575,-0.284574,-0.125697,0,0,0,0;
0.3, 0.280527,-0.291368,-0.125526,0,0,0,0;
0.31, 0.27949,-0.298127,-0.125346,0,0,0,0;
0.32, 0.278494,-0.304787,-0.125129,0,0,0,0;
0.33, 0.27755,-0.311296,-0.124855,0,0,0,0;
0.34, 0.276678,-0.317665,-0.12457,0,0,0,0;
0.35, 0.275872,-0.323951,-0.124235,0,0,0,0;
0.36, 0.275168,-0.330031,-0.123883,0,0,0,0;
0.37, 0.274575,-0.335896,-0.123501,0,0,0,0;
0.38, 0.274119,-0.341454,-0.123108,0,0,0,0;
0.39, 0.273788,-0.346723,-0.122687,0,0,0,0;
0.4, 0.27357,-0.351681,-0.122234,0,0,0,0;
0.41, 0.273482,-0.356327,-0.12176,0,0,0,0;
0.42, 0.273526,-0.36064,-0.121271,0,0,0,0;
0.43, 0.273678,-0.364607,-0.120758,0,0,0,0;
0.44, 0.273943,-0.368193,-0.120233,0,0,0,0;
0.45, 0.274305,-0.371413,-0.119689,0,0,0,0;
0.46, 0.274751,-0.374217,-0.119131,0,0,0,0;
0.47, 0.275233,-0.37659,-0.118569,0,0,0,0;
0.48, 0.275758,-0.378489,-0.118002,0,0,0,0;
0.49, 0.276289,-0.380014,-0.117417,0,0,0,0;
0.5, 0.27679,-0.381075,-0.11684,0,0,0,0;
0.51, 0.277235,-0.381639,-0.116266,0,0,0,0;
0.52, 0.277626,-0.381885,-0.115665,0,0,0,0;
0.53, 0.277879,-0.381534,-0.115088,0,0,0,0;
0.54, 0.278016,-0.380935,-0.114535,0,0,0,0;
0.55, 0.278011,-0.379879,-0.113944,0,0,0,0;
0.56, 0.277799,-0.378339,-0.113371,0,0,0,0;
0.57, 0.277368,-0.376366,-0.112792,0,0,0,0;
0.58, 0.276683,-0.37394,-0.112213,0,0,0,0;
0.59, 0.275855,-0.371445,-0.111667,0,0,0,0;
0.6, 0.27473,-0.36854,-0.111189,0,0,0,0;
0.61, 0.273408,-0.365405,-0.110644,0,0,0,0;
0.62, 0.271801,-0.361943,-0.110172,0,0,0,0;
0.63, 0.269845,-0.358006,-0.109676,0,0,0,0;
0.64, 0.267587,-0.353764,-0.1092,0,0,0,0;
0.65, 0.265123,-0.34936,-0.108697,0,0,0,0;
0.66, 0.262534,-0.345008,-0.108307,0,0,0,0;
0.67, 0.259483,-0.340072,-0.107717,0,0,0,0;
0.68, 0.256126,-0.334922,-0.107235,0,0,0,0;
0.69, 0.252596,-0.329718,-0.106763,0,0,0,0;
0.7, 0.248712,-0.324151,-0.106235,0,0,0,0;
0.71, 0.245031,-0.319059,-0.105954,0,0,0,0;
0.72, 0.241343,-0.314056,-0.105713,0,0,0,0;
0.73, 0.237695,-0.309183,-0.105497,0,0,0,0;
0.74, 0.233618,-0.303823,-0.105263,0,0,0,0;
0.75, 0.229219,-0.29814,-0.104868,0,0,0,0;
0.76, 0.224601,-0.29226,-0.10445,0,0,0,0;
0.77, 0.220066,-0.286513,-0.104133,0,0,0,0;
0.78, 0.215325,-0.280535,-0.103822,0,0,0,0;
0.79, 0.210549,-0.274565,-0.103501,0,0,0,0;
0.8, 0.206261,-0.269146,-0.103307,0,0,0,0;
0.81, 0.201617,-0.263337,-0.103011,0,0,0,0;
0.82, 0.197421,-0.257963,-0.102837,0,0,0,0;
0.83, 0.193125,-0.252325,-0.102725,0,0,0,0;
0.84, 0.188606,-0.246449,-0.102484,0,0,0,0;
0.85, 0.184335,-0.240757,-0.102293,0,0,0,0;
0.86, 0.180441,-0.235344,-0.102191,0,0,0,0;
0.87, 0.176495,-0.229825,-0.102031,0,0,0,0;
0.88, 0.172982,-0.224483,-0.102022,0,0,0,0;
0.89, 0.169311,-0.218876,-0.101934,0,0,0,0;
0.9, 0.165903,-0.213404,-0.101866,0,0,0,0;
0.91, 0.162707,-0.207988,-0.101817,0,0,0,0;
0.92, 0.159707,-0.202559,-0.10179,0,0,0,0;
0.93, 0.15698,-0.197167,-0.101803,0,0,0,0;
0.94, 0.154602,-0.191951,-0.101852,0,0,0,0;
0.95, 0.152333,-0.18673,-0.10187,0,0,0,0;
0.96, 0.1503,-0.181493,-0.101909,0,0,0,0;
0.97, 0.148869,-0.17645,-0.102071,0,0,0,0;
0.98, 0.147543,-0.171379,-0.102194,0,0,0,0;
0.99, 0.146465,-0.166343,-0.102324,0,0,0,0;
1, 0.145619,-0.161315,-0.102458,0,0,0,0;
1.01, 0.1452,-0.156409,-0.102648,0,0,0,0;
1.02, 0.144923,-0.15147,-0.102814,0,0,0,0;
1.03, 0.14507,-0.146642,-0.103033,0,0,0,0;
1.04, 0.145424,-0.141851,-0.103243,0,0,0,0;
1.05, 0.146002,-0.137088,-0.103452,0,0,0,0;
1.06, 0.147326,-0.132608,-0.103795,0,0,0,0;
1.07, 0.148527,-0.12804,-0.104049,0,0,0,0;
1.08, 0.150237,-0.123544,-0.104372,0,0,0,0;
1.09, 0.151725,-0.119075,-0.104592,0,0,0,0;
1.1, 0.154004,-0.114818,-0.104951,0,0,0,0;
1.11, 0.156659,-0.110709,-0.105349,0,0,0,0;
1.12, 0.159779,-0.106783,-0.105808,0,0,0,0;
1.13, 0.162786,-0.102878,-0.106198,0,0,0,0;
1.14, 0.16582,-0.0992023,-0.106567,0,0,0,0;
1.15, 0.169252,-0.0956344,-0.106982,0,0,0,0;
1.16, 0.173099,-0.0923138,-0.107455,0,0,0,0;
1.17, 0.177228,-0.0892173,-0.107959,0,0,0,0;
1.18, 0.181213,-0.0863181,-0.108417,0,0,0,0;
1.19, 0.185364,-0.0836759,-0.108893,0,0,0,0;
1.2, 0.190029,-0.0812781,-0.109444,0,0,0,0;
1.21, 0.194652,-0.0790913,-0.109972,0,0,0,0;
1.22, 0.199247,-0.0772183,-0.110493,0,0,0,0;
1.23, 0.203705,-0.0756938,-0.110998,0,0,0,0;
1.24, 0.208331,-0.0744803,-0.11153,0,0,0,0;
1.25, 0.213321,-0.0736692,-0.112123,0,0,0,0;
1.26, 0.218067,-0.0731888,-0.112686,0,0,0,0;
1.27, 0.222748,-0.0730789,-0.11325,0,0,0,0;
1.28, 0.227422,-0.0733668,-0.113826,0,0,0,0;
1.29, 0.232285,-0.0740978,-0.114437,0,0,0,0;
1.3, 0.236953,-0.0752691,-0.115041,0,0,0,0;
1.31, 0.241398,-0.0768812,-0.115636,0,0,0,0;
1.32, 0.245713,-0.0789356,-0.116234,0,0,0,0;
1.33, 0.249938,-0.0813898,-0.116832,0,0,0,0;
1.34, 0.253893,-0.0842724,-0.117421,0,0,0,0;
1.35, 0.257705,-0.0875558,-0.118006,0,0,0,0;
1.36, 0.261448,-0.0912742,-0.118593,0,0,0,0;
1.37, 0.26488,-0.0953827,-0.119166,0,0,0,0;
1.38, 0.26817,-0.0998796,-0.119732,0,0,0,0;
1.39, 0.271187,-0.104772,-0.120287,0,0,0,0;
1.4, 0.273979,-0.10996,-0.120824,0,0,0,0;
1.41, 0.276535,-0.115502,-0.121348,0,0,0,0;
1.42, 0.278917,-0.121401,-0.121859,0,0,0,0;
1.43, 0.281015,-0.127601,-0.122351,0,0,0,0;
1.44, 0.282865,-0.134143,-0.122831,0,0,0,0;
1.45, 0.284489,-0.140868,-0.123282,0,0,0,0;
1.46, 0.285906,-0.147841,-0.12371,0,0,0,0;
1.47, 0.287016,-0.155013,-0.124119,0,0,0,0;
1.48, 0.287946,-0.162382,-0.124499,0,0,0,0;
1.49, 0.288681,-0.169823,-0.124843,0,0,0,0;
1.5, 0.289236,-0.177478,-0.125158,0,0,0,0;
1.51, 0.289513,-0.185241,-0.125454,0,0,0,0;
1.52, 0.289638,-0.193116,-0.125712,0,0,0,0;
1.53, 0.28954,-0.201094,-0.125946,0,0,0,0;
1.54, 0.289327,-0.209024,-0.126133,0,0,0,0;
1.55, 0.288936,-0.217021,-0.126292,0,0,0,0;
1.56, 0.288411,-0.22504,-0.126415,0,0,0,0;
1.57, 0.28771,-0.233073,-0.12652,0,0,0,0;
1.58, 0.286953,-0.241013,-0.126572,0,0,0,0;
1.59, 0.286093,-0.249031,-0.126586,0,0,0,0;
1.6, 0.28519,-0.256689,-0.126567,0,0,0,0;
1.61, 0.284218,-0.264339,-0.126515,0,0,0,0;
1.62, 0.283211,-0.271888,-0.126428,0,0,0,0;
1.63, 0.282183,-0.279333,-0.126306,0,0,0,0;
1.64, 0.281152,-0.286645,-0.126153,0,0,0,0;
1.65, 0.280141,-0.29376,-0.125973,0,0,0,0;
1.66, 0.279171,-0.300717,-0.125748,0,0,0,0;
1.67, 0.278251,-0.307424,-0.125509,0,0,0,0;
1.68, 0.277404,-0.313912,-0.125212,0,0,0,0;
1.69, 0.276635,-0.320132,-0.124904,0,0,0,0;
1.7, 0.275955,-0.326121,-0.124586,0,0,0,0;
1.71, 0.275369,-0.331829,-0.124219,0,0,0,0;
1.72, 0.274894,-0.337223,-0.123846,0,0,0,0;
1.73, 0.274525,-0.342306,-0.123448,0,0,0,0;
1.74, 0.274267,-0.34707,-0.123036,0,0,0,0;
1.75, 0.274112,-0.35147,-0.122604,0,0,0,0;
1.76, 0.274058,-0.355525,-0.122158,0,0,0,0;
1.77, 0.274089,-0.359226,-0.121693,0,0,0,0;
1.78, 0.274203,-0.362556,-0.121217,0,0,0,0;
1.79, 0.274377,-0.365512,-0.12073,0,0,0,0;
1.8, 0.274604,-0.368069,-0.120235,0,0,0,0;
1.81, 0.274859,-0.37022,-0.119737,0,0,0,0;
1.82, 0.275127,-0.371975,-0.119229,0,0,0,0;
1.83, 0.275381,-0.373306,-0.118725,0,0,0,0;
1.84, 0.275595,-0.374201,-0.118226,0,0,0,0;
1.85, 0.275762,-0.374749,-0.117714,0,0,0,0;
1.86, 0.275858,-0.37494,-0.117203,0,0,0,0;
1.87, 0.275833,-0.37464,-0.116684,0,0,0,0;
1.88, 0.275681,-0.373954,-0.116172,0,0,0,0;
1.89, 0.275385,-0.372901,-0.115668,0,0,0,0;
1.9, 0.274936,-0.371512,-0.115173,0,0,0,0;
1.91, 0.274292,-0.36972,-0.114684,0,0,0,0;
1.92, 0.27345,-0.36758,-0.114221,0,0,0,0;
1.93, 0.272419,-0.365154,-0.11376,0,0,0,0;
1.94, 0.271115,-0.362303,-0.113307,0,0,0,0;
1.95, 0.269667,-0.359331,-0.112853,0,0,0,0;
1.96, 0.268006,-0.356093,-0.112421,0,0,0,0;
1.97, 0.266067,-0.352501,-0.112006,0,0,0,0;
1.98, 0.263923,-0.348705,-0.111549,0,0,0,0;
1.99, 0.261617,-0.344789,-0.111158,0,0,0,0;
2, 0.259055,-0.340592,-0.110755,0,0,0,0;
2.01, 0.256227,-0.336117,-0.110335,0,0,0,0;
2.02, 0.253203,-0.331485,-0.109937,0,0,0,0;
2.03, 0.250052,-0.326776,-0.109621,0,0,0,0;
2.04, 0.246837,-0.322082,-0.109331,0,0,0,0;
2.05, 0.243523,-0.317328,-0.10903,0,0,0,0;
2.06, 0.240032,-0.312393,-0.108751,0,0,0,0;
2.07, 0.236325,-0.307243,-0.108439,0,0,0,0;
2.08, 0.232299,-0.301807,-0.108007,0,0,0,0;
2.09, 0.228547,-0.296678,-0.107797,0,0,0,0;
2.1, 0.224234,-0.290965,-0.107382,0,0,0,0;
2.11, 0.220706,-0.286085,-0.107316,0,0,0,0;
2.12, 0.21669,-0.280681,-0.10707,0,0,0,0;
2.13, 0.212657,-0.275254,-0.106832,0,0,0,0;
2.14, 0.208885,-0.27,-0.106723,0,0,0,0;
2.15, 0.204884,-0.264524,-0.106503,0,0,0,0;
2.16, 0.201081,-0.25922,-0.106332,0,0,0,0;
2.17, 0.197459,-0.253985,-0.106228,0,0,0,0;
2.18, 0.193485,-0.24834,-0.10601,0,0,0,0;
2.19, 0.189828,-0.242893,-0.105877,0,0,0,0;
2.2, 0.186541,-0.237641,-0.105845,0,0,0,0;
2.21, 0.183467,-0.232571,-0.105811,0,0,0,0;
2.22, 0.18039,-0.22734,-0.105768,0,0,0,0;
2.23, 0.177394,-0.222056,-0.105721,0,0,0,0;
2.24, 0.174601,-0.216796,-0.105702,0,0,0,0;
2.25, 0.1718,-0.211483,-0.105626,0,0,0,0;
2.26, 0.169291,-0.206207,-0.105607,0,0,0,0;
2.27, 0.167103,-0.201092,-0.105626,0,0,0,0;
2.28, 0.165293,-0.196132,-0.105703,0,0,0,0;
2.29, 0.163509,-0.191057,-0.105742,0,0,0,0;
2.3, 0.16227,-0.186182,-0.105888,0,0,0,0;
2.31, 0.16108,-0.181268,-0.10599,0,0,0,0;
2.32, 0.160163,-0.176343,-0.106121,0,0,0,0;
2.33, 0.159574,-0.171572,-0.106281,0,0,0,0;
2.34, 0.159064,-0.16678,-0.106406,0,0,0,0;
2.35, 0.158971,-0.162107,-0.106588,0,0,0,0;
2.36, 0.159073,-0.157458,-0.106768,0,0,0,0;
2.37, 0.15943,-0.152897,-0.106961,0,0,0,0;
2.38, 0.160183,-0.148421,-0.107204,0,0,0,0;
2.39, 0.161213,-0.144022,-0.107465,0,0,0,0;
2.4, 0.16235,-0.139675,-0.107703,0,0,0,0;
2.41, 0.163868,-0.135454,-0.107985,0,0,0,0;
2.42, 0.165602,-0.131336,-0.108273,0,0,0,0;
2.43, 0.167486,-0.127318,-0.108553,0,0,0,0;
2.44, 0.169707,-0.123438,-0.10887,0,0,0,0;
2.45, 0.172305,-0.119746,-0.109234,0,0,0,0;
2.46, 0.175046,-0.116197,-0.109595,0,0,0,0;
2.47, 0.177995,-0.112783,-0.109967,0,0,0,0;
2.48, 0.181312,-0.109589,-0.110388,0,0,0,0;
2.49, 0.184583,-0.106527,-0.110773,0,0,0,0;
2.5, 0.188071,-0.103712,-0.111183,0,0,0,0;
2.51, 0.191661,-0.101097,-0.111594,0,0,0,0;
2.52, 0.195676,-0.0987306,-0.112065,0,0,0,0;
2.53, 0.199347,-0.0965814,-0.112468,0,0,0,0;
2.54, 0.203447,-0.0947442,-0.112938,0,0,0,0;
2.55, 0.207316,-0.0931335,-0.113366,0,0,0,0;
2.56, 0.211426,-0.0918362,-0.113831,0,0,0,0;
2.57, 0.215448,-0.0907755,-0.11428,0,0,0,0;
2.58, 0.219633,-0.0900925,-0.11476,0,0,0,0;
2.59, 0.223882,-0.0897691,-0.115256,0,0,0,0;
2.6, 0.228336,-0.0898729,-0.115791,0,0,0,0;
2.61, 0.232586,-0.0902612,-0.1163,0,0,0,0;
2.62, 0.236496,-0.091011,-0.116783,0,0,0,0;
2.63, 0.240483,-0.0921487,-0.117286,0,0,0,0;
2.64, 0.244546,-0.0936616,-0.117804,0,0,0,0;
2.65, 0.248311,-0.0955334,-0.118303,0,0,0,0;
2.66, 0.25191,-0.0978252,-0.118802,0,0,0,0;
2.67, 0.255489,-0.100463,-0.119304,0,0,0,0;
2.68, 0.258948,-0.103462,-0.119802,0,0,0,0;
2.69, 0.262133,-0.106796,-0.120286,0,0,0,0;
2.7, 0.265274,-0.11051,-0.12077,0,0,0,0;
2.71, 0.268175,-0.11452,-0.121239,0,0,0,0;
2.72, 0.270865,-0.118918,-0.121704,0,0,0,0;
2.73, 0.273371,-0.123577,-0.122152,0,0,0,0;
2.74, 0.275662,-0.12855,-0.122589,0,0,0,0;
2.75, 0.27778,-0.133824,-0.123014,0,0,0,0;
2.76, 0.279672,-0.13935,-0.123423,0,0,0,0;
2.77, 0.281373,-0.145102,-0.123814,0,0,0,0;
2.78, 0.282831,-0.15108,-0.124188,0,0,0,0;
2.79, 0.28411,-0.157271,-0.124544,0,0,0,0;
2.8, 0.285263,-0.163631,-0.124874,0,0,0,0;
2.81, 0.286243,-0.170195,-0.12518,0,0,0,0;
2.82, 0.286936,-0.176904,-0.125473,0,0,0,0;
2.83, 0.28748,-0.183724,-0.125738,0,0,0,0;
2.84, 0.287831,-0.190682,-0.125982,0,0,0,0;
2.85, 0.288033,-0.19772,-0.126197,0,0,0,0;
2.86, 0.288072,-0.204809,-0.126387,0,0,0,0;
2.87, 0.28796,-0.211933,-0.12655,0,0,0,0;
2.88, 0.287725,-0.219068,-0.126683,0,0,0,0;
2.89, 0.287364,-0.226235,-0.126789,0,0,0,0;
2.9, 0.286889,-0.233405,-0.126867,0,0,0,0;
2.91, 0.286311,-0.240547,-0.126919,0,0,0,0;
2.92, 0.285661,-0.247615,-0.12694,0,0,0,0;
2.93, 0.284924,-0.254678,-0.126937,0,0,0,0;
2.94, 0.284162,-0.261616,-0.126895,0,0,0,0;
2.95, 0.28334,-0.268445,-0.126835,0,0,0,0;
2.96, 0.282478,-0.275203,-0.126753,0,0,0,0;
2.97, 0.281631,-0.281788,-0.126634,0,0,0,0;
2.98, 0.280776,-0.288255,-0.126494,0,0,0,0;
2.99, 0.27995,-0.294547,-0.126319,0,0,0,0;
3, 0.27913,-0.300721,-0.126132,0,0,0,0;
3.01, 0.278362,-0.306658,-0.125916,0,0,0,0;
3.02, 0.277644,-0.312397,-0.125679,0,0,0,0;
3.03, 0.276979,-0.317921,-0.125425,0,0,0,0;
3.04, 0.276383,-0.323209,-0.125146,0,0,0,0;
3.05, 0.275862,-0.328243,-0.124841,0,0,0,0;
3.06, 0.275411,-0.333021,-0.124525,0,0,0,0;
3.07, 0.275043,-0.337478,-0.124186,0,0,0,0;
3.08, 0.27474,-0.341681,-0.123842,0,0,0,0;
3.09, 0.27451,-0.345583,-0.123478,0,0,0,0;
3.1, 0.274343,-0.349202,-0.123102,0,0,0,0;
3.11, 0.274237,-0.352495,-0.122714,0,0,0,0;
3.12, 0.274175,-0.355425,-0.122319,0,0,0,0;
3.13, 0.274158,-0.358037,-0.121916,0,0,0,0;
3.14, 0.274159,-0.360335,-0.121495,0,0,0,0;
3.15, 0.27417,-0.362199,-0.121086,0,0,0,0;
3.16, 0.274179,-0.363738,-0.120672,0,0,0,0;
3.17, 0.274168,-0.364985,-0.120236,0,0,0,0;
3.18, 0.274115,-0.365832,-0.119808,0,0,0,0;
3.19, 0.273992,-0.366258,-0.119383,0,0,0,0;
3.2, 0.273803,-0.366371,-0.11896,0,0,0,0;
3.21, 0.273523,-0.366134,-0.118537,0,0,0,0;
3.22, 0.27315,-0.365616,-0.118108,0,0,0,0;
3.23, 0.27265,-0.364733,-0.117689,0,0,0,0;
3.24, 0.271964,-0.363376,-0.117275,0,0,0,0;
3.25, 0.271212,-0.361896,-0.116892,0,0,0,0;
3.26, 0.270238,-0.360004,-0.116473,0,0,0,0;
3.27, 0.269145,-0.357923,-0.116067,0,0,0,0;
3.28, 0.267815,-0.355401,-0.115689,0,0,0,0;
3.29, 0.266359,-0.352759,-0.115278,0,0,0,0;
3.3, 0.264725,-0.349826,-0.114916,0,0,0,0;
3.31, 0.262933,-0.346707,-0.114547,0,0,0,0;
3.32, 0.260882,-0.343217,-0.114195,0,0,0,0;
3.33, 0.25874,-0.339666,-0.113871,0,0,0,0;
3.34, 0.256373,-0.335873,-0.113503,0,0,0,0;
3.35, 0.253914,-0.33201,-0.113151,0,0,0,0;
3.36, 0.251121,-0.327683,-0.112809,0,0,0,0;
3.37, 0.248308,-0.323393,-0.112507,0,0,0,0;
3.38, 0.245379,-0.318992,-0.112216,0,0,0,0;
3.39, 0.242472,-0.314663,-0.11196,0,0,0,0;
3.4, 0.239286,-0.309948,-0.111715,0,0,0,0;
3.41, 0.236081,-0.30529,-0.111451,0,0,0,0;
3.42, 0.232789,-0.300506,-0.111211,0,0,0,0;
3.43, 0.229465,-0.295695,-0.110981,0,0,0,0;
3.44, 0.226188,-0.290823,-0.110848,0,0,0,0;
3.45, 0.222386,-0.285505,-0.110497,0,0,0,0;
3.46, 0.218927,-0.280464,-0.1103,0,0,0,0;
3.47, 0.21565,-0.275566,-0.110161,0,0,0,0;
3.48, 0.212325,-0.270594,-0.110003,0,0,0,0;
3.49, 0.208964,-0.265504,-0.109845,0,0,0,0;
3.5, 0.20548,-0.260246,-0.109648,0,0,0,0;
3.51, 0.202389,-0.255275,-0.109558,0,0,0,0;
3.52, 0.1993,-0.25021,-0.109461,0,0,0,0;
3.53, 0.196407,-0.245206,-0.109411,0,0,0,0;
3.54, 0.193568,-0.240124,-0.109367,0,0,0,0;
3.55, 0.19064,-0.234948,-0.109257,0,0,0,0;
3.56, 0.188117,-0.229928,-0.109251,0,0,0,0;
3.57, 0.185489,-0.224802,-0.109169,0,0,0,0;
3.58, 0.183287,-0.219893,-0.109173,0,0,0,0;
3.59, 0.181094,-0.214874,-0.109149,0,0,0,0;
3.6, 0.179172,-0.209925,-0.109168,0,0,0,0;
3.61, 0.177418,-0.204954,-0.1092,0,0,0,0;
3.62, 0.17584,-0.200062,-0.109231,0,0,0,0;
3.63, 0.174359,-0.195146,-0.109246,0,0,0,0;
3.64, 0.173293,-0.190379,-0.109331,0,0,0,0;
3.65, 0.172548,-0.185711,-0.109456,0,0,0,0;
3.66, 0.17199,-0.181079,-0.109582,0,0,0,0;
3.67, 0.17167,-0.176494,-0.109725,0,0,0,0;
3.68, 0.171537,-0.17196,-0.109869,0,0,0,0;
3.69, 0.171573,-0.167476,-0.11001,0,0,0,0;
3.7, 0.171925,-0.163082,-0.110185,0,0,0,0;
3.71, 0.172405,-0.158713,-0.110348,0,0,0,0;
3.72, 0.173336,-0.154528,-0.110577,0,0,0,0;
3.73, 0.174527,-0.150427,-0.110823,0,0,0,0;
3.74, 0.175859,-0.146389,-0.111062,0,0,0,0;
3.75, 0.17734,-0.142484,-0.111297,0,0,0,0;
3.76, 0.179024,-0.13868,-0.111543,0,0,0,0;
3.77, 0.181024,-0.135009,-0.111823,0,0,0,0;
3.78, 0.183075,-0.131419,-0.112081,0,0,0,0;
3.79, 0.185463,-0.128034,-0.112382,0,0,0,0;
3.8, 0.187984,-0.124806,-0.112684,0,0,0,0;
3.81, 0.190796,-0.121773,-0.113021,0,0,0,0;
3.82, 0.193626,-0.118881,-0.11334,0,0,0,0;
3.83, 0.196607,-0.116169,-0.113669,0,0,0,0;
3.84, 0.199741,-0.113693,-0.114014,0,0,0,0;
3.85, 0.203312,-0.111522,-0.114424,0,0,0,0;
3.86, 0.206637,-0.10952,-0.114782,0,0,0,0;
3.87, 0.210348,-0.107824,-0.115198,0,0,0,0;
3.88, 0.213863,-0.10631,-0.115574,0,0,0,0;
3.89, 0.217646,-0.105142,-0.115994,0,0,0,0;
3.9, 0.221274,-0.104205,-0.116389,0,0,0,0;
3.91, 0.224862,-0.103587,-0.116785,0,0,0,0;
3.92, 0.22874,-0.103315,-0.117223,0,0,0,0;
3.93, 0.232276,-0.103312,-0.117623,0,0,0,0;
3.94, 0.236085,-0.103674,-0.118064,0,0,0,0;
3.95, 0.23969,-0.104329,-0.118486,0,0,0,0;
3.96, 0.243342,-0.105325,-0.118921,0,0,0,0;
3.97, 0.24677,-0.106609,-0.119338,0,0,0,0;
3.98, 0.250162,-0.10824,-0.119761,0,0,0,0;
3.99, 0.253445,-0.110219,-0.120183,0,0,0,0;
4, 0.256655,-0.11253,-0.120605,0,0,0,0;
4.01, 0.259731,-0.115176,-0.121022,0,0,0,0;
4.02, 0.262737,-0.118181,-0.121441,0,0,0,0;
4.03, 0.265486,-0.121499,-0.121848,0,0,0,0;
4.04, 0.268098,-0.125157,-0.122252,0,0,0,0;
4.05, 0.270585,-0.129031,-0.122642,0,0,0,0;
4.06, 0.272897,-0.133164,-0.123019,0,0,0,0;
4.07, 0.274983,-0.137632,-0.123391,0,0,0,0;
4.08, 0.276917,-0.142351,-0.123751,0,0,0,0;
4.09, 0.278673,-0.147303,-0.124098,0,0,0,0;
4.1, 0.280287,-0.152503,-0.124432,0,0,0,0;
4.11, 0.281731,-0.157907,-0.12475,0,0,0,0;
4.12, 0.282996,-0.163542,-0.125054,0,0,0,0;
4.13, 0.284072,-0.169307,-0.125338,0,0,0,0;
4.14, 0.285,-0.175231,-0.125602,0,0,0,0;
4.15, 0.285742,-0.181319,-0.12585,0,0,0,0;
4.16, 0.286263,-0.187531,-0.126084,0,0,0,0;
4.17, 0.286669,-0.19386,-0.126294,0,0,0,0;
4.18, 0.286944,-0.200265,-0.126479,0,0,0,0;
4.19, 0.287046,-0.206752,-0.126648,0,0,0,0;
4.2, 0.287059,-0.213279,-0.126786,0,0,0,0;
4.21, 0.28693,-0.219853,-0.126904,0,0,0,0;
4.22, 0.286692,-0.226435,-0.126997,0,0,0,0;
4.23, 0.286325,-0.233045,-0.127072,0,0,0,0;
4.24, 0.285876,-0.239654,-0.127121,0,0,0,0;
4.25, 0.28534,-0.246231,-0.127147,0,0,0,0;
4.26, 0.284728,-0.252758,-0.127151,0,0,0,0;
4.27, 0.284065,-0.259235,-0.12713,0,0,0,0;
4.28, 0.283369,-0.265624,-0.127082,0,0,0,0;
4.29, 0.282661,-0.271906,-0.127002,0,0,0,0;
4.3, 0.281884,-0.278126,-0.126918,0,0,0,0;
4.31, 0.281146,-0.284173,-0.126792,0,0,0,0;
4.32, 0.280392,-0.290122,-0.126651,0,0,0,0;
4.33, 0.279636,-0.295929,-0.126497,0,0,0,0;
4.34, 0.278909,-0.301565,-0.12632,0,0,0,0;
4.35, 0.27821,-0.307054,-0.126123,0,0,0,0;
4.36, 0.277575,-0.312317,-0.125896,0,0,0,0;
4.37, 0.276984,-0.317361,-0.125653,0,0,0,0;
4.38, 0.276442,-0.32218,-0.125397,0,0,0,0;
4.39, 0.275946,-0.326807,-0.125126,0,0,0,0;
4.4, 0.275513,-0.331183,-0.124838,0,0,0,0;
4.41, 0.275126,-0.335316,-0.12454,0,0,0,0;
4.42, 0.274815,-0.339154,-0.124221,0,0,0,0;
4.43, 0.274557,-0.342716,-0.12389,0,0,0,0;
4.44, 0.274345,-0.34598,-0.123552,0,0,0,0;
4.45, 0.274169,-0.348972,-0.123202,0,0,0,0;
4.46, 0.274024,-0.351658,-0.122843,0,0,0,0;
4.47, 0.273901,-0.354012,-0.122476,0,0,0,0;
4.48, 0.273794,-0.356044,-0.122105,0,0,0,0;
4.49, 0.273685,-0.35777,-0.121725,0,0,0,0;
4.5, 0.273551,-0.359111,-0.121344,0,0,0,0;
4.51, 0.273409,-0.360197,-0.120962,0,0,0,0;
4.52, 0.273214,-0.360924,-0.120575,0,0,0,0;
4.53, 0.272972,-0.361326,-0.120198,0,0,0,0;
4.54, 0.272641,-0.361452,-0.119784,0,0,0,0;
4.55, 0.272229,-0.361223,-0.119385,0,0,0,0;
4.56, 0.271706,-0.360607,-0.118998,0,0,0,0;
4.57, 0.27109,-0.359723,-0.118618,0,0,0,0;
4.58, 0.270324,-0.358459,-0.118249,0,0,0,0;
4.59, 0.269427,-0.356924,-0.11788,0,0,0,0;
4.6, 0.26838,-0.355091,-0.11751,0,0,0,0;
4.61, 0.267256,-0.353163,-0.117143,0,0,0,0;
4.62, 0.265882,-0.350779,-0.116762,0,0,0,0;
4.63, 0.264356,-0.348161,-0.116389,0,0,0,0;
4.64, 0.262701,-0.345383,-0.116018,0,0,0,0;
4.65, 0.26094,-0.342417,-0.115699,0,0,0,0;
4.66, 0.258946,-0.339123,-0.115366,0,0,0,0;
4.67, 0.25688,-0.335727,-0.115078,0,0,0,0;
4.68, 0.25461,-0.332116,-0.114745,0,0,0,0;
4.69, 0.252173,-0.328292,-0.114425,0,0,0,0;
4.7, 0.249601,-0.324293,-0.114125,0,0,0,0;
4.71, 0.246868,-0.320133,-0.113805,0,0,0,0;
4.72, 0.244103,-0.315943,-0.113525,0,0,0,0;
4.73, 0.241174,-0.311534,-0.113252,0,0,0,0;
4.74, 0.238294,-0.307124,-0.113065,0,0,0,0;
4.75, 0.235197,-0.302484,-0.112825,0,0,0,0;
4.76, 0.231953,-0.297773,-0.112515,0,0,0,0;
4.77, 0.229063,-0.293359,-0.112368,0,0,0,0;
4.78, 0.225867,-0.28851,-0.112187,0,0,0,0;
4.79, 0.222528,-0.283597,-0.111925,0,0,0,0;
4.8, 0.219329,-0.278768,-0.111724,0,0,0,0;
4.81, 0.216137,-0.273805,-0.111571,0,0,0,0;
4.82, 0.212783,-0.268676,-0.111356,0,0,0,0;
4.83, 0.209698,-0.263722,-0.111226,0,0,0,0;
4.84, 0.206903,-0.259033,-0.11115,0,0,0,0;
4.85, 0.203786,-0.253928,-0.110992,0,0,0,0;
4.86, 0.200963,-0.249017,-0.1109,0,0,0,0;
4.87, 0.198405,-0.244155,-0.110887,0,0,0,0;
4.88, 0.19564,-0.239124,-0.110772,0,0,0,0;
4.89, 0.192817,-0.233932,-0.110628,0,0,0,0;
4.9, 0.190397,-0.228952,-0.110574,0,0,0,0;
4.91, 0.188071,-0.223985,-0.110513,0,0,0,0;
4.92, 0.186096,-0.219146,-0.110524,0,0,0,0;
4.93, 0.184045,-0.214155,-0.110482,0,0,0,0;
4.94, 0.182381,-0.209314,-0.110513,0,0,0,0;
4.95, 0.180885,-0.204505,-0.110549,0,0,0,0;
4.96, 0.179645,-0.199781,-0.110612,0,0,0,0;
4.97, 0.178426,-0.19502,-0.110639,0,0,0,0;
4.98, 0.177523,-0.190324,-0.110712,0,0,0,0;
4.99, 0.176797,-0.185657,-0.110788,0,0,0,0;
5, 0.176355,-0.18108,-0.110895,0,0,0,0;
5.01, 0.176146,-0.176574,-0.111018,0,0,0,0;
5.02, 0.176182,-0.172129,-0.111159,0,0,0,0;
5.03, 0.176325,-0.167711,-0.111285,0,0,0,0;
5.04, 0.176819,-0.163429,-0.111454,0,0,0,0;
5.05, 0.177532,-0.159233,-0.111635,0,0,0,0;
5.06, 0.17845,-0.15512,-0.111824,0,0,0,0;
5.07, 0.179551,-0.151082,-0.112017,0,0,0,0;
5.08, 0.180692,-0.147098,-0.112184,0,0,0,0;
5.09, 0.182314,-0.143264,-0.112423,0,0,0,0;
5.1, 0.184001,-0.139557,-0.112644,0,0,0,0;
5.11, 0.186056,-0.136011,-0.112912,0,0,0,0;
5.12, 0.188212,-0.13259,-0.113174,0,0,0,0;
5.13, 0.19056,-0.12934,-0.11345,0,0,0,0;
5.14, 0.193272,-0.126333,-0.113776,0,0,0,0;
5.15, 0.196091,-0.123393,-0.114095,0,0,0,0;
5.16, 0.198856,-0.120679,-0.114391,0,0,0,0;
5.17, 0.201814,-0.118184,-0.114709,0,0,0,0;
5.18, 0.204898,-0.115887,-0.115035,0,0,0,0;
5.19, 0.208127,-0.113832,-0.115378,0,0,0,0;
5.2, 0.21129,-0.111964,-0.115702,0,0,0,0;
5.21, 0.214601,-0.110371,-0.116047,0,0,0,0;
5.22, 0.218225,-0.109044,-0.116434,0,0,0,0;
5.23, 0.221991,-0.108024,-0.116842,0,0,0,0;
5.24, 0.225342,-0.10722,-0.117193,0,0,0,0;
5.25, 0.228851,-0.106753,-0.117572,0,0,0,0;
5.26, 0.232336,-0.106611,-0.117955,0,0,0,0;
5.27, 0.235964,-0.106775,-0.11836,0,0,0,0;
5.28, 0.239645,-0.10728,-0.118777,0,0,0,0;
5.29, 0.243131,-0.108112,-0.119181,0,0,0,0;
5.3, 0.246614,-0.109251,-0.11959,0,0,0,0;
5.31, 0.249854,-0.110687,-0.119982,0,0,0,0;
5.32, 0.253097,-0.112468,-0.120383,0,0,0,0;
5.33, 0.256216,-0.114595,-0.120782,0,0,0,0;
5.34, 0.25918,-0.117035,-0.121176,0,0,0,0;
5.35, 0.262073,-0.119785,-0.121568,0,0,0,0;
5.36, 0.264842,-0.122852,-0.121956,0,0,0,0;
5.37, 0.267466,-0.126228,-0.122338,0,0,0,0;
5.38, 0.269895,-0.129895,-0.122711,0,0,0,0;
5.39, 0.272215,-0.133839,-0.123077,0,0,0,0;
5.4, 0.274347,-0.138055,-0.123432,0,0,0,0;
5.41, 0.276321,-0.142579,-0.123782,0,0,0,0;
5.42, 0.278157,-0.147303,-0.124115,0,0,0,0;
5.43, 0.279776,-0.1523,-0.12444,0,0,0,0;
5.44, 0.281203,-0.157527,-0.124752,0,0,0,0;
5.45, 0.282508,-0.162901,-0.125045,0,0,0,0;
5.46, 0.283635,-0.16852,-0.125325,0,0,0,0;
5.47, 0.284607,-0.174249,-0.125584,0,0,0,0;
5.48, 0.285391,-0.180182,-0.12583,0,0,0,0;
5.49, 0.286022,-0.186256,-0.126057,0,0,0,0;
5.5, 0.286481,-0.192434,-0.126266,0,0,0,0;
5.51, 0.286807,-0.19871,-0.126452,0,0,0,0;
5.52, 0.286958,-0.205079,-0.126622,0,0,0,0;
5.53, 0.287026,-0.211525,-0.126762,0,0,0,0;
5.54, 0.286913,-0.21801,-0.126889,0,0,0,0;
5.55, 0.28672,-0.224525,-0.126987,0,0,0,0;
5.56, 0.2864,-0.231059,-0.127066,0,0,0,0;
5.57, 0.285991,-0.237599,-0.12712,0,0,0,0;
5.58, 0.285488,-0.24414,-0.127154,0,0,0,0;
5.59, 0.284943,-0.250651,-0.127153,0,0,0,0;
5.6, 0.284308,-0.257117,-0.127136,0,0,0,0;
5.61, 0.283611,-0.263541,-0.1271,0,0,0,0;
5.62, 0.282854,-0.2699,-0.127049,0,0,0,0;
5.63, 0.282142,-0.276097,-0.12695,0,0,0,0;
5.64, 0.281398,-0.282183,-0.126835,0,0,0,0;
5.65, 0.280617,-0.288205,-0.126712,0,0,0,0;
5.66, 0.279868,-0.294083,-0.126554,0,0,0,0;
5.67, 0.279145,-0.299788,-0.126374,0,0,0,0;
5.68, 0.278459,-0.305302,-0.126169,0,0,0,0;
5.69, 0.277791,-0.310682,-0.125952,0,0,0,0;
5.7, 0.277166,-0.315858,-0.125719,0,0,0,0;
5.71, 0.276596,-0.320834,-0.125463,0,0,0,0;
5.72, 0.276068,-0.325615,-0.125197,0,0,0,0;
5.73, 0.275618,-0.330112,-0.124906,0,0,0,0;
5.74, 0.275227,-0.334339,-0.124602,0,0,0,0;
5.75, 0.274899,-0.338316,-0.12428,0,0,0,0;
5.76, 0.274627,-0.342045,-0.123943,0,0,0,0;
5.77, 0.274399,-0.345482,-0.123599,0,0,0,0;
5.78, 0.274221,-0.348611,-0.123243,0,0,0,0;
5.79, 0.274081,-0.351464,-0.122874,0,0,0,0;
5.8, 0.273967,-0.353958,-0.122502,0,0,0,0;
5.81, 0.273874,-0.356174,-0.122117,0,0,0,0;
5.82, 0.273786,-0.358067,-0.121722,0,0,0,0;
5.83, 0.273689,-0.359614,-0.121324,0,0,0,0;
5.84, 0.273568,-0.36078,-0.120931,0,0,0,0;
5.85, 0.273416,-0.361692,-0.120519,0,0,0,0;
5.86, 0.273213,-0.362244,-0.120113,0,0,0,0;
5.87, 0.272925,-0.362379,-0.119713,0,0,0,0;
5.88, 0.272541,-0.36219,-0.119297,0,0,0,0;
5.89, 0.272087,-0.361781,-0.118869,0,0,0,0;
5.9, 0.271529,-0.360982,-0.118485,0,0,0,0;
5.91, 0.270882,-0.360008,-0.118077,0,0,0,0;
5.92, 0.270057,-0.358557,-0.117701,0,0,0,0;
5.93, 0.269071,-0.356818,-0.117297,0,0,0,0;
5.94, 0.267923,-0.354818,-0.116868,0,0,0,0;
5.95, 0.266584,-0.352398,-0.116503,0,0,0,0;
5.96, 0.265176,-0.349976,-0.116111,0,0,0,0;
5.97, 0.263511,-0.347084,-0.115747,0,0,0,0;
5.98, 0.26177,-0.344169,-0.115367,0,0,0,0;
5.99, 0.259836,-0.340924,-0.115036,0,0,0,0;
6, 0.257729,-0.337505,-0.114675,0,0,0,0;
6.01, 0.255367,-0.333753,-0.114298,0,0,0,0;
6.02, 0.252862,-0.329824,-0.113947,0,0,0,0;
6.03, 0.250284,-0.325829,-0.113624,0,0,0,0;
6.04, 0.247631,-0.321752,-0.113334,0,0,0,0;
6.05, 0.244772,-0.317455,-0.113023,0,0,0,0;
6.06, 0.241864,-0.313097,-0.112751,0,0,0,0;
6.07, 0.238846,-0.308549,-0.112524,0,0,0,0;
6.08, 0.235595,-0.303789,-0.112224,0,0,0,0;
6.09, 0.232241,-0.299005,-0.111872,0,0,0,0;
6.1, 0.229055,-0.294315,-0.111653,0,0,0,0;
6.11, 0.225766,-0.289567,-0.111387,0,0,0,0;
6.12, 0.222682,-0.284867,-0.111269,0,0,0,0;
6.13, 0.219253,-0.279822,-0.111032,0,0,0,0;
6.14, 0.215422,-0.274381,-0.110673,0,0,0,0;
6.15, 0.21228,-0.269476,-0.110567,0,0,0,0;
6.16, 0.209157,-0.264549,-0.110453,0,0,0,0;
6.17, 0.205835,-0.259436,-0.110256,0,0,0,0;
6.18, 0.202894,-0.254501,-0.110194,0,0,0,0;
6.19, 0.199577,-0.249238,-0.109988,0,0,0,0;
6.2, 0.196592,-0.244175,-0.109867,0,0,0,0;
6.21, 0.193367,-0.238854,-0.109651,0,0,0,0;
6.22, 0.190699,-0.233817,-0.109594,0,0,0,0;
6.23, 0.188064,-0.228709,-0.10952,0,0,0,0;
6.24, 0.185482,-0.223559,-0.109432,0,0,0,0;
6.25, 0.183296,-0.218585,-0.109429,0,0,0,0;
6.26, 0.181285,-0.213668,-0.109434,0,0,0,0;
6.27, 0.179179,-0.208558,-0.109382,0,0,0,0;
6.28, 0.177385,-0.203602,-0.109373,0,0,0,0;
6.29, 0.175954,-0.198754,-0.109424,0,0,0,0;
6.3, 0.174618,-0.193901,-0.109456,0,0,0,0;
6.31, 0.173507,-0.189086,-0.109506,0,0,0,0;
6.32, 0.172656,-0.184336,-0.109582,0,0,0,0;
6.33, 0.171985,-0.179599,-0.109662,0,0,0,0;
6.34, 0.171539,-0.174901,-0.109756,0,0,0,0;
6.35, 0.171383,-0.170284,-0.10988,0,0,0,0;
6.36, 0.171305,-0.165672,-0.109976,0,0,0,0;
6.37, 0.171469,-0.16115,-0.110089,0,0,0,0;
6.38, 0.172067,-0.156789,-0.110265,0,0,0,0;
6.39, 0.172938,-0.1525,-0.110462,0,0,0,0;
6.4, 0.173927,-0.148272,-0.110647,0,0,0,0;
6.41, 0.17512,-0.144096,-0.110838,0,0,0,0;
6.42, 0.176728,-0.140119,-0.111086,0,0,0,0;
6.43, 0.178311,-0.136164,-0.111292,0,0,0,0;
6.44, 0.180269,-0.132385,-0.111546,0,0,0,0;
6.45, 0.182272,-0.128701,-0.111778,0,0,0,0;
6.46, 0.184551,-0.125226,-0.112042,0,0,0,0;
6.47, 0.187353,-0.121939,-0.112384,0,0,0,0;
6.48, 0.189866,-0.118723,-0.112644,0,0,0,0;
6.49, 0.192879,-0.115764,-0.112981,0,0,0,0;
6.5, 0.195973,-0.112951,-0.113312,0,0,0,0;
6.51, 0.199206,-0.110369,-0.113655,0,0,0,0;
6.52, 0.202356,-0.108003,-0.113975,0,0,0,0;
6.53, 0.206083,-0.105952,-0.114384,0,0,0,0;
6.54, 0.209768,-0.104085,-0.114774,0,0,0,0;
6.55, 0.213177,-0.102478,-0.115121,0,0,0,0;
6.56, 0.216838,-0.101147,-0.115505,0,0,0,0;
6.57, 0.220733,-0.100169,-0.115927,0,0,0,0;
6.58, 0.224516,-0.0994342,-0.116332,0,0,0,0;
6.59, 0.22805,-0.0989936,-0.116711,0,0,0,0;
6.6, 0.231868,-0.0988894,-0.117132,0,0,0,0;
6.61, 0.235775,-0.0991453,-0.117572,0,0,0,0;
6.62, 0.239431,-0.0997036,-0.11799,0,0,0,0;
6.63, 0.243194,-0.100628,-0.118428,0,0,0,0;
6.64, 0.246641,-0.101879,-0.118845,0,0,0,0;
6.65, 0.250161,-0.103503,-0.119279,0,0,0,0;
6.66, 0.253562,-0.105475,-0.119711,0,0,0,0;
6.67, 0.256932,-0.107866,-0.120153,0,0,0,0;
6.68, 0.260114,-0.110542,-0.120582,0,0,0,0;
6.69, 0.263214,-0.113572,-0.121011,0,0,0,0;
6.7, 0.266071,-0.116948,-0.121431,0,0,0,0;
6.71, 0.268709,-0.120651,-0.121843,0,0,0,0;
6.72, 0.2712,-0.124671,-0.12225,0,0,0,0;
6.73, 0.27354,-0.12899,-0.122648,0,0,0,0;
6.74, 0.275752,-0.1336,-0.123036,0,0,0,0;
6.75, 0.277728,-0.138487,-0.123413,0,0,0,0;
6.76, 0.279581,-0.143634,-0.123777,0,0,0,0;
6.77, 0.281249,-0.149013,-0.124124,0,0,0,0;
6.78, 0.282697,-0.154682,-0.124463,0,0,0,0;
6.79, 0.283947,-0.160502,-0.124781,0,0,0,0;
6.8, 0.28504,-0.166554,-0.125082,0,0,0,0;
6.81, 0.285919,-0.172801,-0.125368,0,0,0,0;
6.82, 0.286616,-0.179224,-0.125636,0,0,0,0;
6.83, 0.287176,-0.185739,-0.125876,0,0,0,0;
6.84, 0.287573,-0.192409,-0.126094,0,0,0,0;
6.85, 0.287771,-0.199176,-0.126295,0,0,0,0;
6.86, 0.287845,-0.205991,-0.126466,0,0,0,0;
6.87, 0.287796,-0.212882,-0.126608,0,0,0,0;
6.88, 0.287583,-0.219863,-0.126731,0,0,0,0;
6.89, 0.287221,-0.226866,-0.126834,0,0,0,0;
6.9, 0.286759,-0.233905,-0.126909,0,0,0,0;
6.91, 0.286215,-0.240905,-0.126952,0,0,0,0;
6.92, 0.28558,-0.24789,-0.12697,0,0,0,0;
6.93, 0.284885,-0.254826,-0.126956,0,0,0,0;
6.94, 0.284133,-0.261696,-0.126913,0,0,0,0;
6.95, 0.283306,-0.268527,-0.126855,0,0,0,0;
6.96, 0.282478,-0.275227,-0.126759,0,0,0,0;
6.97, 0.281626,-0.281846,-0.126638,0,0,0,0;
6.98, 0.28077,-0.288349,-0.126492,0,0,0,0;
6.99, 0.279928,-0.294705,-0.126319,0,0,0,0;
7, 0.279117,-0.30089,-0.126118,0,0,0,0;
7.01, 0.278331,-0.306922,-0.1259,0,0,0,0;
7.02, 0.277618,-0.312704,-0.125642,0,0,0,0;
7.03, 0.276937,-0.318334,-0.125382,0,0,0,0;
7.04, 0.276338,-0.323715,-0.125083,0,0,0,0;
7.05, 0.275808,-0.32886,-0.124766,0,0,0,0;
7.06, 0.275349,-0.333768,-0.124436,0,0,0,0;
7.07, 0.274972,-0.338412,-0.12408,0,0,0,0;
7.08, 0.274674,-0.342755,-0.123711,0,0,0,0;
7.09, 0.274453,-0.346832,-0.123321,0,0,0,0;
7.1, 0.274303,-0.350595,-0.122919,0,0,0,0;
7.11, 0.274221,-0.354013,-0.122504,0,0,0,0;
7.12, 0.274197,-0.357105,-0.122074,0,0,0,0;
7.13, 0.274217,-0.359831,-0.121639,0,0,0,0;
7.14, 0.274269,-0.362223,-0.121189,0,0,0,0;
7.15, 0.274338,-0.364225,-0.120737,0,0,0,0;
7.16, 0.274411,-0.365909,-0.120274,0,0,0,0;
7.17, 0.274468,-0.367213,-0.119807,0,0,0,0;
7.18, 0.274484,-0.36811,-0.119342,0,0,0,0;
7.19, 0.274447,-0.368655,-0.118867,0,0,0,0;
7.2, 0.274331,-0.368817,-0.118381,0,0,0,0;
7.21, 0.274145,-0.368684,-0.117902,0,0,0,0;
7.22, 0.273814,-0.368061,-0.117436,0,0,0,0;
7.23, 0.273373,-0.367173,-0.116937,0,0,0,0;
7.24, 0.272792,-0.365932,-0.116451,0,0,0,0;
7.25, 0.272039,-0.364307,-0.116,0,0,0,0;
7.26, 0.271124,-0.362392,-0.115537,0,0,0,0;
7.27, 0.269981,-0.360077,-0.115067,0,0,0,0;
7.28, 0.268653,-0.357467,-0.114611,0,0,0,0;
7.29, 0.267212,-0.354748,-0.114158,0,0,0,0;
7.3, 0.265549,-0.351694,-0.113759,0,0,0,0;
7.31, 0.263672,-0.34838,-0.113334,0,0,0,0;
7.32, 0.261503,-0.344683,-0.112888,0,0,0,0;
7.33, 0.259286,-0.341005,-0.112497,0,0,0,0;
7.34, 0.256711,-0.336878,-0.112052,0,0,0,0;
7.35, 0.253998,-0.332637,-0.111642,0,0,0,0;
7.36, 0.251133,-0.328241,-0.111295,0,0,0,0;
7.37, 0.248065,-0.32366,-0.11092,0,0,0,0;
7.38, 0.244867,-0.318982,-0.110549,0,0,0,0;
7.39, 0.241536,-0.314185,-0.110206,0,0,0,0;
7.4, 0.237953,-0.309177,-0.109774,0,0,0,0;
7.41, 0.234465,-0.304257,-0.10951,0,0,0,0;
7.42, 0.230908,-0.299284,-0.109225,0,0,0,0;
7.43, 0.227243,-0.29421,-0.108931,0,0,0,0;
7.44, 0.223808,-0.289377,-0.108759,0,0,0,0;
7.45, 0.219671,-0.283796,-0.108379,0,0,0,0;
7.46, 0.21569,-0.278347,-0.108094,0,0,0,0;
7.47, 0.21176,-0.272946,-0.10782,0,0,0,0;
7.48, 0.207967,-0.267607,-0.107623,0,0,0,0;
7.49, 0.204066,-0.262189,-0.107353,0,0,0,0;
7.5, 0.200315,-0.256853,-0.107134,0,0,0,0;
7.51, 0.196776,-0.25154,-0.107027,0,0,0,0;
7.52, 0.193277,-0.246282,-0.106875,0,0,0,0;
7.53, 0.189752,-0.24087,-0.106717,0,0,0,0;
7.54, 0.186463,-0.2356,-0.106604,0,0,0,0;
7.55, 0.183113,-0.230162,-0.106456,0,0,0,0;
7.56, 0.179837,-0.224704,-0.106298,0,0,0,0;
7.57, 0.176926,-0.219367,-0.106232,0,0,0,0;
7.58, 0.17422,-0.214143,-0.106174,0,0,0,0;
7.59, 0.171563,-0.208884,-0.106088,0,0,0,0;
7.6, 0.1692,-0.203637,-0.106063,0,0,0,0;
7.61, 0.16698,-0.198415,-0.10603,0,0,0,0;
7.62, 0.165197,-0.193329,-0.10608,0,0,0,0;
7.63, 0.163532,-0.188233,-0.10611,0,0,0,0;
7.64, 0.162071,-0.183168,-0.106146,0,0,0,0;
7.65, 0.160801,-0.17811,-0.106185,0,0,0,0;
7.66, 0.159818,-0.173149,-0.10625,0,0,0,0;
7.67, 0.158951,-0.168155,-0.106296,0,0,0,0;
7.68, 0.158531,-0.16329,-0.10641,0,0,0,0;
7.69, 0.158524,-0.158526,-0.10658,0,0,0,0;
7.7, 0.158653,-0.153775,-0.106731,0,0,0,0;
7.71, 0.158902,-0.149051,-0.106861,0,0,0,0;
7.72, 0.159611,-0.144457,-0.107056,0,0,0,0;
7.73, 0.160378,-0.139871,-0.107216,0,0,0,0;
7.74, 0.161727,-0.135478,-0.10747,0,0,0,0;
7.75, 0.163204,-0.131144,-0.107707,0,0,0,0;
7.76, 0.165006,-0.126925,-0.107975,0,0,0,0;
7.77, 0.166786,-0.12273,-0.108197,0,0,0,0;
7.78, 0.169154,-0.11874,-0.108511,0,0,0,0;
7.79, 0.171587,-0.114847,-0.108801,0,0,0,0;
7.8, 0.174433,-0.111137,-0.109147,0,0,0,0;
7.81, 0.177119,-0.107529,-0.10943,0,0,0,0;
7.82, 0.180215,-0.104109,-0.10977,0,0,0,0;
7.83, 0.183563,-0.100899,-0.110136,0,0,0,0;
7.84, 0.187337,-0.0979577,-0.110565,0,0,0,0;
7.85, 0.191056,-0.0951721,-0.110964,0,0,0,0;
7.86, 0.194796,-0.0925977,-0.111353,0,0,0,0;
7.87, 0.19883,-0.0903543,-0.111789,0,0,0,0;
7.88, 0.202749,-0.088317,-0.112197,0,0,0,0;
7.89, 0.207083,-0.0866141,-0.11267,0,0,0,0;
7.9, 0.211351,-0.0852032,-0.113132,0,0,0,0;
7.91, 0.21545,-0.0840882,-0.113572,0,0,0,0;
7.92, 0.219907,-0.0833459,-0.114069,0,0,0,0;
7.93, 0.224312,-0.082923,-0.114563,0,0,0,0;
7.94, 0.228664,-0.0828848,-0.11506,0,0,0,0;
7.95, 0.232795,-0.083163,-0.115539,0,0,0,0;
7.96, 0.237043,-0.0838684,-0.116046,0,0,0,0;
7.97, 0.241206,-0.0849557,-0.116554,0,0,0,0;
7.98, 0.24515,-0.0864588,-0.117057,0,0,0,0;
7.99, 0.24905,-0.0884096,-0.117573,0,0,0,0;
8, 0.25274,-0.0906616,-0.118074,0,0,0,0;
8.01, 0.256479,-0.0933641,-0.118592,0,0,0,0;
8.02, 0.260174,-0.0964575,-0.119112,0,0,0,0;
8.03, 0.263573,-0.0999434,-0.11962,0,0,0,0;
8.04, 0.266727,-0.103771,-0.120116,0,0,0,0;
8.05, 0.269753,-0.107992,-0.120609,0,0,0,0;
8.06, 0.272507,-0.112601,-0.121094,0,0,0,0;
8.07, 0.275059,-0.117598,-0.121574,0,0,0,0;
8.08, 0.277333,-0.122905,-0.122042,0,0,0,0;
8.09, 0.27952,-0.12852,-0.122494,0,0,0,0;
8.1, 0.28148,-0.134411,-0.122929,0,0,0,0;
8.11, 0.283198,-0.140565,-0.123347,0,0,0,0;
8.12, 0.284677,-0.146981,-0.123749,0,0,0,0;
8.13, 0.285951,-0.153637,-0.124131,0,0,0,0;
8.14, 0.287056,-0.160512,-0.124487,0,0,0,0;
8.15, 0.287919,-0.167586,-0.124822,0,0,0,0;
8.16, 0.288543,-0.174832,-0.125138,0,0,0,0;
8.17, 0.289007,-0.18221,-0.12542,0,0,0,0;
8.18, 0.289246,-0.18973,-0.125681,0,0,0,0;
8.19, 0.289344,-0.197332,-0.125905,0,0,0,0;
8.2, 0.289235,-0.205042,-0.126106,0,0,0,0;
8.21, 0.289001,-0.212782,-0.126267,0,0,0,0;
8.22, 0.288576,-0.220589,-0.126406,0,0,0,0;
8.23, 0.288018,-0.228437,-0.126513,0,0,0,0;
8.24, 0.287372,-0.236244,-0.126575,0,0,0,0;
8.25, 0.286592,-0.244039,-0.126615,0,0,0,0;
8.26, 0.285756,-0.251763,-0.126608,0,0,0,0;
8.27, 0.284817,-0.259478,-0.12658,0,0,0,0;
8.28, 0.283851,-0.267053,-0.126508,0,0,0,0;
8.29, 0.28285,-0.274546,-0.126398,0,0,0,0;
8.3, 0.281804,-0.281955,-0.126278,0,0,0,0;
8.31, 0.28079,-0.289194,-0.126102,0,0,0,0;
8.32, 0.279799,-0.296247,-0.125893,0,0,0,0;
8.33, 0.278845,-0.303129,-0.125644,0,0,0,0;
8.34, 0.27793,-0.309861,-0.125386,0,0,0,0;
8.35, 0.277095,-0.316329,-0.12508,0,0,0,0;
8.36, 0.276339,-0.322573,-0.124752,0,0,0,0;
8.37, 0.275677,-0.328569,-0.124401,0,0,0,0;
8.38, 0.275118,-0.334295,-0.124022,0,0,0,0;
8.39, 0.274666,-0.339736,-0.123614,0,0,0,0;
8.4, 0.274333,-0.344868,-0.123192,0,0,0,0;
8.41, 0.274108,-0.349684,-0.122739,0,0,0,0;
8.42, 0.273998,-0.354144,-0.122271,0,0,0,0;
8.43, 0.273996,-0.35826,-0.121783,0,0,0,0;
8.44, 0.274087,-0.361976,-0.121282,0,0,0,0;
8.45, 0.274263,-0.365329,-0.120766,0,0,0,0;
8.46, 0.274517,-0.368278,-0.120238,0,0,0,0;
8.47, 0.274824,-0.370846,-0.119694,0,0,0,0;
8.48, 0.275167,-0.372984,-0.119141,0,0,0,0;
8.49, 0.275515,-0.374709,-0.118589,0,0,0,0;
8.5, 0.275852,-0.376008,-0.118033,0,0,0,0;
8.51, 0.276164,-0.376918,-0.117458,0,0,0,0;
8.52, 0.276399,-0.377303,-0.116892,0,0,0,0;
8.53, 0.276553,-0.377331,-0.116326,0,0,0,0;
8.54, 0.276595,-0.376944,-0.115763,0,0,0,0;
8.55, 0.276507,-0.376149,-0.115192,0,0,0,0;
8.56, 0.276245,-0.374928,-0.114642,0,0,0,0;
8.57, 0.275795,-0.373295,-0.114096,0,0,0,0;
8.58, 0.275162,-0.371332,-0.11354,0,0,0,0;
8.59, 0.274323,-0.369024,-0.112983,0,0,0,0;
8.6, 0.273219,-0.366289,-0.112421,0,0,0,0;
8.61, 0.271898,-0.363271,-0.111835,0,0,0,0;
8.62, 0.270349,-0.360012,-0.111314,0,0,0,0;
8.63, 0.268562,-0.356508,-0.110875,0,0,0,0;
8.64, 0.266446,-0.352582,-0.110404,0,0,0,0;
8.65, 0.264147,-0.348527,-0.109917,0,0,0,0;
8.66, 0.261485,-0.344034,-0.109425,0,0,0,0;
8.67, 0.258699,-0.339533,-0.108978,0,0,0,0;
8.68, 0.255678,-0.33484,-0.108489,0,0,0,0;
8.69, 0.252334,-0.32982,-0.108018,0,0,0,0;
8.7, 0.248818,-0.324708,-0.107587,0,0,0,0;
8.71, 0.24522,-0.319625,-0.107183,0,0,0,0;
8.72, 0.241468,-0.314449,-0.106816,0,0,0,0;
8.73, 0.237443,-0.309018,-0.106391,0,0,0,0;
8.74, 0.233626,-0.303933,-0.106095,0,0,0,0;
8.75, 0.229502,-0.298512,-0.105745,0,0,0,0;
8.76, 0.225278,-0.293008,-0.105433,0,0,0,0;
8.77, 0.220667,-0.287098,-0.105024,0,0,0,0;
8.78, 0.216434,-0.281638,-0.104794,0,0,0,0;
8.79, 0.212066,-0.276051,-0.104502,0,0,0,0;
8.8, 0.207593,-0.27036,-0.104204,0,0,0,0;
8.81, 0.203119,-0.264649,-0.103919,0,0,0,0;
8.82, 0.198696,-0.25892,-0.103681,0,0,0,0;
8.83, 0.194132,-0.25303,-0.103377,0,0,0,0;
8.84, 0.189767,-0.247316,-0.103104,0,0,0,0;
8.85, 0.185618,-0.241712,-0.10291,0,0,0,0;
8.86, 0.181548,-0.236014,-0.102767,0,0,0,0;
8.87, 0.177569,-0.230371,-0.1026,0,0,0,0;
8.88, 0.173851,-0.224833,-0.102492,0,0,0,0;
8.89, 0.170505,-0.219497,-0.102464,0,0,0,0;
8.9, 0.167154,-0.214091,-0.102376,0,0,0,0;
8.91, 0.163905,-0.208583,-0.102301,0,0,0,0;
8.92, 0.161006,-0.203283,-0.102266,0,0,0,0;
8.93, 0.158203,-0.197874,-0.102225,0,0,0,0;
8.94, 0.155649,-0.192553,-0.1022,0,0,0,0;
8.95, 0.153235,-0.187179,-0.102171,0,0,0,0;
8.96, 0.151089,-0.181866,-0.102165,0,0,0,0;
8.97, 0.149286,-0.176605,-0.102208,0,0,0,0;
8.98, 0.147804,-0.171417,-0.102284,0,0,0,0;
8.99, 0.146496,-0.16623,-0.102347,0,0,0,0;
9, 0.145494,-0.161108,-0.102433,0,0,0,0;
9.01, 0.14488,-0.156075,-0.102567,0,0,0,0;
9.02, 0.144594,-0.151126,-0.102728,0,0,0,0;
9.03, 0.144559,-0.146199,-0.102895,0,0,0,0;
9.04, 0.144863,-0.141339,-0.103092,0,0,0,0;
9.05, 0.145317,-0.136469,-0.103268,0,0,0,0;
9.06, 0.146374,-0.131789,-0.103541,0,0,0,0;
9.07, 0.147524,-0.12712,-0.103778,0,0,0,0;
9.08, 0.148971,-0.122518,-0.104034,0,0,0,0;
9.09, 0.150629,-0.117993,-0.104289,0,0,0,0;
9.1, 0.152945,-0.113665,-0.104651,0,0,0,0;
9.11, 0.155422,-0.109387,-0.105,0,0,0,0;
9.12, 0.157957,-0.10521,-0.105318,0,0,0,0;
9.13, 0.160833,-0.101123,-0.105669,0,0,0,0;
9.14, 0.16406,-0.0972463,-0.106061,0,0,0,0;
9.15, 0.167397,-0.0935005,-0.106441,0,0,0,0;
9.16, 0.17079,-0.0898939,-0.106804,0,0,0,0;
9.17, 0.174657,-0.0865581,-0.107241,0,0,0,0;
9.18, 0.178687,-0.0834461,-0.107689,0,0,0,0;
9.19, 0.182872,-0.0805243,-0.108145,0,0,0,0;
9.2, 0.187287,-0.0778186,-0.108626,0,0,0,0;
9.21, 0.192255,-0.0754681,-0.109198,0,0,0,0;
9.22, 0.196813,-0.0733287,-0.109689,0,0,0,0;
9.23, 0.201682,-0.0715765,-0.110236,0,0,0,0;
9.24, 0.206379,-0.0701455,-0.110758,0,0,0,0;
9.25, 0.211267,-0.0691063,-0.111318,0,0,0,0;
9.26, 0.216012,-0.0684342,-0.111866,0,0,0,0;
9.27, 0.220879,-0.0681396,-0.112439,0,0,0,0;
9.28, 0.225935,-0.0682594,-0.113048,0,0,0,0;
9.29, 0.230788,-0.0687642,-0.113641,0,0,0,0;
9.3, 0.235477,-0.069712,-0.114231,0,0,0,0;
9.31, 0.240089,-0.0710968,-0.114829,0,0,0,0;
9.32, 0.244376,-0.0728614,-0.115405,0,0,0,0;
9.33, 0.248722,-0.0751279,-0.116007,0,0,0,0;
9.34, 0.252974,-0.0778643,-0.116616,0,0,0,0;
9.35, 0.256925,-0.0810298,-0.117212,0,0,0,0;
9.36, 0.260691,-0.0846328,-0.117806,0,0,0,0;
9.37, 0.26444,-0.0886742,-0.118404,0,0,0,0;
9.38, 0.267874,-0.093126,-0.118989,0,0,0,0;
9.39, 0.271071,-0.0979373,-0.119559,0,0,0,0;
9.4, 0.273972,-0.103187,-0.120124,0,0,0,0;
9.41, 0.276713,-0.108855,-0.120681,0,0,0,0;
9.42, 0.279154,-0.114904,-0.121226,0,0,0,0;
9.43, 0.281388,-0.121233,-0.121749,0,0,0,0;
9.44, 0.283359,-0.127859,-0.122252,0,0,0,0;
9.45, 0.285101,-0.134807,-0.122736,0,0,0,0;
9.46, 0.286598,-0.141968,-0.123193,0,0,0,0;
9.47, 0.28777,-0.149397,-0.123636,0,0,0,0;
9.48, 0.288788,-0.157078,-0.124046,0,0,0,0;
9.49, 0.28957,-0.164915,-0.124425,0,0,0,0;
9.5, 0.290124,-0.17287,-0.12477,0,0,0,0;
9.51, 0.290454,-0.181023,-0.125086,0,0,0,0;
9.52, 0.290555,-0.189303,-0.125372,0,0,0,0;
9.53, 0.29045,-0.197654,-0.125625,0,0,0,0;
9.54, 0.290171,-0.206068,-0.125837,0,0,0,0;
9.55, 0.289703,-0.214526,-0.126018,0,0,0,0;
9.56, 0.289088,-0.223013,-0.126157,0,0,0,0;
9.57, 0.288323,-0.231446,-0.126264,0,0,0,0;
9.58, 0.287481,-0.239842,-0.126313,0,0,0,0;
9.59, 0.286533,-0.248141,-0.126326,0,0,0,0;
9.6, 0.28548,-0.256503,-0.126301,0,0,0,0;
9.61, 0.284376,-0.264719,-0.126232,0,0,0,0;
9.62, 0.283217,-0.272825,-0.126139,0,0,0,0;
9.63, 0.282045,-0.280793,-0.126007,0,0,0,0;
9.64, 0.280908,-0.288517,-0.125809,0,0,0,0;
9.65, 0.279771,-0.296152,-0.125596,0,0,0,0;
9.66, 0.278688,-0.303564,-0.125344,0,0,0,0;
9.67, 0.27767,-0.310758,-0.125045,0,0,0,0;
9.68, 0.276738,-0.317686,-0.124712,0,0,0,0;
9.69, 0.275904,-0.3244,-0.124358,0,0,0,0;
9.7, 0.275185,-0.330773,-0.123963,0,0,0,0;
9.71, 0.274594,-0.336859,-0.123549,0,0,0,0;
9.72, 0.274139,-0.342675,-0.123109,0,0,0,0;
9.73, 0.273814,-0.348145,-0.122634,0,0,0,0;
9.74, 0.273626,-0.353246,-0.122137,0,0,0,0;
9.75, 0.273589,-0.357976,-0.121626,0,0,0,0;
9.76, 0.273676,-0.362312,-0.121092,0,0,0,0;
9.77, 0.273886,-0.366254,-0.120541,0,0,0,0;
9.78, 0.274193,-0.36977,-0.119976,0,0,0,0;
9.79, 0.274591,-0.37287,-0.119398,0,0,0,0;
9.8, 0.275054,-0.375545,-0.11881,0,0,0,0;
9.81, 0.27558,-0.377762,-0.118212,0,0,0,0;
9.82, 0.276125,-0.379521,-0.117608,0,0,0,0;
9.83, 0.276654,-0.380805,-0.117008,0,0,0,0;
9.84, 0.277151,-0.381637,-0.116401,0,0,0,0;
9.85, 0.27759,-0.382074,-0.115784,0,0,0,0;
9.86, 0.27793,-0.381993,-0.115167,0,0,0,0;
9.87, 0.278146,-0.381515,-0.114564,0,0,0,0;
9.88, 0.278219,-0.380587,-0.113945,0,0,0,0;
9.89, 0.278078,-0.379158,-0.113366,0,0,0,0;
9.9, 0.277753,-0.377365,-0.112772,0,0,0,0;
9.91, 0.277201,-0.375195,-0.1122,0,0,0,0;
9.92, 0.276423,-0.372663,-0.111602,0,0,0,0;
9.93, 0.275399,-0.369814,-0.111051,0,0,0,0;
9.94, 0.274065,-0.366517,-0.110501,0,0,0,0;
9.95, 0.272442,-0.362907,-0.109989,0,0,0,0;
9.96, 0.270618,-0.359156,-0.109489,0,0,0,0;
9.97, 0.268446,-0.354967,-0.10892,0,0,0,0;
9.98, 0.266029,-0.350619,-0.108416,0,0,0,0;
9.99, 0.263421,-0.346171,-0.10793,0,0,0,0;
