0, -1.52948, -0.141481, 0.717773; 
0.01, -1.52957, -0.141426, 0.717703; 
0.02, -1.52896, -0.141317, 0.718103; 
0.03, -1.52764, -0.141162, 0.719664; 
0.04, -1.52574, -0.140849, 0.722501; 
0.05, -1.52364, -0.140501, 0.725795; 
0.06, -1.52152, -0.140088, 0.728633; 
0.07, -1.51941, -0.139559, 0.73018; 
0.08, -1.51733, -0.138903, 0.730441; 
0.09, -1.51542, -0.138091, 0.729789; 
0.1, -1.51392, -0.137159, 0.728845; 
0.11, -1.51304, -0.136224, 0.728249; 
0.12, -1.51281, -0.135356, 0.728144; 
0.13, -1.51306, -0.134537, 0.72854; 
0.14, -1.51362, -0.133706, 0.729198; 
0.15, -1.5143, -0.132824, 0.729789; 
0.16, -1.51502, -0.131906, 0.730091; 
0.17, -1.51578, -0.130914, 0.730071; 
0.18, -1.5166, -0.129849, 0.729826; 
0.19, -1.51755, -0.128834, 0.729513; 
0.2, -1.51866, -0.127968, 0.729295; 
0.21, -1.51989, -0.127112, 0.729209; 
0.22, -1.52119, -0.126268, 0.729302; 
0.23, -1.52266, -0.125671, 0.729376; 
0.24, -1.52421, -0.125101, 0.729381; 
0.25, -1.52578, -0.124498, 0.729352; 
0.26, -1.52743, -0.123911, 0.729262; 
0.27, -1.52917, -0.123439, 0.729086; 
0.28, -1.53095, -0.123, 0.728867; 
0.29, -1.53278, -0.122687, 0.728764; 
0.3, -1.53463, -0.122455, 0.728703; 
0.31, -1.53653, -0.122384, 0.728635; 
0.32, -1.53845, -0.122385, 0.728641; 
0.33, -1.54036, -0.122368, 0.728675; 
0.34, -1.5423, -0.122499, 0.728644; 
0.35, -1.54428, -0.122637, 0.728554; 
0.36, -1.54627, -0.122921, 0.728505; 
0.37, -1.54826, -0.123294, 0.728441; 
0.38, -1.55024, -0.123816, 0.728374; 
0.39, -1.55219, -0.12442, 0.72834; 
0.4, -1.5541, -0.125049, 0.728332; 
0.41, -1.55598, -0.125782, 0.728337; 
0.42, -1.55785, -0.12663, 0.728326; 
0.43, -1.55968, -0.127528, 0.728307; 
0.44, -1.56147, -0.128531, 0.728283; 
0.45, -1.56323, -0.129629, 0.728266; 
0.46, -1.56496, -0.130837, 0.728246; 
0.47, -1.56659, -0.132051, 0.728225; 
0.48, -1.56818, -0.133411, 0.728205; 
0.49, -1.56972, -0.134817, 0.728199; 
0.5, -1.57118, -0.136261, 0.728151; 
0.51, -1.57255, -0.137807, 0.728127; 
0.52, -1.57391, -0.139397, 0.728096; 
0.53, -1.57514, -0.141098, 0.728073; 
0.54, -1.57626, -0.142694, 0.728022; 
0.55, -1.57736, -0.144457, 0.728006; 
0.56, -1.57836, -0.146288, 0.728001; 
0.57, -1.57928, -0.148197, 0.727983; 
0.58, -1.5801, -0.15018, 0.728015; 
0.59, -1.58084, -0.152033, 0.727986; 
0.6, -1.58146, -0.15391, 0.727829; 
0.61, -1.58213, -0.15588, 0.727662; 
0.62, -1.5826, -0.157826, 0.727513; 
0.63, -1.58291, -0.159881, 0.727527; 
0.64, -1.5831, -0.161956, 0.727559; 
0.65, -1.58318, -0.164008, 0.727747; 
0.66, -1.58313, -0.165916, 0.727777; 
0.67, -1.58328, -0.168165, 0.727788; 
0.68, -1.58326, -0.170388, 0.72764; 
0.69, -1.5832, -0.172599, 0.727435; 
0.7, -1.58298, -0.174862, 0.727453; 
0.71, -1.58251, -0.176786, 0.727288; 
0.72, -1.58191, -0.178601, 0.727163; 
0.73, -1.58125, -0.180317, 0.727064; 
0.74, -1.58051, -0.182203, 0.726882; 
0.75, -1.57981, -0.184229, 0.726875; 
0.76, -1.57902, -0.186272, 0.726931; 
0.77, -1.57804, -0.188145, 0.726981; 
0.78, -1.57692, -0.190021, 0.727064; 
0.79, -1.57582, -0.191927, 0.727035; 
0.8, -1.57466, -0.19357, 0.726921; 
0.81, -1.57348, -0.195376, 0.726836; 
0.82, -1.57218, -0.196902, 0.726755; 
0.83, -1.57068, -0.198418, 0.726612; 
0.84, -1.56918, -0.19998, 0.726665; 
0.85, -1.56762, -0.201407, 0.7267; 
0.86, -1.56601, -0.202675, 0.72665; 
0.87, -1.56438, -0.203955, 0.726659; 
0.88, -1.56261, -0.205065, 0.726505; 
0.89, -1.56081, -0.20624, 0.726407; 
0.9, -1.55896, -0.20725, 0.726398; 
0.91, -1.55707, -0.208166, 0.726398; 
0.92, -1.55511, -0.208982, 0.726416; 
0.93, -1.5531, -0.209715, 0.726375; 
0.94, -1.5511, -0.210329, 0.72631; 
0.95, -1.54911, -0.21092, 0.726265; 
0.96, -1.54707, -0.211418, 0.726224; 
0.97, -1.54496, -0.211694, 0.726101; 
0.98, -1.54287, -0.211922, 0.72605; 
0.99, -1.54078, -0.212064, 0.726011; 
1, -1.53868, -0.212136, 0.725973; 
1.01, -1.53658, -0.212067, 0.7259; 
1.02, -1.53449, -0.211948, 0.72587; 
1.03, -1.53239, -0.211696, 0.725803; 
1.04, -1.53033, -0.211362, 0.725782; 
1.05, -1.52829, -0.210955, 0.725782; 
1.06, -1.52625, -0.21031, 0.725675; 
1.07, -1.52427, -0.209727, 0.725638; 
1.08, -1.52227, -0.208964, 0.725578; 
1.09, -1.52039, -0.208324, 0.725559; 
1.1, -1.51849, -0.20737, 0.725516; 
1.11, -1.51663, -0.206284, 0.725473; 
1.12, -1.5148, -0.205063, 0.725368; 
1.13, -1.51305, -0.203922, 0.725273; 
1.14, -1.51141, -0.202792, 0.725179; 
1.15, -1.50979, -0.201491, 0.725117; 
1.16, -1.50822, -0.200039, 0.725032; 
1.17, -1.50671, -0.198469, 0.724962; 
1.18, -1.50532, -0.19696, 0.724911; 
1.19, -1.50401, -0.1954, 0.724827; 
1.2, -1.5027, -0.193652, 0.724681; 
1.21, -1.50149, -0.191876, 0.724617; 
1.22, -1.50039, -0.190093, 0.724561; 
1.23, -1.49941, -0.188342, 0.724514; 
1.24, -1.49851, -0.18649, 0.724485; 
1.25, -1.49766, -0.184475, 0.724405; 
1.26, -1.49693, -0.182513, 0.724361; 
1.27, -1.49628, -0.180554, 0.724283; 
1.28, -1.49571, -0.178563, 0.724168; 
1.29, -1.49521, -0.176437, 0.724041; 
1.3, -1.49484, -0.174319, 0.723958; 
1.31, -1.49459, -0.172235, 0.723874; 
1.32, -1.49444, -0.170143, 0.72378; 
1.33, -1.49436, -0.168026, 0.723669; 
1.34, -1.4944, -0.165962, 0.723539; 
1.35, -1.49454, -0.16388, 0.723441; 
1.36, -1.49476, -0.161742, 0.723359; 
1.37, -1.49511, -0.159665, 0.723311; 
1.38, -1.49555, -0.157571, 0.723271; 
1.39, -1.49609, -0.155534, 0.723188; 
1.4, -1.49669, -0.153535, 0.723053; 
1.41, -1.49739, -0.151567, 0.722931; 
1.42, -1.49819, -0.149591, 0.722845; 
1.43, -1.49911, -0.147682, 0.722786; 
1.44, -1.50011, -0.145822, 0.722677; 
1.45, -1.50118, -0.14401, 0.72258; 
1.46, -1.50236, -0.142227, 0.722565; 
1.47, -1.50363, -0.140563, 0.722525; 
1.48, -1.50497, -0.138926, 0.722469; 
1.49, -1.50635, -0.137342, 0.72239; 
1.5, -1.5078, -0.135782, 0.722247; 
1.51, -1.50935, -0.134366, 0.722147; 
1.52, -1.51096, -0.13298, 0.722068; 
1.53, -1.51266, -0.131719, 0.722038; 
1.54, -1.51438, -0.130489, 0.722005; 
1.55, -1.51617, -0.129359, 0.721952; 
1.56, -1.51801, -0.128298, 0.721862; 
1.57, -1.51992, -0.127404, 0.721766; 
1.58, -1.52185, -0.12653, 0.721699; 
1.59, -1.52385, -0.12573, 0.721647; 
1.6, -1.52581, -0.125049, 0.72158; 
1.61, -1.52783, -0.124469, 0.72151; 
1.62, -1.52988, -0.123982, 0.721465; 
1.63, -1.53195, -0.123588, 0.721412; 
1.64, -1.53405, -0.123304, 0.72137; 
1.65, -1.53616, -0.123144, 0.721309; 
1.66, -1.53827, -0.123018, 0.721226; 
1.67, -1.54039, -0.123076, 0.72118; 
1.68, -1.54247, -0.123093, 0.721163; 
1.69, -1.54455, -0.123277, 0.721123; 
1.7, -1.54665, -0.123651, 0.721031; 
1.71, -1.54871, -0.123979, 0.720958; 
1.72, -1.55075, -0.124498, 0.720884; 
1.73, -1.55276, -0.125092, 0.720825; 
1.74, -1.55474, -0.125829, 0.720774; 
1.75, -1.55667, -0.126609, 0.720722; 
1.76, -1.55857, -0.127515, 0.720674; 
1.77, -1.56042, -0.128449, 0.720609; 
1.78, -1.56223, -0.129509, 0.72053; 
1.79, -1.56398, -0.130598, 0.720436; 
1.8, -1.56569, -0.131805, 0.720343; 
1.81, -1.56731, -0.133065, 0.720266; 
1.82, -1.56889, -0.134431, 0.720201; 
1.83, -1.57037, -0.135848, 0.720151; 
1.84, -1.57176, -0.137334, 0.720099; 
1.85, -1.57311, -0.13889, 0.720052; 
1.86, -1.57438, -0.140469, 0.719981; 
1.87, -1.57562, -0.142208, 0.719882; 
1.88, -1.57677, -0.143981, 0.719761; 
1.89, -1.57784, -0.145783, 0.719631; 
1.9, -1.57879, -0.147601, 0.719545; 
1.91, -1.57965, -0.149491, 0.719454; 
1.92, -1.58038, -0.151388, 0.719384; 
1.93, -1.58103, -0.153311, 0.719312; 
1.94, -1.5816, -0.155332, 0.719181; 
1.95, -1.58213, -0.157319, 0.719046; 
1.96, -1.58252, -0.159303, 0.71896; 
1.97, -1.58281, -0.161351, 0.718819; 
1.98, -1.58305, -0.163443, 0.718786; 
1.99, -1.58316, -0.16546, 0.718665; 
2, -1.58318, -0.167533, 0.718588; 
2.01, -1.58311, -0.16966, 0.718561; 
2.02, -1.58296, -0.171786, 0.718471; 
2.03, -1.58267, -0.173837, 0.718271; 
2.04, -1.5823, -0.175828, 0.718043; 
2.05, -1.58181, -0.177765, 0.717961; 
2.06, -1.58121, -0.179699, 0.71788; 
2.07, -1.58053, -0.18168, 0.717857; 
2.08, -1.57992, -0.183822, 0.717897; 
2.09, -1.57905, -0.185669, 0.717724; 
2.1, -1.57823, -0.187792, 0.717773; 
2.11, -1.57713, -0.189385, 0.717474; 
2.12, -1.57605, -0.191193, 0.717425; 
2.13, -1.57492, -0.192994, 0.717306; 
2.14, -1.5736, -0.194576, 0.71713; 
2.15, -1.5723, -0.196244, 0.717102; 
2.16, -1.57096, -0.197825, 0.716961; 
2.17, -1.5695, -0.19927, 0.7168; 
2.18, -1.56798, -0.200833, 0.716803; 
2.19, -1.56637, -0.202219, 0.716748; 
2.2, -1.56463, -0.203394, 0.716645; 
2.21, -1.56293, -0.204474, 0.716566; 
2.22, -1.56115, -0.205566, 0.716459; 
2.23, -1.55934, -0.206641, 0.716322; 
2.24, -1.55745, -0.207599, 0.716211; 
2.25, -1.55558, -0.208558, 0.716172; 
2.26, -1.55362, -0.209372, 0.716113; 
2.27, -1.55164, -0.210043, 0.716055; 
2.28, -1.54963, -0.21054, 0.715989; 
2.29, -1.54759, -0.211037, 0.715956; 
2.3, -1.5455, -0.211337, 0.715804; 
2.31, -1.54344, -0.21163, 0.715698; 
2.32, -1.54133, -0.211836, 0.715552; 
2.33, -1.53924, -0.211924, 0.715388; 
2.34, -1.53717, -0.211952, 0.71533; 
2.35, -1.53508, -0.211803, 0.715262; 
2.36, -1.53301, -0.211574, 0.715231; 
2.37, -1.53096, -0.211261, 0.715193; 
2.38, -1.52889, -0.210825, 0.715085; 
2.39, -1.52684, -0.210303, 0.714956; 
2.4, -1.52485, -0.209751, 0.714856; 
2.41, -1.52287, -0.209051, 0.714742; 
2.42, -1.52093, -0.208268, 0.714649; 
2.43, -1.51905, -0.207421, 0.714597; 
2.44, -1.5172, -0.206454, 0.714517; 
2.45, -1.51538, -0.205344, 0.714412; 
2.46, -1.51364, -0.204179, 0.714325; 
2.47, -1.51193, -0.202952, 0.714209; 
2.48, -1.51027, -0.201572, 0.714074; 
2.49, -1.50869, -0.200221, 0.713956; 
2.5, -1.50719, -0.198779, 0.713823; 
2.51, -1.50576, -0.197276, 0.713722; 
2.52, -1.50437, -0.195566, 0.713626; 
2.53, -1.50314, -0.193972, 0.71362; 
2.54, -1.50191, -0.192226, 0.713476; 
2.55, -1.50082, -0.190552, 0.713381; 
2.56, -1.49978, -0.188749, 0.713269; 
2.57, -1.49883, -0.186952, 0.713186; 
2.58, -1.49797, -0.185046, 0.713095; 
2.59, -1.4972, -0.183063, 0.713019; 
2.6, -1.49651, -0.180938, 0.712926; 
2.61, -1.49591, -0.178868, 0.71283; 
2.62, -1.49545, -0.176919, 0.712709; 
2.63, -1.49505, -0.174889, 0.712536; 
2.64, -1.49472, -0.17275, 0.712373; 
2.65, -1.49454, -0.170679, 0.712271; 
2.66, -1.49448, -0.168617, 0.712187; 
2.67, -1.49449, -0.166494, 0.712096; 
2.68, -1.4946, -0.164355, 0.712013; 
2.69, -1.49481, -0.162293, 0.711909; 
2.7, -1.49511, -0.160167, 0.711808; 
2.71, -1.49551, -0.158091, 0.711732; 
2.72, -1.49602, -0.15605, 0.711629; 
2.73, -1.4966, -0.154036, 0.711501; 
2.74, -1.49729, -0.152063, 0.711359; 
2.75, -1.49807, -0.150101, 0.711248; 
2.76, -1.49897, -0.148191, 0.711204; 
2.77, -1.49994, -0.146322, 0.71112; 
2.78, -1.50101, -0.144533, 0.711069; 
2.79, -1.50215, -0.142782, 0.710966; 
2.8, -1.50335, -0.141027, 0.710858; 
2.81, -1.50464, -0.139302, 0.710795; 
2.82, -1.50603, -0.137732, 0.710718; 
2.83, -1.50747, -0.136198, 0.710611; 
2.84, -1.509, -0.134747, 0.710499; 
2.85, -1.51059, -0.133351, 0.710385; 
2.86, -1.51225, -0.13204, 0.710306; 
2.87, -1.51396, -0.130821, 0.710238; 
2.88, -1.51572, -0.12967, 0.710187; 
2.89, -1.51754, -0.128602, 0.710147; 
2.9, -1.51941, -0.127623, 0.710088; 
2.91, -1.52133, -0.126739, 0.709995; 
2.92, -1.52327, -0.125931, 0.709894; 
2.93, -1.52526, -0.125237, 0.709781; 
2.94, -1.52726, -0.124582, 0.709701; 
2.95, -1.5293, -0.12408, 0.709622; 
2.96, -1.53137, -0.123705, 0.709553; 
2.97, -1.53344, -0.12337, 0.7095; 
2.98, -1.53553, -0.12316, 0.709456; 
2.99, -1.5376, -0.122995, 0.7094; 
3, -1.53972, -0.123004, 0.709329; 
3.01, -1.54182, -0.123076, 0.709232; 
3.02, -1.54391, -0.123247, 0.709136; 
3.03, -1.546, -0.123562, 0.70905; 
3.04, -1.54807, -0.123947, 0.708974; 
3.05, -1.55009, -0.124375, 0.708909; 
3.06, -1.55211, -0.12496, 0.708851; 
3.07, -1.55405, -0.125513, 0.708783; 
3.08, -1.55601, -0.126304, 0.708705; 
3.09, -1.55791, -0.127106, 0.708609; 
3.1, -1.55979, -0.128059, 0.708533; 
3.11, -1.56159, -0.129018, 0.708475; 
3.12, -1.56339, -0.130221, 0.708417; 
3.13, -1.56506, -0.131311, 0.708374; 
3.14, -1.56676, -0.132645, 0.708302; 
3.15, -1.56833, -0.133959, 0.708188; 
3.16, -1.56983, -0.135323, 0.708075; 
3.17, -1.57132, -0.136809, 0.708004; 
3.18, -1.5727, -0.13835, 0.707939; 
3.19, -1.574, -0.139991, 0.707852; 
3.2, -1.57522, -0.141648, 0.707757; 
3.21, -1.57635, -0.143363, 0.707693; 
3.22, -1.57743, -0.145114, 0.707588; 
3.23, -1.57842, -0.146917, 0.707474; 
3.24, -1.57928, -0.148848, 0.707421; 
3.25, -1.58002, -0.150639, 0.707347; 
3.26, -1.58077, -0.152632, 0.707231; 
3.27, -1.58142, -0.154584, 0.707114; 
3.28, -1.58193, -0.156611, 0.70696; 
3.29, -1.5824, -0.158648, 0.706922; 
3.3, -1.5827, -0.160652, 0.706853; 
3.31, -1.58292, -0.162667, 0.706836; 
3.32, -1.58304, -0.164761, 0.70673; 
3.33, -1.58309, -0.166788, 0.706561; 
3.34, -1.58312, -0.168916, 0.706424; 
3.35, -1.58303, -0.170971, 0.706372; 
3.36, -1.58277, -0.173135, 0.706312; 
3.37, -1.58242, -0.175183, 0.706226; 
3.38, -1.58198, -0.17721, 0.706134; 
3.39, -1.58145, -0.179114, 0.706052; 
3.4, -1.58077, -0.181107, 0.705932; 
3.41, -1.5801, -0.183065, 0.705822; 
3.42, -1.57928, -0.18497, 0.705758; 
3.43, -1.57841, -0.186841, 0.705662; 
3.44, -1.57732, -0.18858, 0.705487; 
3.45, -1.57638, -0.19065, 0.70552; 
3.46, -1.57524, -0.192424, 0.705414; 
3.47, -1.574, -0.194026, 0.70531; 
3.48, -1.57272, -0.195635, 0.705212; 
3.49, -1.57134, -0.197207, 0.705169; 
3.5, -1.56993, -0.198828, 0.705147; 
3.51, -1.56841, -0.2002, 0.705044; 
3.52, -1.56682, -0.201538, 0.704982; 
3.53, -1.56513, -0.202746, 0.704899; 
3.54, -1.5634, -0.203937, 0.704766; 
3.55, -1.56169, -0.205191, 0.70467; 
3.56, -1.55985, -0.206216, 0.704503; 
3.57, -1.55802, -0.20726, 0.704493; 
3.58, -1.55611, -0.208055, 0.704473; 
3.59, -1.55417, -0.208841, 0.704499; 
3.6, -1.55219, -0.209517, 0.704452; 
3.61, -1.55016, -0.210129, 0.704379; 
3.62, -1.54815, -0.210674, 0.704303; 
3.63, -1.54613, -0.211184, 0.704246; 
3.64, -1.54406, -0.211503, 0.704143; 
3.65, -1.54196, -0.211661, 0.704053; 
3.66, -1.53986, -0.211732, 0.703994; 
3.67, -1.53776, -0.211706, 0.703931; 
3.68, -1.53567, -0.211612, 0.703867; 
3.69, -1.53361, -0.211463, 0.703803; 
3.7, -1.53154, -0.21118, 0.703721; 
3.71, -1.52949, -0.210854, 0.703661; 
3.72, -1.52745, -0.210329, 0.703565; 
3.73, -1.52542, -0.209685, 0.70349; 
3.74, -1.52343, -0.208984, 0.703443; 
3.75, -1.5215, -0.208247, 0.703374; 
3.76, -1.51961, -0.207437, 0.703288; 
3.77, -1.51774, -0.206483, 0.703203; 
3.78, -1.51593, -0.205506, 0.703161; 
3.79, -1.51417, -0.204366, 0.703125; 
3.8, -1.51247, -0.203167, 0.703099; 
3.81, -1.51081, -0.201851, 0.703029; 
3.82, -1.50923, -0.200525, 0.702985; 
3.83, -1.5077, -0.199149, 0.702893; 
3.84, -1.50626, -0.197674, 0.702841; 
3.85, -1.50484, -0.195992, 0.702726; 
3.86, -1.50356, -0.194391, 0.702708; 
3.87, -1.50231, -0.192601, 0.702624; 
3.88, -1.50117, -0.190891, 0.702565; 
3.89, -1.50009, -0.189041, 0.702431; 
3.9, -1.49911, -0.187232, 0.702339; 
3.91, -1.49825, -0.185408, 0.702252; 
3.92, -1.49742, -0.183398, 0.702137; 
3.93, -1.49676, -0.181503, 0.702106; 
3.94, -1.49614, -0.179421, 0.702049; 
3.95, -1.49565, -0.177388, 0.70204; 
3.96, -1.49523, -0.175287, 0.701981; 
3.97, -1.49491, -0.17326, 0.701902; 
3.98, -1.49467, -0.171199, 0.701784; 
3.99, -1.49455, -0.169122, 0.701706; 
4, -1.49451, -0.167016, 0.70162; 
4.01, -1.49459, -0.164904, 0.701597; 
4.02, -1.49477, -0.162752, 0.701574; 
4.03, -1.49507, -0.160682, 0.701556; 
4.04, -1.49546, -0.158624, 0.701468; 
4.05, -1.4959, -0.156572, 0.701349; 
4.06, -1.49644, -0.154548, 0.701251; 
4.07, -1.49711, -0.152585, 0.70117; 
4.08, -1.49788, -0.150635, 0.701151; 
4.09, -1.49875, -0.148726, 0.701158; 
4.1, -1.49969, -0.146833, 0.701137; 
4.11, -1.50071, -0.144981, 0.701067; 
4.12, -1.50182, -0.143175, 0.701021; 
4.13, -1.50301, -0.141441, 0.700939; 
4.14, -1.50426, -0.139741, 0.700871; 
4.15, -1.50562, -0.138116, 0.700854; 
4.16, -1.50707, -0.136622, 0.700829; 
4.17, -1.50858, -0.135151, 0.700815; 
4.18, -1.51014, -0.133733, 0.700778; 
4.19, -1.51178, -0.132427, 0.700747; 
4.2, -1.51346, -0.131143, 0.700723; 
4.21, -1.5152, -0.12996, 0.700696; 
4.22, -1.51699, -0.128854, 0.70067; 
4.23, -1.51885, -0.127865, 0.700623; 
4.24, -1.52074, -0.126947, 0.700589; 
4.25, -1.52268, -0.126131, 0.700564; 
4.26, -1.52466, -0.125424, 0.700524; 
4.27, -1.52667, -0.124802, 0.700513; 
4.28, -1.52869, -0.12425, 0.700484; 
4.29, -1.53072, -0.123742, 0.700475; 
4.3, -1.53281, -0.123457, 0.700447; 
4.31, -1.53486, -0.123144, 0.700448; 
4.32, -1.53695, -0.122966, 0.700427; 
4.33, -1.53905, -0.12295, 0.700367; 
4.34, -1.54116, -0.123024, 0.700323; 
4.35, -1.54327, -0.123215, 0.700308; 
4.36, -1.54533, -0.123401, 0.700301; 
4.37, -1.54737, -0.123701, 0.700278; 
4.38, -1.5494, -0.124115, 0.700251; 
4.39, -1.55143, -0.124675, 0.700224; 
4.4, -1.55342, -0.125304, 0.700213; 
4.41, -1.55541, -0.126127, 0.700195; 
4.42, -1.55731, -0.12689, 0.700178; 
4.43, -1.55917, -0.127726, 0.700153; 
4.44, -1.56098, -0.12868, 0.700109; 
4.45, -1.56278, -0.129758, 0.700065; 
4.46, -1.56452, -0.130934, 0.700037; 
4.47, -1.56619, -0.132189, 0.700021; 
4.48, -1.56779, -0.133488, 0.700019; 
4.49, -1.56933, -0.134872, 0.700005; 
4.5, -1.5708, -0.136365, 0.699984; 
4.51, -1.5722, -0.137818, 0.699924; 
4.52, -1.57352, -0.139392, 0.699916; 
4.53, -1.57474, -0.140972, 0.699859; 
4.54, -1.57601, -0.142735, 0.699788; 
4.55, -1.57714, -0.144503, 0.699727; 
4.56, -1.57812, -0.146323, 0.699755; 
4.57, -1.579, -0.148138, 0.699775; 
4.58, -1.57979, -0.150028, 0.699737; 
4.59, -1.58051, -0.151954, 0.699696; 
4.6, -1.58114, -0.153927, 0.699686; 
4.61, -1.58174, -0.155848, 0.699596; 
4.62, -1.58222, -0.157926, 0.69959; 
4.63, -1.58261, -0.160011, 0.699562; 
4.64, -1.58295, -0.162088, 0.699496; 
4.65, -1.58311, -0.164075, 0.699417; 
4.66, -1.58318, -0.166161, 0.699379; 
4.67, -1.5831, -0.168141, 0.699346; 
4.68, -1.583, -0.170216, 0.699371; 
4.69, -1.58281, -0.172309, 0.699343; 
4.7, -1.58249, -0.174373, 0.699329; 
4.71, -1.58212, -0.17647, 0.699349; 
4.72, -1.58165, -0.178478, 0.699304; 
4.73, -1.58105, -0.180501, 0.69927; 
4.74, -1.58028, -0.182361, 0.699173; 
4.75, -1.57948, -0.184322, 0.699132; 
4.76, -1.57872, -0.186348, 0.699164; 
4.77, -1.57774, -0.188013, 0.699079; 
4.78, -1.57664, -0.189816, 0.69902; 
4.79, -1.5756, -0.191691, 0.699054; 
4.8, -1.57442, -0.193396, 0.699084; 
4.81, -1.57309, -0.195024, 0.699083; 
4.82, -1.57174, -0.196721, 0.699158; 
4.83, -1.57029, -0.198228, 0.69912; 
4.84, -1.56883, -0.199567, 0.698999; 
4.85, -1.56729, -0.201061, 0.698976; 
4.86, -1.56569, -0.20236, 0.698914; 
4.87, -1.56393, -0.203466, 0.698829; 
4.88, -1.56222, -0.204663, 0.698904; 
4.89, -1.56045, -0.205871, 0.699024; 
4.9, -1.5586, -0.206865, 0.699036; 
4.91, -1.55673, -0.207801, 0.69908; 
4.92, -1.55479, -0.208563, 0.699034; 
4.93, -1.55284, -0.209359, 0.699062; 
4.94, -1.55083, -0.209972, 0.699004; 
4.95, -1.5488, -0.210489, 0.698986; 
4.96, -1.54674, -0.210876, 0.69897; 
4.97, -1.54471, -0.21126, 0.699005; 
4.98, -1.54262, -0.211497, 0.699002; 
4.99, -1.54054, -0.211652, 0.699018; 
5, -1.53844, -0.211677, 0.699021; 
5.01, -1.53635, -0.211608, 0.699009; 
5.02, -1.53425, -0.211435, 0.698987; 
5.03, -1.53219, -0.211218, 0.699004; 
5.04, -1.53012, -0.21085, 0.698986; 
5.05, -1.52808, -0.210384, 0.698979; 
5.06, -1.52607, -0.209823, 0.698997; 
5.07, -1.52408, -0.209199, 0.699002; 
5.08, -1.52216, -0.208552, 0.699069; 
5.09, -1.52022, -0.207701, 0.699062; 
5.1, -1.51836, -0.20681, 0.699115; 
5.11, -1.51651, -0.205767, 0.699115; 
5.12, -1.51473, -0.204689, 0.699118; 
5.13, -1.513, -0.203529, 0.699111; 
5.14, -1.51132, -0.202192, 0.69908; 
5.15, -1.50967, -0.200811, 0.699057; 
5.16, -1.50814, -0.199456, 0.699052; 
5.17, -1.50668, -0.197994, 0.699057; 
5.18, -1.50528, -0.196466, 0.69906; 
5.19, -1.50396, -0.19485, 0.699071; 
5.2, -1.50274, -0.193241, 0.699137; 
5.21, -1.50159, -0.191549, 0.699175; 
5.22, -1.50047, -0.189683, 0.699179; 
5.23, -1.49942, -0.187723, 0.699156; 
5.24, -1.49853, -0.185948, 0.699177; 
5.25, -1.49771, -0.184073, 0.699136; 
5.26, -1.49699, -0.182162, 0.699123; 
5.27, -1.49634, -0.180121, 0.699133; 
5.28, -1.49577, -0.178002, 0.69914; 
5.29, -1.49534, -0.175932, 0.699176; 
5.3, -1.49498, -0.173818, 0.699175; 
5.31, -1.49473, -0.171792, 0.69916; 
5.32, -1.49457, -0.169698, 0.699149; 
5.33, -1.49451, -0.167611, 0.699129; 
5.34, -1.49457, -0.165541, 0.699147; 
5.35, -1.49471, -0.163445, 0.699152; 
5.36, -1.49496, -0.161348, 0.699173; 
5.37, -1.49531, -0.159257, 0.699244; 
5.38, -1.49575, -0.157225, 0.699258; 
5.39, -1.49628, -0.155182, 0.699285; 
5.4, -1.4969, -0.153189, 0.699266; 
5.41, -1.49763, -0.151214, 0.699282; 
5.42, -1.49843, -0.149256, 0.699283; 
5.43, -1.49935, -0.147369, 0.699298; 
5.44, -1.50037, -0.145543, 0.69936; 
5.45, -1.50144, -0.14373, 0.699399; 
5.46, -1.50262, -0.14197, 0.699461; 
5.47, -1.50386, -0.140261, 0.699523; 
5.48, -1.50519, -0.138628, 0.699526; 
5.49, -1.50659, -0.137048, 0.699521; 
5.5, -1.50806, -0.135556, 0.699554; 
5.51, -1.5096, -0.134116, 0.699581; 
5.52, -1.51122, -0.132791, 0.699621; 
5.53, -1.51289, -0.131473, 0.699691; 
5.54, -1.51463, -0.130313, 0.699753; 
5.55, -1.51641, -0.129181, 0.699797; 
5.56, -1.51824, -0.128165, 0.699846; 
5.57, -1.52012, -0.127223, 0.699879; 
5.58, -1.52204, -0.126384, 0.699916; 
5.59, -1.52399, -0.125567, 0.699966; 
5.6, -1.52598, -0.124903, 0.700015; 
5.61, -1.52802, -0.124356, 0.700069; 
5.62, -1.5301, -0.123968, 0.700115; 
5.63, -1.53213, -0.123509, 0.700182; 
5.64, -1.53419, -0.123196, 0.700242; 
5.65, -1.5363, -0.123073, 0.700262; 
5.66, -1.53839, -0.122971, 0.700291; 
5.67, -1.54048, -0.122957, 0.700363; 
5.68, -1.54254, -0.123004, 0.700431; 
5.69, -1.54462, -0.123218, 0.700494; 
5.7, -1.5467, -0.123554, 0.700537; 
5.71, -1.54876, -0.123961, 0.700578; 
5.72, -1.55083, -0.124564, 0.700621; 
5.73, -1.55282, -0.125145, 0.700676; 
5.74, -1.55478, -0.125835, 0.700728; 
5.75, -1.55669, -0.126563, 0.700783; 
5.76, -1.55857, -0.127374, 0.70083; 
5.77, -1.56043, -0.128358, 0.70088; 
5.78, -1.56221, -0.12939, 0.700945; 
5.79, -1.56396, -0.130517, 0.701015; 
5.8, -1.56565, -0.131736, 0.701048; 
5.81, -1.56729, -0.133016, 0.701086; 
5.82, -1.56887, -0.134384, 0.701148; 
5.83, -1.57037, -0.135823, 0.701201; 
5.84, -1.57178, -0.137314, 0.701244; 
5.85, -1.57315, -0.13888, 0.701312; 
5.86, -1.57442, -0.140485, 0.701368; 
5.87, -1.5756, -0.142186, 0.7014; 
5.88, -1.57675, -0.143992, 0.701423; 
5.89, -1.57783, -0.145801, 0.701496; 
5.9, -1.57874, -0.147567, 0.701496; 
5.91, -1.57963, -0.149371, 0.70151; 
5.92, -1.58035, -0.151247, 0.70154; 
5.93, -1.58101, -0.153226, 0.701652; 
5.94, -1.58166, -0.155282, 0.701732; 
5.95, -1.58208, -0.157307, 0.701789; 
5.96, -1.58254, -0.159302, 0.70178; 
5.97, -1.58281, -0.161373, 0.701816; 
5.98, -1.58306, -0.163399, 0.701856; 
5.99, -1.58311, -0.16541, 0.701898; 
6, -1.58316, -0.167482, 0.701924; 
6.01, -1.58313, -0.169651, 0.701957; 
6.02, -1.58295, -0.171777, 0.702006; 
6.03, -1.58266, -0.173814, 0.702086; 
6.04, -1.58224, -0.175778, 0.702155; 
6.05, -1.5818, -0.177829, 0.702152; 
6.06, -1.58123, -0.179791, 0.702148; 
6.07, -1.58047, -0.181691, 0.702183; 
6.08, -1.57973, -0.183708, 0.702267; 
6.09, -1.57902, -0.185755, 0.702378; 
6.1, -1.57809, -0.187565, 0.702373; 
6.11, -1.57718, -0.189416, 0.702388; 
6.12, -1.57599, -0.191, 0.702355; 
6.13, -1.57481, -0.192755, 0.702489; 
6.14, -1.57362, -0.1947, 0.702772; 
6.15, -1.57222, -0.196189, 0.702728; 
6.16, -1.57078, -0.197629, 0.70273; 
6.17, -1.56935, -0.199174, 0.702806; 
6.18, -1.56775, -0.200463, 0.702753; 
6.19, -1.56621, -0.201949, 0.702853; 
6.2, -1.56458, -0.203236, 0.70287; 
6.21, -1.56291, -0.204579, 0.703103; 
6.22, -1.56109, -0.205602, 0.703193; 
6.23, -1.55923, -0.206583, 0.703338; 
6.24, -1.55736, -0.207564, 0.703439; 
6.25, -1.55542, -0.20836, 0.703435; 
6.26, -1.55347, -0.209075, 0.703428; 
6.27, -1.5515, -0.209845, 0.703469; 
6.28, -1.5495, -0.210453, 0.703507; 
6.29, -1.54745, -0.210871, 0.703534; 
6.3, -1.54539, -0.211218, 0.70365; 
6.31, -1.54332, -0.211452, 0.703786; 
6.32, -1.54123, -0.211593, 0.703872; 
6.33, -1.53914, -0.211676, 0.70394; 
6.34, -1.53705, -0.21168, 0.70398; 
6.35, -1.53495, -0.211556, 0.704015; 
6.36, -1.53288, -0.211403, 0.704099; 
6.37, -1.53084, -0.211138, 0.704205; 
6.38, -1.52879, -0.210678, 0.704286; 
6.39, -1.52674, -0.210096, 0.704381; 
6.4, -1.52475, -0.209489, 0.704476; 
6.41, -1.52278, -0.208819, 0.704547; 
6.42, -1.52083, -0.207989, 0.704555; 
6.43, -1.51894, -0.207172, 0.704628; 
6.44, -1.51709, -0.206183, 0.704697; 
6.45, -1.51531, -0.205173, 0.704819; 
6.46, -1.51359, -0.204048, 0.704918; 
6.47, -1.51185, -0.202702, 0.704954; 
6.48, -1.51026, -0.201483, 0.70508; 
6.49, -1.50867, -0.200064, 0.705107; 
6.5, -1.50715, -0.198593, 0.705176; 
6.51, -1.50572, -0.197056, 0.705246; 
6.52, -1.5044, -0.195547, 0.705347; 
6.53, -1.50307, -0.193779, 0.705347; 
6.54, -1.50184, -0.192005, 0.705399; 
6.55, -1.50077, -0.190342, 0.705491; 
6.56, -1.49974, -0.188544, 0.705555; 
6.57, -1.49878, -0.1866, 0.705613; 
6.58, -1.49792, -0.184679, 0.7057; 
6.59, -1.49721, -0.182849, 0.705807; 
6.6, -1.49652, -0.180852, 0.705862; 
6.61, -1.49592, -0.178763, 0.705919; 
6.62, -1.49544, -0.176755, 0.705996; 
6.63, -1.49503, -0.174644, 0.706046; 
6.64, -1.49477, -0.172637, 0.706144; 
6.65, -1.49458, -0.170537, 0.706217; 
6.66, -1.49448, -0.168443, 0.706268; 
6.67, -1.49448, -0.166292, 0.706318; 
6.68, -1.49459, -0.164172, 0.70642; 
6.69, -1.49478, -0.162029, 0.706486; 
6.7, -1.49509, -0.159956, 0.70653; 
6.71, -1.4955, -0.157938, 0.706581; 
6.72, -1.49601, -0.15593, 0.706618; 
6.73, -1.49663, -0.153928, 0.706742; 
6.74, -1.49732, -0.151926, 0.706826; 
6.75, -1.49813, -0.149994, 0.706974; 
6.76, -1.499, -0.148063, 0.707042; 
6.77, -1.49995, -0.146173, 0.707127; 
6.78, -1.50102, -0.14435, 0.70723; 
6.79, -1.50214, -0.142596, 0.70727; 
6.8, -1.50336, -0.140869, 0.707343; 
6.81, -1.50467, -0.139228, 0.707418; 
6.82, -1.50606, -0.137651, 0.707504; 
6.83, -1.5075, -0.136112, 0.707578; 
6.84, -1.50903, -0.134631, 0.707681; 
6.85, -1.51062, -0.133269, 0.70778; 
6.86, -1.51227, -0.131957, 0.707901; 
6.87, -1.51397, -0.130694, 0.708021; 
6.88, -1.51574, -0.129542, 0.708123; 
6.89, -1.51757, -0.128516, 0.708221; 
6.9, -1.51945, -0.127558, 0.708303; 
6.91, -1.52136, -0.126667, 0.708391; 
6.92, -1.52331, -0.125878, 0.708479; 
6.93, -1.52529, -0.125158, 0.708577; 
6.94, -1.52729, -0.124526, 0.708684; 
6.95, -1.52935, -0.124062, 0.70879; 
6.96, -1.5314, -0.123634, 0.708911; 
6.97, -1.53348, -0.123315, 0.70902; 
6.98, -1.53558, -0.123103, 0.709103; 
6.99, -1.53768, -0.122984, 0.709202; 
7, -1.53977, -0.122949, 0.709303; 
7.01, -1.54189, -0.123069, 0.709393; 
7.02, -1.54394, -0.123165, 0.709492; 
7.03, -1.54604, -0.12352, 0.709594; 
7.04, -1.54809, -0.123847, 0.709704; 
7.05, -1.55011, -0.124281, 0.709816; 
7.06, -1.55214, -0.124889, 0.709918; 
7.07, -1.55412, -0.125521, 0.710039; 
7.08, -1.55607, -0.126277, 0.710134; 
7.09, -1.55798, -0.127107, 0.710234; 
7.1, -1.55987, -0.128075, 0.710334; 
7.11, -1.5617, -0.129113, 0.710436; 
7.12, -1.56346, -0.130204, 0.710541; 
7.13, -1.56516, -0.131363, 0.710631; 
7.14, -1.56683, -0.132644, 0.71073; 
7.15, -1.56841, -0.133975, 0.710809; 
7.16, -1.56992, -0.135354, 0.710922; 
7.17, -1.57137, -0.136813, 0.711009; 
7.18, -1.57274, -0.138347, 0.711098; 
7.19, -1.57405, -0.139957, 0.711181; 
7.2, -1.57529, -0.141667, 0.711291; 
7.21, -1.57644, -0.143348, 0.711399; 
7.22, -1.57748, -0.145136, 0.71147; 
7.23, -1.5785, -0.146994, 0.711578; 
7.24, -1.5794, -0.148866, 0.711714; 
7.25, -1.58017, -0.150742, 0.711769; 
7.26, -1.58089, -0.152668, 0.711841; 
7.27, -1.58155, -0.154701, 0.711851; 
7.28, -1.58206, -0.156728, 0.711955; 
7.29, -1.58249, -0.158694, 0.712098; 
7.3, -1.58277, -0.160656, 0.712147; 
7.31, -1.58301, -0.162689, 0.712217; 
7.32, -1.58318, -0.164831, 0.712297; 
7.33, -1.5832, -0.166814, 0.712391; 
7.34, -1.58319, -0.168974, 0.712515; 
7.35, -1.58305, -0.171069, 0.712626; 
7.36, -1.58275, -0.173098, 0.712679; 
7.37, -1.5824, -0.175174, 0.712749; 
7.38, -1.58198, -0.17722, 0.712841; 
7.39, -1.58146, -0.17924, 0.712883; 
7.4, -1.58097, -0.181377, 0.712983; 
7.41, -1.58024, -0.183296, 0.712912; 
7.42, -1.57938, -0.185125, 0.713073; 
7.43, -1.57846, -0.186949, 0.713239; 
7.44, -1.57742, -0.188572, 0.713252; 
7.45, -1.57643, -0.190584, 0.713392; 
7.46, -1.57531, -0.19243, 0.713443; 
7.47, -1.5741, -0.194172, 0.71356; 
7.48, -1.57276, -0.195786, 0.713603; 
7.49, -1.57143, -0.19741, 0.71378; 
7.5, -1.57, -0.19891, 0.713929; 
7.51, -1.56841, -0.20028, 0.713922; 
7.52, -1.56685, -0.201617, 0.713986; 
7.53, -1.56519, -0.202903, 0.714129; 
7.54, -1.5635, -0.204104, 0.714165; 
7.55, -1.56174, -0.205286, 0.714294; 
7.56, -1.55995, -0.206416, 0.714452; 
7.57, -1.55805, -0.20736, 0.714542; 
7.58, -1.55615, -0.208201, 0.714657; 
7.59, -1.55425, -0.209039, 0.714772; 
7.6, -1.55225, -0.209738, 0.714848; 
7.61, -1.55026, -0.21038, 0.714938; 
7.62, -1.54819, -0.210834, 0.71497; 
7.63, -1.54613, -0.211218, 0.715075; 
7.64, -1.54406, -0.211516, 0.715197; 
7.65, -1.54198, -0.211743, 0.715325; 
7.66, -1.53991, -0.211871, 0.715425; 
7.67, -1.53784, -0.211961, 0.715551; 
7.68, -1.53575, -0.211879, 0.71563; 
7.69, -1.53363, -0.21163, 0.715695; 
7.7, -1.53155, -0.211329, 0.715802; 
7.71, -1.52952, -0.210993, 0.715938; 
7.72, -1.52747, -0.210512, 0.715992; 
7.73, -1.52548, -0.209998, 0.716124; 
7.74, -1.52347, -0.209273, 0.716182; 
7.75, -1.52153, -0.208503, 0.716279; 
7.76, -1.51961, -0.207624, 0.716353; 
7.77, -1.51776, -0.206759, 0.716488; 
7.78, -1.51592, -0.20568, 0.71655; 
7.79, -1.51415, -0.204572, 0.716665; 
7.8, -1.51242, -0.203319, 0.716737; 
7.81, -1.5108, -0.20214, 0.716859; 
7.82, -1.5092, -0.200804, 0.716952; 
7.83, -1.50767, -0.199369, 0.71704; 
7.84, -1.50618, -0.197763, 0.717096; 
7.85, -1.50479, -0.196169, 0.717197; 
7.86, -1.50349, -0.194578, 0.717286; 
7.87, -1.50225, -0.192866, 0.717331; 
7.88, -1.50111, -0.191182, 0.71742; 
7.89, -1.50002, -0.189319, 0.717454; 
7.9, -1.49903, -0.187453, 0.717524; 
7.91, -1.49818, -0.185623, 0.71764; 
7.92, -1.49736, -0.183619, 0.71771; 
7.93, -1.49664, -0.181593, 0.717817; 
7.94, -1.49603, -0.179561, 0.717899; 
7.95, -1.49552, -0.177593, 0.717978; 
7.96, -1.49508, -0.175533, 0.718017; 
7.97, -1.49474, -0.173454, 0.718073; 
7.98, -1.49454, -0.171411, 0.718161; 
7.99, -1.49444, -0.169326, 0.718244; 
8, -1.49442, -0.16729, 0.71832; 
8.01, -1.4945, -0.165142, 0.718456; 
8.02, -1.49465, -0.162949, 0.718555; 
8.03, -1.49491, -0.160832, 0.718657; 
8.04, -1.49526, -0.158779, 0.718693; 
8.05, -1.49569, -0.15671, 0.718706; 
8.06, -1.49624, -0.154702, 0.718728; 
8.07, -1.49692, -0.15271, 0.718807; 
8.08, -1.4977, -0.150798, 0.718888; 
8.09, -1.49856, -0.14884, 0.719014; 
8.1, -1.49949, -0.146934, 0.719115; 
8.11, -1.50052, -0.145091, 0.719238; 
8.12, -1.50164, -0.143315, 0.719312; 
8.13, -1.50282, -0.141584, 0.719332; 
8.14, -1.50408, -0.139872, 0.719398; 
8.15, -1.50544, -0.138245, 0.719514; 
8.16, -1.50688, -0.136712, 0.719591; 
8.17, -1.50838, -0.135214, 0.719696; 
8.18, -1.50996, -0.133821, 0.719796; 
8.19, -1.51158, -0.132458, 0.71988; 
8.2, -1.51328, -0.131211, 0.719973; 
8.21, -1.51502, -0.130002, 0.720072; 
8.22, -1.51684, -0.128927, 0.720149; 
8.23, -1.51871, -0.127934, 0.72023; 
8.24, -1.5206, -0.126986, 0.720327; 
8.25, -1.52255, -0.126183, 0.720423; 
8.26, -1.52452, -0.125415, 0.720525; 
8.27, -1.52654, -0.124801, 0.720622; 
8.28, -1.52857, -0.124242, 0.720725; 
8.29, -1.53063, -0.123763, 0.720824; 
8.3, -1.53274, -0.12349, 0.720889; 
8.31, -1.53483, -0.123212, 0.720987; 
8.32, -1.53692, -0.123034, 0.721081; 
8.33, -1.539, -0.122916, 0.721202; 
8.34, -1.54113, -0.123009, 0.721283; 
8.35, -1.54322, -0.123113, 0.721411; 
8.36, -1.5453, -0.123342, 0.721519; 
8.37, -1.54738, -0.123693, 0.721598; 
8.38, -1.54944, -0.124132, 0.72167; 
8.39, -1.55147, -0.124652, 0.721764; 
8.4, -1.55349, -0.125326, 0.721868; 
8.41, -1.55545, -0.126035, 0.721976; 
8.42, -1.55738, -0.126854, 0.722085; 
8.43, -1.55928, -0.127772, 0.722172; 
8.44, -1.56111, -0.128742, 0.722264; 
8.45, -1.56289, -0.129787, 0.722346; 
8.46, -1.56463, -0.130974, 0.722435; 
8.47, -1.56633, -0.132215, 0.722512; 
8.48, -1.56795, -0.133563, 0.722621; 
8.49, -1.56948, -0.13491, 0.722705; 
8.5, -1.57095, -0.136335, 0.722777; 
8.51, -1.57238, -0.137864, 0.722871; 
8.52, -1.57371, -0.139495, 0.722943; 
8.53, -1.57498, -0.141131, 0.723001; 
8.54, -1.57614, -0.142817, 0.723076; 
8.55, -1.57722, -0.144572, 0.723209; 
8.56, -1.57822, -0.146365, 0.723253; 
8.57, -1.57913, -0.148217, 0.723307; 
8.58, -1.57996, -0.150109, 0.723384; 
8.59, -1.58071, -0.152037, 0.723492; 
8.6, -1.58139, -0.154053, 0.723573; 
8.61, -1.582, -0.156104, 0.723704; 
8.62, -1.58249, -0.158096, 0.723739; 
8.63, -1.58279, -0.160029, 0.723708; 
8.64, -1.58305, -0.162093, 0.723692; 
8.65, -1.58325, -0.164149, 0.723707; 
8.66, -1.5833, -0.16628, 0.723832; 
8.67, -1.58323, -0.16831, 0.723941; 
8.68, -1.58317, -0.170409, 0.72401; 
8.69, -1.58296, -0.172534, 0.724123; 
8.7, -1.58264, -0.174618, 0.724192; 
8.71, -1.58226, -0.176646, 0.724197; 
8.72, -1.58178, -0.178649, 0.724159; 
8.73, -1.58127, -0.180733, 0.724173; 
8.74, -1.58059, -0.182567, 0.724145; 
8.75, -1.5798, -0.184459, 0.724258; 
8.76, -1.57889, -0.186301, 0.724371; 
8.77, -1.57793, -0.188273, 0.724576; 
8.78, -1.57684, -0.189987, 0.724592; 
8.79, -1.57572, -0.191716, 0.724703; 
8.8, -1.57459, -0.193508, 0.724694; 
8.81, -1.57337, -0.195249, 0.724695; 
8.82, -1.57201, -0.196878, 0.724736; 
8.83, -1.5706, -0.198515, 0.724891; 
8.84, -1.56914, -0.200013, 0.725075; 
8.85, -1.56758, -0.201396, 0.725175; 
8.86, -1.56587, -0.202688, 0.725266; 
8.87, -1.56419, -0.203979, 0.725319; 
8.88, -1.56243, -0.205138, 0.725342; 
8.89, -1.56062, -0.206173, 0.725254; 
8.9, -1.55881, -0.207181, 0.725275; 
8.91, -1.55691, -0.208128, 0.725305; 
8.92, -1.555, -0.20893, 0.72533; 
8.93, -1.55302, -0.209633, 0.725453; 
8.94, -1.55103, -0.210249, 0.725561; 
8.95, -1.54901, -0.210816, 0.725677; 
8.96, -1.54698, -0.211303, 0.725757; 
8.97, -1.5449, -0.211661, 0.725816; 
8.98, -1.5428, -0.211912, 0.725851; 
8.99, -1.54072, -0.212097, 0.725922; 
9, -1.53862, -0.212163, 0.72601; 
9.01, -1.53652, -0.212094, 0.726077; 
9.02, -1.53443, -0.211924, 0.726129; 
9.03, -1.53235, -0.211675, 0.726187; 
9.04, -1.53027, -0.211329, 0.726218; 
9.05, -1.52823, -0.210934, 0.726288; 
9.06, -1.52619, -0.210342, 0.726294; 
9.07, -1.5242, -0.209716, 0.726358; 
9.08, -1.52223, -0.208999, 0.726421; 
9.09, -1.52032, -0.208218, 0.726502; 
9.1, -1.51841, -0.207235, 0.726492; 
9.11, -1.51655, -0.206189, 0.726536; 
9.12, -1.51478, -0.205122, 0.72663; 
9.13, -1.51302, -0.203982, 0.726657; 
9.14, -1.51133, -0.202733, 0.726659; 
9.15, -1.50972, -0.201413, 0.726744; 
9.16, -1.50819, -0.200091, 0.726831; 
9.17, -1.5067, -0.198607, 0.726878; 
9.18, -1.5053, -0.197055, 0.726944; 
9.19, -1.50398, -0.195439, 0.727029; 
9.2, -1.5027, -0.19375, 0.727087; 
9.21, -1.50145, -0.19188, 0.727041; 
9.22, -1.50035, -0.190128, 0.727086; 
9.23, -1.49931, -0.188269, 0.72705; 
9.24, -1.49839, -0.186441, 0.727056; 
9.25, -1.49754, -0.184513, 0.727044; 
9.26, -1.49682, -0.182594, 0.727076; 
9.27, -1.49618, -0.180584, 0.727119; 
9.28, -1.49561, -0.178457, 0.727154; 
9.29, -1.49516, -0.176358, 0.727219; 
9.3, -1.49481, -0.174284, 0.727258; 
9.31, -1.49453, -0.172205, 0.72724; 
9.32, -1.49436, -0.170208, 0.72722; 
9.33, -1.49428, -0.168109, 0.727217; 
9.34, -1.49431, -0.165971, 0.727235; 
9.35, -1.49448, -0.16388, 0.727325; 
9.36, -1.49473, -0.16181, 0.727368; 
9.37, -1.49504, -0.159666, 0.727396; 
9.38, -1.49548, -0.157582, 0.727463; 
9.39, -1.49599, -0.15554, 0.727478; 
9.4, -1.49659, -0.153566, 0.727412; 
9.41, -1.4973, -0.151568, 0.727409; 
9.42, -1.49813, -0.149633, 0.727425; 
9.43, -1.49903, -0.14772, 0.727431; 
9.44, -1.50003, -0.14586, 0.727472; 
9.45, -1.50113, -0.144032, 0.727553; 
9.46, -1.50228, -0.142262, 0.727568; 
9.47, -1.50355, -0.140606, 0.727596; 
9.48, -1.50488, -0.138942, 0.727624; 
9.49, -1.50629, -0.137344, 0.727698; 
9.5, -1.50774, -0.135816, 0.727702; 
9.51, -1.50928, -0.134353, 0.727715; 
9.52, -1.5109, -0.132978, 0.727727; 
9.53, -1.51258, -0.131691, 0.72773; 
9.54, -1.51432, -0.130472, 0.727759; 
9.55, -1.51612, -0.12936, 0.7278; 
9.56, -1.51797, -0.128321, 0.727835; 
9.57, -1.51987, -0.127404, 0.727862; 
9.58, -1.52179, -0.126503, 0.727907; 
9.59, -1.52374, -0.125713, 0.727949; 
9.6, -1.52576, -0.125017, 0.727988; 
9.61, -1.52779, -0.124407, 0.728032; 
9.62, -1.52986, -0.123956, 0.728056; 
9.63, -1.53196, -0.123604, 0.728087; 
9.64, -1.53402, -0.123244, 0.728145; 
9.65, -1.53614, -0.123077, 0.728174; 
9.66, -1.53826, -0.122999, 0.728205; 
9.67, -1.54037, -0.122976, 0.728237; 
9.68, -1.54247, -0.12305, 0.728287; 
9.69, -1.54459, -0.123281, 0.728315; 
9.7, -1.54665, -0.123553, 0.728375; 
9.71, -1.54871, -0.123965, 0.728412; 
9.72, -1.55078, -0.12451, 0.728453; 
9.73, -1.5528, -0.125095, 0.728495; 
9.74, -1.55478, -0.125761, 0.728533; 
9.75, -1.55674, -0.126577, 0.728545; 
9.76, -1.55865, -0.127452, 0.728563; 
9.77, -1.56053, -0.128431, 0.728583; 
9.78, -1.56233, -0.129452, 0.728621; 
9.79, -1.56407, -0.130559, 0.72866; 
9.8, -1.56575, -0.131723, 0.728708; 
9.81, -1.5674, -0.133034, 0.728745; 
9.82, -1.56897, -0.134413, 0.7288; 
9.83, -1.57045, -0.13584, 0.728836; 
9.84, -1.57189, -0.137352, 0.728843; 
9.85, -1.57328, -0.138905, 0.728843; 
9.86, -1.57458, -0.140567, 0.728858; 
9.87, -1.57577, -0.142225, 0.728885; 
9.88, -1.57691, -0.143986, 0.728921; 
9.89, -1.57791, -0.145776, 0.728948; 
9.9, -1.57886, -0.147623, 0.728964; 
9.91, -1.57973, -0.149491, 0.728912; 
9.92, -1.58058, -0.151441, 0.728858; 
9.93, -1.58124, -0.153353, 0.728859; 
9.94, -1.5818, -0.155352, 0.7289; 
9.95, -1.58224, -0.157355, 0.728894; 
9.96, -1.5826, -0.159325, 0.728878; 
9.97, -1.58298, -0.161456, 0.728876; 
9.98, -1.58321, -0.163527, 0.728831; 
9.99, -1.58334, -0.165556, 0.728807; 
