0, -1.04593,1.26713,-0.00863081,0,0,0,0;
0.01, 1.4751,-5.4608,0.375724,0,0,0,0;
0.02, 16.5981,28.6847,-2.23442,0,0,0,0;
0.03, 26.8878,58.7815,-7.91761,0,0,0,0;
0.04, 34.205,60.0784,-11.3576,0,0,0,0;
0.05, 27.0874,43.9539,-7.72185,0,0,0,0;
0.06, 17.0375,21.6681,0.282997,0,0,0,0;
0.07, 13.0989,3.05685,8.80085,0,0,0,0;
0.08, 9.31337,-11.1408,12.6279,0,0,0,0;
0.09, 4.20727,-27.3127,11.0769,0,0,0,0;
0.1, -3.66415,-44.4114,6.03987,0,0,0,0;
0.11, -14.6696,-54.7736,-0.496845,0,0,0,0;
0.12, -22.5118,-55.6033,-4.50642,0,0,0,0;
0.13, -20,-46.0941,-5.58031,0,0,0,0;
0.14, -10.9488,-33.7797,-4.23802,0,0,0,0;
0.15, -3.15112,-22.3802,-1.26762,0,0,0,0;
0.16, -1.45636,-14.3633,1.54773,0,0,0,0;
0.17, -0.304721,-11.3195,2.92919,0,0,0,0;
0.18, 0.622643,-11.1299,2.75232,0,0,0,0;
0.19, -5.8572,-10.9574,1.50571,0,0,0,0;
0.2, -14.9274,-10.1335,-0.170176,0,0,0,0;
0.21, -9.73057,-9.55726,-1.02081,0,0,0,0;
0.22, -2.78487,-8.01222,-1.38976,0,0,0,0;
0.23, -17.2992,-7.62608,-0.76759,0,0,0,0;
0.24, -15.7561,-7.45397,0.307075,0,0,0,0;
0.25, -3.70408,-5.18339,0.668788,0,0,0,0;
0.26, -3.25515,-5.89493,0.770992,0,0,0,0;
0.27, -10.9173,-4.69314,0.886407,0,0,0,0;
0.28, -9.66223,-2.72042,0.810376,0,0,0,0;
0.29, -9.69355,-1.26726,-0.198267,0,0,0,0;
0.3, -9.46089,0.357504,-0.445589,0,0,0,0;
0.31, -13.6953,0.813213,-0.0551282,0,0,0,0;
0.32, -11.1345,0.722209,-0.211408,0,0,0,0;
0.33, -2.44186,0.77678,-0.107238,0,0,0,0;
0.34, -8.91911,2.24678,0.432032,0,0,0,0;
0.35, -8.26522,1.09442,0.843913,0,0,0,0;
0.36, -10.0169,2.50037,0.290479,0,0,0,0;
0.37, -11.0515,4.04478,0.184778,0,0,0,0;
0.38, -12.5848,6.03241,0.222238,0,0,0,0;
0.39, -10.3871,6.48516,0.0241013,0,0,0,0;
0.4, -4.29206,6.07348,-0.0195099,0,0,0,0;
0.41, -6.18069,6.48693,0.0207847,0,0,0,0;
0.42, -10.1363,7.17112,0.197412,0,0,0,0;
0.43, -7.23548,7.33623,0.292759,0,0,0,0;
0.44, -7.40405,8.07006,0.243471,0,0,0,0;
0.45, -8.67325,8.13094,0.167237,0,0,0,0;
0.46, -9.18363,8.65118,0.158442,0,0,0,0;
0.47, -2.77721,9.68944,0.128543,0,0,0,0;
0.48, -6.41218,10.6419,0.0963001,0,0,0,0;
0.49, -6.15303,9.12858,0.0661759,0,0,0,0;
0.5, -1.68904,10.0895,0.264352,0,0,0,0;
0.51, -3.57322,11.6998,0.0434082,0,0,0,0;
0.52, -3.83752,8.41041,0.13794,0,0,0,0;
0.53, -4.24243,11.6557,0.00632675,0,0,0,0;
0.54, 6.52333,10.9651,0.00422475,0,0,0,0;
0.55, -2.04845,8.40677,0.0413595,0,0,0,0;
0.56, -5.21007,10.7902,-0.106151,0,0,0,0;
0.57, -2.59825,11.2102,0.0468139,0,0,0,0;
0.58, -2.44349,10.9015,-0.195169,0,0,0,0;
0.59, 9.08771,7.65034,0.0540277,0,0,0,0;
0.6, 11.6373,11.4076,0.611452,0,0,0,0;
0.61, 0.67454,7.19533,0.801558,0,0,0,0;
0.62, 4.16374,9.36652,-0.0779677,0,0,0,0;
0.63, 0.0473361,11.6997,-1.13643,0,0,0,0;
0.64, 0.126848,10.7651,-0.869559,0,0,0,0;
0.65, 2.46035,6.44419,-1.07059,0,0,0,0;
0.66, 14.2803,7.00182,-0.236041,0,0,0,0;
0.67, -7.18377,4.06934,1.42158,0,0,0,0;
0.68, -1.31634,9.62903,1.37782,0,0,0,0;
0.69, 9.41574,8.79116,0.81786,0,0,0,0;
0.7, 0.771435,6.33806,-0.757876,0,0,0,0;
0.71, 22.4599,8.22464,-0.928776,0,0,0,0;
0.72, 23.5685,5.58455,-0.739381,0,0,0,0;
0.73, 12.7665,1.53163,-0.690812,0,0,0,0;
0.74, 2.39327,7.91864,0.376219,0,0,0,0;
0.75, -10.6929,4.39079,0.226451,0,0,0,0;
0.76, -6.85742,3.29752,-0.334198,0,0,0,0;
0.77, 9.13742,5.82791,-0.741616,0,0,0,0;
0.78, 8.89946,8.06701,-0.667679,0,0,0,0;
0.79, 4.77742,4.87487,0.559944,0,0,0,0;
0.8, 15.6313,-1.41547,0.35511,0,0,0,0;
0.81, 4.19365,1.37676,0.398292,0,0,0,0;
0.82, 9.47882,0.725144,-0.456137,0,0,0,0;
0.83, 13.2524,7.35381,-0.461157,0,0,0,0;
0.84, -1.57062,5.03562,-0.56435,0,0,0,0;
0.85, 2.38176,0.277537,-0.568496,0,0,0,0;
0.86, 12.5978,-0.689113,-0.171137,0,0,0,0;
0.87, 5.19776,-0.322558,-0.055027,0,0,0,0;
0.88, 12.1605,3.29881,0.148997,0,0,0,0;
0.89, 5.52585,4.37192,0.228065,0,0,0,0;
0.9, 2.86082,0.539542,-0.637291,0,0,0,0;
0.91, 6.08564,-0.684638,-0.67714,0,0,0,0;
0.92, 6.62059,1.03017,-0.466906,0,0,0,0;
0.93, 8.15459,1.63589,-0.07937,0,0,0,0;
0.94, 8.81009,-1.27307,0.0103867,0,0,0,0;
0.95, 4.08318,-2.38994,0.0226064,0,0,0,0;
0.96, 4.34694,-0.24821,-0.120406,0,0,0,0;
0.97, 13.4663,0.409965,-0.317645,0,0,0,0;
0.98, 7.72299,-1.10002,-0.414355,0,0,0,0;
0.99, 3.69966,-1.78455,-0.327296,0,0,0,0;
1, 4.64154,-1.45281,-0.156111,0,0,0,0;
1.01, 8.3361,-1.84609,-0.152059,0,0,0,0;
1.02, 5.4045,-1.82326,-0.220845,0,0,0,0;
1.03, 7.24885,-2.1544,-0.185076,0,0,0,0;
1.04, 6.16588,-2.81059,-0.321026,0,0,0,0;
1.05, 4.08776,-2.76614,-0.324922,0,0,0,0;
1.06, 13.9488,-4.00336,-0.219055,0,0,0,0;
1.07, 4.58784,-3.66892,-0.00500519,0,0,0,0;
1.08, 6.47453,-2.21027,-0.21041,0,0,0,0;
1.09, -1.01211,-4.27412,0.176502,0,0,0,0;
1.1, 9.74575,-4.44393,-0.437618,0,0,0,0;
1.11, 14.6776,-4.49986,-0.654296,0,0,0,0;
1.12, 12.9775,-5.28647,-0.172325,0,0,0,0;
1.13, 2.81075,-5.06608,0.358886,0,0,0,0;
1.14, -2.60737,-7.05687,0.386364,0,0,0,0;
1.15, 5.9091,-5.70379,-0.321699,0,0,0,0;
1.16, 12.1223,-5.80665,-0.476728,0,0,0,0;
1.17, 10.9923,-6.8812,-0.426812,0,0,0,0;
1.18, 1.11001,-7.51171,-0.0460293,0,0,0,0;
1.19, 1.33743,-7.83456,0.206122,0,0,0,0;
1.2, 12.6434,-6.96982,0.100123,0,0,0,0;
1.21, 7.41349,-6.79828,-0.348529,0,0,0,0;
1.22, 0.645545,-8.20666,-0.254867,0,0,0,0;
1.23, -2.48315,-9.52872,0.0195295,0,0,0,0;
1.24, 2.64907,-8.89975,-0.198125,0,0,0,0;
1.25, 12.0082,-9.06422,-0.140408,0,0,0,0;
1.26, 2.99528,-9.31208,-0.053185,0,0,0,0;
1.27, -1.72832,-9.39687,0.201664,0,0,0,0;
1.28, 1.28252,-9.69405,0.348678,0,0,0,0;
1.29, 7.59021,-10.115,0.0732305,0,0,0,0;
1.3, 2.4354,-10.5925,-0.227195,0,0,0,0;
1.31, -4.06607,-10.7908,-0.0790775,0,0,0,0;
1.32, -3.19055,-10.7059,0.0978963,0,0,0,0;
1.33, -0.485589,-10.0683,0.180604,0,0,0,0;
1.34, -4.13201,-10.1165,0.28367,0,0,0,0;
1.35, -4.02223,-9.93218,-0.00473671,0,0,0,0;
1.36, 0.187609,-10.0641,-0.162636,0,0,0,0;
1.37, -4.76954,-9.92265,-0.179355,0,0,0,0;
1.38, -4.51112,-9.64433,-0.0786667,0,0,0,0;
1.39, -5.7869,-9.7881,0.311191,0,0,0,0;
1.4, -6.85878,-8.76498,0.628562,0,0,0,0;
1.41, -6.76256,-8.67727,0.326582,0,0,0,0;
1.42, -4.84959,-9.1757,-0.0722329,0,0,0,0;
1.43, -7.39738,-8.68876,-0.142522,0,0,0,0;
1.44, -8.98953,-8.86943,0.299926,0,0,0,0;
1.45, -8.10526,-7.32908,0.317276,0,0,0,0;
1.46, -6.93402,-6.87593,-0.244402,0,0,0,0;
1.47, -11.0877,-6.61962,-0.00141041,0,0,0,0;
1.48, -9.1603,-6.39796,0.354323,0,0,0,0;
1.49, -6.95962,-4.90668,0.473123,0,0,0,0;
1.5, -6.38619,-5.7204,0.720794,0,0,0,0;
1.51, -11.8946,-5.22717,0.240282,0,0,0,0;
1.52, -9.66678,-4.68019,0.00742318,0,0,0,0;
1.53, -10.722,-4.40464,-0.140811,0,0,0,0;
1.54, -8.06207,-2.53963,0.110837,0,0,0,0;
1.55, -8.93972,-2.58405,0.371371,0,0,0,0;
1.56, -9.74012,-2.82288,0.548363,0,0,0,0;
1.57, -14.0773,-1.96494,0.393402,0,0,0,0;
1.58, -8.75043,-0.862169,0.19016,0,0,0,0;
1.59, -6.79365,-2.39772,0.148199,0,0,0,0;
1.6, -9.24758,2.59467,0.293851,0,0,0,0;
1.61, -10.5454,2.00931,0.326176,0,0,0,0;
1.62, -9.98949,0.385198,0.156714,0,0,0,0;
1.63, -9.55543,0.866636,0.226898,0,0,0,0;
1.64, -10.2744,1.49765,0.221508,0,0,0,0;
1.65, -11.4156,2.99668,0.29747,0,0,0,0;
1.66, -7.52049,2.66377,0.491086,0,0,0,0;
1.67, -11.2989,4.29808,0.115457,0,0,0,0;
1.68, -3.98874,3.87508,0.0411967,0,0,0,0;
1.69, -7.63232,4.99444,0.248133,0,0,0,0;
1.7, -16.3872,5.9999,0.480359,0,0,0,0;
1.71, -5.09246,5.11779,0.393044,0,0,0,0;
1.72, -8.47239,6.54801,0.174663,0,0,0,0;
1.73, -9.7521,7.09187,0.0909725,0,0,0,0;
1.74, -10.2338,7.20296,0.0688279,0,0,0,0;
1.75, -6.63392,7.78063,0.143033,0,0,0,0;
1.76, -7.53219,7.98037,0.152172,0,0,0,0;
1.77, -4.89698,7.86871,0.249406,0,0,0,0;
1.78, -6.83192,8.25634,0.303707,0,0,0,0;
1.79, -4.49677,8.54755,0.294255,0,0,0,0;
1.8, -5.69973,8.97485,0.190151,0,0,0,0;
1.81, -4.61713,9.50968,0.00694001,0,0,0,0;
1.82, -5.36429,9.30876,-0.0262614,0,0,0,0;
1.83, -3.7117,9.85512,-0.0843998,0,0,0,0;
1.84, -2.38423,10.6525,-0.0517494,0,0,0,0;
1.85, -3.45044,8.95862,0.0627054,0,0,0,0;
1.86, -0.888798,8.34267,0.199745,0,0,0,0;
1.87, -5.81504,10.0603,0.353686,0,0,0,0;
1.88, -3.48511,10.3649,0.312541,0,0,0,0;
1.89, 1.20441,9.83292,0.160718,0,0,0,0;
1.9, 2.67007,9.30245,-0.231018,0,0,0,0;
1.91, 0.680261,9.84568,-0.174547,0,0,0,0;
1.92, 2.5006,10.5556,-0.248313,0,0,0,0;
1.93, 3.25459,9.07025,-0.153034,0,0,0,0;
1.94, 0.0432442,10.0802,0.324385,0,0,0,0;
1.95, 3.11705,6.95451,0.301913,0,0,0,0;
1.96, 5.60659,7.03667,-0.311592,0,0,0,0;
1.97, 3.43132,9.90894,-0.0123051,0,0,0,0;
1.98, -0.53669,6.32373,-0.259762,0,0,0,0;
1.99, 7.20032,6.88727,-0.072262,0,0,0,0;
2, 5.2456,7.9318,-0.0882232,0,0,0,0;
2.01, -0.0330518,7.30349,-0.309595,0,0,0,0;
2.02, 3.44462,7.28174,0.125868,0,0,0,0;
2.03, 11.4553,8.89009,0.406219,0,0,0,0;
2.04, 11.996,6.11451,0.240938,0,0,0,0;
2.05, 6.71691,2.9522,-0.775194,0,0,0,0;
2.06, 4.933,5.53668,-0.727448,0,0,0,0;
2.07, 1.1629,5.98994,-0.350669,0,0,0,0;
2.08, -7.91566,2.50767,0.195955,0,0,0,0;
2.09, 14.885,6.21804,0.254618,0,0,0,0;
2.1, -1.30091,5.47515,-0.109172,0,0,0,0;
2.11, 23.0423,4.20811,-0.00828917,0,0,0,0;
2.12, 8.37732,3.48909,-0.428649,0,0,0,0;
2.13, -2.87521,2.91168,0.0684461,0,0,0,0;
2.14, 13.1999,4.65556,-0.191664,0,0,0,0;
2.15, 2.67646,2.31624,-0.526233,0,0,0,0;
2.16, 3.43898,0.166118,0.197836,0,0,0,0;
2.17, 11.1991,2.11599,-0.0208693,0,0,0,0;
2.18, -1.22915,4.42745,-0.499151,0,0,0,0;
2.19, 4.73253,2.98586,-0.420638,0,0,0,0;
2.2, 15.4458,1.91198,-0.493645,0,0,0,0;
2.21, 10.3498,-1.98829,-0.406773,0,0,0,0;
2.22, 4.22096,0.790529,0.0927898,0,0,0,0;
2.23, 3.1246,2.62392,0.369322,0,0,0,0;
2.24, 5.63468,1.72386,-0.152867,0,0,0,0;
2.25, 1.30218,-0.21436,-0.33044,0,0,0,0;
2.26, 5.49709,0.920495,-0.35482,0,0,0,0;
2.27, 9.30534,-0.577128,-0.432382,0,0,0,0;
2.28, 10.5818,-1.86777,-0.526209,0,0,0,0;
2.29, 4.66659,-0.228536,-0.243358,0,0,0,0;
2.3, 10.4642,-0.140137,0.0647105,0,0,0,0;
2.31, 6.17371,-1.31069,0.0368811,0,0,0,0;
2.32, 4.8127,-0.237437,0.077017,0,0,0,0;
2.33, 7.44282,-2.00986,-0.0158907,0,0,0,0;
2.34, 2.9387,-2.74085,-0.503385,0,0,0,0;
2.35, 6.70525,-2.11171,-0.641223,0,0,0,0;
2.36, 6.71723,-2.01416,-0.494145,0,0,0,0;
2.37, 5.17937,-2.76783,-0.232122,0,0,0,0;
2.38, 8.82588,-2.44011,0.0728168,0,0,0,0;
2.39, 8.60192,-2.57786,0.118009,0,0,0,0;
2.4, 3.53573,-3.47976,-0.00125423,0,0,0,0;
2.41, 6.46315,-3.67531,-0.209907,0,0,0,0;
2.42, 6.77816,-3.99868,-0.301324,0,0,0,0;
2.43, 3.73379,-4.45569,-0.344309,0,0,0,0;
2.44, 6.58551,-4.42056,-0.217068,0,0,0,0;
2.45, 10.1271,-4.89421,-0.174365,0,0,0,0;
2.46, 6.59441,-5.47139,-0.176801,0,0,0,0;
2.47, 5.09576,-5.22597,0.0449167,0,0,0,0;
2.48, 9.09948,-5.63909,-0.086008,0,0,0,0;
2.49, 3.3617,-5.95631,0.0101401,0,0,0,0;
2.5, 3.31037,-6.67864,0.0285844,0,0,0,0;
2.51, 4.24209,-6.75065,-0.209189,0,0,0,0;
2.52, 10.3381,-6.35925,-0.507746,0,0,0,0;
2.53, -1.03518,-7.32075,-0.427959,0,0,0,0;
2.54, 5.02081,-7.72243,0.317881,0,0,0,0;
2.55, 1.26685,-7.56319,0.281126,0,0,0,0;
2.56, 3.25318,-7.70591,-0.0698282,0,0,0,0;
2.57, 2.44834,-7.29975,-0.129803,0,0,0,0;
2.58, 4.11396,-8.26019,-0.173264,0,0,0,0;
2.59, 5.6243,-8.99091,-0.252808,0,0,0,0;
2.6, 8.47009,-9.62927,-0.220512,0,0,0,0;
2.61, 1.62398,-8.76667,0.0921049,0,0,0,0;
2.62, -8.24887,-8.91222,0.426117,0,0,0,0;
2.63, -1.45833,-9.29659,0.455634,0,0,0,0;
2.64, 5.7975,-9.04682,0.0649918,0,0,0,0;
2.65, -2.42084,-9.00707,-0.290476,0,0,0,0;
2.66, -5.7914,-9.66407,-0.267222,0,0,0,0;
2.67, -0.261962,-9.09437,-0.0548958,0,0,0,0;
2.68, 0.381732,-8.73594,0.0119463,0,0,0,0;
2.69, -5.4393,-8.61557,0.207324,0,0,0,0;
2.7, -2.09516,-8.91144,0.144249,0,0,0,0;
2.71, -3.60403,-8.30635,-0.0198731,0,0,0,0;
2.72, -6.35402,-8.86392,0.158881,0,0,0,0;
2.73, -5.57081,-8.08674,0.364691,0,0,0,0;
2.74, -6.11747,-7.81151,0.339142,0,0,0,0;
2.75, -5.50583,-8.00216,0.0370283,0,0,0,0;
2.76, -6.59926,-7.38968,-0.337293,0,0,0,0;
2.77, -6.80353,-6.7569,0.107943,0,0,0,0;
2.78, -8.52193,-6.50436,0.101415,0,0,0,0;
2.79, -7.6989,-6.38957,0.351965,0,0,0,0;
2.8, -4.05226,-5.91847,0.43855,0,0,0,0;
2.81, -4.1429,-6.02408,0.0345742,0,0,0,0;
2.82, -11.2957,-5.36052,0.0753668,0,0,0,0;
2.83, -9.6944,-4.5613,0.399477,0,0,0,0;
2.84, -8.52459,-4.58901,0.365501,0,0,0,0;
2.85, -7.97364,-4.0815,0.275133,0,0,0,0;
2.86, -8.20642,-3.19975,0.0650029,0,0,0,0;
2.87, -9.14701,-2.58082,0.0415853,0,0,0,0;
2.88, -8.14249,-2.13933,0.0946576,0,0,0,0;
2.89, -8.11518,-2.16193,0.115873,0,0,0,0;
2.9, -8.83821,-1.87204,0.289713,0,0,0,0;
2.91, -9.38927,-1.12194,0.48558,0,0,0,0;
2.92, -8.3483,-0.213034,0.440883,0,0,0,0;
2.93, -9.68762,-0.514135,0.357242,0,0,0,0;
2.94, -6.5083,0.270131,0.162015,0,0,0,0;
2.95, -9.35869,1.52688,0.111627,0,0,0,0;
2.96, -11.8563,1.30068,0.114882,0,0,0,0;
2.97, -6.86965,1.87987,0.132143,0,0,0,0;
2.98, -7.8974,2.2157,0.133637,0,0,0,0;
2.99, -6.535,2.54003,0.281828,0,0,0,0;
3, -10.6597,2.68253,0.319499,0,0,0,0;
3.01, -9.09673,3.83073,0.416121,0,0,0,0;
3.02, -7.34672,4.26407,0.336094,0,0,0,0;
3.03, -10.0024,4.56904,0.144973,0,0,0,0;
3.04, -7.92354,4.84049,0.113048,0,0,0,0;
3.05, -4.14697,5.02171,0.129671,0,0,0,0;
3.06, -8.26382,5.67251,0.0942477,0,0,0,0;
3.07, -2.53226,6.47115,0.209806,0,0,0,0;
3.08, -9.97175,6.56344,0.228357,0,0,0,0;
3.09, -7.38343,6.52633,0.299795,0,0,0,0;
3.1, -7.39171,6.48319,0.12741,0,0,0,0;
3.11, -3.66919,6.96784,-0.0170154,0,0,0,0;
3.12, -10.7858,8.10457,0.0249479,0,0,0,0;
3.13, -0.565986,7.91506,0.00683699,0,0,0,0;
3.14, -7.3822,6.9961,0.264297,0,0,0,0;
3.15, -4.18524,9.39755,0.387905,0,0,0,0;
3.16, 0.338462,9.15331,0.20996,0,0,0,0;
3.17, -5.33379,6.75254,-0.0510671,0,0,0,0;
3.18, -4.01512,8.29713,-0.118229,0,0,0,0;
3.19, -3.43981,10.1444,0.0747316,0,0,0,0;
3.2, -0.870259,9.00049,0.144667,0,0,0,0;
3.21, -0.207117,8.4248,-0.107452,0,0,0,0;
3.22, -0.332601,7.43612,0.180467,0,0,0,0;
3.23, 0.0162702,8.39479,0.216378,0,0,0,0;
3.24, -3.22642,10.8111,-0.321849,0,0,0,0;
3.25, 6.5132,8.43627,-0.292529,0,0,0,0;
3.26, -1.42639,7.20466,0.408588,0,0,0,0;
3.27, -0.223191,6.68207,0.280743,0,0,0,0;
3.28, 2.76059,10.2448,0.0925675,0,0,0,0;
3.29, 0.519822,6.13518,-0.416225,0,0,0,0;
3.3, 5.15669,7.51504,-0.419719,0,0,0,0;
3.31, 4.68107,7.27779,-0.372509,0,0,0,0;
3.32, 1.78655,8.9118,0.247834,0,0,0,0;
3.33, 6.26726,7.38436,0.515463,0,0,0,0;
3.34, 1.0698,4.56688,0.304718,0,0,0,0;
3.35, 2.70162,3.92863,-0.493921,0,0,0,0;
3.36, 1.88427,9.41153,-0.412654,0,0,0,0;
3.37, 6.93431,7.48868,-0.136387,0,0,0,0;
3.38, 8.0767,4.8644,-0.0852476,0,0,0,0;
3.39, 9.31231,3.22441,-0.300003,0,0,0,0;
3.4, 5.16027,7.87416,-0.0217183,0,0,0,0;
3.41, 2.73168,4.05718,0.170475,0,0,0,0;
3.42, 5.00221,3.63266,-0.366608,0,0,0,0;
3.43, 5.95096,4.03521,-0.161237,0,0,0,0;
3.44, 12.0385,7.01045,-0.0695883,0,0,0,0;
3.45, -9.42678,2.92577,0.0425137,0,0,0,0;
3.46, 4.96876,2.39295,-0.0443165,0,0,0,0;
3.47, 17.0295,2.50769,-0.469282,0,0,0,0;
3.48, 7.31798,1.71033,-0.203099,0,0,0,0;
3.49, 3.05732,3.20293,-0.316808,0,0,0,0;
3.5, 0.0924927,3.61456,-0.110112,0,0,0,0;
3.51, 10.5089,1.52542,-0.141498,0,0,0,0;
3.52, 9.28878,1.91179,-0.346545,0,0,0,0;
3.53, 8.01228,2.34054,-0.347531,0,0,0,0;
3.54, 6.83314,2.74207,0.12639,0,0,0,0;
3.55, -0.61287,0.929836,0.370348,0,0,0,0;
3.56, 8.5589,1.24382,-0.0686736,0,0,0,0;
3.57, 3.15797,0.182327,-0.617904,0,0,0,0;
3.58, 7.28346,-0.896971,-0.893389,0,0,0,0;
3.59, 5.92565,0.510665,-0.530331,0,0,0,0;
3.6, 6.30508,0.84983,0.026459,0,0,0,0;
3.61, 7.15778,0.952906,0.18275,0,0,0,0;
3.62, 4.85889,-0.893805,0.0948272,0,0,0,0;
3.63, 2.7255,-1.15908,0.0134243,0,0,0,0;
3.64, 8.45536,-0.967204,-0.187491,0,0,0,0;
3.65, 10.7974,-1.32968,-0.467448,0,0,0,0;
3.66, 6.86542,-1.60141,-0.477643,0,0,0,0;
3.67, 5.73086,-1.54358,-0.278444,0,0,0,0;
3.68, 4.94252,-1.93081,-0.0948253,0,0,0,0;
3.69, 3.70326,-2.38963,0.00758598,0,0,0,0;
3.7, 6.50528,-2.27151,-0.101513,0,0,0,0;
3.71, 4.75077,-2.2475,-0.130145,0,0,0,0;
3.72, 8.86226,-3.07107,-0.257987,0,0,0,0;
3.73, 9.35615,-3.19449,-0.40102,0,0,0,0;
3.74, 4.87103,-3.19066,-0.316832,0,0,0,0;
3.75, 2.81486,-4.29921,0.0439333,0,0,0,0;
3.76, 3.98521,-4.2557,0.139605,0,0,0,0;
3.77, 7.43152,-3.79549,-0.176932,0,0,0,0;
3.78, 3.88049,-3.97144,-0.268152,0,0,0,0;
3.79, 6.20985,-4.81964,-0.412111,0,0,0,0;
3.8, 5.88505,-5.31872,-0.300968,0,0,0,0;
3.81, 7.11184,-5.39268,-0.0209725,0,0,0,0;
3.82, 3.65744,-5.38701,-0.00332349,0,0,0,0;
3.83, 2.98832,-5.48096,0.211896,0,0,0,0;
3.84, 4.59621,-6.18647,-0.159973,0,0,0,0;
3.85, 11.3562,-6.87703,-0.230413,0,0,0,0;
3.86, 1.33625,-6.77229,-0.288712,0,0,0,0;
3.87, 5.69949,-6.93512,-0.130167,0,0,0,0;
3.88, 1.53931,-6.65178,0.111149,0,0,0,0;
3.89, 4.3495,-7.48876,0.270913,0,0,0,0;
3.9, 1.24384,-7.45023,0.0748704,0,0,0,0;
3.91, -1.89594,-7.79607,-0.0583881,0,0,0,0;
3.92, 7.21545,-8.0909,-0.10258,0,0,0,0;
3.93, -1.77113,-7.88969,-0.312068,0,0,0,0;
3.94, 3.50344,-8.09585,-0.258308,0,0,0,0;
3.95, 1.24286,-7.97363,-0.234533,0,0,0,0;
3.96, 0.910242,-8.07164,0.11269,0,0,0,0;
3.97, -2.43885,-7.85169,0.377141,0,0,0,0;
3.98, -1.86344,-8.08151,0.396245,0,0,0,0;
3.99, -0.927031,-8.43617,-0.0302754,0,0,0,0;
4, -0.641462,-8.29906,-0.0687785,0,0,0,0;
4.01, -1.63519,-8.23074,-0.295443,0,0,0,0;
4.02, -0.742472,-8.54088,-0.21855,0,0,0,0;
4.03, -5.07583,-8.31506,0.0214567,0,0,0,0;
4.04, -5.30361,-8.34158,0.459335,0,0,0,0;
4.05, -2.87611,-7.03974,0.573253,0,0,0,0;
4.06, -3.89631,-6.52523,0.201524,0,0,0,0;
4.07, -6.90608,-7.70221,-0.0478031,0,0,0,0;
4.08, -5.94103,-7.41199,-0.310257,0,0,0,0;
4.09, -5.41794,-6.63489,-0.265491,0,0,0,0;
4.1, -4.61149,-6.68418,0.151705,0,0,0,0;
4.11, -4.91636,-6.33908,0.524315,0,0,0,0;
4.12, -6.0347,-6.32792,0.237206,0,0,0,0;
4.13, -7.2701,-5.28696,0.314998,0,0,0,0;
4.14, -6.26343,-4.86324,0.255491,0,0,0,0;
4.15, -7.09636,-5.04361,-0.126378,0,0,0,0;
4.16, -10.6658,-4.49236,-0.00725462,0,0,0,0;
4.17, -7.57227,-4.22997,0.136354,0,0,0,0;
4.18, -5.4953,-3.7108,0.310365,0,0,0,0;
4.19, -8.55902,-3.25312,0.24842,0,0,0,0;
4.2, -6.23005,-2.85833,0.193689,0,0,0,0;
4.21, -7.09927,-2.52374,0.222729,0,0,0,0;
4.22, -7.92346,-1.93671,0.228243,0,0,0,0;
4.23, -9.46846,-1.71085,0.305951,0,0,0,0;
4.24, -8.37061,-1.54292,0.230743,0,0,0,0;
4.25, -8.15599,-0.846401,0.141956,0,0,0,0;
4.26, -9.16564,-0.116907,0.250724,0,0,0,0;
4.27, -8.17403,0.03562,0.121553,0,0,0,0;
4.28, -6.69854,0.499289,0.243903,0,0,0,0;
4.29, -4.66747,0.986671,0.228093,0,0,0,0;
4.3, -12.0438,1.34594,0.191156,0,0,0,0;
4.31, -5.77809,1.96058,0.155557,0,0,0,0;
4.32, -6.1061,1.99677,0.259188,0,0,0,0;
4.33, -11.7893,2.61056,0.436938,0,0,0,0;
4.34, -9.58305,3.22527,0.258338,0,0,0,0;
4.35, -8.3727,3.07435,0.00738818,0,0,0,0;
4.36, -3.16255,3.60422,0.0981763,0,0,0,0;
4.37, -4.65855,4.55777,0.250539,0,0,0,0;
4.38, -7.8747,5.03317,0.235627,0,0,0,0;
4.39, -10.019,4.66244,0.179722,0,0,0,0;
4.4, -7.37095,4.98888,0.0834907,0,0,0,0;
4.41, -10.7647,5.58682,0.116622,0,0,0,0;
4.42, -2.45644,6.01414,0.191671,0,0,0,0;
4.43, -0.68799,6.27734,0.215099,0,0,0,0;
4.44, -5.85094,6.79698,0.25433,0,0,0,0;
4.45, -8.17159,6.54327,0.203492,0,0,0,0;
4.46, -7.29992,6.66337,0.0577386,0,0,0,0;
4.47, -5.21928,7.42226,-0.0263931,0,0,0,0;
4.48, -2.62628,7.70324,-0.0562006,0,0,0,0;
4.49, -3.44564,7.27707,0.101094,0,0,0,0;
4.5, -5.29203,8.38518,0.147243,0,0,0,0;
4.51, 0.529284,7.54564,0.297475,0,0,0,0;
4.52, -1.88942,7.63421,-0.0679867,0,0,0,0;
4.53, -0.692847,8.47149,0.0861069,0,0,0,0;
4.54, -6.73614,6.18116,0.455636,0,0,0,0;
4.55, -3.15295,7.52235,0.122099,0,0,0,0;
4.56, 0.73174,9.76282,-0.613942,0,0,0,0;
4.57, 2.30093,8.61495,-0.404468,0,0,0,0;
4.58, 0.863794,9.17321,0.229609,0,0,0,0;
4.59, 0.115184,8.29203,0.234019,0,0,0,0;
4.6, 0.0616918,7.49591,-0.103216,0,0,0,0;
4.61, 3.95963,5.0489,0.356484,0,0,0,0;
4.62, -1.78993,7.46606,-0.080691,0,0,0,0;
4.63, -0.866153,8.13787,-0.127492,0,0,0,0;
4.64, 3.39485,5.9365,0.264739,0,0,0,0;
4.65, 8.77193,7.43135,-0.0715769,0,0,0,0;
4.66, 2.99233,8.26377,-0.274655,0,0,0,0;
4.67, 6.0194,7.35732,-0.423818,0,0,0,0;
4.68, 1.37698,4.77515,-0.296663,0,0,0,0;
4.69, 0.416952,5.62417,0.174889,0,0,0,0;
4.7, 4.51382,6.99053,-0.0398587,0,0,0,0;
4.71, 2.33103,5.23269,-0.175663,0,0,0,0;
4.72, 6.41887,4.5704,0.0740446,0,0,0,0;
4.73, 5.98207,6.27973,-0.0157607,0,0,0,0;
4.74, 11.4873,7.33367,-0.220939,0,0,0,0;
4.75, 3.75043,5.28729,-0.11446,0,0,0,0;
4.76, -4.77805,0.723384,0.0100548,0,0,0,0;
4.77, 14.7476,2.02915,-0.338401,0,0,0,0;
4.78, 8.89834,7.60054,-0.190094,0,0,0,0;
4.79, -4.61193,2.85678,-0.014064,0,0,0,0;
4.8, 4.4422,1.21542,-0.391516,0,0,0,0;
4.81, 10.2295,5.60158,-0.400079,0,0,0,0;
4.82, 1.41568,4.22224,-0.190089,0,0,0,0;
4.83, 8.02075,2.11919,0.0686119,0,0,0,0;
4.84, 13.9764,-0.854913,0.23176,0,0,0,0;
4.85, 0.543332,2.83913,0.076093,0,0,0,0;
4.86, 4.70799,2.39218,-0.219524,0,0,0,0;
4.87, 13.442,2.52541,-0.536065,0,0,0,0;
4.88, 0.483655,1.06538,-0.609761,0,0,0,0;
4.89, -3.93568,1.77828,-0.351037,0,0,0,0;
4.9, 8.67414,1.28484,-0.0446769,0,0,0,0;
4.91, 8.1527,-0.168161,-0.12118,0,0,0,0;
4.92, 10.0487,0.197249,-0.0390413,0,0,0,0;
4.93, 3.69655,1.04336,-0.0733163,0,0,0,0;
4.94, 7.30866,0.46793,-0.0275489,0,0,0,0;
4.95, 8.07227,-0.484235,-0.263683,0,0,0,0;
4.96, 6.93469,-1.04966,-0.403603,0,0,0,0;
4.97, 2.41166,-1.22827,-0.240641,0,0,0,0;
4.98, 5.63998,-0.529508,-0.151497,0,0,0,0;
4.99, 6.50701,-0.718002,-0.214676,0,0,0,0;
5, 6.88529,-1.43936,-0.242208,0,0,0,0;
5.01, 6.97058,-1.87739,-0.125262,0,0,0,0;
5.02, 6.62265,-1.86752,-0.0910263,0,0,0,0;
5.03, 3.65124,-2.10073,-0.17452,0,0,0,0;
5.04, 6.59756,-2.64363,-0.179195,0,0,0,0;
5.05, 7.18159,-2.92032,-0.218218,0,0,0,0;
5.06, 5.46281,-3.0138,-0.315167,0,0,0,0;
5.07, 4.68889,-3.04833,-0.112637,0,0,0,0;
5.08, 1.30057,-3.31715,-0.189878,0,0,0,0;
5.09, 8.68077,-3.01089,-0.15958,0,0,0,0;
5.1, 6.11107,-4.11488,-0.27761,0,0,0,0;
5.11, 7.39517,-4.37303,-0.162885,0,0,0,0;
5.12, 5.76643,-4.47476,0.0211276,0,0,0,0;
5.13, 4.37233,-5.01621,-0.000337604,0,0,0,0;
5.14, 9.05186,-5.66684,-0.180205,0,0,0,0;
5.15, 6.98406,-4.36425,-0.119434,0,0,0,0;
5.16, -0.000218868,-5.74556,0.0331992,0,0,0,0;
5.17, 2.41975,-6.48492,-0.156518,0,0,0,0;
5.18, 4.73976,-5.95882,-0.16181,0,0,0,0;
5.19, 5.00355,-6.26583,-0.18195,0,0,0,0;
5.2, 0.835249,-6.20305,-0.301132,0,0,0,0;
5.21, 2.56256,-6.64044,-0.108786,0,0,0,0;
5.22, 9.70351,-6.60163,-0.0399973,0,0,0,0;
5.23, 9.52805,-7.1756,0.0146662,0,0,0,0;
5.24, -5.50205,-7.39366,0.144901,0,0,0,0;
5.25, -1.64497,-7.74509,0.28531,0,0,0,0;
5.26, 2.33269,-8.15282,-0.0179171,0,0,0,0;
5.27, 5.08971,-7.7253,-0.344746,0,0,0,0;
5.28, 6.01833,-7.90849,-0.232527,0,0,0,0;
5.29, -1.1012,-8.33931,-0.133125,0,0,0,0;
5.3, -0.571474,-7.95683,0.140196,0,0,0,0;
5.31, -4.02252,-7.72695,0.327174,0,0,0,0;
5.32, -1.43619,-8.02917,0.101429,0,0,0,0;
5.33, -0.681035,-8.39902,0.0615041,0,0,0,0;
5.34, -3.30704,-8.12302,-0.111842,0,0,0,0;
5.35, -1.64374,-7.77186,-0.0190539,0,0,0,0;
5.36, -1.49476,-7.81492,-0.00159366,0,0,0,0;
5.37, -2.87369,-7.81703,-0.258231,0,0,0,0;
5.38, -5.06778,-7.63632,0.208029,0,0,0,0;
5.39, -3.55541,-7.31878,0.231317,0,0,0,0;
5.4, -4.39527,-7.18655,0.348259,0,0,0,0;
5.41, -5.06969,-7.61821,0.0914545,0,0,0,0;
5.42, -3.9327,-6.65907,0.117558,0,0,0,0;
5.43, -6.36592,-6.70886,0.0972241,0,0,0,0;
5.44, -7.77628,-6.70223,-0.186777,0,0,0,0;
5.45, -4.96909,-5.48372,0.115213,0,0,0,0;
5.46, -5.33675,-5.99215,0.097393,0,0,0,0;
5.47, -5.99477,-5.11342,0.109196,0,0,0,0;
5.48, -7.42251,-5.22193,0.481891,0,0,0,0;
5.49, -7.20477,-5.17409,0.451008,0,0,0,0;
5.5, -7.83645,-4.2154,0.0566738,0,0,0,0;
5.51, -7.06353,-3.78539,0.101862,0,0,0,0;
5.52, -8.77416,-3.53988,0.109973,0,0,0,0;
5.53, -5.62173,-3.49089,0.0244468,0,0,0,0;
5.54, -9.05081,-2.60999,0.118045,0,0,0,0;
5.55, -7.50848,-2.22406,0.327597,0,0,0,0;
5.56, -7.87368,-1.89965,0.267732,0,0,0,0;
5.57, -8.14873,-1.56949,0.298891,0,0,0,0;
5.58, -8.40822,-1.32564,0.254177,0,0,0,0;
5.59, -5.29425,-1.11755,0.197164,0,0,0,0;
5.6, -8.47092,-0.26561,0.175685,0,0,0,0;
5.61, -10.7107,0.120946,0.147621,0,0,0,0;
5.62, -12.0298,0.588026,0.185975,0,0,0,0;
5.63, -2.26375,1.3037,0.228253,0,0,0,0;
5.64, -4.72094,1.88773,0.234236,0,0,0,0;
5.65, -13.3671,1.70846,0.366884,0,0,0,0;
5.66, -7.81936,1.75845,0.330286,0,0,0,0;
5.67, -4.85022,2.68533,0.015984,0,0,0,0;
5.68, -4.92567,3.4603,0.0857904,0,0,0,0;
5.69, -9.56236,3.29393,0.192513,0,0,0,0;
5.7, -10.8568,3.87684,0.280299,0,0,0,0;
5.71, -7.41079,4.15093,0.285594,0,0,0,0;
5.72, -11.3209,4.37941,0.167126,0,0,0,0;
5.73, -4.57256,5.23508,0.133793,0,0,0,0;
5.74, -3.79271,5.98597,0.148787,0,0,0,0;
5.75, -3.9163,5.72332,0.161163,0,0,0,0;
5.76, -4.35339,5.47728,0.206162,0,0,0,0;
5.77, -9.4986,6.27491,0.134432,0,0,0,0;
5.78, -6.47297,6.93124,0.0264326,0,0,0,0;
5.79, -5.19117,6.51912,0.053476,0,0,0,0;
5.8, -5.76456,7.60484,0.269623,0,0,0,0;
5.81, -4.41025,7.11157,0.237141,0,0,0,0;
5.82, -4.525,6.91525,-0.00823734,0,0,0,0;
5.83, -4.05519,7.78044,0.0407227,0,0,0,0;
5.84, -2.19795,8.99695,0.094935,0,0,0,0;
5.85, -3.21487,6.97459,0.0167514,0,0,0,0;
5.86, -1.88467,7.54416,0.0370483,0,0,0,0;
5.87, -2.41129,9.79896,0.148296,0,0,0,0;
5.88, -4.95207,8.48543,0.244889,0,0,0,0;
5.89, -1.77814,5.77072,-0.070665,0,0,0,0;
5.9, 5.56259,9.29801,0.0609627,0,0,0,0;
5.91, 2.93391,6.83579,0.174573,0,0,0,0;
5.92, 0.0727223,9.61873,-0.196512,0,0,0,0;
5.93, -3.54974,8.63856,-0.476552,0,0,0,0;
5.94, -4.61146,5.5745,0.105176,0,0,0,0;
5.95, 3.69833,10.9023,-0.024663,0,0,0,0;
5.96, 5.80706,5.6804,0.424643,0,0,0,0;
5.97, 2.07083,8.21866,-0.0309647,0,0,0,0;
5.98, 2.97583,5.6041,-0.154963,0,0,0,0;
5.99, 6.08338,7.81603,-0.274314,0,0,0,0;
6, 2.03269,6.73734,0.0704968,0,0,0,0;
6.01, -2.26226,6.3799,0.249912,0,0,0,0;
6.02, 2.68877,7.569,-0.164462,0,0,0,0;
6.03, 7.94518,6.08162,-0.515493,0,0,0,0;
6.04, 9.24575,5.44093,-0.418991,0,0,0,0;
6.05, 3.34982,5.49581,0.441607,0,0,0,0;
6.06, 5.60281,5.5926,0.157594,0,0,0,0;
6.07, 8.66353,7.82133,-0.622621,0,0,0,0;
6.08, -0.625869,5.00945,-0.216151,0,0,0,0;
6.09, -4.03053,0.19058,0.239635,0,0,0,0;
6.1, 12.1002,4.00245,0.000383601,0,0,0,0;
6.11, 7.95902,2.81687,0.104101,0,0,0,0;
6.12, 14.2492,5.96969,-0.538677,0,0,0,0;
6.13, 1.33552,5.34882,-0.711188,0,0,0,0;
6.14, -13.4092,3.66194,-0.371063,0,0,0,0;
6.15, 17.104,3.90501,0.232301,0,0,0,0;
6.16, 17.7036,2.29106,0.00605115,0,0,0,0;
6.17, -1.18123,0.941425,-0.0294738,0,0,0,0;
6.18, 10.0841,3.02471,-0.0445248,0,0,0,0;
6.19, -0.940289,2.37207,-0.0529734,0,0,0,0;
6.2, 3.52055,0.90714,-0.0522956,0,0,0,0;
6.21, -0.00599098,1.5266,-0.75232,0,0,0,0;
6.22, 11.6672,2.30217,-0.69358,0,0,0,0;
6.23, 10.8377,1.94351,-0.436149,0,0,0,0;
6.24, 3.17565,1.2535,0.162564,0,0,0,0;
6.25, 9.84097,0.5027,0.324932,0,0,0,0;
6.26, 9.22243,-0.516566,0.0683473,0,0,0,0;
6.27, 0.563968,0.961155,0.070206,0,0,0,0;
6.28, 4.07451,-0.309488,-0.205357,0,0,0,0;
6.29, 10.6129,-0.736141,-0.525893,0,0,0,0;
6.3, 6.00886,-0.804189,-0.705419,0,0,0,0;
6.31, 4.68332,-0.821138,-0.598339,0,0,0,0;
6.32, 6.8603,-0.894654,-0.0975682,0,0,0,0;
6.33, 5.83639,-0.917558,0.155975,0,0,0,0;
6.34, 5.54872,-1.01669,0.154323,0,0,0,0;
6.35, 7.13713,-1.51485,-0.091271,0,0,0,0;
6.36, 3.4136,-1.98708,-0.234775,0,0,0,0;
6.37, 3.6743,-2.49832,-0.346859,0,0,0,0;
6.38, 9.67239,-2.87663,-0.44443,0,0,0,0;
6.39, 9.63515,-2.60511,-0.446023,0,0,0,0;
6.4, 4.55869,-2.96508,-0.101041,0,0,0,0;
6.41, 3.93203,-2.79637,0.146126,0,0,0,0;
6.42, 9.09147,-3.74232,0.110855,0,0,0,0;
6.43, 3.35177,-3.84892,-0.0919795,0,0,0,0;
6.44, 5.74548,-4.03666,-0.356805,0,0,0,0;
6.45, 3.99213,-4.42878,-0.38474,0,0,0,0;
6.46, 4.81622,-5.26364,-0.219047,0,0,0,0;
6.47, 13.3354,-4.75501,-0.147864,0,0,0,0;
6.48, 0.665882,-4.89081,-0.105108,0,0,0,0;
6.49, 5.93573,-5.57287,0.0999541,0,0,0,0;
6.5, 7.57122,-5.37636,-0.115362,0,0,0,0;
6.51, 4.26411,-6.05132,-0.190859,0,0,0,0;
6.52, -0.240026,-6.86182,-0.09607,0,0,0,0;
6.53, 11.2243,-6.934,0.0418875,0,0,0,0;
6.54, 7.99553,-6.37695,-0.124542,0,0,0,0;
6.55, -5.29032,-7.30368,-0.0831836,0,0,0,0;
6.56, 1.76679,-7.31333,-0.0256463,0,0,0,0;
6.57, 9.48479,-7.81116,-0.198139,0,0,0,0;
6.58, 2.99505,-7.54052,-0.175337,0,0,0,0;
6.59, -5.62815,-7.72916,-0.00510853,0,0,0,0;
6.6, 4.07276,-7.89621,0.107579,0,0,0,0;
6.61, 8.48285,-8.29724,-0.0372805,0,0,0,0;
6.62, -1.47493,-8.30232,-0.0336807,0,0,0,0;
6.63, 1.4064,-8.43925,0.0732083,0,0,0,0;
6.64, -3.88164,-8.54712,-0.0837786,0,0,0,0;
6.65, -0.477249,-8.68591,-0.0214939,0,0,0,0;
6.66, 0.896945,-8.6715,0.185408,0,0,0,0;
6.67, 0.906531,-9.38646,0.090585,0,0,0,0;
6.68, -1.93145,-8.39858,-0.204845,0,0,0,0;
6.69, -1.64636,-8.2209,0.0815303,0,0,0,0;
6.7, -4.72244,-8.65228,0.329864,0,0,0,0;
6.71, -7.36013,-8.46983,0.178195,0,0,0,0;
6.72, -5.21934,-8.18147,0.164395,0,0,0,0;
6.73, -3.80086,-7.83932,-0.332275,0,0,0,0;
6.74, -2.71668,-7.67659,-0.00392577,0,0,0,0;
6.75, -5.95119,-7.49229,-0.116378,0,0,0,0;
6.76, -4.62296,-7.27586,0.3491,0,0,0,0;
6.77, -4.44428,-6.8513,0.351708,0,0,0,0;
6.78, -7.22061,-7.32723,0.0230043,0,0,0,0;
6.79, -8.06613,-6.14181,0.442406,0,0,0,0;
6.8, -6.21452,-6.08936,0.239081,0,0,0,0;
6.81, -7.78231,-6.18986,0.0630989,0,0,0,0;
6.82, -8.45731,-5.75569,0.0879124,0,0,0,0;
6.83, -6.18764,-4.63301,0.245934,0,0,0,0;
6.84, -6.13662,-4.69553,0.11411,0,0,0,0;
6.85, -9.59694,-4.25105,0.102372,0,0,0,0;
6.86, -8.03026,-3.27723,0.112636,0,0,0,0;
6.87, -5.82152,-3.30174,0.183096,0,0,0,0;
6.88, -8.78351,-3.48629,0.301704,0,0,0,0;
6.89, -11.459,-2.55124,0.279509,0,0,0,0;
6.9, -9.3721,-2.27853,0.335981,0,0,0,0;
6.91, -7.04208,-1.46092,0.302321,0,0,0,0;
6.92, -8.17271,-0.952419,0.237022,0,0,0,0;
6.93, -7.6286,-0.66635,0.201321,0,0,0,0;
6.94, -7.42638,-0.100104,0.182681,0,0,0,0;
6.95, -11.8774,0.210168,0.152095,0,0,0,0;
6.96, -7.99105,0.915427,0.168243,0,0,0,0;
6.97, -7.5258,1.05287,0.271756,0,0,0,0;
6.98, -9.52169,1.41783,0.402338,0,0,0,0;
6.99, -8.67201,2.11026,0.260072,0,0,0,0;
7, -7.45572,2.74115,0.189798,0,0,0,0;
7.01, -10.7498,3.15102,0.240842,0,0,0,0;
7.02, -4.026,3.8241,0.265298,0,0,0,0;
7.03, -12.052,4.1306,0.125917,0,0,0,0;
7.04, -6.9366,4.23104,0.167224,0,0,0,0;
7.05, -4.68165,4.73191,0.1897,0,0,0,0;
7.06, -11.4959,5.32453,0.196433,0,0,0,0;
7.07, -6.86802,5.34331,0.134299,0,0,0,0;
7.08, -6.85629,6.23288,0.253672,0,0,0,0;
7.09, -7.18851,6.1073,0.243387,0,0,0,0;
7.1, -8.93766,6.52071,0.158861,0,0,0,0;
7.11, -7.14181,7.47221,0.132062,0,0,0,0;
7.12, -4.05714,7.47781,0.116856,0,0,0,0;
7.13, -3.74302,8.08535,0.18752,0,0,0,0;
7.14, -6.83816,7.83697,0.134447,0,0,0,0;
7.15, -4.91113,8.56213,0.175081,0,0,0,0;
7.16, -2.43681,7.97992,-0.0156995,0,0,0,0;
7.17, -3.52047,8.22036,0.117903,0,0,0,0;
7.18, -3.81846,9.45387,0.111498,0,0,0,0;
7.19, -3.99131,8.77884,0.11608,0,0,0,0;
7.2, -5.29383,8.30154,-0.0084758,0,0,0,0;
7.21, 0.536561,7.97186,-0.0466614,0,0,0,0;
7.22, -0.499408,10.6402,0.143368,0,0,0,0;
7.23, -4.06755,7.79061,0.08984,0,0,0,0;
7.24, -0.495604,7.62935,-0.213494,0,0,0,0;
7.25, 4.1002,10.8464,0.148079,0,0,0,0;
7.26, 1.76652,8.95841,0.17035,0,0,0,0;
7.27, -2.36832,8.66599,0.442808,0,0,0,0;
7.28, 0.713903,9.06689,-0.309593,0,0,0,0;
7.29, 5.50891,5.84713,-0.62788,0,0,0,0;
7.3, 7.81447,9.19136,0.0259169,0,0,0,0;
7.31, 2.02563,8.30668,0.196867,0,0,0,0;
7.32, -3.29124,7.7851,0.131154,0,0,0,0;
7.33, 7.34494,6.44223,-0.329912,0,0,0,0;
7.34, 0.228681,6.96974,-0.125596,0,0,0,0;
7.35, 2.20113,7.38819,-0.0501073,0,0,0,0;
7.36, 10.315,8.85533,-0.0800517,0,0,0,0;
7.37, 4.81469,6.65993,0.0555879,0,0,0,0;
7.38, 3.20921,4.56593,-0.097297,0,0,0,0;
7.39, 6.22934,5.73558,0.0563496,0,0,0,0;
7.4, -1.82397,3.12407,0.287754,0,0,0,0;
7.41, 12.575,7.22879,0.211413,0,0,0,0;
7.42, 11.7095,5.44223,-1.26422,0,0,0,0;
7.43, 3.74275,3.17903,-0.92074,0,0,0,0;
7.44, 13.9279,3.72092,0.0857683,0,0,0,0;
7.45, -7.53541,5.63693,0.634373,0,0,0,0;
7.46, -0.406897,5.85526,0.359275,0,0,0,0;
7.47, 9.2945,3.02529,-0.442376,0,0,0,0;
7.48, 11.6172,3.66799,-0.356346,0,0,0,0;
7.49, 3.2805,1.20816,-0.445164,0,0,0,0;
7.5, 5.06019,1.08041,-0.432314,0,0,0,0;
7.51, 14.4279,5.67157,0.131393,0,0,0,0;
7.52, 7.30732,1.42851,0.0124067,0,0,0,0;
7.53, 2.08871,1.87596,-0.560861,0,0,0,0;
7.54, 6.72718,1.66785,0.0527802,0,0,0,0;
7.55, 3.60888,2.13636,-0.138391,0,0,0,0;
7.56, 1.7165,1.845,-0.359484,0,0,0,0;
7.57, 10.1013,2.12481,-0.28134,0,0,0,0;
7.58, 9.47848,-0.227768,-0.344512,0,0,0,0;
7.59, 3.15014,-1.0297,-0.00107384,0,0,0,0;
7.6, 7.18046,1.6804,-0.0380062,0,0,0,0;
7.61, 6.3587,0.638863,-0.122398,0,0,0,0;
7.62, 10.2509,-0.0201737,-0.203703,0,0,0,0;
7.63, 6.9467,-0.522228,-0.465869,0,0,0,0;
7.64, 4.03866,-1.0257,-0.417759,0,0,0,0;
7.65, 4.46519,-0.788321,-0.203884,0,0,0,0;
7.66, 6.01137,-1.54758,-0.0525212,0,0,0,0;
7.67, 3.90949,-1.28774,-0.0458117,0,0,0,0;
7.68, 8.40833,-1.21134,-0.160153,0,0,0,0;
7.69, 11.9877,-1.50798,-0.360556,0,0,0,0;
7.7, 6.25958,-2.03782,-0.35414,0,0,0,0;
7.71, 1.75926,-2.62929,-0.187471,0,0,0,0;
7.72, 7.93098,-2.63379,0.0618596,0,0,0,0;
7.73, 4.61023,-2.79402,-0.193182,0,0,0,0;
7.74, 10.0922,-3.26771,-0.288871,0,0,0,0;
7.75, 7.79512,-3.66648,-0.23993,0,0,0,0;
7.76, 6.47953,-3.79135,-0.154327,0,0,0,0;
7.77, 1.63804,-3.81537,-0.132444,0,0,0,0;
7.78, 9.44094,-4.10691,-0.167672,0,0,0,0;
7.79, 7.1161,-4.65912,-0.260734,0,0,0,0;
7.8, 8.15465,-4.99393,-0.179523,0,0,0,0;
7.81, 0.799762,-5.58776,0.0119288,0,0,0,0;
7.82, 5.04191,-5.41813,-0.0961196,0,0,0,0;
7.83, 9.24478,-5.8218,-0.199593,0,0,0,0;
7.84, 12.049,-6.62451,-0.237815,0,0,0,0;
7.85, 4.99631,-6.46225,-0.208146,0,0,0,0;
7.86, 0.140384,-6.61574,0.0739403,0,0,0,0;
7.87, 6.21195,-7.81187,0.119678,0,0,0,0;
7.88, 2.10863,-7.52847,-0.0624198,0,0,0,0;
7.89, 8.4104,-7.6058,-0.0623817,0,0,0,0;
7.9, 5.70164,-8.13885,-0.14674,0,0,0,0;
7.91, -2.64187,-8.35524,-0.234268,0,0,0,0;
7.92, 6.92024,-8.59193,-0.120853,0,0,0,0;
7.93, 6.27299,-8.51556,-0.203424,0,0,0,0;
7.94, 1.26899,-9.14435,0.0282448,0,0,0,0;
7.95, -3.3822,-8.91137,0.240524,0,0,0,0;
7.96, 1.93483,-9.39646,0.229276,0,0,0,0;
7.97, 2.73932,-9.58372,0.0181769,0,0,0,0;
7.98, -3.12477,-9.85697,-0.170368,0,0,0,0;
7.99, -1.38927,-10.3816,-0.117882,0,0,0,0;
8, -2.74438,-8.93329,0.117611,0,0,0,0;
8.01, 1.75519,-9.35368,-0.307703,0,0,0,0;
8.02, 4.38939,-9.74758,-0.040129,0,0,0,0;
8.03, -3.60513,-9.66759,0.193449,0,0,0,0;
8.04, -7.60773,-9.14448,0.531476,0,0,0,0;
8.05, -3.97338,-9.32715,0.511785,0,0,0,0;
8.06, -6.01471,-9.69058,0.179301,0,0,0,0;
8.07, -6.78965,-9.73901,-0.244246,0,0,0,0;
8.08, -8.48696,-8.88719,-0.124687,0,0,0,0;
8.09, -3.51665,-8.32229,-0.138329,0,0,0,0;
8.1, -3.96453,-7.94794,0.125053,0,0,0,0;
8.11, -7.59888,-7.57835,0.12607,0,0,0,0;
8.12, -8.84187,-7.50066,0.364892,0,0,0,0;
8.13, -7.92829,-7.3262,0.671104,0,0,0,0;
8.14, -5.64601,-7.02044,0.210986,0,0,0,0;
8.15, -7.91999,-6.55888,-0.211323,0,0,0,0;
8.16, -10.8356,-5.99161,0.184544,0,0,0,0;
8.17, -7.93341,-5.41339,0.203994,0,0,0,0;
8.18, -9.42217,-5.10984,0.16663,0,0,0,0;
8.19, -7.6523,-4.5513,0.356441,0,0,0,0;
8.2, -9.62016,-4.23324,0.258536,0,0,0,0;
8.21, -8.01523,-3.53882,0.220494,0,0,0,0;
8.22, -10.7958,-3.10637,0.326427,0,0,0,0;
8.23, -11.2235,-2.97782,0.295208,0,0,0,0;
8.24, -7.05839,-2.04127,0.224783,0,0,0,0;
8.25, -10.7183,-1.21487,0.198458,0,0,0,0;
8.26, -8.20483,-0.815695,0.259246,0,0,0,0;
8.27, -11.0826,-0.786233,0.255407,0,0,0,0;
8.28, -9.39636,0.372006,0.263834,0,0,0,0;
8.29, -7.52138,0.592772,0.310389,0,0,0,0;
8.3, -15.2178,1.20055,0.385158,0,0,0,0;
8.31, -8.08307,1.51605,0.251541,0,0,0,0;
8.32, -5.99337,2.47166,0.237998,0,0,0,0;
8.33, -6.67533,2.65624,0.160245,0,0,0,0;
8.34, -14.3477,3.19034,0.298726,0,0,0,0;
8.35, -8.43068,3.97831,0.148438,0,0,0,0;
8.36, -7.81739,4.51481,0.207159,0,0,0,0;
8.37, -11.3985,5.08932,0.419365,0,0,0,0;
8.38, -9.86065,5.44357,0.385396,0,0,0,0;
8.39, -7.72117,5.6846,0.168695,0,0,0,0;
8.4, -11.0365,6.54375,0.0529184,0,0,0,0;
8.41, -7.31655,6.61053,0.142598,0,0,0,0;
8.42, -6.96885,7.34529,0.164615,0,0,0,0;
8.43, -8.94006,7.72488,0.294818,0,0,0,0;
8.44, -5.68502,8.49276,0.220735,0,0,0,0;
8.45, -4.99823,8.45392,0.204334,0,0,0,0;
8.46, -9.34243,8.72029,0.149703,0,0,0,0;
8.47, -7.12799,8.65305,0.192154,0,0,0,0;
8.48, -6.59671,9.11635,0.000778809,0,0,0,0;
8.49, -1.66017,9.83841,0.0979954,0,0,0,0;
8.5, -1.83619,10.0453,0.206426,0,0,0,0;
8.51, -6.23748,8.84761,0.0812466,0,0,0,0;
8.52, -6.61342,10.9483,0.113476,0,0,0,0;
8.53, -1.11514,10.336,0.184612,0,0,0,0;
8.54, 0.326857,9.73514,0.00141201,0,0,0,0;
8.55, -1.9484,9.59245,-0.346295,0,0,0,0;
8.56, -0.223264,10.7902,0.238808,0,0,0,0;
8.57, 0.0482585,10.9964,0.239072,0,0,0,0;
8.58, -0.419384,8.92276,-0.0641751,0,0,0,0;
8.59, 0.265418,8.28763,-0.208539,0,0,0,0;
8.6, -1.40902,9.58882,0.0923971,0,0,0,0;
8.61, -1.33795,7.71253,-0.0204441,0,0,0,0;
8.62, 7.45777,9.35699,0.178984,0,0,0,0;
8.63, 13.6616,12.4457,0.170429,0,0,0,0;
8.64, 2.63481,10.9848,0.128076,0,0,0,0;
8.65, 0.167917,6.14086,-0.0142579,0,0,0,0;
8.66, -0.427277,8.37773,-0.692013,0,0,0,0;
8.67, 6.80852,7.72995,-0.600809,0,0,0,0;
8.68, 4.26499,4.41731,0.336786,0,0,0,0;
8.69, 1.72279,8.01709,-0.0353907,0,0,0,0;
8.7, 6.77685,8.85956,-0.129064,0,0,0,0;
8.71, 9.94768,5.42056,0.285407,0,0,0,0;
8.72, 9.59099,5.81543,0.277837,0,0,0,0;
8.73, 1.40232,5.41061,0.115228,0,0,0,0;
8.74, 12.9347,3.49107,-0.445298,0,0,0,0;
8.75, 6.75502,5.06865,-0.926247,0,0,0,0;
8.76, 3.80972,6.87066,-0.693157,0,0,0,0;
8.77, -2.87569,6.6054,-0.248826,0,0,0,0;
8.78, 13.2295,4.65651,0.119911,0,0,0,0;
8.79, 9.5194,1.97923,-0.129054,0,0,0,0;
8.8, 1.96569,2.99319,0.682178,0,0,0,0;
8.81, 4.43298,3.75688,0.442881,0,0,0,0;
8.82, 7.98724,4.90858,-0.551603,0,0,0,0;
8.83, 1.97234,3.48267,-0.744711,0,0,0,0;
8.84, 4.12639,0.255903,-0.692195,0,0,0,0;
8.85, 11.2842,1.781,-0.244556,0,0,0,0;
8.86, 11.5674,5.94698,-0.264981,0,0,0,0;
8.87, 5.74391,2.12266,0.227557,0,0,0,0;
8.88, 7.85056,0.690149,0.096026,0,0,0,0;
8.89, 12.7089,0.577723,0.169591,0,0,0,0;
8.9, 4.56327,-0.704336,-0.187919,0,0,0,0;
8.91, 2.58911,2.01644,-0.364162,0,0,0,0;
8.92, 7.15991,-0.287654,-0.367317,0,0,0,0;
8.93, 5.6563,0.596723,-0.796811,0,0,0,0;
8.94, 5.21142,0.178284,-0.479658,0,0,0,0;
8.95, 4.58401,0.230156,-0.107053,0,0,0,0;
8.96, 5.63816,0.0497254,0.06351,0,0,0,0;
8.97, 8.66776,0.141443,-0.096948,0,0,0,0;
8.98, 9.03832,-0.436636,-0.152305,0,0,0,0;
8.99, 5.28234,-1.25334,-0.208426,0,0,0,0;
9, 5.43574,-1.61892,-0.381337,0,0,0,0;
9.01, 8.64153,-1.62832,-0.355944,0,0,0,0;
9.02, 8.61588,-2.17759,-0.202566,0,0,0,0;
9.03, 6.45953,-2.15497,-0.147295,0,0,0,0;
9.04, 7.06295,-2.14715,-0.0585171,0,0,0,0;
9.05, 4.39346,-2.22648,-0.135641,0,0,0,0;
9.06, 10.6184,-2.99195,-0.248475,0,0,0,0;
9.07, 6.57507,-3.51951,-0.289716,0,0,0,0;
9.08, 4.58526,-3.35408,-0.236189,0,0,0,0;
9.09, 4.89681,-3.7752,-0.193369,0,0,0,0;
9.1, 12.8773,-4.1715,-0.115693,0,0,0,0;
9.11, 9.59264,-4.09153,-0.28546,0,0,0,0;
9.12, 1.68487,-4.97778,-0.327927,0,0,0,0;
9.13, 5.33922,-4.49687,0.126668,0,0,0,0;
9.14, 9.30077,-5.47509,0.11231,0,0,0,0;
9.15, 5.45449,-6.03377,-0.46731,0,0,0,0;
9.16, 1.57213,-5.958,-0.228495,0,0,0,0;
9.17, 8.89338,-6.74745,-0.110934,0,0,0,0;
9.18, 8.88988,-7.28062,-0.258939,0,0,0,0;
9.19, 5.77353,-6.81894,-0.276306,0,0,0,0;
9.2, 7.17933,-6.57479,-0.0645366,0,0,0,0;
9.21, 15.4268,-7.86945,0.221877,0,0,0,0;
9.22, 0.861474,-8.28229,0.0318377,0,0,0,0;
9.23, 2.74517,-9.1278,0.181807,0,0,0,0;
9.24, 1.54683,-9.4972,0.0604519,0,0,0,0;
9.25, 3.8394,-9.65826,-0.109897,0,0,0,0;
9.26, 1.5692,-9.80021,-0.229691,0,0,0,0;
9.27, 3.43856,-9.51903,-0.305913,0,0,0,0;
9.28, 9.16745,-9.65389,-0.241894,0,0,0,0;
9.29, 2.37479,-9.79609,-0.1559,0,0,0,0;
9.3, -2.73039,-10.3938,0.1366,0,0,0,0;
9.31, -0.832794,-10.6357,0.469658,0,0,0,0;
9.32, -5.46415,-9.97545,0.417053,0,0,0,0;
9.33, 0.146589,-10.6782,-0.051453,0,0,0,0;
9.34, 2.94279,-11.1553,-0.241897,0,0,0,0;
9.35, -4.24061,-10.683,-0.443302,0,0,0,0;
9.36, -5.37826,-10.5031,0.0580029,0,0,0,0;
9.37, 1.30098,-10.4994,0.287567,0,0,0,0;
9.38, -3.49509,-10.2842,-0.0276818,0,0,0,0;
9.39, -6.95543,-9.59975,0.308322,0,0,0,0;
9.4, -8.34873,-10.2181,0.784894,0,0,0,0;
9.41, -5.33899,-10.619,0.109601,0,0,0,0;
9.42, -7.17626,-10.1966,-0.186275,0,0,0,0;
9.43, -7.01375,-8.81258,0.128847,0,0,0,0;
9.44, -7.45535,-8.19414,0.0251075,0,0,0,0;
9.45, -7.54016,-8.65131,-0.170052,0,0,0,0;
9.46, -7.79893,-7.72678,0.403541,0,0,0,0;
9.47, -12.2615,-7.44021,0.345273,0,0,0,0;
9.48, -7.6242,-7.86015,0.210777,0,0,0,0;
9.49, -6.7285,-6.72637,0.00362714,0,0,0,0;
9.5, -9.1014,-5.40867,0.472461,0,0,0,0;
9.51, -9.55409,-6.00514,0.457137,0,0,0,0;
9.52, -10.7214,-5.75598,0.254776,0,0,0,0;
9.53, -11.2995,-4.49248,0.304727,0,0,0,0;
9.54, -9.81213,-3.89858,0.175522,0,0,0,0;
9.55, -10.9514,-3.41342,0.110833,0,0,0,0;
9.56, -10.4883,-3.06437,0.257277,0,0,0,0;
9.57, -11.8675,-1.58195,0.327448,0,0,0,0;
9.58, -7.15244,-1.4704,0.288048,0,0,0,0;
9.59, -8.25351,-0.531544,0.285251,0,0,0,0;
9.6, -11.3398,-1.89161,0.298071,0,0,0,0;
9.61, -10.1819,-0.571657,0.289117,0,0,0,0;
9.62, -13.7126,1.35009,0.333486,0,0,0,0;
9.63, -13.1221,1.66417,0.295264,0,0,0,0;
9.64, -3.98299,2.34412,0.230043,0,0,0,0;
9.65, -11.722,2.27182,0.323105,0,0,0,0;
9.66, -13.198,3.06338,0.324875,0,0,0,0;
9.67, -7.69143,3.45587,0.324072,0,0,0,0;
9.68, -7.82418,4.4199,0.204418,0,0,0,0;
9.69, -13.1718,4.87455,0.272788,0,0,0,0;
9.7, -8.45379,5.83269,0.155507,0,0,0,0;
9.71, -9.90905,6.53412,0.2453,0,0,0,0;
9.72, -13.4271,6.13857,0.260016,0,0,0,0;
9.73, -7.88449,6.42937,0.243394,0,0,0,0;
9.74, -6.00318,7.53569,0.257523,0,0,0,0;
9.75, -11.4,8.42029,0.339221,0,0,0,0;
9.76, -8.76824,8.64264,0.257545,0,0,0,0;
9.77, -7.7911,8.69835,0.174289,0,0,0,0;
9.78, -4.99682,9.22689,0.053663,0,0,0,0;
9.79, -5.15307,9.44039,0.0689193,0,0,0,0;
9.8, -4.78758,9.59945,0.0624094,0,0,0,0;
9.81, -9.05719,10.0821,0.152755,0,0,0,0;
9.82, -7.73483,10.4185,0.0515876,0,0,0,0;
9.83, -3.12224,11.1548,0.0921872,0,0,0,0;
9.84, -4.10194,10.8423,0.311271,0,0,0,0;
9.85, -2.97439,9.4622,0.303082,0,0,0,0;
9.86, -4.56895,10.7567,0.0511126,0,0,0,0;
9.87, 0.141402,11.0864,-0.132538,0,0,0,0;
9.88, -2.13511,10.0248,-0.0282922,0,0,0,0;
9.89, -0.149191,12.7262,-0.0928769,0,0,0,0;
9.9, 0.25294,10.822,0.0930151,0,0,0,0;
9.91, 2.04144,10.1385,0.447645,0,0,0,0;
9.92, -0.475999,8.74167,0.443204,0,0,0,0;
9.93, 4.47208,9.98263,-0.386911,0,0,0,0;
9.94, 2.37371,11.4827,-0.590629,0,0,0,0;
9.95, 3.59188,11.6742,-0.094767,0,0,0,0;
9.96, 7.3855,8.33369,0.0728511,0,0,0,0;
9.97, -2.7745,6.39952,0.326312,0,0,0,0;
9.98, 3.78562,8.67986,0.180262,0,0,0,0;
9.99, 9.77826,7.47567,-0.19832,0,0,0,0;
