0, -0.0104593,0.0126713,-8.63081e-05,0,0,0,0;
0.01, 0.0042917,-0.0419367,0.00367094,0,0,0,0;
0.02, 0.170273,0.244911,-0.0186733,0,0,0,0;
0.03, 0.439151,0.832726,-0.0978493,0,0,0,0;
0.04, 0.781201,1.43351,-0.211425,0,0,0,0;
0.05, 1.05208,1.87305,-0.288644,0,0,0,0;
0.06, 1.22245,2.08973,-0.285814,0,0,0,0;
0.07, 1.35344,2.1203,-0.197805,0,0,0,0;
0.08, 1.44657,2.00889,-0.0715262,0,0,0,0;
0.09, 1.48865,1.73576,0.0392425,0,0,0,0;
0.1, 1.452,1.29165,0.0996412,0,0,0,0;
0.11, 1.30531,0.743915,0.0946728,0,0,0,0;
0.12, 1.08019,0.187882,0.0496085,0,0,0,0;
0.13, 0.880191,-0.273059,-0.00619463,0,0,0,0;
0.14, 0.770703,-0.610856,-0.0485748,0,0,0,0;
0.15, 0.739192,-0.834658,-0.061251,0,0,0,0;
0.16, 0.724628,-0.978291,-0.0457737,0,0,0,0;
0.17, 0.721581,-1.09149,-0.0164818,0,0,0,0;
0.18, 0.727807,-1.20278,0.0110414,0,0,0,0;
0.19, 0.669235,-1.31236,0.0260984,0,0,0,0;
0.2, 0.519962,-1.41369,0.0243967,0,0,0,0;
0.21, 0.422656,-1.50927,0.0141886,0,0,0,0;
0.22, 0.394807,-1.58939,0.000291039,0,0,0,0;
0.23, 0.221815,-1.66565,-0.00738486,0,0,0,0;
0.24, 0.0642542,-1.74019,-0.00431411,0,0,0,0;
0.25, 0.0272134,-1.79202,0.00237377,0,0,0,0;
0.26, -0.00533811,-1.85097,0.0100837,0,0,0,0;
0.27, -0.114512,-1.8979,0.0189478,0,0,0,0;
0.28, -0.211134,-1.92511,0.0270515,0,0,0,0;
0.29, -0.308069,-1.93778,0.0250688,0,0,0,0;
0.3, -0.402678,-1.9342,0.020613,0,0,0,0;
0.31, -0.539631,-1.92607,0.0200617,0,0,0,0;
0.32, -0.650976,-1.91885,0.0179476,0,0,0,0;
0.33, -0.675394,-1.91108,0.0168752,0,0,0,0;
0.34, -0.764585,-1.88861,0.0211955,0,0,0,0;
0.35, -0.847238,-1.87767,0.0296347,0,0,0,0;
0.36, -0.947407,-1.85267,0.0325395,0,0,0,0;
0.37, -1.05792,-1.81222,0.0343872,0,0,0,0;
0.38, -1.18377,-1.75189,0.0366096,0,0,0,0;
0.39, -1.28764,-1.68704,0.0368506,0,0,0,0;
0.4, -1.33056,-1.62631,0.0366555,0,0,0,0;
0.41, -1.39237,-1.56144,0.0368634,0,0,0,0;
0.42, -1.49373,-1.48973,0.0388375,0,0,0,0;
0.43, -1.56609,-1.41637,0.0417651,0,0,0,0;
0.44, -1.64013,-1.33567,0.0441998,0,0,0,0;
0.45, -1.72686,-1.25436,0.0458722,0,0,0,0;
0.46, -1.8187,-1.16784,0.0474566,0,0,0,0;
0.47, -1.84647,-1.07095,0.048742,0,0,0,0;
0.48, -1.91059,-0.964531,0.049705,0,0,0,0;
0.49, -1.97212,-0.873245,0.0503668,0,0,0,0;
0.5, -1.98901,-0.77235,0.0530103,0,0,0,0;
0.51, -2.02474,-0.655352,0.0534444,0,0,0,0;
0.52, -2.06312,-0.571248,0.0548238,0,0,0,0;
0.53, -2.10554,-0.45469,0.054887,0,0,0,0;
0.54, -2.04031,-0.345039,0.0549293,0,0,0,0;
0.55, -2.06079,-0.260972,0.0553429,0,0,0,0;
0.56, -2.11289,-0.153069,0.0542814,0,0,0,0;
0.57, -2.13888,-0.0409673,0.0547495,0,0,0,0;
0.58, -2.16331,0.068048,0.0527978,0,0,0,0;
0.59, -2.07243,0.144551,0.0533381,0,0,0,0;
0.6, -1.95606,0.258628,0.0594526,0,0,0,0;
0.61, -1.94931,0.330581,0.0674682,0,0,0,0;
0.62, -1.90768,0.424246,0.0666885,0,0,0,0;
0.63, -1.9072,0.541243,0.0553242,0,0,0,0;
0.64, -1.90594,0.648895,0.0466286,0,0,0,0;
0.65, -1.88133,0.713337,0.0359227,0,0,0,0;
0.66, -1.73853,0.783355,0.0335623,0,0,0,0;
0.67, -1.81037,0.824048,0.0477781,0,0,0,0;
0.68, -1.82353,0.920339,0.0615563,0,0,0,0;
0.69, -1.72937,1.00825,0.0697349,0,0,0,0;
0.7, -1.72166,1.07163,0.0621561,0,0,0,0;
0.71, -1.49706,1.15388,0.0528684,0,0,0,0;
0.72, -1.26137,1.20972,0.0454745,0,0,0,0;
0.73, -1.13371,1.22504,0.0385664,0,0,0,0;
0.74, -1.10978,1.30423,0.0423286,0,0,0,0;
0.75, -1.21671,1.34813,0.0445931,0,0,0,0;
0.76, -1.28528,1.38111,0.0412511,0,0,0,0;
0.77, -1.19391,1.43939,0.033835,0,0,0,0;
0.78, -1.10491,1.52006,0.0271582,0,0,0,0;
0.79, -1.05714,1.56881,0.0327576,0,0,0,0;
0.8, -0.900823,1.55465,0.0363087,0,0,0,0;
0.81, -0.858887,1.56842,0.0402916,0,0,0,0;
0.82, -0.764099,1.57567,0.0357303,0,0,0,0;
0.83, -0.631575,1.64921,0.0311187,0,0,0,0;
0.84, -0.647282,1.69957,0.0254752,0,0,0,0;
0.85, -0.623464,1.70234,0.0197902,0,0,0,0;
0.86, -0.497486,1.69545,0.0180789,0,0,0,0;
0.87, -0.445508,1.69222,0.0175286,0,0,0,0;
0.88, -0.323904,1.72521,0.0190186,0,0,0,0;
0.89, -0.268645,1.76893,0.0212992,0,0,0,0;
0.9, -0.240037,1.77433,0.0149263,0,0,0,0;
0.91, -0.17918,1.76748,0.00815491,0,0,0,0;
0.92, -0.112974,1.77778,0.00348585,0,0,0,0;
0.93, -0.0314286,1.79414,0.00269215,0,0,0,0;
0.94, 0.0566723,1.78141,0.00279601,0,0,0,0;
0.95, 0.0975041,1.75751,0.00302208,0,0,0,0;
0.96, 0.140974,1.75503,0.00181801,0,0,0,0;
0.97, 0.275636,1.75913,-0.00135844,0,0,0,0;
0.98, 0.352866,1.74813,-0.00550199,0,0,0,0;
0.99, 0.389863,1.73028,-0.00877495,0,0,0,0;
1, 0.436278,1.71575,-0.0103361,0,0,0,0;
1.01, 0.519639,1.69729,-0.0118567,0,0,0,0;
1.02, 0.573684,1.67906,-0.0140651,0,0,0,0;
1.03, 0.646173,1.65752,-0.0159159,0,0,0,0;
1.04, 0.707832,1.62941,-0.0191261,0,0,0,0;
1.05, 0.748709,1.60175,-0.0223753,0,0,0,0;
1.06, 0.888197,1.56172,-0.0245659,0,0,0,0;
1.07, 0.934076,1.52503,-0.024616,0,0,0,0;
1.08, 0.998821,1.50292,-0.0267201,0,0,0,0;
1.09, 0.9887,1.46018,-0.024955,0,0,0,0;
1.1, 1.08616,1.41574,-0.0293312,0,0,0,0;
1.11, 1.23293,1.37074,-0.0358742,0,0,0,0;
1.12, 1.36271,1.31788,-0.0375974,0,0,0,0;
1.13, 1.39082,1.26722,-0.0340086,0,0,0,0;
1.14, 1.36474,1.19665,-0.0301449,0,0,0,0;
1.15, 1.42383,1.13961,-0.0333619,0,0,0,0;
1.16, 1.54506,1.08155,-0.0381292,0,0,0,0;
1.17, 1.65498,1.01273,-0.0423973,0,0,0,0;
1.18, 1.66608,0.937617,-0.0428576,0,0,0,0;
1.19, 1.67945,0.859272,-0.0407964,0,0,0,0;
1.2, 1.80589,0.789573,-0.0397952,0,0,0,0;
1.21, 1.88002,0.721591,-0.0432804,0,0,0,0;
1.22, 1.88648,0.639524,-0.0458291,0,0,0,0;
1.23, 1.86165,0.544237,-0.0456338,0,0,0,0;
1.24, 1.88814,0.455239,-0.0476151,0,0,0,0;
1.25, 2.00822,0.364597,-0.0490192,0,0,0,0;
1.26, 2.03817,0.271476,-0.049551,0,0,0,0;
1.27, 2.02089,0.177508,-0.0475344,0,0,0,0;
1.28, 2.03371,0.0805671,-0.0440476,0,0,0,0;
1.29, 2.10962,-0.0205827,-0.0433153,0,0,0,0;
1.3, 2.13397,-0.126508,-0.0455872,0,0,0,0;
1.31, 2.09331,-0.234416,-0.046378,0,0,0,0;
1.32, 2.0614,-0.341474,-0.045399,0,0,0,0;
1.33, 2.05655,-0.442158,-0.043593,0,0,0,0;
1.34, 2.01523,-0.543322,-0.0407563,0,0,0,0;
1.35, 1.97501,-0.642644,-0.0408037,0,0,0,0;
1.36, 1.97688,-0.743286,-0.04243,0,0,0,0;
1.37, 1.92919,-0.842512,-0.0442236,0,0,0,0;
1.38, 1.88408,-0.938955,-0.0450102,0,0,0,0;
1.39, 1.82621,-1.03684,-0.0418983,0,0,0,0;
1.4, 1.75762,-1.12449,-0.0356127,0,0,0,0;
1.41, 1.68999,-1.21126,-0.0323469,0,0,0,0;
1.42, 1.6415,-1.30302,-0.0330692,0,0,0,0;
1.43, 1.56752,-1.3899,-0.0344944,0,0,0,0;
1.44, 1.47763,-1.4786,-0.0314952,0,0,0,0;
1.45, 1.39658,-1.55189,-0.0283224,0,0,0,0;
1.46, 1.32723,-1.62065,-0.0307664,0,0,0,0;
1.47, 1.21636,-1.68684,-0.0307805,0,0,0,0;
1.48, 1.12475,-1.75082,-0.0272373,0,0,0,0;
1.49, 1.05516,-1.79989,-0.0225061,0,0,0,0;
1.5, 0.991297,-1.85709,-0.0152981,0,0,0,0;
1.51, 0.872351,-1.90937,-0.0128953,0,0,0,0;
1.52, 0.775683,-1.95617,-0.0128211,0,0,0,0;
1.53, 0.668463,-2.00021,-0.0142292,0,0,0,0;
1.54, 0.587843,-2.02561,-0.0131208,0,0,0,0;
1.55, 0.498445,-2.05145,-0.0094071,0,0,0,0;
1.56, 0.401044,-2.07968,-0.00392347,0,0,0,0;
1.57, 0.260271,-2.09933,1.0553e-05,0,0,0,0;
1.58, 0.172767,-2.10795,0.00191216,0,0,0,0;
1.59, 0.10483,-2.13193,0.00339414,0,0,0,0;
1.6, 0.0123545,-2.10598,0.00633265,0,0,0,0;
1.61, -0.0930992,-2.08589,0.00959441,0,0,0,0;
1.62, -0.192994,-2.08204,0.0111616,0,0,0,0;
1.63, -0.288548,-2.07337,0.0134305,0,0,0,0;
1.64, -0.391292,-2.05839,0.0156456,0,0,0,0;
1.65, -0.505448,-2.02843,0.0186203,0,0,0,0;
1.66, -0.580653,-2.00179,0.0235312,0,0,0,0;
1.67, -0.693642,-1.95881,0.0246857,0,0,0,0;
1.68, -0.733529,-1.92006,0.0250977,0,0,0,0;
1.69, -0.809853,-1.87011,0.0275791,0,0,0,0;
1.7, -0.973725,-1.81011,0.0323826,0,0,0,0;
1.71, -1.02465,-1.75894,0.0363131,0,0,0,0;
1.72, -1.10937,-1.69346,0.0380597,0,0,0,0;
1.73, -1.20689,-1.62254,0.0389694,0,0,0,0;
1.74, -1.30923,-1.55051,0.0396577,0,0,0,0;
1.75, -1.37557,-1.4727,0.041088,0,0,0,0;
1.76, -1.45089,-1.3929,0.0426098,0,0,0,0;
1.77, -1.49986,-1.31421,0.0451038,0,0,0,0;
1.78, -1.56818,-1.23165,0.0481409,0,0,0,0;
1.79, -1.61315,-1.14617,0.0510834,0,0,0,0;
1.8, -1.67015,-1.05642,0.052985,0,0,0,0;
1.81, -1.71632,-0.961326,0.0530544,0,0,0,0;
1.82, -1.76996,-0.868239,0.0527917,0,0,0,0;
1.83, -1.80708,-0.769688,0.0519478,0,0,0,0;
1.84, -1.83092,-0.663163,0.0514303,0,0,0,0;
1.85, -1.86543,-0.573577,0.0520573,0,0,0,0;
1.86, -1.87431,-0.49015,0.0540548,0,0,0,0;
1.87, -1.93246,-0.389547,0.0575916,0,0,0,0;
1.88, -1.96731,-0.285898,0.060717,0,0,0,0;
1.89, -1.95527,-0.187569,0.0623242,0,0,0,0;
1.9, -1.92857,-0.0945448,0.060014,0,0,0,0;
1.91, -1.92177,0.00391201,0.0582686,0,0,0,0;
1.92, -1.89676,0.109468,0.0557854,0,0,0,0;
1.93, -1.86422,0.200171,0.0542551,0,0,0,0;
1.94, -1.86378,0.300972,0.0574989,0,0,0,0;
1.95, -1.83261,0.370518,0.0605181,0,0,0,0;
1.96, -1.77655,0.440884,0.0574021,0,0,0,0;
1.97, -1.74223,0.539974,0.0572791,0,0,0,0;
1.98, -1.7476,0.603211,0.0546815,0,0,0,0;
1.99, -1.6756,0.672084,0.0539588,0,0,0,0;
2, -1.62314,0.751402,0.0530766,0,0,0,0;
2.01, -1.62347,0.824437,0.0499807,0,0,0,0;
2.02, -1.58903,0.897254,0.0512393,0,0,0,0;
2.03, -1.47447,0.986155,0.0553015,0,0,0,0;
2.04, -1.35451,1.0473,0.0577109,0,0,0,0;
2.05, -1.28734,1.07682,0.049959,0,0,0,0;
2.06, -1.23801,1.13219,0.0426845,0,0,0,0;
2.07, -1.22638,1.19209,0.0391778,0,0,0,0;
2.08, -1.30554,1.21716,0.0411374,0,0,0,0;
2.09, -1.15669,1.27935,0.0436835,0,0,0,0;
2.1, -1.1697,1.3341,0.0425918,0,0,0,0;
2.11, -0.939278,1.37618,0.0425089,0,0,0,0;
2.12, -0.855505,1.41107,0.0382224,0,0,0,0;
2.13, -0.884257,1.44019,0.0389069,0,0,0,0;
2.14, -0.752258,1.48674,0.0369903,0,0,0,0;
2.15, -0.725493,1.5099,0.0317279,0,0,0,0;
2.16, -0.691103,1.51156,0.0337063,0,0,0,0;
2.17, -0.579112,1.53272,0.0334976,0,0,0,0;
2.18, -0.591403,1.577,0.0285061,0,0,0,0;
2.19, -0.544078,1.60686,0.0242997,0,0,0,0;
2.2, -0.38962,1.62598,0.0193633,0,0,0,0;
2.21, -0.286122,1.60609,0.0152955,0,0,0,0;
2.22, -0.243912,1.614,0.0162234,0,0,0,0;
2.23, -0.212666,1.64024,0.0199166,0,0,0,0;
2.24, -0.15632,1.65748,0.018388,0,0,0,0;
2.25, -0.143298,1.65533,0.0150836,0,0,0,0;
2.26, -0.0883269,1.66454,0.0115354,0,0,0,0;
2.27, 0.00472657,1.65877,0.00721155,0,0,0,0;
2.28, 0.110545,1.64009,0.00194947,0,0,0,0;
2.29, 0.157211,1.6378,-0.000484119,0,0,0,0;
2.3, 0.261853,1.6364,0.000162986,0,0,0,0;
2.31, 0.32359,1.6233,0.000531797,0,0,0,0;
2.32, 0.371717,1.62092,0.00130197,0,0,0,0;
2.33, 0.446146,1.60082,0.00114306,0,0,0,0;
2.34, 0.475533,1.57341,-0.00389079,0,0,0,0;
2.35, 0.542585,1.5523,-0.010303,0,0,0,0;
2.36, 0.609757,1.53216,-0.0152445,0,0,0,0;
2.37, 0.661551,1.50448,-0.0175657,0,0,0,0;
2.38, 0.74981,1.48008,-0.0168375,0,0,0,0;
2.39, 0.835829,1.4543,-0.0156574,0,0,0,0;
2.4, 0.871186,1.4195,-0.01567,0,0,0,0;
2.41, 0.935818,1.38275,-0.017769,0,0,0,0;
2.42, 1.0036,1.34276,-0.0207823,0,0,0,0;
2.43, 1.04094,1.2982,-0.0242254,0,0,0,0;
2.44, 1.10679,1.254,-0.0263961,0,0,0,0;
2.45, 1.20806,1.20506,-0.0281397,0,0,0,0;
2.46, 1.27401,1.15034,-0.0299077,0,0,0,0;
2.47, 1.32497,1.09808,-0.0294585,0,0,0,0;
2.48, 1.41596,1.04169,-0.0303186,0,0,0,0;
2.49, 1.44958,0.982128,-0.0302172,0,0,0,0;
2.5, 1.48268,0.915342,-0.0299314,0,0,0,0;
2.51, 1.5251,0.847836,-0.0320233,0,0,0,0;
2.52, 1.62848,0.784243,-0.0371007,0,0,0,0;
2.53, 1.61813,0.711035,-0.0413803,0,0,0,0;
2.54, 1.66834,0.633811,-0.0382015,0,0,0,0;
2.55, 1.68101,0.558179,-0.0353903,0,0,0,0;
2.56, 1.71354,0.48112,-0.0360885,0,0,0,0;
2.57, 1.73802,0.408123,-0.0373866,0,0,0,0;
2.58, 1.77916,0.325521,-0.0391192,0,0,0,0;
2.59, 1.83541,0.235612,-0.0416473,0,0,0,0;
2.6, 1.92011,0.139319,-0.0438524,0,0,0,0;
2.61, 1.93635,0.0516523,-0.0429314,0,0,0,0;
2.62, 1.85386,-0.0374699,-0.0386702,0,0,0,0;
2.63, 1.83927,-0.130436,-0.0341139,0,0,0,0;
2.64, 1.89725,-0.220904,-0.0334639,0,0,0,0;
2.65, 1.87304,-0.310975,-0.0363687,0,0,0,0;
2.66, 1.81513,-0.407615,-0.0390409,0,0,0,0;
2.67, 1.81251,-0.498559,-0.0395899,0,0,0,0;
2.68, 1.81632,-0.585919,-0.0394704,0,0,0,0;
2.69, 1.76193,-0.672074,-0.0373972,0,0,0,0;
2.7, 1.74098,-0.761189,-0.0359547,0,0,0,0;
2.71, 1.70494,-0.844252,-0.0361534,0,0,0,0;
2.72, 1.6414,-0.932891,-0.0345646,0,0,0,0;
2.73, 1.58569,-1.01376,-0.0309177,0,0,0,0;
2.74, 1.52452,-1.09187,-0.0275263,0,0,0,0;
2.75, 1.46946,-1.1719,-0.027156,0,0,0,0;
2.76, 1.40347,-1.24579,-0.0305289,0,0,0,0;
2.77, 1.33543,-1.31336,-0.0294495,0,0,0,0;
2.78, 1.25021,-1.3784,-0.0284353,0,0,0,0;
2.79, 1.17322,-1.4423,-0.0249157,0,0,0,0;
2.8, 1.1327,-1.50148,-0.0205302,0,0,0,0;
2.81, 1.09127,-1.56173,-0.0201844,0,0,0,0;
2.82, 0.978313,-1.61533,-0.0194308,0,0,0,0;
2.83, 0.881369,-1.66094,-0.015436,0,0,0,0;
2.84, 0.796123,-1.70683,-0.011781,0,0,0,0;
2.85, 0.716386,-1.74765,-0.00902966,0,0,0,0;
2.86, 0.634322,-1.77965,-0.00837964,0,0,0,0;
2.87, 0.542852,-1.80545,-0.00796378,0,0,0,0;
2.88, 0.461427,-1.82685,-0.00701721,0,0,0,0;
2.89, 0.380275,-1.84847,-0.00585847,0,0,0,0;
2.9, 0.291893,-1.86719,-0.00296134,0,0,0,0;
2.91, 0.198,-1.87841,0.00189445,0,0,0,0;
2.92, 0.114517,-1.88054,0.00630328,0,0,0,0;
2.93, 0.0176412,-1.88568,0.00987571,0,0,0,0;
2.94, -0.0474418,-1.88298,0.0114959,0,0,0,0;
2.95, -0.141029,-1.86771,0.0126121,0,0,0,0;
2.96, -0.259592,-1.8547,0.0137609,0,0,0,0;
2.97, -0.328288,-1.8359,0.0150824,0,0,0,0;
2.98, -0.407262,-1.81375,0.0164187,0,0,0,0;
2.99, -0.472612,-1.78835,0.019237,0,0,0,0;
3, -0.57921,-1.76152,0.022432,0,0,0,0;
3.01, -0.670177,-1.72321,0.0265932,0,0,0,0;
3.02, -0.743644,-1.68057,0.0299542,0,0,0,0;
3.03, -0.843668,-1.63488,0.0314039,0,0,0,0;
3.04, -0.922903,-1.58648,0.0325344,0,0,0,0;
3.05, -0.964373,-1.53626,0.0338311,0,0,0,0;
3.06, -1.04701,-1.47953,0.0347736,0,0,0,0;
3.07, -1.07233,-1.41482,0.0368716,0,0,0,0;
3.08, -1.17205,-1.34919,0.0391552,0,0,0,0;
3.09, -1.24589,-1.28393,0.0421532,0,0,0,0;
3.1, -1.3198,-1.21909,0.0434273,0,0,0,0;
3.11, -1.35649,-1.14942,0.0432571,0,0,0,0;
3.12, -1.46435,-1.06837,0.0435066,0,0,0,0;
3.13, -1.47001,-0.989219,0.043575,0,0,0,0;
3.14, -1.54383,-0.919258,0.0462179,0,0,0,0;
3.15, -1.58569,-0.825283,0.050097,0,0,0,0;
3.16, -1.5823,-0.73375,0.0521966,0,0,0,0;
3.17, -1.63564,-0.666224,0.0516859,0,0,0,0;
3.18, -1.67579,-0.583253,0.0505036,0,0,0,0;
3.19, -1.71019,-0.481809,0.0512509,0,0,0,0;
3.2, -1.71889,-0.391804,0.0526976,0,0,0,0;
3.21, -1.72096,-0.307556,0.0516231,0,0,0,0;
3.22, -1.72429,-0.233195,0.0534278,0,0,0,0;
3.23, -1.72413,-0.149247,0.0555915,0,0,0,0;
3.24, -1.75639,-0.0411355,0.052373,0,0,0,0;
3.25, -1.69126,0.0432272,0.0494478,0,0,0,0;
3.26, -1.70552,0.115274,0.0535336,0,0,0,0;
3.27, -1.70775,0.182094,0.0563411,0,0,0,0;
3.28, -1.68015,0.284543,0.0572667,0,0,0,0;
3.29, -1.67495,0.345895,0.0531045,0,0,0,0;
3.3, -1.62338,0.421045,0.0489073,0,0,0,0;
3.31, -1.57657,0.493823,0.0451822,0,0,0,0;
3.32, -1.55871,0.582941,0.0476606,0,0,0,0;
3.33, -1.49603,0.656785,0.0528152,0,0,0,0;
3.34, -1.48534,0.702453,0.0558624,0,0,0,0;
3.35, -1.45832,0.74174,0.0509232,0,0,0,0;
3.36, -1.43948,0.835855,0.0467966,0,0,0,0;
3.37, -1.37013,0.910742,0.0454328,0,0,0,0;
3.38, -1.28937,0.959386,0.0445803,0,0,0,0;
3.39, -1.19624,0.99163,0.0415802,0,0,0,0;
3.4, -1.14464,1.07037,0.0413631,0,0,0,0;
3.41, -1.11733,1.11094,0.0430678,0,0,0,0;
3.42, -1.0673,1.14727,0.0394017,0,0,0,0;
3.43, -1.00779,1.18762,0.0377894,0,0,0,0;
3.44, -0.887409,1.25773,0.0370935,0,0,0,0;
3.45, -0.981676,1.28698,0.0375186,0,0,0,0;
3.46, -0.931989,1.31091,0.0370754,0,0,0,0;
3.47, -0.761694,1.33599,0.0323826,0,0,0,0;
3.48, -0.688514,1.35309,0.0303516,0,0,0,0;
3.49, -0.657941,1.38512,0.0271836,0,0,0,0;
3.5, -0.657016,1.42127,0.0260824,0,0,0,0;
3.51, -0.551926,1.43652,0.0246674,0,0,0,0;
3.52, -0.459038,1.45564,0.021202,0,0,0,0;
3.53, -0.378916,1.47905,0.0177267,0,0,0,0;
3.54, -0.310584,1.50647,0.0189906,0,0,0,0;
3.55, -0.316713,1.51577,0.0226941,0,0,0,0;
3.56, -0.231124,1.5282,0.0220073,0,0,0,0;
3.57, -0.199544,1.53003,0.0158283,0,0,0,0;
3.58, -0.12671,1.52106,0.00689441,0,0,0,0;
3.59, -0.0674531,1.52616,0.0015911,0,0,0,0;
3.6, -0.00440227,1.53466,0.00185569,0,0,0,0;
3.61, 0.0671756,1.54419,0.00368318,0,0,0,0;
3.62, 0.115764,1.53525,0.00463146,0,0,0,0;
3.63, 0.143019,1.52366,0.0047657,0,0,0,0;
3.64, 0.227573,1.51399,0.00289079,0,0,0,0;
3.65, 0.335547,1.50069,-0.00178369,0,0,0,0;
3.66, 0.404201,1.48468,-0.00656011,0,0,0,0;
3.67, 0.46151,1.46924,-0.00934455,0,0,0,0;
3.68, 0.510935,1.44994,-0.0102928,0,0,0,0;
3.69, 0.547967,1.42604,-0.0102169,0,0,0,0;
3.7, 0.61302,1.40332,-0.0112321,0,0,0,0;
3.71, 0.660528,1.38085,-0.0125335,0,0,0,0;
3.72, 0.749151,1.35014,-0.0151134,0,0,0,0;
3.73, 0.842712,1.31819,-0.0191236,0,0,0,0;
3.74, 0.891422,1.28629,-0.0222919,0,0,0,0;
3.75, 0.919571,1.24329,-0.0218526,0,0,0,0;
3.76, 0.959423,1.20074,-0.0204565,0,0,0,0;
3.77, 1.03374,1.16278,-0.0222258,0,0,0,0;
3.78, 1.07254,1.12307,-0.0249074,0,0,0,0;
3.79, 1.13464,1.07487,-0.0290285,0,0,0,0;
3.8, 1.19349,1.02168,-0.0320382,0,0,0,0;
3.81, 1.26461,0.967758,-0.0322479,0,0,0,0;
3.82, 1.30118,0.913888,-0.0322811,0,0,0,0;
3.83, 1.33107,0.859078,-0.0301621,0,0,0,0;
3.84, 1.37703,0.797213,-0.0317619,0,0,0,0;
3.85, 1.49059,0.728443,-0.034066,0,0,0,0;
3.86, 1.50396,0.66072,-0.0369531,0,0,0,0;
3.87, 1.56095,0.591369,-0.0382548,0,0,0,0;
3.88, 1.57634,0.524851,-0.0371433,0,0,0,0;
3.89, 1.61984,0.449963,-0.0344342,0,0,0,0;
3.9, 1.63228,0.375461,-0.0336855,0,0,0,0;
3.91, 1.61332,0.2975,-0.0342693,0,0,0,0;
3.92, 1.68547,0.216591,-0.0352952,0,0,0,0;
3.93, 1.66776,0.137695,-0.0384158,0,0,0,0;
3.94, 1.70279,0.0567361,-0.0409989,0,0,0,0;
3.95, 1.71522,-0.0230002,-0.0433442,0,0,0,0;
3.96, 1.72433,-0.103717,-0.0422173,0,0,0,0;
3.97, 1.69994,-0.182233,-0.0384459,0,0,0,0;
3.98, 1.6813,-0.263049,-0.0344835,0,0,0,0;
3.99, 1.67203,-0.34741,-0.0347862,0,0,0,0;
4, 1.66562,-0.430401,-0.035474,0,0,0,0;
4.01, 1.64927,-0.512708,-0.0384285,0,0,0,0;
4.02, 1.64184,-0.598117,-0.0406139,0,0,0,0;
4.03, 1.59108,-0.681268,-0.0403994,0,0,0,0;
4.04, 1.53805,-0.764683,-0.035806,0,0,0,0;
4.05, 1.50929,-0.835081,-0.0300735,0,0,0,0;
4.06, 1.47032,-0.900333,-0.0280583,0,0,0,0;
4.07, 1.40126,-0.977355,-0.0285363,0,0,0,0;
4.08, 1.34185,-1.05148,-0.0316389,0,0,0,0;
4.09, 1.28767,-1.11782,-0.0342938,0,0,0,0;
4.1, 1.24156,-1.18467,-0.0327767,0,0,0,0;
4.11, 1.19239,-1.24806,-0.0275336,0,0,0,0;
4.12, 1.13205,-1.31134,-0.0251615,0,0,0,0;
4.13, 1.05935,-1.36421,-0.0220115,0,0,0,0;
4.14, 0.996711,-1.41284,-0.0194566,0,0,0,0;
4.15, 0.925748,-1.46327,-0.0207204,0,0,0,0;
4.16, 0.819089,-1.5082,-0.0207929,0,0,0,0;
4.17, 0.743367,-1.5505,-0.0194294,0,0,0,0;
4.18, 0.688414,-1.5876,-0.0163257,0,0,0,0;
4.19, 0.602823,-1.62014,-0.0138415,0,0,0,0;
4.2, 0.540523,-1.64872,-0.0119047,0,0,0,0;
4.21, 0.46953,-1.67396,-0.00967736,0,0,0,0;
4.22, 0.390296,-1.69332,-0.00739493,0,0,0,0;
4.23, 0.295611,-1.71043,-0.00433542,0,0,0,0;
4.24, 0.211905,-1.72586,-0.00202798,0,0,0,0;
4.25, 0.130345,-1.73433,-0.00060842,0,0,0,0;
4.26, 0.0386886,-1.73549,0.00189882,0,0,0,0;
4.27, -0.0430517,-1.73514,0.00311434,0,0,0,0;
4.28, -0.110037,-1.73015,0.00555338,0,0,0,0;
4.29, -0.156712,-1.72028,0.00783431,0,0,0,0;
4.3, -0.27715,-1.70682,0.00974587,0,0,0,0;
4.31, -0.334931,-1.68721,0.0113014,0,0,0,0;
4.32, -0.395992,-1.66725,0.0138933,0,0,0,0;
4.33, -0.513885,-1.64114,0.0182627,0,0,0,0;
4.34, -0.609715,-1.60889,0.0208461,0,0,0,0;
4.35, -0.693442,-1.57814,0.02092,0,0,0,0;
4.36, -0.725068,-1.5421,0.0219017,0,0,0,0;
4.37, -0.771653,-1.49652,0.0244071,0,0,0,0;
4.38, -0.8504,-1.44619,0.0267634,0,0,0,0;
4.39, -0.95059,-1.39957,0.0285606,0,0,0,0;
4.4, -1.0243,-1.34968,0.0293955,0,0,0,0;
4.41, -1.13195,-1.29381,0.0305617,0,0,0,0;
4.42, -1.15651,-1.23367,0.0324785,0,0,0,0;
4.43, -1.16339,-1.1709,0.0346294,0,0,0,0;
4.44, -1.2219,-1.10293,0.0371727,0,0,0,0;
4.45, -1.30362,-1.03749,0.0392077,0,0,0,0;
4.46, -1.37662,-0.97086,0.0397851,0,0,0,0;
4.47, -1.42881,-0.896638,0.0395211,0,0,0,0;
4.48, -1.45507,-0.819605,0.0389591,0,0,0,0;
4.49, -1.48953,-0.746835,0.0399701,0,0,0,0;
4.5, -1.54245,-0.662983,0.0414425,0,0,0,0;
4.51, -1.53715,-0.587527,0.0444172,0,0,0,0;
4.52, -1.55605,-0.511185,0.0437374,0,0,0,0;
4.53, -1.56298,-0.42647,0.0445984,0,0,0,0;
4.54, -1.63034,-0.364658,0.0491548,0,0,0,0;
4.55, -1.66187,-0.289435,0.0503758,0,0,0,0;
4.56, -1.65455,-0.191806,0.0442364,0,0,0,0;
4.57, -1.63154,-0.105657,0.0401917,0,0,0,0;
4.58, -1.6229,-0.0139248,0.0424878,0,0,0,0;
4.59, -1.62175,0.0689955,0.044828,0,0,0,0;
4.6, -1.62114,0.143955,0.0437958,0,0,0,0;
4.61, -1.58154,0.194444,0.0473606,0,0,0,0;
4.62, -1.59944,0.269104,0.0465537,0,0,0,0;
4.63, -1.6081,0.350483,0.0452788,0,0,0,0;
4.64, -1.57415,0.409848,0.0479262,0,0,0,0;
4.65, -1.48643,0.484161,0.0472104,0,0,0,0;
4.66, -1.45651,0.566799,0.0444639,0,0,0,0;
4.67, -1.39631,0.640372,0.0402257,0,0,0,0;
4.68, -1.38254,0.688124,0.0372591,0,0,0,0;
4.69, -1.37838,0.744366,0.039008,0,0,0,0;
4.7, -1.33324,0.814271,0.0386094,0,0,0,0;
4.71, -1.30993,0.866598,0.0368527,0,0,0,0;
4.72, -1.24574,0.912302,0.0375932,0,0,0,0;
4.73, -1.18592,0.975099,0.0374356,0,0,0,0;
4.74, -1.07104,1.04844,0.0352262,0,0,0,0;
4.75, -1.03354,1.10131,0.0340816,0,0,0,0;
4.76, -1.08132,1.10854,0.0341821,0,0,0,0;
4.77, -0.933845,1.12883,0.0307981,0,0,0,0;
4.78, -0.844862,1.20484,0.0288972,0,0,0,0;
4.79, -0.890981,1.23341,0.0287565,0,0,0,0;
4.8, -0.846559,1.24556,0.0248414,0,0,0,0;
4.81, -0.744264,1.30158,0.0208406,0,0,0,0;
4.82, -0.730107,1.3438,0.0189397,0,0,0,0;
4.83, -0.649899,1.36499,0.0196258,0,0,0,0;
4.84, -0.510135,1.35644,0.0219434,0,0,0,0;
4.85, -0.504702,1.38483,0.0227044,0,0,0,0;
4.86, -0.457622,1.40876,0.0205091,0,0,0,0;
4.87, -0.323202,1.43401,0.0151485,0,0,0,0;
4.88, -0.318365,1.44466,0.00905086,0,0,0,0;
4.89, -0.357722,1.46245,0.00554049,0,0,0,0;
4.9, -0.270981,1.47529,0.00509372,0,0,0,0;
4.91, -0.189454,1.47361,0.00388192,0,0,0,0;
4.92, -0.0889671,1.47559,0.00349151,0,0,0,0;
4.93, -0.0520016,1.48602,0.00275835,0,0,0,0;
4.94, 0.021085,1.4907,0.00248286,0,0,0,0;
4.95, 0.101808,1.48586,-0.000153974,0,0,0,0;
4.96, 0.171155,1.47536,-0.00419001,0,0,0,0;
4.97, 0.195271,1.46308,-0.00659641,0,0,0,0;
4.98, 0.251671,1.45778,-0.00811139,0,0,0,0;
4.99, 0.316741,1.4506,-0.0102581,0,0,0,0;
5, 0.385594,1.43621,-0.0126802,0,0,0,0;
5.01, 0.4553,1.41743,-0.0139328,0,0,0,0;
5.02, 0.521526,1.39876,-0.0148431,0,0,0,0;
5.03, 0.558039,1.37775,-0.0165883,0,0,0,0;
5.04, 0.624014,1.35132,-0.0183803,0,0,0,0;
5.05, 0.69583,1.32211,-0.0205624,0,0,0,0;
5.06, 0.750458,1.29197,-0.0237141,0,0,0,0;
5.07, 0.797347,1.26149,-0.0248405,0,0,0,0;
5.08, 0.810353,1.22832,-0.0267393,0,0,0,0;
5.09, 0.897161,1.19821,-0.0283351,0,0,0,0;
5.1, 0.958271,1.15706,-0.0311112,0,0,0,0;
5.11, 1.03222,1.11333,-0.03274,0,0,0,0;
5.12, 1.08989,1.06858,-0.0325287,0,0,0,0;
5.13, 1.13361,1.01842,-0.0325321,0,0,0,0;
5.14, 1.22413,0.961753,-0.0343342,0,0,0,0;
5.15, 1.29397,0.918111,-0.0355285,0,0,0,0;
5.16, 1.29397,0.860655,-0.0351965,0,0,0,0;
5.17, 1.31817,0.795806,-0.0367617,0,0,0,0;
5.18, 1.36556,0.736218,-0.0383798,0,0,0,0;
5.19, 1.4156,0.673559,-0.0401993,0,0,0,0;
5.2, 1.42395,0.611529,-0.0432106,0,0,0,0;
5.21, 1.44958,0.545125,-0.0442985,0,0,0,0;
5.22, 1.54661,0.479108,-0.0446984,0,0,0,0;
5.23, 1.64189,0.407352,-0.0445518,0,0,0,0;
5.24, 1.58687,0.333416,-0.0431028,0,0,0,0;
5.25, 1.57042,0.255965,-0.0402497,0,0,0,0;
5.26, 1.59375,0.174437,-0.0404288,0,0,0,0;
5.27, 1.64465,0.0971836,-0.0438763,0,0,0,0;
5.28, 1.70483,0.0180988,-0.0462016,0,0,0,0;
5.29, 1.69382,-0.0652943,-0.0475328,0,0,0,0;
5.3, 1.6881,-0.144863,-0.0461309,0,0,0,0;
5.31, 1.64788,-0.222132,-0.0428591,0,0,0,0;
5.32, 1.63352,-0.302424,-0.0418448,0,0,0,0;
5.33, 1.6267,-0.386414,-0.0412298,0,0,0,0;
5.34, 1.59363,-0.467644,-0.0423482,0,0,0,0;
5.35, 1.5772,-0.545363,-0.0425388,0,0,0,0;
5.36, 1.56225,-0.623512,-0.0425547,0,0,0,0;
5.37, 1.53351,-0.701682,-0.045137,0,0,0,0;
5.38, 1.48283,-0.778045,-0.0430567,0,0,0,0;
5.39, 1.44728,-0.851233,-0.0407435,0,0,0,0;
5.4, 1.40333,-0.923099,-0.0372609,0,0,0,0;
5.41, 1.35263,-0.999281,-0.0363464,0,0,0,0;
5.42, 1.3133,-1.06587,-0.0351708,0,0,0,0;
5.43, 1.24964,-1.13296,-0.0341986,0,0,0,0;
5.44, 1.17188,-1.19998,-0.0360663,0,0,0,0;
5.45, 1.12219,-1.25482,-0.0349142,0,0,0,0;
5.46, 1.06882,-1.31474,-0.0339403,0,0,0,0;
5.47, 1.00888,-1.36588,-0.0328483,0,0,0,0;
5.48, 0.934651,-1.41809,-0.0280294,0,0,0,0;
5.49, 0.862603,-1.46984,-0.0235193,0,0,0,0;
5.5, 0.784239,-1.51199,-0.0229526,0,0,0,0;
5.51, 0.713603,-1.54984,-0.021934,0,0,0,0;
5.52, 0.625862,-1.58524,-0.0208342,0,0,0,0;
5.53, 0.569644,-1.62015,-0.0205898,0,0,0,0;
5.54, 0.479136,-1.64625,-0.0194093,0,0,0,0;
5.55, 0.404051,-1.66849,-0.0161333,0,0,0,0;
5.56, 0.325315,-1.68749,-0.013456,0,0,0,0;
5.57, 0.243827,-1.70318,-0.0104671,0,0,0,0;
5.58, 0.159745,-1.71644,-0.00792534,0,0,0,0;
5.59, 0.106803,-1.72761,-0.0059537,0,0,0,0;
5.6, 0.0220934,-1.73027,-0.00419685,0,0,0,0;
5.61, -0.0850133,-1.72906,-0.00272064,0,0,0,0;
5.62, -0.205311,-1.72318,-0.000860882,0,0,0,0;
5.63, -0.227948,-1.71014,0.00142164,0,0,0,0;
5.64, -0.275158,-1.69127,0.003764,0,0,0,0;
5.65, -0.408829,-1.67418,0.00743284,0,0,0,0;
5.66, -0.487022,-1.6566,0.0107357,0,0,0,0;
5.67, -0.535524,-1.62974,0.0108955,0,0,0,0;
5.68, -0.584781,-1.59514,0.0117534,0,0,0,0;
5.69, -0.680405,-1.5622,0.0136786,0,0,0,0;
5.7, -0.788973,-1.52343,0.0164816,0,0,0,0;
5.71, -0.863081,-1.48192,0.0193375,0,0,0,0;
5.72, -0.97629,-1.43813,0.0210088,0,0,0,0;
5.73, -1.02202,-1.38578,0.0223467,0,0,0,0;
5.74, -1.05994,-1.32592,0.0238346,0,0,0,0;
5.75, -1.09911,-1.26869,0.0254462,0,0,0,0;
5.76, -1.14264,-1.21391,0.0275078,0,0,0,0;
5.77, -1.23763,-1.15116,0.0288521,0,0,0,0;
5.78, -1.30236,-1.08185,0.0291165,0,0,0,0;
5.79, -1.35427,-1.01666,0.0296512,0,0,0,0;
5.8, -1.41191,-0.940613,0.0323475,0,0,0,0;
5.81, -1.45602,-0.869497,0.0347189,0,0,0,0;
5.82, -1.50127,-0.800345,0.0346365,0,0,0,0;
5.83, -1.54182,-0.72254,0.0350437,0,0,0,0;
5.84, -1.5638,-0.632571,0.0359931,0,0,0,0;
5.85, -1.59595,-0.562825,0.0361606,0,0,0,0;
5.86, -1.61479,-0.487383,0.0365311,0,0,0,0;
5.87, -1.63891,-0.389394,0.038014,0,0,0,0;
5.88, -1.68843,-0.304539,0.0404629,0,0,0,0;
5.89, -1.70621,-0.246832,0.0397563,0,0,0,0;
5.9, -1.65058,-0.153852,0.0403659,0,0,0,0;
5.91, -1.62124,-0.0854942,0.0421116,0,0,0,0;
5.92, -1.62052,0.0106931,0.0401465,0,0,0,0;
5.93, -1.65601,0.0970788,0.035381,0,0,0,0;
5.94, -1.70213,0.152824,0.0364327,0,0,0,0;
5.95, -1.66514,0.261847,0.0361861,0,0,0,0;
5.96, -1.60707,0.318651,0.0404325,0,0,0,0;
5.97, -1.58636,0.400838,0.0401229,0,0,0,0;
5.98, -1.55661,0.456879,0.0385733,0,0,0,0;
5.99, -1.49577,0.535039,0.0358301,0,0,0,0;
6, -1.47545,0.602412,0.0365351,0,0,0,0;
6.01, -1.49807,0.666211,0.0390342,0,0,0,0;
6.02, -1.47118,0.741901,0.0373896,0,0,0,0;
6.03, -1.39173,0.802718,0.0322347,0,0,0,0;
6.04, -1.29927,0.857127,0.0280448,0,0,0,0;
6.05, -1.26577,0.912085,0.0324608,0,0,0,0;
6.06, -1.20975,0.968011,0.0340368,0,0,0,0;
6.07, -1.12311,1.04622,0.0278106,0,0,0,0;
6.08, -1.12937,1.09632,0.025649,0,0,0,0;
6.09, -1.16967,1.09822,0.0280454,0,0,0,0;
6.1, -1.04867,1.13825,0.0280492,0,0,0,0;
6.11, -0.969081,1.16642,0.0290902,0,0,0,0;
6.12, -0.82659,1.22611,0.0237035,0,0,0,0;
6.13, -0.813235,1.2796,0.0165916,0,0,0,0;
6.14, -0.947327,1.31622,0.012881,0,0,0,0;
6.15, -0.776287,1.35527,0.015204,0,0,0,0;
6.16, -0.59925,1.37818,0.0152645,0,0,0,0;
6.17, -0.611062,1.3876,0.0149697,0,0,0,0;
6.18, -0.510221,1.41784,0.0145245,0,0,0,0;
6.19, -0.519624,1.44157,0.0139948,0,0,0,0;
6.2, -0.484419,1.45064,0.0134718,0,0,0,0;
6.21, -0.484479,1.4659,0.00594861,0,0,0,0;
6.22, -0.367807,1.48892,-0.000987189,0,0,0,0;
6.23, -0.25943,1.50836,-0.00534868,0,0,0,0;
6.24, -0.227674,1.52089,-0.00372303,0,0,0,0;
6.25, -0.129264,1.52592,-0.000473711,0,0,0,0;
6.26, -0.0370399,1.52076,0.000209762,0,0,0,0;
6.27, -0.0314002,1.53037,0.000911822,0,0,0,0;
6.28, 0.00934483,1.52727,-0.00114175,0,0,0,0;
6.29, 0.115474,1.51991,-0.00640069,0,0,0,0;
6.3, 0.175563,1.51187,-0.0134549,0,0,0,0;
6.31, 0.222396,1.50366,-0.0194383,0,0,0,0;
6.32, 0.290999,1.49471,-0.020414,0,0,0,0;
6.33, 0.349363,1.48554,-0.0188542,0,0,0,0;
6.34, 0.40485,1.47537,-0.017311,0,0,0,0;
6.35, 0.476221,1.46022,-0.0182237,0,0,0,0;
6.36, 0.510357,1.44035,-0.0205714,0,0,0,0;
6.37, 0.5471,1.41537,-0.02404,0,0,0,0;
6.38, 0.643824,1.3866,-0.0284843,0,0,0,0;
6.39, 0.740176,1.36055,-0.0329446,0,0,0,0;
6.4, 0.785763,1.3309,-0.033955,0,0,0,0;
6.41, 0.825083,1.30293,-0.0324937,0,0,0,0;
6.42, 0.915998,1.26551,-0.0313852,0,0,0,0;
6.43, 0.949515,1.22702,-0.032305,0,0,0,0;
6.44, 1.00697,1.18666,-0.035873,0,0,0,0;
6.45, 1.04689,1.14237,-0.0397204,0,0,0,0;
6.46, 1.09505,1.08973,-0.0419109,0,0,0,0;
6.47, 1.22841,1.04218,-0.0433895,0,0,0,0;
6.48, 1.23507,0.993273,-0.0444406,0,0,0,0;
6.49, 1.29442,0.937544,-0.043441,0,0,0,0;
6.5, 1.37014,0.88378,-0.0445947,0,0,0,0;
6.51, 1.41278,0.823267,-0.0465033,0,0,0,0;
6.52, 1.41038,0.754649,-0.047464,0,0,0,0;
6.53, 1.52262,0.685309,-0.0470451,0,0,0,0;
6.54, 1.60257,0.62154,-0.0482905,0,0,0,0;
6.55, 1.54967,0.548503,-0.0491223,0,0,0,0;
6.56, 1.56734,0.47537,-0.0493788,0,0,0,0;
6.57, 1.66219,0.397258,-0.0513602,0,0,0,0;
6.58, 1.69214,0.321853,-0.0531136,0,0,0,0;
6.59, 1.63586,0.244561,-0.0531647,0,0,0,0;
6.6, 1.67658,0.165599,-0.0520889,0,0,0,0;
6.61, 1.76141,0.0826266,-0.0524617,0,0,0,0;
6.62, 1.74666,-0.000396606,-0.0527985,0,0,0,0;
6.63, 1.76073,-0.0847891,-0.0520664,0,0,0,0;
6.64, 1.72191,-0.17026,-0.0529042,0,0,0,0;
6.65, 1.71714,-0.257119,-0.0531191,0,0,0,0;
6.66, 1.72611,-0.343834,-0.051265,0,0,0,0;
6.67, 1.73517,-0.437699,-0.0503592,0,0,0,0;
6.68, 1.71586,-0.521685,-0.0524076,0,0,0,0;
6.69, 1.69939,-0.603894,-0.0515923,0,0,0,0;
6.7, 1.65217,-0.690417,-0.0482937,0,0,0,0;
6.71, 1.57857,-0.775115,-0.0465117,0,0,0,0;
6.72, 1.52638,-0.85693,-0.0448678,0,0,0,0;
6.73, 1.48837,-0.935323,-0.0481905,0,0,0,0;
6.74, 1.4612,-1.01209,-0.0482298,0,0,0,0;
6.75, 1.40169,-1.08701,-0.0493936,0,0,0,0;
6.76, 1.35546,-1.15977,-0.0459026,0,0,0,0;
6.77, 1.31102,-1.22828,-0.0423855,0,0,0,0;
6.78, 1.23881,-1.30156,-0.0421554,0,0,0,0;
6.79, 1.15815,-1.36297,-0.0377314,0,0,0,0;
6.8, 1.096,-1.42387,-0.0353406,0,0,0,0;
6.81, 1.01818,-1.48577,-0.0347096,0,0,0,0;
6.82, 0.933607,-1.54332,-0.0338305,0,0,0,0;
6.83, 0.871731,-1.58965,-0.0313711,0,0,0,0;
6.84, 0.810365,-1.63661,-0.03023,0,0,0,0;
6.85, 0.714395,-1.67912,-0.0292063,0,0,0,0;
6.86, 0.634093,-1.71189,-0.0280799,0,0,0,0;
6.87, 0.575877,-1.74491,-0.026249,0,0,0,0;
6.88, 0.488042,-1.77977,-0.0232319,0,0,0,0;
6.89, 0.373453,-1.80528,-0.0204368,0,0,0,0;
6.9, 0.279732,-1.82807,-0.017077,0,0,0,0;
6.91, 0.209311,-1.84268,-0.0140538,0,0,0,0;
6.92, 0.127584,-1.8522,-0.0116836,0,0,0,0;
6.93, 0.0512977,-1.85887,-0.00967039,0,0,0,0;
6.94, -0.0229661,-1.85987,-0.00784358,0,0,0,0;
6.95, -0.14174,-1.85777,-0.00632262,0,0,0,0;
6.96, -0.221651,-1.84861,-0.00464019,0,0,0,0;
6.97, -0.296909,-1.83808,-0.00192264,0,0,0,0;
6.98, -0.392126,-1.8239,0.00210075,0,0,0,0;
6.99, -0.478846,-1.8028,0.00470147,0,0,0,0;
7, -0.553403,-1.77539,0.00659944,0,0,0,0;
7.01, -0.660901,-1.74388,0.00900786,0,0,0,0;
7.02, -0.701161,-1.70564,0.0116608,0,0,0,0;
7.03, -0.821681,-1.66433,0.01292,0,0,0,0;
7.04, -0.891047,-1.62202,0.0145922,0,0,0,0;
7.05, -0.937863,-1.5747,0.0164892,0,0,0,0;
7.06, -1.05282,-1.52146,0.0184536,0,0,0,0;
7.07, -1.1215,-1.46802,0.0197966,0,0,0,0;
7.08, -1.19007,-1.4057,0.0223333,0,0,0,0;
7.09, -1.26195,-1.34462,0.0247671,0,0,0,0;
7.1, -1.35133,-1.27942,0.0263558,0,0,0,0;
7.11, -1.42275,-1.20469,0.0276764,0,0,0,0;
7.12, -1.46332,-1.12992,0.0288449,0,0,0,0;
7.13, -1.50075,-1.04906,0.0307201,0,0,0,0;
7.14, -1.56913,-0.970692,0.0320646,0,0,0,0;
7.15, -1.61824,-0.885071,0.0338154,0,0,0,0;
7.16, -1.64261,-0.805272,0.0336584,0,0,0,0;
7.17, -1.67781,-0.723068,0.0348374,0,0,0,0;
7.18, -1.716,-0.62853,0.0359524,0,0,0,0;
7.19, -1.75591,-0.540741,0.0371132,0,0,0,0;
7.2, -1.80885,-0.457726,0.0370285,0,0,0,0;
7.21, -1.80348,-0.378007,0.0365618,0,0,0,0;
7.22, -1.80848,-0.271605,0.0379955,0,0,0,0;
7.23, -1.84915,-0.193699,0.0388939,0,0,0,0;
7.24, -1.85411,-0.117405,0.036759,0,0,0,0;
7.25, -1.81311,-0.00894179,0.0382398,0,0,0,0;
7.26, -1.79544,0.0806423,0.0399433,0,0,0,0;
7.27, -1.81912,0.167302,0.0443714,0,0,0,0;
7.28, -1.81199,0.257971,0.0412754,0,0,0,0;
7.29, -1.7569,0.316442,0.0349966,0,0,0,0;
7.3, -1.67875,0.408356,0.0352558,0,0,0,0;
7.31, -1.6585,0.491423,0.0372245,0,0,0,0;
7.32, -1.69141,0.569274,0.038536,0,0,0,0;
7.33, -1.61796,0.633696,0.0352369,0,0,0,0;
7.34, -1.61567,0.703393,0.0339809,0,0,0,0;
7.35, -1.59366,0.777275,0.0334799,0,0,0,0;
7.36, -1.49051,0.865829,0.0326794,0,0,0,0;
7.37, -1.44236,0.932428,0.0332352,0,0,0,0;
7.38, -1.41027,0.978087,0.0322623,0,0,0,0;
7.39, -1.34798,1.03544,0.0328258,0,0,0,0;
7.4, -1.36622,1.06668,0.0357033,0,0,0,0;
7.41, -1.24047,1.13897,0.0378174,0,0,0,0;
7.42, -1.12337,1.19339,0.0251752,0,0,0,0;
7.43, -1.08595,1.22518,0.0159678,0,0,0,0;
7.44, -0.946667,1.26239,0.0168255,0,0,0,0;
7.45, -1.02202,1.31876,0.0231692,0,0,0,0;
7.46, -1.02609,1.37732,0.026762,0,0,0,0;
7.47, -0.933145,1.40757,0.0223382,0,0,0,0;
7.48, -0.816973,1.44425,0.0187747,0,0,0,0;
7.49, -0.784168,1.45633,0.0143231,0,0,0,0;
7.5, -0.733566,1.46713,0.00999996,0,0,0,0;
7.51, -0.589288,1.52385,0.0113139,0,0,0,0;
7.52, -0.516215,1.53813,0.011438,0,0,0,0;
7.53, -0.495328,1.55689,0.00582935,0,0,0,0;
7.54, -0.428056,1.57357,0.00635715,0,0,0,0;
7.55, -0.391967,1.59494,0.00497324,0,0,0,0;
7.56, -0.374802,1.61339,0.0013784,0,0,0,0;
7.57, -0.273789,1.63463,-0.001435,0,0,0,0;
7.58, -0.179005,1.63236,-0.00488012,0,0,0,0;
7.59, -0.147503,1.62206,-0.00489085,0,0,0,0;
7.6, -0.0756986,1.63886,-0.00527092,0,0,0,0;
7.61, -0.0121116,1.64525,-0.0064949,0,0,0,0;
7.62, 0.0903971,1.64505,-0.00853193,0,0,0,0;
7.63, 0.159864,1.63983,-0.0131906,0,0,0,0;
7.64, 0.200251,1.62957,-0.0173682,0,0,0,0;
7.65, 0.244903,1.62169,-0.019407,0,0,0,0;
7.66, 0.305016,1.60621,-0.0199323,0,0,0,0;
7.67, 0.344111,1.59333,-0.0203904,0,0,0,0;
7.68, 0.428194,1.58122,-0.0219919,0,0,0,0;
7.69, 0.548071,1.56614,-0.0255975,0,0,0,0;
7.7, 0.610667,1.54576,-0.0291389,0,0,0,0;
7.71, 0.62826,1.51947,-0.0310136,0,0,0,0;
7.72, 0.707569,1.49313,-0.030395,0,0,0,0;
7.73, 0.753672,1.46519,-0.0323268,0,0,0,0;
7.74, 0.854593,1.43252,-0.0352155,0,0,0,0;
7.75, 0.932544,1.39585,-0.0376148,0,0,0,0;
7.76, 0.99734,1.35794,-0.0391581,0,0,0,0;
7.77, 1.01372,1.31978,-0.0404825,0,0,0,0;
7.78, 1.10813,1.27871,-0.0421592,0,0,0,0;
7.79, 1.17929,1.23212,-0.0447666,0,0,0,0;
7.8, 1.26084,1.18218,-0.0465618,0,0,0,0;
7.81, 1.26883,1.12631,-0.0464425,0,0,0,0;
7.82, 1.31925,1.07213,-0.0474037,0,0,0,0;
7.83, 1.4117,1.01391,-0.0493996,0,0,0,0;
7.84, 1.53219,0.947662,-0.0517778,0,0,0,0;
7.85, 1.58215,0.88304,-0.0538592,0,0,0,0;
7.86, 1.58356,0.816882,-0.0531198,0,0,0,0;
7.87, 1.64568,0.738763,-0.0519231,0,0,0,0;
7.88, 1.66676,0.663479,-0.0525473,0,0,0,0;
7.89, 1.75087,0.587421,-0.0531711,0,0,0,0;
7.9, 1.80788,0.506032,-0.0546385,0,0,0,0;
7.91, 1.78147,0.42248,-0.0569812,0,0,0,0;
7.92, 1.85067,0.336561,-0.0581897,0,0,0,0;
7.93, 1.9134,0.251405,-0.0602239,0,0,0,0;
7.94, 1.92609,0.159961,-0.0599415,0,0,0,0;
7.95, 1.89227,0.0708477,-0.0575362,0,0,0,0;
7.96, 1.91161,-0.0231169,-0.0552435,0,0,0,0;
7.97, 1.93901,-0.118954,-0.0550617,0,0,0,0;
7.98, 1.90776,-0.217524,-0.0567654,0,0,0,0;
7.99, 1.89387,-0.32134,-0.0579442,0,0,0,0;
8, 1.86642,-0.410673,-0.0567681,0,0,0,0;
8.01, 1.88398,-0.50421,-0.0598451,0,0,0,0;
8.02, 1.92787,-0.601685,-0.0602464,0,0,0,0;
8.03, 1.89182,-0.698361,-0.0583119,0,0,0,0;
8.04, 1.81574,-0.789806,-0.0529972,0,0,0,0;
8.05, 1.77601,-0.883078,-0.0478793,0,0,0,0;
8.06, 1.71586,-0.979983,-0.0460863,0,0,0,0;
8.07, 1.64796,-1.07737,-0.0485288,0,0,0,0;
8.08, 1.56309,-1.16625,-0.0497756,0,0,0,0;
8.09, 1.52793,-1.24947,-0.0511589,0,0,0,0;
8.1, 1.48828,-1.32895,-0.0499084,0,0,0,0;
8.11, 1.41229,-1.40473,-0.0486477,0,0,0,0;
8.12, 1.32387,-1.47974,-0.0449988,0,0,0,0;
8.13, 1.24459,-1.553,-0.0382877,0,0,0,0;
8.14, 1.18813,-1.6232,-0.0361779,0,0,0,0;
8.15, 1.10893,-1.68879,-0.0382911,0,0,0,0;
8.16, 1.00058,-1.74871,-0.0364457,0,0,0,0;
8.17, 0.921241,-1.80284,-0.0344057,0,0,0,0;
8.18, 0.82702,-1.85394,-0.0327394,0,0,0,0;
8.19, 0.750497,-1.89945,-0.029175,0,0,0,0;
8.2, 0.654295,-1.94179,-0.0265897,0,0,0,0;
8.21, 0.574143,-1.97717,-0.0243847,0,0,0,0;
8.22, 0.466185,-2.00824,-0.0211204,0,0,0,0;
8.23, 0.35395,-2.03802,-0.0181684,0,0,0,0;
8.24, 0.283366,-2.05843,-0.0159205,0,0,0,0;
8.25, 0.176183,-2.07058,-0.013936,0,0,0,0;
8.26, 0.094135,-2.07874,-0.0113435,0,0,0,0;
8.27, -0.0166911,-2.0866,-0.00878943,0,0,0,0;
8.28, -0.110655,-2.08288,-0.00615108,0,0,0,0;
8.29, -0.185869,-2.07695,-0.00304719,0,0,0,0;
8.3, -0.338046,-2.06494,0.000804389,0,0,0,0;
8.31, -0.418877,-2.04978,0.0033198,0,0,0,0;
8.32, -0.47881,-2.02507,0.00569977,0,0,0,0;
8.33, -0.545564,-1.9985,0.00730222,0,0,0,0;
8.34, -0.689041,-1.9666,0.0102895,0,0,0,0;
8.35, -0.773348,-1.92682,0.0117739,0,0,0,0;
8.36, -0.851521,-1.88167,0.0138455,0,0,0,0;
8.37, -0.965507,-1.83078,0.0180391,0,0,0,0;
8.38, -1.06411,-1.77634,0.0218931,0,0,0,0;
8.39, -1.14133,-1.7195,0.02358,0,0,0,0;
8.4, -1.25169,-1.65406,0.0241092,0,0,0,0;
8.41, -1.32486,-1.58795,0.0255352,0,0,0,0;
8.42, -1.39454,-1.5145,0.0271813,0,0,0,0;
8.43, -1.48395,-1.43725,0.0301295,0,0,0,0;
8.44, -1.5408,-1.35232,0.0323369,0,0,0,0;
8.45, -1.59078,-1.26778,0.0343802,0,0,0,0;
8.46, -1.6842,-1.18058,0.0358772,0,0,0,0;
8.47, -1.75548,-1.09405,0.0377988,0,0,0,0;
8.48, -1.82145,-1.00289,0.0378066,0,0,0,0;
8.49, -1.83805,-0.904503,0.0387865,0,0,0,0;
8.5, -1.85641,-0.804049,0.0408508,0,0,0,0;
8.51, -1.91879,-0.715573,0.0416632,0,0,0,0;
8.52, -1.98492,-0.60609,0.042798,0,0,0,0;
8.53, -1.99607,-0.502731,0.0446441,0,0,0,0;
8.54, -1.9928,-0.405379,0.0446582,0,0,0,0;
8.55, -2.01229,-0.309455,0.0411953,0,0,0,0;
8.56, -2.01452,-0.201553,0.0435834,0,0,0,0;
8.57, -2.01404,-0.0915884,0.0459741,0,0,0,0;
8.58, -2.01823,-0.00236081,0.0453323,0,0,0,0;
8.59, -2.01558,0.0805155,0.043247,0,0,0,0;
8.6, -2.02967,0.176404,0.0441709,0,0,0,0;
8.61, -2.04305,0.253529,0.0439665,0,0,0,0;
8.62, -1.96847,0.347099,0.0457563,0,0,0,0;
8.63, -1.83185,0.471556,0.0474606,0,0,0,0;
8.64, -1.80551,0.581405,0.0487414,0,0,0,0;
8.65, -1.80383,0.642813,0.0485988,0,0,0,0;
8.66, -1.8081,0.726591,0.0416787,0,0,0,0;
8.67, -1.74001,0.80389,0.0356706,0,0,0,0;
8.68, -1.69736,0.848063,0.0390384,0,0,0,0;
8.69, -1.68014,0.928234,0.0386845,0,0,0,0;
8.7, -1.61237,1.01683,0.0373939,0,0,0,0;
8.71, -1.51289,1.07104,0.0402479,0,0,0,0;
8.72, -1.41698,1.12919,0.0430263,0,0,0,0;
8.73, -1.40296,1.1833,0.0441786,0,0,0,0;
8.74, -1.27361,1.21821,0.0397256,0,0,0,0;
8.75, -1.20606,1.26889,0.0304631,0,0,0,0;
8.76, -1.16796,1.3376,0.0235316,0,0,0,0;
8.77, -1.19672,1.40365,0.0210433,0,0,0,0;
8.78, -1.06443,1.45022,0.0222424,0,0,0,0;
8.79, -0.969231,1.47001,0.0209519,0,0,0,0;
8.8, -0.949575,1.49994,0.0277737,0,0,0,0;
8.81, -0.905245,1.53751,0.0322025,0,0,0,0;
8.82, -0.825372,1.5866,0.0266865,0,0,0,0;
8.83, -0.805649,1.62142,0.0192393,0,0,0,0;
8.84, -0.764385,1.62398,0.0123174,0,0,0,0;
8.85, -0.651543,1.64179,0.00987184,0,0,0,0;
8.86, -0.535869,1.70126,0.00722202,0,0,0,0;
8.87, -0.47843,1.72249,0.0094976,0,0,0,0;
8.88, -0.399925,1.72939,0.0104579,0,0,0,0;
8.89, -0.272836,1.73517,0.0121538,0,0,0,0;
8.9, -0.227203,1.72812,0.0102746,0,0,0,0;
8.91, -0.201312,1.74829,0.00663297,0,0,0,0;
8.92, -0.129713,1.74541,0.0029598,0,0,0,0;
8.93, -0.0731498,1.75138,-0.00500831,0,0,0,0;
8.94, -0.0210356,1.75316,-0.0098049,0,0,0,0;
8.95, 0.0248046,1.75546,-0.0108754,0,0,0,0;
8.96, 0.0811862,1.75596,-0.0102403,0,0,0,0;
8.97, 0.167864,1.75738,-0.0112098,0,0,0,0;
8.98, 0.258247,1.75301,-0.0127329,0,0,0,0;
8.99, 0.31107,1.74048,-0.0148171,0,0,0,0;
9, 0.365428,1.72429,-0.0186305,0,0,0,0;
9.01, 0.451843,1.708,-0.0221899,0,0,0,0;
9.02, 0.538002,1.68623,-0.0242156,0,0,0,0;
9.03, 0.602597,1.66468,-0.0256885,0,0,0,0;
9.04, 0.673227,1.64321,-0.0262737,0,0,0,0;
9.05, 0.717161,1.62094,-0.0276301,0,0,0,0;
9.06, 0.823345,1.59102,-0.0301149,0,0,0,0;
9.07, 0.889096,1.55583,-0.033012,0,0,0,0;
9.08, 0.934949,1.52229,-0.0353739,0,0,0,0;
9.09, 0.983917,1.48453,-0.0373076,0,0,0,0;
9.1, 1.11269,1.44282,-0.0384645,0,0,0,0;
9.11, 1.20862,1.4019,-0.0413191,0,0,0,0;
9.12, 1.22546,1.35213,-0.0445984,0,0,0,0;
9.13, 1.27886,1.30716,-0.0433317,0,0,0,0;
9.14, 1.37186,1.25241,-0.0422086,0,0,0,0;
9.15, 1.42641,1.19207,-0.0468817,0,0,0,0;
9.16, 1.44213,1.13249,-0.0491667,0,0,0,0;
9.17, 1.53106,1.06501,-0.050276,0,0,0,0;
9.18, 1.61996,0.992208,-0.0528654,0,0,0,0;
9.19, 1.6777,0.924019,-0.0556285,0,0,0,0;
9.2, 1.74949,0.858271,-0.0562738,0,0,0,0;
9.21, 1.90376,0.779577,-0.0540551,0,0,0,0;
9.22, 1.91237,0.696754,-0.0537367,0,0,0,0;
9.23, 1.93983,0.605476,-0.0519186,0,0,0,0;
9.24, 1.95529,0.510504,-0.0513141,0,0,0,0;
9.25, 1.99369,0.413921,-0.052413,0,0,0,0;
9.26, 2.00938,0.315919,-0.05471,0,0,0,0;
9.27, 2.04377,0.220729,-0.0577691,0,0,0,0;
9.28, 2.13544,0.12419,-0.060188,0,0,0,0;
9.29, 2.15919,0.0262289,-0.061747,0,0,0,0;
9.3, 2.13188,-0.077709,-0.060381,0,0,0,0;
9.31, 2.12356,-0.184066,-0.0556845,0,0,0,0;
9.32, 2.06891,-0.283821,-0.0515139,0,0,0,0;
9.33, 2.07038,-0.390602,-0.0520285,0,0,0,0;
9.34, 2.09981,-0.502155,-0.0544474,0,0,0,0;
9.35, 2.0574,-0.608985,-0.0588804,0,0,0,0;
9.36, 2.00362,-0.714017,-0.0583004,0,0,0,0;
9.37, 2.01663,-0.81901,-0.0554247,0,0,0,0;
9.38, 1.98168,-0.921852,-0.0557016,0,0,0,0;
9.39, 1.91212,-1.01785,-0.0526183,0,0,0,0;
9.4, 1.82864,-1.12003,-0.0447694,0,0,0,0;
9.41, 1.77525,-1.22622,-0.0436734,0,0,0,0;
9.42, 1.70348,-1.32819,-0.0455361,0,0,0,0;
9.43, 1.63335,-1.41631,-0.0442477,0,0,0,0;
9.44, 1.55879,-1.49825,-0.0439966,0,0,0,0;
9.45, 1.48339,-1.58477,-0.0456971,0,0,0,0;
9.46, 1.4054,-1.66203,-0.0416617,0,0,0,0;
9.47, 1.28279,-1.73644,-0.038209,0,0,0,0;
9.48, 1.20655,-1.81504,-0.0361012,0,0,0,0;
9.49, 1.13926,-1.8823,-0.0360649,0,0,0,0;
9.5, 1.04825,-1.93639,-0.0313403,0,0,0,0;
9.51, 0.952706,-1.99644,-0.026769,0,0,0,0;
9.52, 0.845493,-2.054,-0.0242212,0,0,0,0;
9.53, 0.732498,-2.09892,-0.0211739,0,0,0,0;
9.54, 0.634377,-2.13791,-0.0194187,0,0,0,0;
9.55, 0.524863,-2.17204,-0.0183104,0,0,0,0;
9.56, 0.41998,-2.20269,-0.0157376,0,0,0,0;
9.57, 0.301304,-2.21851,-0.0124631,0,0,0,0;
9.58, 0.22978,-2.23321,-0.00958265,0,0,0,0;
9.59, 0.147245,-2.23853,-0.00673013,0,0,0,0;
9.6, 0.0338471,-2.25744,-0.00374943,0,0,0,0;
9.61, -0.0679722,-2.26316,-0.000858254,0,0,0,0;
9.62, -0.205098,-2.24966,0.0024766,0,0,0,0;
9.63, -0.336318,-2.23302,0.00542924,0,0,0,0;
9.64, -0.376148,-2.20958,0.00772966,0,0,0,0;
9.65, -0.493369,-2.18686,0.0109607,0,0,0,0;
9.66, -0.625349,-2.15622,0.0142095,0,0,0,0;
9.67, -0.702263,-2.12166,0.0174502,0,0,0,0;
9.68, -0.780505,-2.07747,0.0194944,0,0,0,0;
9.69, -0.912223,-2.02872,0.0222222,0,0,0,0;
9.7, -0.996761,-1.97039,0.0237773,0,0,0,0;
9.71, -1.09585,-1.90505,0.0262303,0,0,0,0;
9.72, -1.23012,-1.84367,0.0288305,0,0,0,0;
9.73, -1.30897,-1.77937,0.0312644,0,0,0,0;
9.74, -1.369,-1.70402,0.0338396,0,0,0,0;
9.75, -1.483,-1.61981,0.0372319,0,0,0,0;
9.76, -1.57068,-1.53339,0.0398073,0,0,0,0;
9.77, -1.64859,-1.4464,0.0415502,0,0,0,0;
9.78, -1.69856,-1.35413,0.0420868,0,0,0,0;
9.79, -1.75009,-1.25973,0.042776,0,0,0,0;
9.8, -1.79797,-1.16374,0.0434001,0,0,0,0;
9.81, -1.88854,-1.06291,0.0449277,0,0,0,0;
9.82, -1.96589,-0.95873,0.0454435,0,0,0,0;
9.83, -1.99711,-0.847182,0.0463654,0,0,0,0;
9.84, -2.03813,-0.738759,0.0494781,0,0,0,0;
9.85, -2.06787,-0.644137,0.0525089,0,0,0,0;
9.86, -2.11356,-0.536569,0.0530201,0,0,0,0;
9.87, -2.11215,-0.425706,0.0516947,0,0,0,0;
9.88, -2.1335,-0.325458,0.0514118,0,0,0,0;
9.89, -2.13499,-0.198196,0.050483,0,0,0,0;
9.9, -2.13246,-0.0899764,0.0514132,0,0,0,0;
9.91, -2.11205,0.0114084,0.0558896,0,0,0,0;
9.92, -2.11681,0.0988251,0.0603216,0,0,0,0;
9.93, -2.07209,0.198651,0.0564525,0,0,0,0;
9.94, -2.04835,0.313478,0.0505462,0,0,0,0;
9.95, -2.01243,0.43022,0.0495986,0,0,0,0;
9.96, -1.93858,0.513557,0.0503271,0,0,0,0;
9.97, -1.96632,0.577552,0.0535902,0,0,0,0;
9.98, -1.92847,0.664351,0.0553928,0,0,0,0;
9.99, -1.83068,0.739107,0.0534096,0,0,0,0;
