0, -0.000195026,0.000236273,0.0999984,-1.5708,0,0,0;
0.01, 2.57492e-05,-0.000716209,0.100068,-1.5708,0,0,0;
0.02, 0.00306463,0.00450969,0.0996698,-1.5708,0,0,0;
0.03, 0.00903749,0.0163743,0.0981244,-1.5708,0,0,0;
0.04, 0.0189271,0.0339358,0.0953435,-1.5708,0,0,0;
0.05, 0.0306339,0.0546715,0.0921603,-1.5708,0,0,0;
0.06, 0.0436716,0.0763266,0.0894918,-1.5708,0,0,0;
0.07, 0.0578861,0.0973723,0.0881692,-1.5708,0,0,0;
0.08, 0.0727787,0.116585,0.0881811,-1.5708,0,0,0;
0.09, 0.0877914,0.132069,0.0891266,-1.5708,0,0,0;
0.1, 0.101924,0.142188,0.0903375,-1.5708,0,0,0;
0.11, 0.113925,0.146448,0.091122,-1.5708,0,0,0;
0.12, 0.123366,0.145288,0.0913187,-1.5708,0,0,0;
0.13, 0.131196,0.140263,0.0909408,-1.5708,0,0,0;
0.14, 0.138497,0.13251,0.0902644,-1.5708,0,0,0;
0.15, 0.145842,0.123143,0.0896484,-1.5708,0,0,0;
0.16, 0.152988,0.112686,0.0893264,-1.5708,0,0,0;
0.17, 0.160233,0.101168,0.0893393,-1.5708,0,0,0;
0.18, 0.167549,0.0885136,0.0895888,-1.5708,0,0,0;
0.19, 0.173714,0.0747912,0.0899026,-1.5708,0,0,0;
0.2, 0.177917,0.0601113,0.0901025,-1.5708,0,0,0;
0.21, 0.181857,0.0444944,0.0901807,-1.5708,0,0,0;
0.22, 0.185723,0.0281994,0.0900989,-1.5708,0,0,0;
0.23, 0.186491,0.0111067,0.0900058,-1.5708,0,0,0;
0.24, 0.186578,-0.00669694,0.0899999,-1.5708,0,0,0;
0.25, 0.186839,-0.0248418,0.0900607,-1.5708,0,0,0;
0.26, 0.186511,-0.0437362,0.0902076,-1.5708,0,0,0;
0.27, 0.184575,-0.062907,0.0904481,-1.5708,0,0,0;
0.28, 0.182068,-0.0822866,0.0907603,-1.5708,0,0,0;
0.29, 0.178369,-0.101702,0.0909706,-1.5708,0,0,0;
0.3, 0.173868,-0.120992,0.0911607,-1.5708,0,0,0;
0.31, 0.167552,-0.140212,0.0913655,-1.5708,0,0,0;
0.32, 0.160591,-0.159361,0.0915243,-1.5708,0,0,0;
0.33, 0.153877,-0.178427,0.0916953,-1.5708,0,0,0;
0.34, 0.145438,-0.197144,0.0919434,-1.5708,0,0,0;
0.35, 0.136692,-0.21592,0.0922926,-1.5708,0,0,0;
0.36, 0.126504,-0.234231,0.0926137,-1.5708,0,0,0;
0.37, 0.115366,-0.252123,0.0929759,-1.5708,0,0,0;
0.38, 0.102751,-0.269248,0.093351,-1.5708,0,0,0;
0.39, 0.0894094,-0.285777,0.0937166,-1.5708,0,0,0;
0.4, 0.0759916,-0.301705,0.0940831,-1.5708,0,0,0;
0.41, 0.0615959,-0.316945,0.0944536,-1.5708,0,0,0;
0.42, 0.0460448,-0.331431,0.094858,-1.5708,0,0,0;
0.43, 0.0300999,-0.345189,0.095292,-1.5708,0,0,0;
0.44, 0.0132165,-0.358073,0.095746,-1.5708,0,0,0;
0.45, -0.00453377,-0.370177,0.0962125,-1.5708,0,0,0;
0.46, -0.0232468,-0.381352,0.0966964,-1.5708,0,0,0;
0.47, -0.0416589,-0.391504,0.0971897,-1.5708,0,0,0;
0.48, -0.0613484,-0.400539,0.0976918,-1.5708,0,0,0;
0.49, -0.0812769,-0.408822,0.0981984,-1.5708,0,0,0;
0.5, -0.101198,-0.415923,0.0987498,-1.5708,0,0,0;
0.51, -0.121737,-0.421811,0.0992761,-1.5708,0,0,0;
0.52, -0.142538,-0.427167,0.0998408,-1.5708,0,0,0;
0.53, -0.163866,-0.430905,0.100381,-1.5708,0,0,0;
0.54, -0.183553,-0.433857,0.100936,-1.5708,0,0,0;
0.55, -0.204736,-0.436017,0.10149,-1.5708,0,0,0;
0.56, -0.225996,-0.436865,0.102023,-1.5708,0,0,0;
0.57, -0.247536,-0.436685,0.10258,-1.5708,0,0,0;
0.58, -0.269296,-0.43539,0.103086,-1.5708,0,0,0;
0.59, -0.289164,-0.433625,0.103636,-1.5708,0,0,0;
0.6, -0.308195,-0.43023,0.104274,-1.5708,0,0,0;
0.61, -0.327925,-0.426752,0.104994,-1.5708,0,0,0;
0.62, -0.34651,-0.421796,0.105629,-1.5708,0,0,0;
0.63, -0.365851,-0.415769,0.106102,-1.5708,0,0,0;
0.64, -0.38475,-0.408691,0.106537,-1.5708,0,0,0;
0.65, -0.40344,-0.401328,0.106821,-1.5708,0,0,0;
0.66, -0.419659,-0.393017,0.107178,-1.5708,0,0,0;
0.67, -0.439033,-0.384691,0.107767,-1.5708,0,0,0;
0.68, -0.456675,-0.374702,0.10844,-1.5708,0,0,0;
0.69, -0.473485,-0.364296,0.109176,-1.5708,0,0,0;
0.7, -0.490904,-0.353212,0.109711,-1.5708,0,0,0;
0.71, -0.50382,-0.341167,0.110207,-1.5708,0,0,0;
0.72, -0.515539,-0.328869,0.110616,-1.5708,0,0,0;
0.73, -0.52627,-0.316598,0.110968,-1.5708,0,0,0;
0.74, -0.537498,-0.302882,0.111442,-1.5708,0,0,0;
0.75, -0.550517,-0.289396,0.111879,-1.5708,0,0,0;
0.76, -0.563489,-0.275302,0.112268,-1.5708,0,0,0;
0.77, -0.574572,-0.260562,0.112555,-1.5708,0,0,0;
0.78, -0.585328,-0.244857,0.112797,-1.5708,0,0,0;
0.79, -0.595649,-0.229028,0.11319,-1.5708,0,0,0;
0.8, -0.603445,-0.213682,0.113548,-1.5708,0,0,0;
0.81, -0.612346,-0.197767,0.113988,-1.5708,0,0,0;
0.82, -0.618994,-0.182076,0.114285,-1.5708,0,0,0;
0.83, -0.624716,-0.164912,0.11459,-1.5708,0,0,0;
0.84, -0.631655,-0.147855,0.114799,-1.5708,0,0,0;
0.85, -0.637424,-0.130841,0.114973,-1.5708,0,0,0;
0.86, -0.641569,-0.113941,0.115153,-1.5708,0,0,0;
0.87, -0.646037,-0.0970163,0.115324,-1.5708,0,0,0;
0.88, -0.648217,-0.0794802,0.115529,-1.5708,0,0,0;
0.89, -0.651015,-0.0615709,0.115753,-1.5708,0,0,0;
0.9, -0.653106,-0.0439034,0.115841,-1.5708,0,0,0;
0.91, -0.654544,-0.0262456,0.115898,-1.5708,0,0,0;
0.92, -0.655298,-0.00836921,0.115907,-1.5708,0,0,0;
0.93, -0.655116,0.00965881,0.115942,-1.5708,0,0,0;
0.94, -0.654064,0.0273147,0.115966,-1.5708,0,0,0;
0.95, -0.653006,0.0447712,0.116,-1.5708,0,0,0;
0.96, -0.651266,0.062366,0.116006,-1.5708,0,0,0;
0.97, -0.647529,0.079968,0.115972,-1.5708,0,0,0;
0.98, -0.643878,0.0973482,0.115892,-1.5708,0,0,0;
0.99, -0.639728,0.114553,0.11579,-1.5708,0,0,0;
1, -0.635104,0.131639,0.115681,-1.5708,0,0,0;
1.01, -0.629332,0.148492,0.115552,-1.5708,0,0,0;
1.02, -0.623448,0.165192,0.115398,-1.5708,0,0,0;
1.03, -0.616441,0.181632,0.11523,-1.5708,0,0,0;
1.04, -0.609133,0.197758,0.115016,-1.5708,0,0,0;
1.05, -0.601421,0.21363,0.114777,-1.5708,0,0,0;
1.06, -0.591458,0.228982,0.114521,-1.5708,0,0,0;
1.07, -0.582322,0.244062,0.11428,-1.5708,0,0,0;
1.08, -0.57166,0.258995,0.113992,-1.5708,0,0,0;
1.09, -0.562235,0.273281,0.113769,-1.5708,0,0,0;
1.1, -0.550274,0.28723,0.113423,-1.5708,0,0,0;
1.11, -0.537287,0.300664,0.113037,-1.5708,0,0,0;
1.12, -0.522904,0.313538,0.112662,-1.5708,0,0,0;
1.13, -0.509174,0.325942,0.112352,-1.5708,0,0,0;
1.14, -0.495653,0.337448,0.112067,-1.5708,0,0,0;
1.15, -0.480833,0.348607,0.111697,-1.5708,0,0,0;
1.16, -0.464658,0.359052,0.111295,-1.5708,0,0,0;
1.17, -0.447561,0.368791,0.110845,-1.5708,0,0,0;
1.18, -0.431108,0.377734,0.110427,-1.5708,0,0,0;
1.19, -0.414082,0.38589,0.110031,-1.5708,0,0,0;
1.2, -0.395059,0.393426,0.109635,-1.5708,0,0,0;
1.21, -0.376154,0.400254,0.109171,-1.5708,0,0,0;
1.22, -0.357292,0.406156,0.108708,-1.5708,0,0,0;
1.23, -0.338889,0.411049,0.108256,-1.5708,0,0,0;
1.24, -0.31966,0.415137,0.10776,-1.5708,0,0,0;
1.25, -0.298733,0.418258,0.107269,-1.5708,0,0,0;
1.26, -0.278562,0.42046,0.106769,-1.5708,0,0,0;
1.27, -0.258385,0.421708,0.106314,-1.5708,0,0,0;
1.28, -0.237919,0.421968,0.105892,-1.5708,0,0,0;
1.29, -0.216238,0.421191,0.105455,-1.5708,0,0,0;
1.3, -0.195014,0.419328,0.104982,-1.5708,0,0,0;
1.31, -0.174368,0.416384,0.104521,-1.5708,0,0,0;
1.32, -0.15387,0.412377,0.104074,-1.5708,0,0,0;
1.33, -0.133282,0.407414,0.10365,-1.5708,0,0,0;
1.34, -0.113499,0.401408,0.10326,-1.5708,0,0,0;
1.35, -0.0938914,0.394442,0.102842,-1.5708,0,0,0;
1.36, -0.0740273,0.386439,0.102409,-1.5708,0,0,0;
1.37, -0.0552008,0.377473,0.101956,-1.5708,0,0,0;
1.38, -0.0364912,0.36755,0.101505,-1.5708,0,0,0;
1.39, -0.0186565,0.356632,0.101113,-1.5708,0,0,0;
1.4, -0.00143552,0.344935,0.100796,-1.5708,0,0,0;
1.41, 0.0150774,0.332324,0.100479,-1.5708,0,0,0;
1.42, 0.0312884,0.318778,0.100139,-1.5708,0,0,0;
1.43, 0.0464375,0.304415,0.0997871,-1.5708,0,0,0;
1.44, 0.0607293,0.28912,0.0995018,-1.5708,0,0,0;
1.45, 0.0742638,0.273251,0.0992295,-1.5708,0,0,0;
1.46, 0.0871766,0.256645,0.0988947,-1.5708,0,0,0;
1.47, 0.0985816,0.239426,0.0986019,-1.5708,0,0,0;
1.48, 0.109459,0.22156,0.0983518,-1.5708,0,0,0;
1.49, 0.119615,0.203336,0.0981552,-1.5708,0,0,0;
1.5, 0.129196,0.184395,0.0980487,-1.5708,0,0,0;
1.51, 0.137076,0.165055,0.0979147,-1.5708,0,0,0;
1.52, 0.144466,0.145226,0.0977899,-1.5708,0,0,0;
1.53, 0.150428,0.124992,0.0976335,-1.5708,0,0,0;
1.54, 0.156011,0.104645,0.0975197,-1.5708,0,0,0;
1.55, 0.160387,0.0839577,0.0974481,-1.5708,0,0,0;
1.56, 0.163894,0.0630131,0.0974438,-1.5708,0,0,0;
1.57, 0.16556,0.0419321,0.0974585,-1.5708,0,0,0;
1.58, 0.167052,0.0208268,0.0974859,-1.5708,0,0,0;
1.59, 0.167644,-0.000685453,0.097528,-1.5708,0,0,0;
1.6, 0.167222,-0.0214136,0.0976122,-1.5708,0,0,0;
1.61, 0.165683,-0.0422833,0.0977248,-1.5708,0,0,0;
1.62, 0.163227,-0.0630643,0.0978407,-1.5708,0,0,0;
1.63, 0.159808,-0.083745,0.0979922,-1.5708,0,0,0;
1.64, 0.155304,-0.104229,0.0981583,-1.5708,0,0,0;
1.65, 0.149591,-0.12431,0.0983649,-1.5708,0,0,0;
1.66, 0.143501,-0.144211,0.0986313,-1.5708,0,0,0;
1.67, 0.135745,-0.163492,0.0988708,-1.5708,0,0,0;
1.68, 0.128521,-0.182528,0.0991294,-1.5708,0,0,0;
1.69, 0.119701,-0.200889,0.0994224,-1.5708,0,0,0;
1.7, 0.108948,-0.218661,0.0997782,-1.5708,0,0,0;
1.71, 0.0988262,-0.235991,0.100158,-1.5708,0,0,0;
1.72, 0.0869305,-0.252504,0.100544,-1.5708,0,0,0;
1.73, 0.0744646,-0.268351,0.100938,-1.5708,0,0,0;
1.74, 0.0607083,-0.283443,0.101338,-1.5708,0,0,0;
1.75, 0.0467484,-0.297727,0.10176,-1.5708,0,0,0;
1.76, 0.0317018,-0.311213,0.102193,-1.5708,0,0,0;
1.77, 0.0165789,-0.323921,0.102662,-1.5708,0,0,0;
1.78, 0.000375509,-0.335765,0.10316,-1.5708,0,0,0;
1.79, -0.0158546,-0.346751,0.103687,-1.5708,0,0,0;
1.8, -0.032994,-0.356804,0.104224,-1.5708,0,0,0;
1.81, -0.0503128,-0.365879,0.104751,-1.5708,0,0,0;
1.82, -0.0683897,-0.374056,0.105279,-1.5708,0,0,0;
1.83, -0.0865715,-0.381182,0.105791,-1.5708,0,0,0;
1.84, -0.105025,-0.38721,0.106305,-1.5708,0,0,0;
1.85, -0.123897,-0.392507,0.106831,-1.5708,0,0,0;
1.86, -0.142596,-0.396932,0.107386,-1.5708,0,0,0;
1.87, -0.162448,-0.400223,0.107984,-1.5708,0,0,0;
1.88, -0.182129,-0.402522,0.108606,-1.5708,0,0,0;
1.89, -0.201573,-0.403859,0.109235,-1.5708,0,0,0;
1.9, -0.220689,-0.4043,0.109812,-1.5708,0,0,0;
1.91, -0.239942,-0.40369,0.110392,-1.5708,0,0,0;
1.92, -0.258674,-0.402,0.11093,-1.5708,0,0,0;
1.93, -0.277166,-0.399545,0.111471,-1.5708,0,0,0;
1.94, -0.295883,-0.395916,0.112075,-1.5708,0,0,0;
1.95, -0.313896,-0.391954,0.11269,-1.5708,0,0,0;
1.96, -0.331351,-0.38708,0.113231,-1.5708,0,0,0;
1.97, -0.348649,-0.381083,0.113821,-1.5708,0,0,0;
1.98, -0.366241,-0.374836,0.114336,-1.5708,0,0,0;
1.99, -0.38231,-0.367639,0.114887,-1.5708,0,0,0;
2, -0.39847,-0.359704,0.115404,-1.5708,0,0,0;
2.01, -0.414747,-0.351063,0.115885,-1.5708,0,0,0;
2.02, -0.430316,-0.341681,0.116419,-1.5708,0,0,0;
2.03, -0.444249,-0.331279,0.116995,-1.5708,0,0,0;
2.04, -0.457209,-0.320578,0.11758,-1.5708,0,0,0;
2.05, -0.469827,-0.309681,0.118008,-1.5708,0,0,0;
2.06, -0.481923,-0.297952,0.118412,-1.5708,0,0,0;
2.07, -0.494244,-0.28574,0.118786,-1.5708,0,0,0;
2.08, -0.507952,-0.273514,0.119224,-1.5708,0,0,0;
2.09, -0.517869,-0.260213,0.119668,-1.5708,0,0,0;
2.1, -0.530596,-0.246681,0.120081,-1.5708,0,0,0;
2.11, -0.537424,-0.232661,0.120512,-1.5708,0,0,0;
2.12, -0.546682,-0.218392,0.120854,-1.5708,0,0,0;
2.13, -0.555382,-0.203827,0.121271,-1.5708,0,0,0;
2.14, -0.561842,-0.188648,0.121609,-1.5708,0,0,0;
2.15, -0.569457,-0.173522,0.121899,-1.5708,0,0,0;
2.16, -0.575871,-0.158407,0.122268,-1.5708,0,0,0;
2.17, -0.58097,-0.142896,0.122583,-1.5708,0,0,0;
2.18, -0.587375,-0.126846,0.122836,-1.5708,0,0,0;
2.19, -0.592134,-0.110675,0.123061,-1.5708,0,0,0;
2.2, -0.595074,-0.0943067,0.123222,-1.5708,0,0,0;
2.21, -0.597572,-0.0784781,0.123358,-1.5708,0,0,0;
2.22, -0.599848,-0.0621405,0.123538,-1.5708,0,0,0;
2.23, -0.601795,-0.0456212,0.123759,-1.5708,0,0,0;
2.24, -0.602971,-0.0289624,0.123917,-1.5708,0,0,0;
2.25, -0.604507,-0.0124743,0.124054,-1.5708,0,0,0;
2.26, -0.604858,0.004287,0.124146,-1.5708,0,0,0;
2.27, -0.604302,0.0207603,0.124194,-1.5708,0,0,0;
2.28, -0.602565,0.0370634,0.124182,-1.5708,0,0,0;
2.29, -0.600941,0.0534761,0.124173,-1.5708,0,0,0;
2.3, -0.597446,0.0698087,0.124182,-1.5708,0,0,0;
2.31, -0.594164,0.0859458,0.124187,-1.5708,0,0,0;
2.32, -0.590057,0.102188,0.124207,-1.5708,0,0,0;
2.33, -0.585169,0.118004,0.124213,-1.5708,0,0,0;
2.34, -0.580397,0.133608,0.124134,-1.5708,0,0,0;
2.35, -0.5744,0.149021,0.123998,-1.5708,0,0,0;
2.36, -0.568039,0.16423,0.123821,-1.5708,0,0,0;
2.37, -0.561123,0.179098,0.123639,-1.5708,0,0,0;
2.38, -0.553029,0.193786,0.12348,-1.5708,0,0,0;
2.39, -0.544258,0.208169,0.123328,-1.5708,0,0,0;
2.4, -0.53547,0.222152,0.123169,-1.5708,0,0,0;
2.41, -0.525596,0.23578,0.122975,-1.5708,0,0,0;
2.42, -0.515261,0.248973,0.12275,-1.5708,0,0,0;
2.43, -0.504695,0.2617,0.122487,-1.5708,0,0,0;
2.44, -0.493145,0.273999,0.122216,-1.5708,0,0,0;
2.45, -0.480457,0.285761,0.121924,-1.5708,0,0,0;
2.46, -0.467484,0.296952,0.121615,-1.5708,0,0,0;
2.47, -0.453923,0.307655,0.12133,-1.5708,0,0,0;
2.48, -0.43915,0.317739,0.121014,-1.5708,0,0,0;
2.49, -0.424705,0.32723,0.12072,-1.5708,0,0,0;
2.5, -0.409564,0.33599,0.120419,-1.5708,0,0,0;
2.51, -0.394121,0.344104,0.120081,-1.5708,0,0,0;
2.52, -0.377049,0.351599,0.119676,-1.5708,0,0,0;
2.53, -0.361395,0.358269,0.119244,-1.5708,0,0,0;
2.54, -0.343984,0.364185,0.1189,-1.5708,0,0,0;
2.55, -0.32747,0.369348,0.118549,-1.5708,0,0,0;
2.56, -0.309889,0.373726,0.11818,-1.5708,0,0,0;
2.57, -0.292545,0.377417,0.1178,-1.5708,0,0,0;
2.58, -0.274377,0.380175,0.117397,-1.5708,0,0,0;
2.59, -0.255746,0.38203,0.116965,-1.5708,0,0,0;
2.6, -0.235967,0.382869,0.116516,-1.5708,0,0,0;
2.61, -0.216784,0.382936,0.116101,-1.5708,0,0,0;
2.62, -0.198858,0.382041,0.115743,-1.5708,0,0,0;
2.63, -0.180251,0.380223,0.115425,-1.5708,0,0,0;
2.64, -0.160897,0.377517,0.115083,-1.5708,0,0,0;
2.65, -0.142588,0.373905,0.114699,-1.5708,0,0,0;
2.66, -0.124703,0.369273,0.114297,-1.5708,0,0,0;
2.67, -0.106452,0.36381,0.113902,-1.5708,0,0,0;
2.68, -0.0883257,0.357461,0.113508,-1.5708,0,0,0;
2.69, -0.0711563,0.350268,0.113152,-1.5708,0,0,0;
2.7, -0.0536773,0.342149,0.112795,-1.5708,0,0,0;
2.71, -0.036978,0.33327,0.11243,-1.5708,0,0,0;
2.72, -0.0209186,0.323417,0.1121,-1.5708,0,0,0;
2.73, -0.00534606,0.312872,0.111814,-1.5708,0,0,0;
2.74, 0.0095284,0.301505,0.111555,-1.5708,0,0,0;
2.75, 0.0239532,0.289344,0.111277,-1.5708,0,0,0;
2.76, 0.0375674,0.276493,0.110946,-1.5708,0,0,0;
2.77, 0.0505674,0.262994,0.110675,-1.5708,0,0,0;
2.78, 0.0625298,0.248851,0.110387,-1.5708,0,0,0;
2.79, 0.0738966,0.234075,0.11017,-1.5708,0,0,0;
2.8, 0.0850766,0.218745,0.109985,-1.5708,0,0,0;
2.81, 0.0957129,0.202782,0.109775,-1.5708,0,0,0;
2.82, 0.104673,0.186357,0.109592,-1.5708,0,0,0;
2.83, 0.113106,0.169504,0.109466,-1.5708,0,0,0;
2.84, 0.120542,0.152175,0.109364,-1.5708,0,0,0;
2.85, 0.127309,0.134491,0.109288,-1.5708,0,0,0;
2.86, 0.133164,0.116533,0.109202,-1.5708,0,0,0;
2.87, 0.138073,0.098345,0.109127,-1.5708,0,0,0;
2.88, 0.142272,0.0799658,0.109062,-1.5708,0,0,0;
2.89, 0.145604,0.0613558,0.109011,-1.5708,0,0,0;
2.9, 0.148021,0.0425918,0.109002,-1.5708,0,0,0;
2.91, 0.149469,0.023762,0.109052,-1.5708,0,0,0;
2.92, 0.150188,0.00496364,0.109136,-1.5708,0,0,0;
2.93, 0.149764,-0.0139415,0.109254,-1.5708,0,0,0;
2.94, 0.149061,-0.032721,0.109372,-1.5708,0,0,0;
2.95, 0.146969,-0.0512941,0.109506,-1.5708,0,0,0;
2.96, 0.143727,-0.0697865,0.109649,-1.5708,0,0,0;
2.97, 0.140209,-0.0880134,0.109808,-1.5708,0,0,0;
2.98, 0.135585,-0.106033,0.109979,-1.5708,0,0,0;
2.99, 0.130601,-0.123762,0.110192,-1.5708,0,0,0;
3, 0.12403,-0.141231,0.110433,-1.5708,0,0,0;
3.01, 0.116975,-0.158214,0.110726,-1.5708,0,0,0;
3.02, 0.1091,-0.17479,0.111039,-1.5708,0,0,0;
3.03, 0.100043,-0.190871,0.111358,-1.5708,0,0,0;
3.04, 0.0904739,-0.206466,0.111691,-1.5708,0,0,0;
3.05, 0.0806606,-0.221545,0.112036,-1.5708,0,0,0;
3.06, 0.0695703,-0.236008,0.112388,-1.5708,0,0,0;
3.07, 0.0589731,-0.249781,0.112773,-1.5708,0,0,0;
3.08, 0.0463202,-0.262914,0.113175,-1.5708,0,0,0;
3.09, 0.0337417,-0.275389,0.113616,-1.5708,0,0,0;
3.1, 0.0199711,-0.287222,0.114051,-1.5708,0,0,0;
3.11, 0.0064075,-0.298313,0.114482,-1.5708,0,0,0;
3.12, -0.00916934,-0.30852,0.11492,-1.5708,0,0,0;
3.13, -0.0233991,-0.317993,0.115355,-1.5708,0,0,0;
3.14, -0.0397375,-0.326814,0.11584,-1.5708,0,0,0;
3.15, -0.0554554,-0.334461,0.116362,-1.5708,0,0,0;
3.16, -0.0713265,-0.341344,0.11689,-1.5708,0,0,0;
3.17, -0.0881174,-0.347676,0.117399,-1.5708,0,0,0;
3.18, -0.104981,-0.352975,0.117898,-1.5708,0,0,0;
3.19, -0.122321,-0.357213,0.118421,-1.5708,0,0,0;
3.2, -0.139453,-0.360675,0.118955,-1.5708,0,0,0;
3.21, -0.156712,-0.363276,0.119458,-1.5708,0,0,0;
3.22, -0.173956,-0.365229,0.120015,-1.5708,0,0,0;
3.23, -0.191195,-0.366206,0.120577,-1.5708,0,0,0;
3.24, -0.209039,-0.36597,0.121069,-1.5708,0,0,0;
3.25, -0.225233,-0.365169,0.121556,-1.5708,0,0,0;
3.26, -0.242812,-0.363598,0.122131,-1.5708,0,0,0;
3.27, -0.259617,-0.361432,0.122696,-1.5708,0,0,0;
3.28, -0.276331,-0.357893,0.123276,-1.5708,0,0,0;
3.29, -0.293085,-0.354289,0.123767,-1.5708,0,0,0;
3.3, -0.308871,-0.349509,0.124242,-1.5708,0,0,0;
3.31, -0.324481,-0.344259,0.12467,-1.5708,0,0,0;
3.32, -0.34,-0.337833,0.125181,-1.5708,0,0,0;
3.33, -0.354456,-0.330958,0.125734,-1.5708,0,0,0;
3.34, -0.369498,-0.323709,0.126305,-1.5708,0,0,0;
3.35, -0.383743,-0.316077,0.126765,-1.5708,0,0,0;
3.36, -0.398163,-0.307024,0.127225,-1.5708,0,0,0;
3.37, -0.41125,-0.297656,0.127672,-1.5708,0,0,0;
3.38, -0.423787,-0.287787,0.128115,-1.5708,0,0,0;
3.39, -0.435143,-0.277745,0.128506,-1.5708,0,0,0;
3.4, -0.446481,-0.26643,0.128931,-1.5708,0,0,0;
3.41, -0.457478,-0.25531,0.12937,-1.5708,0,0,0;
3.42, -0.467817,-0.243529,0.129728,-1.5708,0,0,0;
3.43, -0.477566,-0.231475,0.130112,-1.5708,0,0,0;
3.44, -0.485582,-0.218391,0.130474,-1.5708,0,0,0;
3.45, -0.496691,-0.20555,0.130858,-1.5708,0,0,0;
3.46, -0.504863,-0.192218,0.13122,-1.5708,0,0,0;
3.47, -0.511646,-0.178765,0.131508,-1.5708,0,0,0;
3.48, -0.518362,-0.165138,0.131814,-1.5708,0,0,0;
3.49, -0.524771,-0.151063,0.132057,-1.5708,0,0,0;
3.5, -0.531428,-0.136662,0.132324,-1.5708,0,0,0;
3.51, -0.535991,-0.12227,0.132555,-1.5708,0,0,0;
3.52, -0.54031,-0.107563,0.132746,-1.5708,0,0,0;
3.53, -0.543557,-0.0926542,0.132905,-1.5708,0,0,0;
3.54, -0.546374,-0.0774186,0.133116,-1.5708,0,0,0;
3.55, -0.549755,-0.0622756,0.133363,-1.5708,0,0,0;
3.56, -0.551207,-0.0468779,0.133566,-1.5708,0,0,0;
3.57, -0.553408,-0.0316262,0.13368,-1.5708,0,0,0;
3.58, -0.553931,-0.0164661,0.133696,-1.5708,0,0,0;
3.59, -0.554507,-0.00113225,0.133696,-1.5708,0,0,0;
3.6, -0.554061,0.0142477,0.133726,-1.5708,0,0,0;
3.61, -0.553043,0.0297534,0.133772,-1.5708,0,0,0;
3.62, -0.551658,0.0449932,0.133821,-1.5708,0,0,0;
3.63, -0.550118,0.0601923,0.133869,-1.5708,0,0,0;
3.64, -0.547172,0.0752695,0.133882,-1.5708,0,0,0;
3.65, -0.543256,0.0901964,0.133832,-1.5708,0,0,0;
3.66, -0.538933,0.104949,0.133743,-1.5708,0,0,0;
3.67, -0.533979,0.11956,0.133639,-1.5708,0,0,0;
3.68, -0.52863,0.133938,0.133533,-1.5708,0,0,0;
3.69, -0.522964,0.14806,0.133433,-1.5708,0,0,0;
3.7, -0.516375,0.161974,0.133311,-1.5708,0,0,0;
3.71, -0.509614,0.175654,0.13318,-1.5708,0,0,0;
3.72, -0.501443,0.188961,0.13301,-1.5708,0,0,0;
3.73, -0.492585,0.201975,0.132794,-1.5708,0,0,0;
3.74, -0.483489,0.214656,0.132557,-1.5708,0,0,0;
3.75, -0.474151,0.226818,0.132351,-1.5708,0,0,0;
3.76, -0.464292,0.238608,0.132152,-1.5708,0,0,0;
3.77, -0.453459,0.250029,0.131911,-1.5708,0,0,0;
3.78, -0.442674,0.261031,0.131649,-1.5708,0,0,0;
3.79, -0.430824,0.27149,0.13133,-1.5708,0,0,0;
3.8, -0.41866,0.281409,0.131,-1.5708,0,0,0;
3.81, -0.405526,0.290786,0.130681,-1.5708,0,0,0;
3.82, -0.39247,0.299626,0.130356,-1.5708,0,0,0;
3.83, -0.378926,0.307909,0.130074,-1.5708,0,0,0;
3.84, -0.364888,0.315518,0.129731,-1.5708,0,0,0;
3.85, -0.349149,0.32241,0.129385,-1.5708,0,0,0;
3.86, -0.334457,0.32865,0.128994,-1.5708,0,0,0;
3.87, -0.318161,0.334168,0.128612,-1.5708,0,0,0;
3.88, -0.302647,0.339061,0.128249,-1.5708,0,0,0;
3.89, -0.285934,0.343111,0.127923,-1.5708,0,0,0;
3.9, -0.26979,0.346472,0.127583,-1.5708,0,0,0;
3.91, -0.253721,0.348992,0.127237,-1.5708,0,0,0;
3.92, -0.236207,0.350712,0.126877,-1.5708,0,0,0;
3.93, -0.220049,0.351655,0.12647,-1.5708,0,0,0;
3.94, -0.202429,0.351763,0.12605,-1.5708,0,0,0;
3.95, -0.185499,0.351099,0.125602,-1.5708,0,0,0;
3.96, -0.168053,0.349606,0.125198,-1.5708,0,0,0;
3.97, -0.151377,0.347358,0.124836,-1.5708,0,0,0;
3.98, -0.134545,0.344266,0.124513,-1.5708,0,0,0;
3.99, -0.117916,0.340319,0.12415,-1.5708,0,0,0;
4, -0.101264,0.335561,0.123798,-1.5708,0,0,0;
4.01, -0.0849104,0.329975,0.123387,-1.5708,0,0,0;
4.02, -0.0684791,0.32351,0.122977,-1.5708,0,0,0;
4.03, -0.0530143,0.316248,0.122577,-1.5708,0,0,0;
4.04, -0.0378442,0.30813,0.122256,-1.5708,0,0,0;
4.05, -0.0228829,0.299433,0.121984,-1.5708,0,0,0;
4.06, -0.00844336,0.290058,0.121705,-1.5708,0,0,0;
4.07, 0.00511885,0.279825,0.121415,-1.5708,0,0,0;
4.08, 0.0182743,0.268925,0.121074,-1.5708,0,0,0;
4.09, 0.030829,0.257387,0.120722,-1.5708,0,0,0;
4.1, 0.043025,0.245163,0.120412,-1.5708,0,0,0;
4.11, 0.054646,0.232344,0.120172,-1.5708,0,0,0;
4.12, 0.0656133,0.218872,0.119921,-1.5708,0,0,0;
4.13, 0.0757747,0.204973,0.119728,-1.5708,0,0,0;
4.14, 0.0854406,0.190567,0.119541,-1.5708,0,0,0;
4.15, 0.0942521,0.175652,0.119318,-1.5708,0,0,0;
4.16, 0.101769,0.160339,0.119118,-1.5708,0,0,0;
4.17, 0.108923,0.144597,0.118931,-1.5708,0,0,0;
4.18, 0.115488,0.128532,0.118791,-1.5708,0,0,0;
4.19, 0.120954,0.112154,0.118661,-1.5708,0,0,0;
4.2, 0.126133,0.0955179,0.118554,-1.5708,0,0,0;
4.21, 0.13034,0.0786431,0.11847,-1.5708,0,0,0;
4.22, 0.13383,0.0616176,0.118409,-1.5708,0,0,0;
4.23, 0.136197,0.0444167,0.118385,-1.5708,0,0,0;
4.24, 0.13792,0.0270784,0.118374,-1.5708,0,0,0;
4.25, 0.138739,0.00970626,0.118375,-1.5708,0,0,0;
4.26, 0.138603,-0.00764275,0.118411,-1.5708,0,0,0;
4.27, 0.137756,-0.0249944,0.118443,-1.5708,0,0,0;
4.28, 0.136308,-0.0422525,0.118519,-1.5708,0,0,0;
4.29, 0.134531,-0.0593941,0.118606,-1.5708,0,0,0;
4.3, 0.130835,-0.07638,0.118715,-1.5708,0,0,0;
4.31, 0.127501,-0.0931284,0.118835,-1.5708,0,0,0;
4.32, 0.123004,-0.109697,0.118993,-1.5708,0,0,0;
4.33, 0.117145,-0.125941,0.119203,-1.5708,0,0,0;
4.34, 0.11062,-0.141844,0.119418,-1.5708,0,0,0;
4.35, 0.103199,-0.157463,0.119624,-1.5708,0,0,0;
4.36, 0.0959458,-0.172663,0.119854,-1.5708,0,0,0;
4.37, 0.0878282,-0.187357,0.120114,-1.5708,0,0,0;
4.38, 0.0788665,-0.201535,0.120393,-1.5708,0,0,0;
4.39, 0.068749,-0.215285,0.120687,-1.5708,0,0,0;
4.4, 0.0582089,-0.228487,0.120984,-1.5708,0,0,0;
4.41, 0.046124,-0.241106,0.121298,-1.5708,0,0,0;
4.42, 0.0347724,-0.2531,0.121635,-1.5708,0,0,0;
4.43, 0.0229602,-0.264457,0.121993,-1.5708,0,0,0;
4.44, 0.0103345,-0.275095,0.12238,-1.5708,0,0,0;
4.45, -0.00318193,-0.285122,0.122781,-1.5708,0,0,0;
4.46, -0.017312,-0.294448,0.123179,-1.5708,0,0,0;
4.47, -0.0318489,-0.302985,0.123572,-1.5708,0,0,0;
4.48, -0.0464883,-0.310754,0.123958,-1.5708,0,0,0;
4.49, -0.0616322,-0.317831,0.124368,-1.5708,0,0,0;
4.5, -0.0773759,-0.323954,0.124789,-1.5708,0,0,0;
4.51, -0.0925241,-0.329459,0.125256,-1.5708,0,0,0;
4.52, -0.108372,-0.334116,0.125675,-1.5708,0,0,0;
4.53, -0.123902,-0.337901,0.126138,-1.5708,0,0,0;
4.54, -0.140843,-0.34128,0.12666,-1.5708,0,0,0;
4.55, -0.15738,-0.343673,0.127157,-1.5708,0,0,0;
4.56, -0.173908,-0.345026,0.12755,-1.5708,0,0,0;
4.57, -0.190034,-0.345652,0.127945,-1.5708,0,0,0;
4.58, -0.206294,-0.345238,0.128393,-1.5708,0,0,0;
4.59, -0.222484,-0.344139,0.128849,-1.5708,0,0,0;
4.6, -0.238705,-0.342279,0.129274,-1.5708,0,0,0;
4.61, -0.254173,-0.340132,0.129785,-1.5708,0,0,0;
4.62, -0.270515,-0.336908,0.130223,-1.5708,0,0,0;
4.63, -0.286478,-0.332996,0.13068,-1.5708,0,0,0;
4.64, -0.301992,-0.328611,0.13118,-1.5708,0,0,0;
4.65, -0.316224,-0.323286,0.131634,-1.5708,0,0,0;
4.66, -0.330882,-0.317173,0.132065,-1.5708,0,0,0;
4.67, -0.344273,-0.310381,0.132438,-1.5708,0,0,0;
4.68, -0.358298,-0.303303,0.132801,-1.5708,0,0,0;
4.69, -0.371935,-0.295482,0.133212,-1.5708,0,0,0;
4.7, -0.384959,-0.286945,0.133583,-1.5708,0,0,0;
4.71, -0.398028,-0.278046,0.133945,-1.5708,0,0,0;
4.72, -0.409947,-0.268657,0.134331,-1.5708,0,0,0;
4.73, -0.421588,-0.258511,0.134698,-1.5708,0,0,0;
4.74, -0.431427,-0.247612,0.135035,-1.5708,0,0,0;
4.75, -0.441923,-0.236373,0.135375,-1.5708,0,0,0;
4.76, -0.45306,-0.225351,0.135718,-1.5708,0,0,0;
4.77, -0.460943,-0.213852,0.135996,-1.5708,0,0,0;
4.78, -0.469432,-0.201263,0.136285,-1.5708,0,0,0;
4.79, -0.478718,-0.188983,0.136571,-1.5708,0,0,0;
4.8, -0.48659,-0.176392,0.136787,-1.5708,0,0,0;
4.81, -0.493479,-0.162967,0.136979,-1.5708,0,0,0;
4.82, -0.500966,-0.149392,0.137161,-1.5708,0,0,0;
4.83, -0.506668,-0.135635,0.137367,-1.5708,0,0,0;
4.84, -0.511004,-0.122204,0.137601,-1.5708,0,0,0;
4.85, -0.51643,-0.108036,0.137827,-1.5708,0,0,0;
4.86, -0.520388,-0.0939195,0.138014,-1.5708,0,0,0;
4.87, -0.522802,-0.0793772,0.138129,-1.5708,0,0,0;
4.88, -0.526399,-0.0649509,0.138187,-1.5708,0,0,0;
4.89, -0.530087,-0.0501614,0.13823,-1.5708,0,0,0;
4.9, -0.531985,-0.0353892,0.138284,-1.5708,0,0,0;
4.91, -0.533626,-0.0206783,0.138311,-1.5708,0,0,0;
4.92, -0.533788,-0.00589132,0.138349,-1.5708,0,0,0;
4.93, -0.534393,0.00904179,0.138368,-1.5708,0,0,0;
4.94, -0.533503,0.0239487,0.138395,-1.5708,0,0,0;
4.95, -0.532165,0.0387654,0.13837,-1.5708,0,0,0;
4.96, -0.530032,0.0534515,0.138306,-1.5708,0,0,0;
4.97, -0.528105,0.0680137,0.138232,-1.5708,0,0,0;
4.98, -0.525086,0.0825839,0.138142,-1.5708,0,0,0;
4.99, -0.521636,0.0970321,0.138026,-1.5708,0,0,0;
5, -0.517342,0.111302,0.137886,-1.5708,0,0,0;
5.01, -0.51243,0.125365,0.137743,-1.5708,0,0,0;
5.02, -0.506842,0.139253,0.137589,-1.5708,0,0,0;
5.03, -0.501153,0.152905,0.137411,-1.5708,0,0,0;
5.04, -0.494403,0.166259,0.137218,-1.5708,0,0,0;
5.05, -0.487108,0.179316,0.136999,-1.5708,0,0,0;
5.06, -0.479318,0.192067,0.136742,-1.5708,0,0,0;
5.07, -0.471098,0.204512,0.136495,-1.5708,0,0,0;
5.08, -0.463019,0.216603,0.13621,-1.5708,0,0,0;
5.09, -0.453283,0.228432,0.135923,-1.5708,0,0,0;
5.1, -0.443597,0.239732,0.13559,-1.5708,0,0,0;
5.11, -0.432693,0.250638,0.13526,-1.5708,0,0,0;
5.12, -0.421619,0.261063,0.134938,-1.5708,0,0,0;
5.13, -0.410002,0.270958,0.134611,-1.5708,0,0,0;
5.14, -0.397135,0.280247,0.134253,-1.5708,0,0,0;
5.15, -0.38394,0.289234,0.133896,-1.5708,0,0,0;
5.16, -0.371142,0.297451,0.133548,-1.5708,0,0,0;
5.17, -0.357672,0.305065,0.133164,-1.5708,0,0,0;
5.18, -0.343767,0.312104,0.132775,-1.5708,0,0,0;
5.19, -0.329317,0.318478,0.13236,-1.5708,0,0,0;
5.2, -0.315169,0.324258,0.131909,-1.5708,0,0,0;
5.21, -0.300401,0.329321,0.131468,-1.5708,0,0,0;
5.22, -0.284247,0.333757,0.131017,-1.5708,0,0,0;
5.23, -0.267387,0.337408,0.130575,-1.5708,0,0,0;
5.24, -0.25224,0.340338,0.130154,-1.5708,0,0,0;
5.25, -0.236276,0.342453,0.12977,-1.5708,0,0,0;
5.26, -0.220281,0.34374,0.129354,-1.5708,0,0,0;
5.27, -0.203427,0.344298,0.128892,-1.5708,0,0,0;
5.28, -0.186085,0.344026,0.128423,-1.5708,0,0,0;
5.29, -0.169405,0.342904,0.12794,-1.5708,0,0,0;
5.3, -0.15243,0.341028,0.127495,-1.5708,0,0,0;
5.31, -0.136352,0.338377,0.127086,-1.5708,0,0,0;
5.32, -0.119918,0.334898,0.126665,-1.5708,0,0,0;
5.33, -0.103765,0.33056,0.126259,-1.5708,0,0,0;
5.34, -0.0880508,0.325445,0.125823,-1.5708,0,0,0;
5.35, -0.0722971,0.319563,0.125403,-1.5708,0,0,0;
5.36, -0.0567937,0.312891,0.124974,-1.5708,0,0,0;
5.37, -0.0416408,0.305441,0.124502,-1.5708,0,0,0;
5.38, -0.0271492,0.297241,0.124101,-1.5708,0,0,0;
5.39, -0.0127964,0.28833,0.123697,-1.5708,0,0,0;
5.4, 0.000923634,0.278699,0.123353,-1.5708,0,0,0;
5.41, 0.0141859,0.26827,0.122982,-1.5708,0,0,0;
5.42, 0.0271258,0.257278,0.122644,-1.5708,0,0,0;
5.43, 0.0391793,0.245554,0.122303,-1.5708,0,0,0;
5.44, 0.0504723,0.233194,0.121926,-1.5708,0,0,0;
5.45, 0.0615015,0.220372,0.121596,-1.5708,0,0,0;
5.46, 0.0718355,0.206859,0.121254,-1.5708,0,0,0;
5.47, 0.0816031,0.192962,0.120936,-1.5708,0,0,0;
5.48, 0.0904865,0.178462,0.120692,-1.5708,0,0,0;
5.49, 0.0987473,0.163494,0.120476,-1.5708,0,0,0;
5.5, 0.106115,0.14816,0.12024,-1.5708,0,0,0;
5.51, 0.112905,0.132453,0.120033,-1.5708,0,0,0;
5.52, 0.118598,0.11641,0.119828,-1.5708,0,0,0;
5.53, 0.124123,0.100013,0.119622,-1.5708,0,0,0;
5.54, 0.128227,0.0834336,0.119438,-1.5708,0,0,0;
5.55, 0.132,0.0666213,0.119299,-1.5708,0,0,0;
5.56, 0.134721,0.0496531,0.119175,-1.5708,0,0,0;
5.57, 0.136751,0.0325375,0.119091,-1.5708,0,0,0;
5.58, 0.137849,0.015305,0.119022,-1.5708,0,0,0;
5.59, 0.138737,-0.0020299,0.118974,-1.5708,0,0,0;
5.6, 0.138326,-0.0193229,0.118941,-1.5708,0,0,0;
5.61, 0.136901,-0.0366085,0.118921,-1.5708,0,0,0;
5.62, 0.134128,-0.0537922,0.118925,-1.5708,0,0,0;
5.63, 0.132053,-0.0708077,0.118952,-1.5708,0,0,0;
5.64, 0.128779,-0.087605,0.119003,-1.5708,0,0,0;
5.65, 0.123826,-0.104263,0.119101,-1.5708,0,0,0;
5.66, 0.118761,-0.120724,0.119224,-1.5708,0,0,0;
5.67, 0.113095,-0.136848,0.119326,-1.5708,0,0,0;
5.68, 0.106994,-0.152596,0.119454,-1.5708,0,0,0;
5.69, 0.099504,-0.168046,0.119602,-1.5708,0,0,0;
5.7, 0.0910573,-0.183041,0.119785,-1.5708,0,0,0;
5.71, 0.0820956,-0.197635,0.119993,-1.5708,0,0,0;
5.72, 0.071538,-0.211763,0.120209,-1.5708,0,0,0;
5.73, 0.0613647,-0.225309,0.120441,-1.5708,0,0,0;
5.74, 0.0504112,-0.238224,0.120687,-1.5708,0,0,0;
5.75, 0.0392785,-0.250608,0.120951,-1.5708,0,0,0;
5.76, 0.0275545,-0.262442,0.121239,-1.5708,0,0,0;
5.77, 0.0145226,-0.273581,0.121532,-1.5708,0,0,0;
5.78, 0.00130415,-0.284008,0.121823,-1.5708,0,0,0;
5.79, -0.012579,-0.293828,0.122124,-1.5708,0,0,0;
5.8, -0.0270071,-0.302769,0.122468,-1.5708,0,0,0;
5.81, -0.0417767,-0.311108,0.122825,-1.5708,0,0,0;
5.82, -0.0570641,-0.318712,0.123165,-1.5708,0,0,0;
5.83, -0.07268,-0.325487,0.123522,-1.5708,0,0,0;
5.84, -0.088398,-0.331285,0.123887,-1.5708,0,0,0;
5.85, -0.104591,-0.336604,0.124247,-1.5708,0,0,0;
5.86, -0.120772,-0.340998,0.124616,-1.5708,0,0,0;
5.87, -0.137351,-0.344312,0.125007,-1.5708,0,0,0;
5.88, -0.154558,-0.346946,0.125427,-1.5708,0,0,0;
5.89, -0.171594,-0.349144,0.12581,-1.5708,0,0,0;
5.9, -0.187633,-0.350029,0.126227,-1.5708,0,0,0;
5.91, -0.203852,-0.350657,0.126656,-1.5708,0,0,0;
5.92, -0.220047,-0.349845,0.127036,-1.5708,0,0,0;
5.93, -0.23692,-0.348519,0.127361,-1.5708,0,0,0;
5.94, -0.254166,-0.346706,0.12775,-1.5708,0,0,0;
5.95, -0.270372,-0.343304,0.128096,-1.5708,0,0,0;
5.96, -0.286189,-0.340062,0.128546,-1.5708,0,0,0;
5.97, -0.302015,-0.335374,0.128919,-1.5708,0,0,0;
5.98, -0.317344,-0.330699,0.129307,-1.5708,0,0,0;
5.99, -0.331908,-0.324732,0.12964,-1.5708,0,0,0;
6, -0.346706,-0.318468,0.130026,-1.5708,0,0,0;
6.01, -0.361858,-0.311388,0.130427,-1.5708,0,0,0;
6.02, -0.376242,-0.303547,0.13078,-1.5708,0,0,0;
6.03, -0.389655,-0.295229,0.131069,-1.5708,0,0,0;
6.04, -0.402129,-0.286349,0.131332,-1.5708,0,0,0;
6.05, -0.414785,-0.276925,0.131705,-1.5708,0,0,0;
6.06, -0.426399,-0.26693,0.132032,-1.5708,0,0,0;
6.07, -0.43715,-0.255966,0.132264,-1.5708,0,0,0;
6.08, -0.448765,-0.244849,0.132527,-1.5708,0,0,0;
6.09, -0.460632,-0.233936,0.132824,-1.5708,0,0,0;
6.1, -0.469978,-0.222169,0.133096,-1.5708,0,0,0;
6.11, -0.479615,-0.210475,0.133401,-1.5708,0,0,0;
6.12, -0.486679,-0.197714,0.133583,-1.5708,0,0,0;
6.13, -0.495364,-0.184734,0.133718,-1.5708,0,0,0;
6.14, -0.505689,-0.171358,0.133832,-1.5708,0,0,0;
6.15, -0.511499,-0.157586,0.134012,-1.5708,0,0,0;
6.16, -0.517048,-0.143728,0.13415,-1.5708,0,0,0;
6.17, -0.523508,-0.129813,0.134305,-1.5708,0,0,0;
6.18, -0.527544,-0.115395,0.134444,-1.5708,0,0,0;
6.19, -0.533414,-0.100908,0.134583,-1.5708,0,0,0;
6.2, -0.537579,-0.0863626,0.134713,-1.5708,0,0,0;
6.21, -0.542802,-0.071593,0.13471,-1.5708,0,0,0;
6.22, -0.545261,-0.0565662,0.134675,-1.5708,0,0,0;
6.23, -0.547597,-0.0413911,0.134598,-1.5708,0,0,0;
6.24, -0.549743,-0.0261247,0.134588,-1.5708,0,0,0;
6.25, -0.550257,-0.010854,0.134596,-1.5708,0,0,0;
6.26, -0.550263,0.0043025,0.134597,-1.5708,0,0,0;
6.27, -0.550731,0.0197177,0.134613,-1.5708,0,0,0;
6.28, -0.5502,0.0349016,0.13458,-1.5708,0,0,0;
6.29, -0.548371,0.0500865,0.134483,-1.5708,0,0,0;
6.3, -0.546471,0.0651436,0.134306,-1.5708,0,0,0;
6.31, -0.543922,0.0801435,0.134083,-1.5708,0,0,0;
6.32, -0.5406,0.0950336,0.133886,-1.5708,0,0,0;
6.33, -0.536831,0.109841,0.133707,-1.5708,0,0,0;
6.34, -0.532456,0.124534,0.133542,-1.5708,0,0,0;
6.35, -0.527258,0.139039,0.133347,-1.5708,0,0,0;
6.36, -0.522102,0.153325,0.133128,-1.5708,0,0,0;
6.37, -0.516343,0.167328,0.132865,-1.5708,0,0,0;
6.38, -0.509228,0.181029,0.132555,-1.5708,0,0,0;
6.39, -0.50137,0.194501,0.132201,-1.5708,0,0,0;
6.4, -0.493372,0.207628,0.131866,-1.5708,0,0,0;
6.41, -0.484859,0.220517,0.131551,-1.5708,0,0,0;
6.42, -0.475059,0.232926,0.131241,-1.5708,0,0,0;
6.43, -0.46563,0.245,0.130908,-1.5708,0,0,0;
6.44, -0.455027,0.256627,0.130524,-1.5708,0,0,0;
6.45, -0.44451,0.267801,0.130108,-1.5708,0,0,0;
6.46, -0.43317,0.278382,0.129681,-1.5708,0,0,0;
6.47, -0.419949,0.288569,0.129238,-1.5708,0,0,0;
6.48, -0.408062,0.29821,0.128789,-1.5708,0,0,0;
6.49, -0.394347,0.307266,0.128366,-1.5708,0,0,0;
6.5, -0.38042,0.315816,0.127904,-1.5708,0,0,0;
6.51, -0.366049,0.323686,0.127432,-1.5708,0,0,0;
6.52, -0.352101,0.330841,0.126953,-1.5708,0,0,0;
6.53, -0.335818,0.337312,0.126488,-1.5708,0,0,0;
6.54, -0.319689,0.343189,0.125991,-1.5708,0,0,0;
6.55, -0.304707,0.348231,0.125501,-1.5708,0,0,0;
6.56, -0.288594,0.352599,0.125004,-1.5708,0,0,0;
6.57, -0.271397,0.356111,0.124475,-1.5708,0,0,0;
6.58, -0.254537,0.358933,0.123937,-1.5708,0,0,0;
6.59, -0.238631,0.360931,0.123409,-1.5708,0,0,0;
6.6, -0.221261,0.362154,0.122896,-1.5708,0,0,0;
6.61, -0.203249,0.362504,0.122364,-1.5708,0,0,0;
6.62, -0.186131,0.362047,0.121837,-1.5708,0,0,0;
6.63, -0.168208,0.360721,0.121322,-1.5708,0,0,0;
6.64, -0.1515,0.358545,0.120782,-1.5708,0,0,0;
6.65, -0.134086,0.355486,0.120255,-1.5708,0,0,0;
6.66, -0.116883,0.35157,0.119756,-1.5708,0,0,0;
6.67, -0.0994203,0.346647,0.119253,-1.5708,0,0,0;
6.68, -0.0824902,0.341008,0.118711,-1.5708,0,0,0;
6.69, -0.0655115,0.334493,0.118212,-1.5708,0,0,0;
6.7, -0.0493896,0.327106,0.117748,-1.5708,0,0,0;
6.71, -0.0340178,0.318891,0.117288,-1.5708,0,0,0;
6.72, -0.018975,0.309872,0.116851,-1.5708,0,0,0;
6.73, -0.00429702,0.300091,0.116334,-1.5708,0,0,0;
6.74, 0.0101945,0.289545,0.115871,-1.5708,0,0,0;
6.75, 0.0237639,0.278264,0.115356,-1.5708,0,0,0;
6.76, 0.0371678,0.266265,0.114939,-1.5708,0,0,0;
6.77, 0.0499775,0.253613,0.114522,-1.5708,0,0,0;
6.78, 0.0619085,0.24017,0.114098,-1.5708,0,0,0;
6.79, 0.0730469,0.226247,0.11376,-1.5708,0,0,0;
6.8, 0.0837162,0.211645,0.113406,-1.5708,0,0,0;
6.81, 0.0933869,0.196454,0.113065,-1.5708,0,0,0;
6.82, 0.102276,0.180708,0.112731,-1.5708,0,0,0;
6.83, 0.110707,0.164585,0.112436,-1.5708,0,0,0;
6.84, 0.118439,0.147939,0.112133,-1.5708,0,0,0;
6.85, 0.12496,0.130936,0.11185,-1.5708,0,0,0;
6.86, 0.130954,0.113652,0.111574,-1.5708,0,0,0;
6.87, 0.136402,0.0960093,0.111325,-1.5708,0,0,0;
6.88, 0.140696,0.0780177,0.111111,-1.5708,0,0,0;
6.89, 0.143766,0.0598521,0.11092,-1.5708,0,0,0;
6.9, 0.146123,0.0414371,0.110771,-1.5708,0,0,0;
6.91, 0.147852,0.0229588,0.110645,-1.5708,0,0,0;
6.92, 0.148624,0.00438309,0.110541,-1.5708,0,0,0;
6.93, 0.148758,-0.0142334,0.110454,-1.5708,0,0,0;
6.94, 0.148097,-0.0328252,0.110386,-1.5708,0,0,0;
6.95, 0.145892,-0.0513885,0.11033,-1.5708,0,0,0;
6.96, 0.143423,-0.0698035,0.110294,-1.5708,0,0,0;
6.97, 0.139944,-0.0881329,0.110293,-1.5708,0,0,0;
6.98, 0.135483,-0.106278,0.110339,-1.5708,0,0,0;
6.99, 0.130245,-0.124176,0.110394,-1.5708,0,0,0;
7, 0.124316,-0.141765,0.110472,-1.5708,0,0,0;
7.01, 0.116997,-0.159023,0.110576,-1.5708,0,0,0;
7.02, 0.110033,-0.175849,0.110708,-1.5708,0,0,0;
7.03, 0.100748,-0.192264,0.11084,-1.5708,0,0,0;
7.04, 0.0918319,-0.208246,0.110998,-1.5708,0,0,0;
7.05, 0.0820515,-0.223716,0.111173,-1.5708,0,0,0;
7.06, 0.0707529,-0.238624,0.111369,-1.5708,0,0,0;
7.07, 0.0593727,-0.253013,0.111572,-1.5708,0,0,0;
7.08, 0.0469711,-0.266693,0.111814,-1.5708,0,0,0;
7.09, 0.0340087,-0.279821,0.112072,-1.5708,0,0,0;
7.1, 0.0199134,-0.292228,0.112344,-1.5708,0,0,0;
7.11, 0.00539231,-0.303844,0.112628,-1.5708,0,0,0;
7.12, -0.00942826,-0.314737,0.112922,-1.5708,0,0,0;
7.13, -0.0246551,-0.324755,0.113242,-1.5708,0,0,0;
7.14, -0.0408156,-0.334047,0.113568,-1.5708,0,0,0;
7.15, -0.0571616,-0.342388,0.113918,-1.5708,0,0,0;
7.16, -0.0737073,-0.350034,0.114247,-1.5708,0,0,0;
7.17, -0.0907233,-0.356781,0.11461,-1.5708,0,0,0;
7.18, -0.108081,-0.362518,0.114971,-1.5708,0,0,0;
7.19, -0.125875,-0.367471,0.115351,-1.5708,0,0,0;
7.2, -0.144291,-0.371583,0.115715,-1.5708,0,0,0;
7.21, -0.162097,-0.374933,0.11608,-1.5708,0,0,0;
7.22, -0.180352,-0.376969,0.116473,-1.5708,0,0,0;
7.23, -0.199101,-0.378611,0.116863,-1.5708,0,0,0;
7.24, -0.217542,-0.379289,0.117211,-1.5708,0,0,0;
7.25, -0.235374,-0.378716,0.117617,-1.5708,0,0,0;
7.26, -0.253342,-0.377504,0.118018,-1.5708,0,0,0;
7.27, -0.27173,-0.375308,0.118499,-1.5708,0,0,0;
7.28, -0.289679,-0.372235,0.118865,-1.5708,0,0,0;
7.29, -0.306867,-0.368839,0.119187,-1.5708,0,0,0;
7.3, -0.323191,-0.36409,0.119557,-1.5708,0,0,0;
7.31, -0.339859,-0.358828,0.119936,-1.5708,0,0,0;
7.32, -0.357011,-0.352655,0.120329,-1.5708,0,0,0;
7.33, -0.372423,-0.346028,0.120649,-1.5708,0,0,0;
7.34, -0.388987,-0.338553,0.120996,-1.5708,0,0,0;
7.35, -0.404507,-0.330387,0.121322,-1.5708,0,0,0;
7.36, -0.418752,-0.321182,0.121647,-1.5708,0,0,0;
7.37, -0.433126,-0.311586,0.121985,-1.5708,0,0,0;
7.38, -0.446979,-0.301562,0.122296,-1.5708,0,0,0;
7.39, -0.460059,-0.290847,0.122636,-1.5708,0,0,0;
7.4, -0.474102,-0.28011,0.123011,-1.5708,0,0,0;
7.41, -0.485208,-0.268134,0.123398,-1.5708,0,0,0;
7.42, -0.496151,-0.256056,0.123536,-1.5708,0,0,0;
7.43, -0.506849,-0.24361,0.123679,-1.5708,0,0,0;
7.44, -0.515201,-0.230772,0.123864,-1.5708,0,0,0;
7.45, -0.526693,-0.217216,0.124141,-1.5708,0,0,0;
7.46, -0.536282,-0.203142,0.124414,-1.5708,0,0,0;
7.47, -0.545183,-0.188972,0.124596,-1.5708,0,0,0;
7.48, -0.552588,-0.174265,0.124776,-1.5708,0,0,0;
7.49, -0.560572,-0.159744,0.124885,-1.5708,0,0,0;
7.5, -0.567391,-0.144956,0.124967,-1.5708,0,0,0;
7.51, -0.572324,-0.129292,0.125102,-1.5708,0,0,0;
7.52, -0.577388,-0.114024,0.125205,-1.5708,0,0,0;
7.53, -0.582215,-0.0982296,0.125221,-1.5708,0,0,0;
7.54, -0.585984,-0.0824749,0.125313,-1.5708,0,0,0;
7.55, -0.589876,-0.0663514,0.125335,-1.5708,0,0,0;
7.56, -0.593491,-0.0501549,0.125333,-1.5708,0,0,0;
7.57, -0.59543,-0.0336597,0.125303,-1.5708,0,0,0;
7.58, -0.596845,-0.0174387,0.125233,-1.5708,0,0,0;
7.59, -0.598256,-0.00125003,0.125196,-1.5708,0,0,0;
7.6, -0.598428,0.0153017,0.125133,-1.5708,0,0,0;
7.61, -0.598325,0.0317187,0.125063,-1.5708,0,0,0;
7.62, -0.596659,0.0481873,0.124963,-1.5708,0,0,0;
7.63, -0.594884,0.0645304,0.124799,-1.5708,0,0,0;
7.64, -0.592631,0.0807681,0.124607,-1.5708,0,0,0;
7.65, -0.589935,0.0969491,0.124406,-1.5708,0,0,0;
7.66, -0.586502,0.112897,0.124206,-1.5708,0,0,0;
7.67, -0.582936,0.128783,0.123998,-1.5708,0,0,0;
7.68, -0.577997,0.144517,0.123767,-1.5708,0,0,0;
7.69, -0.571845,0.160091,0.123486,-1.5708,0,0,0;
7.7, -0.565571,0.175421,0.123178,-1.5708,0,0,0;
7.71, -0.559229,0.19046,0.122861,-1.5708,0,0,0;
7.72, -0.551501,0.20525,0.122566,-1.5708,0,0,0;
7.73, -0.543929,0.219739,0.122221,-1.5708,0,0,0;
7.74, -0.53453,0.233872,0.121856,-1.5708,0,0,0;
7.75, -0.525005,0.247621,0.121466,-1.5708,0,0,0;
7.76, -0.514582,0.260989,0.121069,-1.5708,0,0,0;
7.77, -0.504553,0.273974,0.120656,-1.5708,0,0,0;
7.78, -0.492595,0.286525,0.120224,-1.5708,0,0,0;
7.79, -0.480675,0.298575,0.11976,-1.5708,0,0,0;
7.8, -0.467432,0.310116,0.119288,-1.5708,0,0,0;
7.81, -0.455028,0.321052,0.118828,-1.5708,0,0,0;
7.82, -0.441242,0.331487,0.118343,-1.5708,0,0,0;
7.83, -0.426656,0.341282,0.117838,-1.5708,0,0,0;
7.84, -0.410553,0.350377,0.117306,-1.5708,0,0,0;
7.85, -0.394734,0.358861,0.116757,-1.5708,0,0,0;
7.86, -0.378885,0.366651,0.116238,-1.5708,0,0,0;
7.87, -0.361898,0.373574,0.115722,-1.5708,0,0,0;
7.88, -0.345343,0.379816,0.115189,-1.5708,0,0,0;
7.89, -0.327044,0.385251,0.114656,-1.5708,0,0,0;
7.9, -0.308912,0.389852,0.114098,-1.5708,0,0,0;
7.91, -0.291356,0.39361,0.113515,-1.5708,0,0,0;
7.92, -0.272107,0.396492,0.11293,-1.5708,0,0,0;
7.93, -0.252843,0.398539,0.112312,-1.5708,0,0,0;
7.94, -0.233545,0.399608,0.111724,-1.5708,0,0,0;
7.95, -0.214936,0.399841,0.111163,-1.5708,0,0,0;
7.96, -0.195478,0.399062,0.110622,-1.5708,0,0,0;
7.97, -0.176041,0.397349,0.110066,-1.5708,0,0,0;
7.98, -0.157259,0.394613,0.109487,-1.5708,0,0,0;
7.99, -0.138276,0.390814,0.108904,-1.5708,0,0,0;
8, -0.119874,0.386261,0.108348,-1.5708,0,0,0;
8.01, -0.100737,0.380658,0.107716,-1.5708,0,0,0;
8.02, -0.081244,0.37411,0.107129,-1.5708,0,0,0;
8.03, -0.0627565,0.366586,0.106554,-1.5708,0,0,0;
8.04, -0.0450172,0.358198,0.106066,-1.5708,0,0,0;
8.05, -0.0273681,0.348834,0.105608,-1.5708,0,0,0;
8.06, -0.0106678,0.338493,0.105151,-1.5708,0,0,0;
8.07, 0.00547981,0.327178,0.104642,-1.5708,0,0,0;
8.08, 0.0205617,0.315048,0.104147,-1.5708,0,0,0;
8.09, 0.0358424,0.302094,0.103622,-1.5708,0,0,0;
8.1, 0.0503817,0.288373,0.103141,-1.5708,0,0,0;
8.11, 0.0640388,0.273911,0.102656,-1.5708,0,0,0;
8.12, 0.0767722,0.258696,0.102237,-1.5708,0,0,0;
8.13, 0.0888138,0.242764,0.101894,-1.5708,0,0,0;
8.14, 0.100432,0.226149,0.101528,-1.5708,0,0,0;
8.15, 0.110983,0.208907,0.10113,-1.5708,0,0,0;
8.16, 0.120351,0.191099,0.10079,-1.5708,0,0,0;
8.17, 0.129232,0.172781,0.10045,-1.5708,0,0,0;
8.18, 0.136872,0.153961,0.100134,-1.5708,0,0,0;
8.19, 0.144066,0.134729,0.0998667,-1.5708,0,0,0;
8.2, 0.149951,0.115077,0.0996099,-1.5708,0,0,0;
8.21, 0.155365,0.0951295,0.0993801,-1.5708,0,0,0;
8.22, 0.159276,0.0748763,0.0991893,-1.5708,0,0,0;
8.23, 0.162263,0.0543337,0.0990217,-1.5708,0,0,0;
8.24, 0.164793,0.0336633,0.0988741,-1.5708,0,0,0;
8.25, 0.165797,0.0129004,0.0987455,-1.5708,0,0,0;
8.26, 0.166451,-0.00792575,0.0986485,-1.5708,0,0,0;
8.27, 0.165486,-0.0288382,0.0985735,-1.5708,0,0,0;
8.28, 0.164011,-0.0496089,0.0985276,-1.5708,0,0,0;
8.29, 0.161707,-0.0703595,0.0985153,-1.5708,0,0,0;
8.3, 0.157259,-0.0909157,0.0985465,-1.5708,0,0,0;
8.31, 0.152965,-0.111334,0.0985886,-1.5708,0,0,0;
8.32, 0.147717,-0.131415,0.0986612,-1.5708,0,0,0;
8.33, 0.14194,-0.151265,0.0987394,-1.5708,0,0,0;
8.34, 0.133988,-0.170731,0.0988653,-1.5708,0,0,0;
8.35, 0.126116,-0.189766,0.0989831,-1.5708,0,0,0;
8.36, 0.117002,-0.208322,0.0991394,-1.5708,0,0,0;
8.37, 0.106695,-0.226335,0.0993461,-1.5708,0,0,0;
8.38, 0.0955639,-0.243792,0.0995837,-1.5708,0,0,0;
8.39, 0.0837555,-0.260666,0.0998237,-1.5708,0,0,0;
8.4, 0.0705042,-0.276819,0.100067,-1.5708,0,0,0;
8.41, 0.0570316,-0.292343,0.100333,-1.5708,0,0,0;
8.42, 0.0426083,-0.307051,0.100613,-1.5708,0,0,0;
8.43, 0.0272617,-0.320998,0.100936,-1.5708,0,0,0;
8.44, 0.0116444,-0.334024,0.101266,-1.5708,0,0,0;
8.45, -0.00457907,-0.346248,0.101624,-1.5708,0,0,0;
8.46, -0.0220532,-0.357552,0.101988,-1.5708,0,0,0;
8.47, -0.0398726,-0.368023,0.10238,-1.5708,0,0,0;
8.48, -0.0585103,-0.377525,0.10275,-1.5708,0,0,0;
8.49, -0.0767989,-0.386013,0.103151,-1.5708,0,0,0;
8.5, -0.0955729,-0.393495,0.10357,-1.5708,0,0,0;
8.51, -0.115183,-0.400196,0.103988,-1.5708,0,0,0;
8.52, -0.135369,-0.405563,0.104425,-1.5708,0,0,0;
8.53, -0.155239,-0.410083,0.104882,-1.5708,0,0,0;
8.54, -0.175189,-0.413578,0.105323,-1.5708,0,0,0;
8.55, -0.195468,-0.416154,0.105708,-1.5708,0,0,0;
8.56, -0.215546,-0.417525,0.106179,-1.5708,0,0,0;
8.57, -0.23572,-0.417849,0.10664,-1.5708,0,0,0;
8.58, -0.25592,-0.41743,0.107087,-1.5708,0,0,0;
8.59, -0.276043,-0.416154,0.107505,-1.5708,0,0,0;
8.6, -0.29648,-0.413823,0.107963,-1.5708,0,0,0;
8.61, -0.316948,-0.410937,0.108392,-1.5708,0,0,0;
8.62, -0.335967,-0.406852,0.108871,-1.5708,0,0,0;
8.63, -0.353475,-0.401402,0.109348,-1.5708,0,0,0;
8.64, -0.371753,-0.395047,0.109845,-1.5708,0,0,0;
8.65, -0.389652,-0.388389,0.110325,-1.5708,0,0,0;
8.66, -0.407848,-0.380526,0.110685,-1.5708,0,0,0;
8.67, -0.424596,-0.372151,0.111021,-1.5708,0,0,0;
8.68, -0.441563,-0.363476,0.111452,-1.5708,0,0,0;
8.69, -0.458219,-0.353608,0.111813,-1.5708,0,0,0;
8.7, -0.473838,-0.342999,0.112191,-1.5708,0,0,0;
8.71, -0.488388,-0.332066,0.112616,-1.5708,0,0,0;
8.72, -0.50205,-0.320395,0.113057,-1.5708,0,0,0;
8.73, -0.516241,-0.308305,0.113503,-1.5708,0,0,0;
8.74, -0.527769,-0.295964,0.11386,-1.5708,0,0,0;
8.75, -0.539918,-0.282925,0.114107,-1.5708,0,0,0;
8.76, -0.551219,-0.26915,0.114314,-1.5708,0,0,0;
8.77, -0.563645,-0.254765,0.114519,-1.5708,0,0,0;
8.78, -0.57289,-0.240054,0.114755,-1.5708,0,0,0;
8.79, -0.582538,-0.225299,0.114945,-1.5708,0,0,0;
8.8, -0.591889,-0.210071,0.115293,-1.5708,0,0,0;
8.81, -0.600639,-0.194498,0.115614,-1.5708,0,0,0;
8.82, -0.60837,-0.178318,0.115834,-1.5708,0,0,0;
8.83, -0.616547,-0.161977,0.115988,-1.5708,0,0,0;
8.84, -0.623767,-0.145786,0.116073,-1.5708,0,0,0;
8.85, -0.629542,-0.129187,0.116172,-1.5708,0,0,0;
8.86, -0.634313,-0.111761,0.116221,-1.5708,0,0,0;
8.87, -0.638928,-0.0945823,0.116348,-1.5708,0,0,0;
8.88, -0.642342,-0.0772028,0.116443,-1.5708,0,0,0;
8.89, -0.644297,-0.0598488,0.116585,-1.5708,0,0,0;
8.9, -0.646605,-0.0426297,0.11666,-1.5708,0,0,0;
8.91, -0.648374,-0.0249379,0.11671,-1.5708,0,0,0;
8.92, -0.649188,-0.00762486,0.116717,-1.5708,0,0,0;
8.93, -0.649699,0.0100191,0.116611,-1.5708,0,0,0;
8.94, -0.649582,0.0274937,0.116502,-1.5708,0,0,0;
8.95, -0.64912,0.0451,0.11639,-1.5708,0,0,0;
8.96, -0.647939,0.0626352,0.116295,-1.5708,0,0,0;
8.97, -0.645716,0.0802348,0.116171,-1.5708,0,0,0;
8.98, -0.642655,0.0977128,0.116037,-1.5708,0,0,0;
8.99, -0.639354,0.115038,0.115874,-1.5708,0,0,0;
9, -0.635336,0.132185,0.115663,-1.5708,0,0,0;
9.01, -0.630273,0.149178,0.115424,-1.5708,0,0,0;
9.02, -0.624451,0.1659,0.115174,-1.5708,0,0,0;
9.03, -0.618112,0.182439,0.114909,-1.5708,0,0,0;
9.04, -0.610943,0.198745,0.114646,-1.5708,0,0,0;
9.05, -0.603635,0.214832,0.114358,-1.5708,0,0,0;
9.06, -0.594559,0.230552,0.114042,-1.5708,0,0,0;
9.07, -0.585568,0.245912,0.113695,-1.5708,0,0,0;
9.08, -0.575878,0.260955,0.11333,-1.5708,0,0,0;
9.09, -0.565805,0.275574,0.112946,-1.5708,0,0,0;
9.1, -0.553695,0.289768,0.112558,-1.5708,0,0,0;
9.11, -0.541327,0.303563,0.112122,-1.5708,0,0,0;
9.12, -0.529083,0.316778,0.11166,-1.5708,0,0,0;
9.13, -0.515827,0.329632,0.111247,-1.5708,0,0,0;
9.14, -0.501564,0.341804,0.110823,-1.5708,0,0,0;
9.15, -0.487131,0.353399,0.110315,-1.5708,0,0,0;
9.16, -0.472668,0.36439,0.109825,-1.5708,0,0,0;
9.17, -0.456612,0.374642,0.109312,-1.5708,0,0,0;
9.18, -0.440058,0.384156,0.108767,-1.5708,0,0,0;
9.19, -0.422979,0.393034,0.108196,-1.5708,0,0,0;
9.2, -0.405031,0.40125,0.107636,-1.5708,0,0,0;
9.21, -0.384912,0.408569,0.107113,-1.5708,0,0,0;
9.22, -0.366316,0.415086,0.106568,-1.5708,0,0,0;
9.23, -0.346386,0.420602,0.106069,-1.5708,0,0,0;
9.24, -0.326995,0.425185,0.10555,-1.5708,0,0,0;
9.25, -0.306636,0.42878,0.105019,-1.5708,0,0,0;
9.26, -0.286642,0.431395,0.104456,-1.5708,0,0,0;
9.27, -0.265851,0.433082,0.103861,-1.5708,0,0,0;
9.28, -0.243901,0.433779,0.103248,-1.5708,0,0,0;
9.29, -0.222435,0.433497,0.102623,-1.5708,0,0,0;
9.3, -0.201282,0.432124,0.102035,-1.5708,0,0,0;
9.31, -0.180026,0.429695,0.10151,-1.5708,0,0,0;
9.32, -0.159821,0.426322,0.101013,-1.5708,0,0,0;
9.33, -0.138835,0.42179,0.100478,-1.5708,0,0,0;
9.34, -0.117739,0.416152,0.0999212,-1.5708,0,0,0;
9.35, -0.0975864,0.409482,0.0993012,-1.5708,0,0,0;
9.36, -0.077781,0.401757,0.0987405,-1.5708,0,0,0;
9.37, -0.0573738,0.392984,0.0981987,-1.5708,0,0,0;
9.38, -0.0379932,0.3832,0.0976324,-1.5708,0,0,0;
9.39, -0.0192306,0.372506,0.097138,-1.5708,0,0,0;
9.4, -0.00146651,0.360709,0.0967405,-1.5708,0,0,0;
9.41, 0.016115,0.347861,0.0962853,-1.5708,0,0,0;
9.42, 0.0326245,0.334024,0.0958241,-1.5708,0,0,0;
9.43, 0.0486438,0.319408,0.095396,-1.5708,0,0,0;
9.44, 0.0637619,0.303969,0.0949502,-1.5708,0,0,0;
9.45, 0.0782053,0.287627,0.0944818,-1.5708,0,0,0;
9.46, 0.0918024,0.270613,0.0941065,-1.5708,0,0,0;
9.47, 0.103824,0.252825,0.0937313,-1.5708,0,0,0;
9.48, 0.115679,0.234231,0.0933846,-1.5708,0,0,0;
9.49, 0.126607,0.215073,0.0930163,-1.5708,0,0,0;
9.5, 0.136561,0.195428,0.092748,-1.5708,0,0,0;
9.51, 0.145556,0.175101,0.0924947,-1.5708,0,0,0;
9.52, 0.15338,0.154265,0.0922665,-1.5708,0,0,0;
9.53, 0.160079,0.133052,0.0920734,-1.5708,0,0,0;
9.54, 0.165923,0.11146,0.091884,-1.5708,0,0,0;
9.55, 0.170503,0.0895627,0.0917078,-1.5708,0,0,0;
9.56, 0.174168,0.0673692,0.0915688,-1.5708,0,0,0;
9.57, 0.176452,0.04514,0.0914623,-1.5708,0,0,0;
9.58, 0.178537,0.0227053,0.0913813,-1.5708,0,0,0;
9.59, 0.179415,0.000331163,0.0913304,-1.5708,0,0,0;
9.6, 0.179104,-0.022413,0.0913096,-1.5708,0,0,0;
9.61, 0.177905,-0.0449996,0.0913167,-1.5708,0,0,0;
9.62, 0.174957,-0.0674045,0.0913616,-1.5708,0,0,0;
9.63, 0.170958,-0.0896418,0.0914302,-1.5708,0,0,0;
9.64, 0.167206,-0.111587,0.0915194,-1.5708,0,0,0;
9.65, 0.161254,-0.133343,0.0916503,-1.5708,0,0,0;
9.66, 0.154426,-0.154703,0.0918086,-1.5708,0,0,0;
9.67, 0.147058,-0.175733,0.0920021,-1.5708,0,0,0;
9.68, 0.138768,-0.196229,0.0922042,-1.5708,0,0,0;
9.69, 0.128777,-0.21625,0.092446,-1.5708,0,0,0;
9.7, 0.118562,-0.235598,0.0926863,-1.5708,0,0,0;
9.71, 0.106884,-0.254282,0.0929684,-1.5708,0,0,0;
9.72, 0.0938222,-0.272392,0.0932682,-1.5708,0,0,0;
9.73, 0.0804741,-0.289811,0.0935955,-1.5708,0,0,0;
9.74, 0.0664089,-0.306408,0.093948,-1.5708,0,0,0;
9.75, 0.050802,-0.322125,0.0943418,-1.5708,0,0,0;
9.76, 0.0347693,-0.336979,0.0947502,-1.5708,0,0,0;
9.77, 0.017791,-0.350958,0.0951751,-1.5708,0,0,0;
9.78, 0.000647306,-0.363971,0.0955954,-1.5708,0,0,0;
9.79, -0.0172112,-0.376046,0.0960294,-1.5708,0,0,0;
9.8, -0.0354059,-0.387144,0.0964653,-1.5708,0,0,0;
9.81, -0.0549548,-0.397202,0.0969267,-1.5708,0,0,0;
9.82, -0.0749133,-0.406206,0.0973789,-1.5708,0,0,0;
9.83, -0.0949876,-0.414038,0.0978518,-1.5708,0,0,0;
9.84, -0.115666,-0.420844,0.0983683,-1.5708,0,0,0;
9.85, -0.136437,-0.426791,0.0989075,-1.5708,0,0,0;
9.86, -0.157916,-0.431502,0.0994343,-1.5708,0,0,0;
9.87, -0.178834,-0.435165,0.0999417,-1.5708,0,0,0;
9.88, -0.200467,-0.437883,0.100459,-1.5708,0,0,0;
9.89, -0.221664,-0.439063,0.100954,-1.5708,0,0,0;
9.9, -0.243052,-0.439473,0.101481,-1.5708,0,0,0;
9.91, -0.263961,-0.438755,0.102072,-1.5708,0,0,0;
9.92, -0.285288,-0.437347,0.102696,-1.5708,0,0,0;
9.93, -0.305534,-0.434731,0.103215,-1.5708,0,0,0;
9.94, -0.326076,-0.430954,0.103695,-1.5708,0,0,0;
9.95, -0.345857,-0.426,0.104197,-1.5708,0,0,0;
9.96, -0.364795,-0.420506,0.104703,-1.5708,0,0,0;
9.97, -0.384948,-0.414376,0.105265,-1.5708,0,0,0;
9.98, -0.403633,-0.40718,0.10582,-1.5708,0,0,0;
9.99, -0.421428,-0.39945,0.106337,-1.5708,0,0,0;
