0, 0.93978, 0.341781, 0.000176303, -0.341781, 0.93978, 0.000154047, -0.000113035, -0.000205028, 1; 
0.01, 0.939779, 0.341781, 0.000995969, -0.341781, 0.93978, -0.000378973, -0.00106552, 1.57482e-05, 0.999999; 
0.02, 0.939767, 0.341781, -0.00495383, -0.341791, 0.939775, -0.00144871, 0.00416035, 0.00305463, 0.999987; 
0.03, 0.939608, 0.34177, -0.0181443, -0.341876, 0.93974, -0.00300577, 0.0160237, 0.00902737, 0.999831; 
0.04, 0.93903, 0.341726, -0.0380194, -0.342192, 0.939609, -0.00628951, 0.0335741, 0.018916, 0.999257; 
0.05, 0.937821, 0.341631, -0.0614754, -0.342849, 0.939335, -0.010175, 0.0542699, 0.0306191, 0.998057; 
0.06, 0.935931, 0.34147, -0.0862081, -0.343923, 0.938879, -0.0149571, 0.0758316, 0.0436477, 0.996165; 
0.07, 0.933438, 0.341228, -0.110714, -0.345459, 0.938199, -0.0209941, 0.0967081, 0.0578438, 0.993631; 
0.08, 0.930548, 0.340901, -0.133672, -0.347423, 0.937284, -0.0282241, 0.115667, 0.0727045, 0.990624; 
0.09, 0.927693, 0.340494, -0.153134, -0.34967, 0.936151, -0.0367821, 0.130832, 0.0876687, 0.987521; 
0.1, 0.925414, 0.340041, -0.167274, -0.351898, 0.934891, -0.0463303, 0.140629, 0.101738, 0.984821; 
0.11, 0.924098, 0.339603, -0.175248, -0.353728, 0.933675, -0.0559226, 0.144634, 0.113668, 0.982935; 
0.12, 0.923837, 0.339225, -0.177348, -0.354939, 0.932624, -0.0650502, 0.143332, 0.123043, 0.981996; 
0.13, 0.924345, 0.338887, -0.175331, -0.355628, 0.931689, -0.0740599, 0.138256, 0.13081, 0.98172; 
0.14, 0.92535, 0.338554, -0.170612, -0.355941, 0.930766, -0.0835543, 0.130512, 0.138045, 0.981789; 
0.15, 0.926602, 0.338201, -0.164403, -0.355982, 0.929787, -0.093666, 0.121182, 0.145316, 0.981936; 
0.16, 0.927999, 0.33784, -0.157105, -0.35573, 0.928786, -0.103982, 0.110788, 0.152382, 0.982092; 
0.17, 0.9295, 0.337456, -0.14884, -0.355188, 0.927723, -0.114764, 0.0993543, 0.159539, 0.982179; 
0.18, 0.931091, 0.33705, -0.139523, -0.354307, 0.926601, -0.126005, 0.0868124, 0.166756, 0.982169; 
0.19, 0.932763, 0.336695, -0.128805, -0.352971, 0.925616, -0.136549, 0.0732487, 0.172832, 0.982224; 
0.2, 0.934468, 0.336445, -0.11651, -0.351162, 0.924925, -0.145597, 0.0587782, 0.17697, 0.98246; 
0.21, 0.936114, 0.336205, -0.103227, -0.349008, 0.924262, -0.154702, 0.0433974, 0.180846, 0.982554; 
0.22, 0.937636, 0.335965, -0.0892593, -0.346541, 0.923598, -0.16394, 0.0273617, 0.184648, 0.982424; 
0.23, 0.939021, 0.335917, -0.0734782, -0.343697, 0.923464, -0.170548, 0.0105647, 0.185402, 0.982606; 
0.24, 0.940181, 0.335911, -0.0567787, -0.340605, 0.923449, -0.17672, -0.00692997, 0.185488, 0.982622; 
0.25, 0.941058, 0.335895, -0.0397984, -0.337337, 0.923403, -0.183112, -0.0247562, 0.185744, 0.982286; 
0.26, 0.941638, 0.335915, -0.0219014, -0.33383, 0.923461, -0.189149, -0.0433131, 0.185421, 0.981704; 
0.27, 0.941843, 0.336037, -0.00319739, -0.330256, 0.923797, -0.193729, -0.0621464, 0.183519, 0.98105; 
0.28, 0.941659, 0.336192, 0.0158943, -0.32663, 0.924226, -0.197784, -0.0811835, 0.181054, 0.980117; 
0.29, 0.941047, 0.336418, 0.0354108, -0.323076, 0.92485, -0.200686, -0.100264, 0.177415, 0.979015; 
0.3, 0.940006, 0.336686, 0.0550596, -0.319647, 0.925591, -0.202747, -0.119225, 0.172984, 0.977682; 
0.31, 0.938477, 0.33705, 0.0752217, -0.316509, 0.926601, -0.20306, -0.138142, 0.166759, 0.976273; 
0.32, 0.936492, 0.337437, 0.0954953, -0.313587, 0.92767, -0.202712, -0.15699, 0.159892, 0.974571; 
0.33, 0.934099, 0.337794, 0.115563, -0.310771, 0.928659, -0.20252, -0.175728, 0.15326, 0.972436; 
0.34, 0.931214, 0.338221, 0.135822, -0.308463, 0.929842, -0.200611, -0.194144, 0.144916, 0.97021; 
0.35, 0.927865, 0.338638, 0.156173, -0.306385, 0.930998, -0.198419, -0.212589, 0.136257, 0.967595; 
0.36, 0.924049, 0.339092, 0.176494, -0.304904, 0.932256, -0.194763, -0.23058, 0.126157, 0.964841; 
0.37, 0.919801, 0.339548, 0.196658, -0.303962, 0.93352, -0.190125, -0.248141, 0.115101, 0.961862; 
0.38, 0.915158, 0.340013, 0.216512, -0.303797, 0.934812, -0.183942, -0.264941, 0.102561, 0.958795; 
0.39, 0.910175, 0.340446, 0.235964, -0.304233, 0.936016, -0.176964, -0.281112, 0.0892803, 0.955513; 
0.4, 0.904943, 0.34082, 0.254795, -0.30511, 0.937059, -0.169789, -0.296625, 0.0759086, 0.951972; 
0.41, 0.899425, 0.341154, 0.27322, -0.306694, 0.93799, -0.161594, -0.311406, 0.061547, 0.948282; 
0.42, 0.893646, 0.341434, 0.291238, -0.309069, 0.938778, -0.152221, -0.325382, 0.0460186, 0.944462; 
0.43, 0.887712, 0.341636, 0.30863, -0.312013, 0.93935, -0.142368, -0.33855, 0.0300853, 0.940467; 
0.44, 0.88164, 0.341756, 0.325445, -0.315712, 0.939696, -0.13152, -0.350767, 0.0132061, 0.93637; 
0.45, 0.875441, 0.341776, 0.341747, -0.320132, 0.93977, -0.11978, -0.362102, -0.00454373, 0.932127; 
0.46, 0.869188, 0.341681, 0.357445, -0.325318, 0.939528, -0.107029, -0.372399, -0.0232546, 0.927781; 
0.47, 0.863114, 0.341471, 0.372063, -0.330813, 0.938969, -0.0943407, -0.381571, -0.0416568, 0.923401; 
0.48, 0.857097, 0.341118, 0.386035, -0.337153, 0.938018, -0.0803094, -0.389503, -0.0613199, 0.918982; 
0.49, 0.85117, 0.340626, 0.399354, -0.343902, 0.936686, -0.0659579, -0.396536, -0.0811974, 0.914421; 
0.5, 0.845573, 0.339999, 0.41159, -0.350958, 0.934983, -0.0513447, -0.402287, -0.101035, 0.909922; 
0.51, 0.840279, 0.339212, 0.422926, -0.358503, 0.932838, -0.035909, -0.406702, -0.121446, 0.905452; 
0.52, 0.835083, 0.338268, 0.433833, -0.366333, 0.930265, -0.0201922, -0.41041, -0.142065, 0.900767; 
0.53, 0.830447, 0.337149, 0.443496, -0.374529, 0.927208, -0.00356321, -0.412414, -0.163143, 0.896269; 
0.54, 0.826349, 0.335979, 0.451958, -0.382178, 0.924013, 0.0118661, -0.413628, -0.182534, 0.89196; 
0.55, 0.822371, 0.334576, 0.46018, -0.390452, 0.920174, 0.0287467, -0.413828, -0.203319, 0.88736; 
0.56, 0.818978, 0.333016, 0.467307, -0.398734, 0.915907, 0.0461002, -0.412658, -0.224086, 0.882892; 
0.57, 0.816036, 0.331282, 0.473643, -0.407049, 0.911161, 0.0640042, -0.410362, -0.245026, 0.878388; 
0.58, 0.813617, 0.329375, 0.479104, -0.415304, 0.905938, 0.0824574, -0.406879, -0.266063, 0.873877; 
0.59, 0.811719, 0.327497, 0.483589, -0.4227, 0.900793, 0.0994779, -0.403035, -0.285161, 0.869624; 
0.6, 0.810764, 0.325577, 0.486478, -0.429489, 0.895533, 0.116448, -0.397745, -0.303349, 0.865898; 
0.61, 0.809801, 0.323462, 0.489484, -0.436371, 0.889737, 0.133973, -0.392177, -0.322088, 0.861659; 
0.62, 0.809764, 0.321354, 0.490931, -0.44245, 0.88396, 0.151173, -0.385384, -0.339627, 0.857982; 
0.63, 0.810207, 0.319043, 0.491708, -0.448412, 0.877624, 0.169421, -0.377482, -0.357754, 0.854119; 
0.64, 0.811279, 0.31667, 0.491474, -0.453768, 0.871116, 0.187755, -0.368674, -0.375337, 0.850413; 
0.65, 0.812573, 0.314212, 0.490914, -0.458709, 0.864373, 0.206021, -0.359599, -0.392594, 0.846498; 
0.66, 0.81468, 0.311989, 0.488835, -0.462331, 0.858278, 0.222731, -0.350067, -0.407458, 0.843464; 
0.67, 0.816463, 0.309227, 0.487613, -0.466673, 0.850701, 0.241918, -0.340005, -0.425073, 0.838874; 
0.68, 0.819305, 0.306611, 0.484489, -0.469704, 0.843523, 0.260476, -0.328813, -0.440976, 0.835118; 
0.69, 0.822473, 0.304029, 0.480733, -0.471999, 0.83644, 0.278543, -0.317419, -0.455999, 0.83145; 
0.7, 0.825927, 0.301263, 0.476534, -0.4739, 0.82885, 0.297366, -0.30539, -0.471432, 0.827338; 
0.71, 0.83031, 0.299153, 0.470205, -0.473853, 0.82306, 0.313106, -0.29334, -0.482783, 0.82515; 
0.72, 0.834901, 0.297195, 0.463265, -0.473072, 0.817688, 0.328009, -0.281324, -0.493013, 0.823283; 
0.73, 0.839533, 0.295367, 0.456007, -0.471735, 0.81267, 0.342102, -0.269538, -0.50232, 0.821598; 
0.74, 0.844722, 0.293418, 0.447605, -0.469711, 0.80732, 0.35722, -0.256546, -0.511997, 0.819782; 
0.75, 0.849596, 0.291111, 0.439819, -0.467839, 0.800988, 0.373557, -0.243544, -0.523137, 0.81671; 
0.76, 0.854688, 0.288764, 0.431422, -0.465341, 0.794545, 0.390072, -0.230146, -0.534147, 0.813461; 
0.77, 0.860132, 0.28672, 0.421858, -0.461801, 0.788934, 0.405367, -0.216592, -0.543484, 0.810995; 
0.78, 0.865906, 0.284702, 0.41128, -0.457428, 0.783396, 0.420773, -0.2024, -0.552481, 0.808578; 
0.79, 0.871643, 0.282735, 0.400374, -0.45254, 0.777996, 0.435808, -0.188271, -0.561055, 0.806084; 
0.8, 0.877218, 0.28123, 0.3891, -0.447082, 0.773863, 0.448613, -0.174947, -0.567491, 0.804579; 
0.81, 0.882809, 0.27949, 0.377537, -0.441235, 0.769086, 0.462404, -0.161122, -0.574797, 0.802277; 
0.82, 0.888288, 0.278176, 0.365462, -0.434849, 0.765479, 0.474287, -0.147819, -0.580224, 0.800931; 
0.83, 0.894169, 0.277035, 0.351729, -0.427362, 0.762347, 0.485993, -0.133503, -0.584875, 0.800061; 
0.84, 0.899756, 0.275639, 0.338323, -0.419788, 0.758515, 0.49843, -0.119237, -0.590489, 0.798189; 
0.85, 0.905174, 0.274469, 0.324541, -0.411818, 0.755302, 0.509829, -0.105194, -0.595136, 0.79671; 
0.86, 0.910401, 0.273622, 0.310325, -0.403498, 0.752977, 0.519821, -0.0914335, -0.598461, 0.795917; 
0.87, 0.915404, 0.272705, 0.296088, -0.394969, 0.750458, 0.529918, -0.0776908, -0.602034, 0.794681; 
0.88, 0.920408, 0.272255, 0.280583, -0.385745, 0.749222, 0.538392, -0.0636396, -0.603774, 0.794611; 
0.89, 0.925238, 0.271675, 0.264815, -0.376171, 0.747632, 0.547304, -0.0492951, -0.606002, 0.793934; 
0.9, 0.929747, 0.271241, 0.248995, -0.366512, 0.74644, 0.555425, -0.0352056, -0.607664, 0.793413; 
0.91, 0.933989, 0.270942, 0.232929, -0.356676, 0.745618, 0.562882, -0.021168, -0.608805, 0.793037; 
0.92, 0.938001, 0.270785, 0.216401, -0.346562, 0.745187, 0.56973, -0.00698485, -0.609403, 0.792829; 
0.93, 0.941749, 0.270823, 0.199407, -0.336236, 0.745291, 0.575749, 0.00730973, -0.609259, 0.792937; 
0.94, 0.945115, 0.271042, 0.182464, -0.32604, 0.745893, 0.580811, 0.0213253, -0.608424, 0.793325; 
0.95, 0.948144, 0.271262, 0.165652, -0.315887, 0.746497, 0.585625, 0.0351989, -0.607584, 0.793475; 
0.96, 0.950882, 0.271623, 0.148474, -0.305616, 0.747489, 0.589796, 0.0492196, -0.606202, 0.793786; 
0.97, 0.953267, 0.272397, 0.130701, -0.295411, 0.749613, 0.592295, 0.0633639, -0.603225, 0.79505; 
0.98, 0.955297, 0.273148, 0.113123, -0.285339, 0.751677, 0.594612, 0.0773854, -0.60031, 0.796015; 
0.99, 0.956972, 0.273999, 0.0955435, -0.275424, 0.754012, 0.596329, 0.0913525, -0.596985, 0.797034; 
1, 0.958299, 0.274941, 0.0779209, -0.265654, 0.756597, 0.597485, 0.105318, -0.593269, 0.798085; 
1.01, 0.95924, 0.276108, 0.0601877, -0.256195, 0.759802, 0.597549, 0.119257, -0.588613, 0.79957; 
1.02, 0.959844, 0.277288, 0.0425551, -0.246917, 0.763043, 0.597325, 0.13316, -0.583846, 0.800869; 
1.03, 0.960062, 0.278682, 0.024855, -0.238033, 0.766868, 0.596031, 0.147042, -0.578143, 0.802576; 
1.04, 0.959937, 0.28012, 0.00736777, -0.229494, 0.770818, 0.594283, 0.160791, -0.572165, 0.804222; 
1.05, 0.959473, 0.281622, -0.00998523, -0.221297, 0.774941, 0.592025, 0.174465, -0.565823, 0.805858; 
1.06, 0.958568, 0.283537, -0.0274553, -0.213941, 0.780199, 0.587808, 0.188086, -0.55758, 0.808534; 
1.07, 0.957417, 0.285269, -0.0444286, -0.20678, 0.784953, 0.58403, 0.20148, -0.549973, 0.810515; 
1.08, 0.955865, 0.28726, -0.0616703, -0.200188, 0.790418, 0.578934, 0.21505, -0.541037, 0.813039; 
1.09, 0.954154, 0.288993, -0.0779338, -0.193913, 0.795174, 0.57454, 0.228009, -0.533087, 0.814758; 
1.1, 0.951991, 0.291155, -0.0945628, -0.188585, 0.801108, 0.568033, 0.24114, -0.522929, 0.817555; 
1.11, 0.949511, 0.293455, -0.110969, -0.18403, 0.807421, 0.560539, 0.254092, -0.511816, 0.820659; 
1.12, 0.946696, 0.295944, -0.127215, -0.180396, 0.814254, 0.551767, 0.266878, -0.499407, 0.824238; 
1.13, 0.943739, 0.298264, -0.142813, -0.177132, 0.82062, 0.54333, 0.279251, -0.487465, 0.827283; 
1.14, 0.940693, 0.300493, -0.157481, -0.174557, 0.826737, 0.534823, 0.290906, -0.475615, 0.830159; 
1.15, 0.93735, 0.302873, -0.172171, -0.172779, 0.833269, 0.525177, 0.302526, -0.462527, 0.833395; 
1.16, 0.933772, 0.305395, -0.186558, -0.17204, 0.840189, 0.514281, 0.313803, -0.448126, 0.837085; 
1.17, 0.930021, 0.307974, -0.200533, -0.172224, 0.847264, 0.502476, 0.324654, -0.432777, 0.841013; 
1.18, 0.926314, 0.310371, -0.21357, -0.172885, 0.853839, 0.490989, 0.334743, -0.417887, 0.844581; 
1.19, 0.922545, 0.312762, -0.226033, -0.174367, 0.860399, 0.478862, 0.344249, -0.402359, 0.848292; 
1.2, 0.918525, 0.315327, -0.238497, -0.177054, 0.867434, 0.464983, 0.353502, -0.384872, 0.85259; 
1.21, 0.914543, 0.317763, -0.250275, -0.18029, 0.874114, 0.451021, 0.362086, -0.367356, 0.856705; 
1.22, 0.910673, 0.320081, -0.261194, -0.184163, 0.880468, 0.436875, 0.369808, -0.349748, 0.860766; 
1.23, 0.907023, 0.322232, -0.271065, -0.188519, 0.886366, 0.422867, 0.376524, -0.332449, 0.864701; 
1.24, 0.9034, 0.324363, -0.28046, -0.193686, 0.892207, 0.407986, 0.382564, -0.314253, 0.868844; 
1.25, 0.899754, 0.326546, -0.289501, -0.200021, 0.898189, 0.391469, 0.387859, -0.294319, 0.873465; 
1.26, 0.896417, 0.328515, -0.297513, -0.206576, 0.903583, 0.375319, 0.392125, -0.274983, 0.877851; 
1.27, 0.893324, 0.330351, -0.304696, -0.213591, 0.908611, 0.358895, 0.395411, -0.255529, 0.882244; 
1.28, 0.890469, 0.332075, -0.311113, -0.221133, 0.913332, 0.341942, 0.3977, -0.235691, 0.886727; 
1.29, 0.887759, 0.33375, -0.317009, -0.229516, 0.917917, 0.323653, 0.399007, -0.214567, 0.89149; 
1.3, 0.885457, 0.335239, -0.321839, -0.238068, 0.921987, 0.305389, 0.39911, -0.19379, 0.89619; 
1.31, 0.883596, 0.336541, -0.325573, -0.24668, 0.925548, 0.287244, 0.398003, -0.173496, 0.900829; 
1.32, 0.882124, 0.337692, -0.328361, -0.255446, 0.928693, 0.268842, 0.395733, -0.153273, 0.905485; 
1.33, 0.880984, 0.338706, -0.330372, -0.264365, 0.931459, 0.249989, 0.392401, -0.132898, 0.910143; 
1.34, 0.880331, 0.339545, -0.33125, -0.27307, 0.933745, 0.231413, 0.387879, -0.113266, 0.914725; 
1.35, 0.880056, 0.340245, -0.331263, -0.281719, 0.935651, 0.212585, 0.382277, -0.0937635, 0.919278; 
1.36, 0.880129, 0.340821, -0.330475, -0.290422, 0.937214, 0.193093, 0.375536, -0.0739697, 0.923851; 
1.37, 0.88069, 0.341242, -0.32854, -0.298649, 0.938354, 0.174069, 0.367686, -0.0551828, 0.928311; 
1.38, 0.881612, 0.341542, -0.325746, -0.306673, 0.939158, 0.154706, 0.358765, -0.0364931, 0.932714; 
1.39, 0.882988, 0.341716, -0.321811, -0.314193, 0.939618, 0.135649, 0.348732, -0.0186654, 0.937037; 
1.4, 0.884702, 0.34178, -0.316999, -0.32123, 0.939779, 0.116735, 0.337807, -0.00144556, 0.941214; 
1.41, 0.886788, 0.341747, -0.311152, -0.32774, 0.939671, 0.0980054, 0.325874, 0.0150667, 0.945293; 
1.42, 0.889185, 0.341624, -0.304371, -0.33381, 0.939316, 0.0790938, 0.312921, 0.0312732, 0.949264; 
1.43, 0.891915, 0.341428, -0.296505, -0.339176, 0.938761, 0.0607194, 0.299079, 0.0464108, 0.953099; 
1.44, 0.894954, 0.341171, -0.287505, -0.343889, 0.93804, 0.04267, 0.284249, 0.0606819, 0.956828; 
1.45, 0.898158, 0.340864, -0.277711, -0.347947, 0.937181, 0.0249879, 0.268783, 0.0741856, 0.96034; 
1.46, 0.901529, 0.340512, -0.267014, -0.351384, 0.936201, 0.00750754, 0.252535, 0.0870562, 0.963663; 
1.47, 0.905073, 0.340154, -0.255223, -0.353992, 0.935206, -0.008911, 0.235655, 0.098412, 0.966841; 
1.48, 0.908675, 0.339772, -0.24262, -0.356011, 0.934143, -0.0251525, 0.218096, 0.109231, 0.969795; 
1.49, 0.912249, 0.339379, -0.229399, -0.357408, 0.933051, -0.0409219, 0.200153, 0.11932, 0.972472; 
1.5, 0.915834, 0.338976, -0.215275, -0.358207, 0.931933, -0.0564665, 0.181481, 0.128827, 0.97492; 
1.51, 0.919388, 0.338621, -0.200157, -0.358254, 0.930949, -0.070623, 0.162421, 0.136637, 0.977215; 
1.52, 0.922814, 0.338269, -0.184363, -0.357778, 0.929974, -0.0845168, 0.142863, 0.143954, 0.979218; 
1.53, 0.926104, 0.337971, -0.167654, -0.356686, 0.92915, -0.0972366, 0.122912, 0.149851, 0.981039; 
1.54, 0.929126, 0.337682, -0.150653, -0.355176, 0.928349, -0.109631, 0.102839, 0.155369, 0.982489; 
1.55, 0.931919, 0.337448, -0.132873, -0.353172, 0.9277, -0.121001, 0.0824348, 0.15969, 0.983719; 
1.56, 0.934423, 0.337255, -0.114507, -0.350765, 0.927168, -0.131617, 0.061779, 0.163151, 0.984665; 
1.57, 0.936606, 0.337163, -0.095346, -0.347978, 0.926911, -0.140524, 0.0409977, 0.164794, 0.985476; 
1.58, 0.938399, 0.337079, -0.0760619, -0.344964, 0.926679, -0.14922, 0.0201862, 0.166266, 0.985874; 
1.59, 0.939818, 0.337045, -0.0560583, -0.341674, 0.926586, -0.157154, -0.00102514, 0.16685, 0.985982; 
1.6, 0.940775, 0.337069, -0.0364248, -0.338351, 0.926652, -0.163811, -0.0214625, 0.166434, 0.985819; 
1.61, 0.941308, 0.337156, -0.0162661, -0.334919, 0.926892, -0.169411, -0.0420409, 0.164916, 0.985411; 
1.62, 0.941391, 0.337292, 0.00412368, -0.33147, 0.92727, -0.174062, -0.0625335, 0.162494, 0.984726; 
1.63, 0.941008, 0.337479, 0.0247396, -0.328065, 0.927787, -0.177719, -0.0829295, 0.159119, 0.98377; 
1.64, 0.940146, 0.337719, 0.045521, -0.324791, 0.928452, -0.180243, -0.103136, 0.15467, 0.982568; 
1.65, 0.938803, 0.338014, 0.0663046, -0.321764, 0.929268, -0.181464, -0.122952, 0.149024, 0.98116; 
1.66, 0.937001, 0.338316, 0.0870115, -0.318904, 0.930104, -0.182227, -0.14258, 0.142999, 0.979399; 
1.67, 0.934722, 0.338682, 0.107651, -0.316505, 0.931119, -0.181221, -0.161612, 0.135319, 0.977533; 
1.68, 0.932059, 0.339005, 0.127831, -0.31422, 0.932015, -0.180594, -0.180363, 0.128157, 0.975215; 
1.69, 0.928958, 0.339375, 0.147854, -0.312493, 0.933042, -0.178273, -0.198455, 0.119405, 0.972809; 
1.7, 0.925392, 0.339791, 0.167903, -0.311453, 0.934196, -0.173998, -0.215978, 0.108723, 0.970326; 
1.71, 0.921539, 0.340146, 0.18726, -0.310603, 0.935183, -0.170171, -0.233006, 0.0986554, 0.967458; 
1.72, 0.91731, 0.34052, 0.206371, -0.310532, 0.936221, -0.164498, -0.249224, 0.0868111, 0.964547; 
1.73, 0.912798, 0.340859, 0.224976, -0.310982, 0.937167, -0.158139, -0.264744, 0.0743858, 0.961446; 
1.74, 0.907987, 0.341172, 0.243231, -0.312167, 0.938042, -0.150431, -0.279484, 0.060661, 0.958232; 
1.75, 0.903023, 0.341423, 0.26073, -0.31383, 0.938748, -0.142351, -0.293362, 0.0467214, 0.954859; 
1.76, 0.897851, 0.34162, 0.277776, -0.316208, 0.939304, -0.133119, -0.306392, 0.0316865, 0.951378; 
1.77, 0.892604, 0.34174, 0.294062, -0.319013, 0.939648, -0.123658, -0.318574, 0.0165682, 0.947753; 
1.78, 0.887234, 0.341781, 0.309841, -0.322543, 0.939779, -0.113051, -0.329821, 0.00036553, 0.944043; 
1.79, 0.881891, 0.341733, 0.324786, -0.326465, 0.939663, -0.102243, -0.340129, -0.0158639, 0.940245; 
1.8, 0.876536, 0.341584, 0.339123, -0.331045, 0.939272, -0.0904319, -0.349418, -0.032998, 0.936386; 
1.81, 0.871307, 0.341332, 0.352586, -0.336029, 0.938596, -0.0782473, -0.357644, -0.0503015, 0.932502; 
1.82, 0.866141, 0.34096, 0.365439, -0.341574, 0.93759, -0.0652066, -0.364865, -0.0683463, 0.928549; 
1.83, 0.861211, 0.340473, 0.377352, -0.347438, 0.93627, -0.0518262, -0.370949, -0.0864733, 0.924618; 
1.84, 0.85655, 0.339863, 0.38835, -0.353638, 0.934613, -0.0379349, -0.375849, -0.104842, 0.920731; 
1.85, 0.85203, 0.33912, 0.398801, -0.360172, 0.932589, -0.0235278, -0.379896, -0.12359, 0.916736; 
1.86, 0.847809, 0.338265, 0.408408, -0.366797, 0.930257, -0.00905835, -0.382988, -0.142123, 0.912755; 
1.87, 0.843848, 0.337228, 0.417371, -0.37395, 0.927424, 0.00671738, -0.384815, -0.161744, 0.908711; 
1.88, 0.84029, 0.336068, 0.425406, -0.381103, 0.924256, 0.0226233, -0.385581, -0.181134, 0.90472; 
1.89, 0.837158, 0.334795, 0.432527, -0.388182, 0.920774, 0.0386087, -0.385334, -0.200221, 0.900794; 
1.9, 0.834454, 0.33342, 0.438768, -0.395109, 0.917011, 0.0545868, -0.384155, -0.218911, 0.896941; 
1.91, 0.832206, 0.331911, 0.44415, -0.401996, 0.912883, 0.0710283, -0.381881, -0.237656, 0.893133; 
1.92, 0.830528, 0.330325, 0.448451, -0.40855, 0.908541, 0.0874069, -0.378563, -0.255808, 0.889523; 
1.93, 0.829256, 0.328646, 0.452024, -0.414853, 0.903943, 0.103849, -0.374474, -0.27364, 0.88594; 
1.94, 0.828526, 0.326833, 0.454671, -0.420981, 0.898973, 0.120922, -0.369216, -0.291595, 0.882413; 
1.95, 0.828078, 0.324979, 0.456811, -0.426667, 0.893894, 0.137511, -0.363652, -0.308776, 0.878871; 
1.96, 0.82816, 0.323082, 0.458006, -0.431864, 0.888695, 0.153997, -0.357274, -0.32533, 0.875509; 
1.97, 0.828819, 0.321105, 0.458203, -0.436633, 0.883275, 0.170811, -0.349872, -0.341638, 0.872281; 
1.98, 0.829604, 0.318996, 0.458257, -0.441228, 0.877493, 0.187947, -0.342163, -0.358117, 0.868721; 
1.99, 0.831044, 0.316983, 0.457043, -0.444916, 0.871973, 0.204235, -0.33379, -0.373074, 0.865679; 
2, 0.832847, 0.314876, 0.455213, -0.448225, 0.866196, 0.220905, -0.324746, -0.388018, 0.862544; 
2.01, 0.834993, 0.312671, 0.452795, -0.451131, 0.860148, 0.237963, -0.315066, -0.402968, 0.859273; 
2.02, 0.837579, 0.310484, 0.449513, -0.453351, 0.854149, 0.254758, -0.304852, -0.417167, 0.856176; 
2.03, 0.840807, 0.308463, 0.444853, -0.454534, 0.848606, 0.270678, -0.29401, -0.429789, 0.853721; 
2.04, 0.844263, 0.30653, 0.439612, -0.455067, 0.843302, 0.285931, -0.283079, -0.441454, 0.85146; 
2.05, 0.847828, 0.304598, 0.434059, -0.455157, 0.838001, 0.300976, -0.272065, -0.452741, 0.849121; 
2.06, 0.851783, 0.302701, 0.427596, -0.454562, 0.832795, 0.315953, -0.260461, -0.463493, 0.846956; 
2.07, 0.855893, 0.300722, 0.420729, -0.453552, 0.827366, 0.331294, -0.248469, -0.474375, 0.84453; 
2.08, 0.859864, 0.298468, 0.414188, -0.45252, 0.821179, 0.347694, -0.236347, -0.486398, 0.841164; 
2.09, 0.864537, 0.296801, 0.405567, -0.449945, 0.816606, 0.361529, -0.223886, -0.495038, 0.839531; 
2.1, 0.869027, 0.29462, 0.397481, -0.44754, 0.81062, 0.377627, -0.21095, -0.506056, 0.836306; 
2.11, 0.874051, 0.293431, 0.387212, -0.443476, 0.807356, 0.389238, -0.198404, -0.511933, 0.835799; 
2.12, 0.8789, 0.291796, 0.377346, -0.439492, 0.802868, 0.402803, -0.185423, -0.519864, 0.833882; 
2.13, 0.88379, 0.290236, 0.366985, -0.434989, 0.798588, 0.415983, -0.172336, -0.527276, 0.832034; 
2.14, 0.888908, 0.289064, 0.355366, -0.42959, 0.79537, 0.427596, -0.159045, -0.532755, 0.83119; 
2.15, 0.893802, 0.287667, 0.344043, -0.424117, 0.791536, 0.439995, -0.14575, -0.539183, 0.829481; 
2.16, 0.89861, 0.286478, 0.332312, -0.418217, 0.78827, 0.451358, -0.132648, -0.544573, 0.828157; 
2.17, 0.903448, 0.285523, 0.319779, -0.411738, 0.785651, 0.461763, -0.11939, -0.548843, 0.827355; 
2.18, 0.908233, 0.284314, 0.307047, -0.404909, 0.782332, 0.473293, -0.105649, -0.554186, 0.825661; 
2.19, 0.91293, 0.283409, 0.293664, -0.397613, 0.779845, 0.483472, -0.0919921, -0.558141, 0.824631; 
2.2, 0.917536, 0.282846, 0.279511, -0.389862, 0.7783, 0.492196, -0.0783276, -0.560578, 0.824389; 
2.21, 0.92179, 0.282365, 0.265657, -0.382175, 0.776981, 0.500242, -0.0651594, -0.562645, 0.824127; 
2.22, 0.925967, 0.281926, 0.251203, -0.374062, 0.775776, 0.508182, -0.0516073, -0.564525, 0.823801; 
2.23, 0.929965, 0.28155, 0.236421, -0.365685, 0.774742, 0.5158, -0.0379421, -0.566132, 0.823441; 
2.24, 0.933765, 0.281322, 0.221228, -0.357068, 0.774116, 0.52273, -0.0242007, -0.5671, 0.823293; 
2.25, 0.93728, 0.281023, 0.206234, -0.348416, 0.773296, 0.529735, -0.0106126, -0.568365, 0.822708; 
2.26, 0.940605, 0.280955, 0.190595, -0.339488, 0.773109, 0.535771, 0.00317706, -0.568653, 0.822571; 
2.27, 0.943614, 0.281063, 0.174918, -0.330625, 0.773406, 0.540861, 0.016733, -0.568196, 0.822723; 
2.28, 0.946322, 0.2814, 0.159024, -0.321813, 0.774332, 0.544835, 0.0301796, -0.566766, 0.823326; 
2.29, 0.94878, 0.281715, 0.143015, -0.312896, 0.775196, 0.548787, 0.0437371, -0.565427, 0.823638; 
2.3, 0.95092, 0.28239, 0.126517, -0.30408, 0.777048, 0.551119, 0.0573203, -0.562541, 0.82478; 
2.31, 0.952758, 0.28302, 0.110232, -0.295367, 0.778779, 0.55341, 0.07078, -0.559825, 0.825582; 
2.32, 0.954304, 0.283805, 0.093585, -0.286666, 0.780933, 0.554947, 0.0844131, -0.556416, 0.826605; 
2.33, 0.955502, 0.284732, 0.0771007, -0.278304, 0.783479, 0.555615, 0.0977947, -0.552348, 0.827857; 
2.34, 0.956407, 0.285631, 0.0608334, -0.270099, 0.785946, 0.556179, 0.11105, -0.548364, 0.828833; 
2.35, 0.956976, 0.286751, 0.0443888, -0.262196, 0.789022, 0.555606, 0.124297, -0.54334, 0.83026; 
2.36, 0.957242, 0.287929, 0.0280266, -0.254539, 0.792253, 0.554567, 0.137472, -0.537989, 0.831667; 
2.37, 0.957197, 0.289195, 0.0118275, -0.247244, 0.795731, 0.552886, 0.150481, -0.532145, 0.833173; 
2.38, 0.956816, 0.29066, -0.00453519, -0.24034, 0.799751, 0.550122, 0.163526, -0.525276, 0.835072; 
2.39, 0.956123, 0.292226, -0.020797, -0.233857, 0.804049, 0.546641, 0.176464, -0.517792, 0.837109; 
2.4, 0.955172, 0.293772, -0.0366758, -0.227751, 0.808294, 0.542947, 0.189148, -0.510254, 0.838966; 
2.41, 0.953903, 0.295483, -0.0525176, -0.222201, 0.812988, 0.538216, 0.20173, -0.501737, 0.841169; 
2.42, 0.952373, 0.297242, -0.068066, -0.217158, 0.817817, 0.532934, 0.214076, -0.492771, 0.843415; 
2.43, 0.950614, 0.299008, -0.083224, -0.2126, 0.822663, 0.527283, 0.226127, -0.483549, 0.845604; 
2.44, 0.948582, 0.300901, -0.0982449, -0.208678, 0.827855, 0.520681, 0.238006, -0.473407, 0.84808; 
2.45, 0.946281, 0.302933, -0.11307, -0.20551, 0.833432, 0.512988, 0.249637, -0.462193, 0.850917; 
2.46, 0.943802, 0.30496, -0.127423, -0.202931, 0.838995, 0.504882, 0.260876, -0.450651, 0.853731; 
2.47, 0.941128, 0.307025, -0.141471, -0.200973, 0.84466, 0.496145, 0.271824, -0.438504, 0.856636; 
2.48, 0.938231, 0.30921, -0.155279, -0.199872, 0.850654, 0.486251, 0.282442, -0.42518, 0.859912; 
2.49, 0.935275, 0.311281, -0.16842, -0.199211, 0.856335, 0.476451, 0.292534, -0.412061, 0.862919; 
2.5, 0.932204, 0.313382, -0.181071, -0.199319, 0.862098, 0.465895, 0.302104, -0.398219, 0.866115; 
2.51, 0.929066, 0.315451, -0.1932, -0.200038, 0.867773, 0.454923, 0.311159, -0.384006, 0.869321; 
2.52, 0.925731, 0.317651, -0.205232, -0.201743, 0.873805, 0.442452, 0.319878, -0.368188, 0.872992; 
2.53, 0.922593, 0.319586, -0.216073, -0.203598, 0.879113, 0.430939, 0.327675, -0.353589, 0.87613; 
2.54, 0.91931, 0.321647, -0.226743, -0.206515, 0.884763, 0.417787, 0.334994, -0.33725, 0.879796; 
2.55, 0.916204, 0.323512, -0.236455, -0.209645, 0.889874, 0.405182, 0.341496, -0.321658, 0.883129; 
2.56, 0.913077, 0.3254, -0.245774, -0.213598, 0.895049, 0.391488, 0.34737, -0.304962, 0.886754; 
2.57, 0.910078, 0.327164, -0.254404, -0.217888, 0.899883, 0.377803, 0.352537, -0.288399, 0.890249; 
2.58, 0.907162, 0.328907, -0.262447, -0.222928, 0.904656, 0.363181, 0.356877, -0.270957, 0.893992; 
2.59, 0.904383, 0.330581, -0.26983, -0.228554, 0.909241, 0.347914, 0.360354, -0.252977, 0.897857; 
2.6, 0.901707, 0.332233, -0.27667, -0.234997, 0.913763, 0.331382, 0.362906, -0.233793, 0.90202; 
2.61, 0.899302, 0.33371, -0.282655, -0.241539, 0.917807, 0.315103, 0.364575, -0.2151, 0.905989; 
2.62, 0.89732, 0.33498, -0.287411, -0.247966, 0.921281, 0.29959, 0.365143, -0.19756, 0.909747; 
2.63, 0.895524, 0.336185, -0.291577, -0.254884, 0.924574, 0.283192, 0.364789, -0.179286, 0.913666; 
2.64, 0.893907, 0.337314, -0.295213, -0.262257, 0.927659, 0.265838, 0.363528, -0.160213, 0.917703; 
2.65, 0.892708, 0.338266, -0.297739, -0.269428, 0.930258, 0.249056, 0.361221, -0.142115, 0.921587; 
2.66, 0.891891, 0.339086, -0.29925, -0.276591, 0.932496, 0.23227, 0.357808, -0.12439, 0.925473; 
2.67, 0.891308, 0.339811, -0.300163, -0.283918, 0.934471, 0.214834, 0.353497, -0.106261, 0.929381; 
2.68, 0.891039, 0.34042, -0.300273, -0.291209, 0.936126, 0.197144, 0.348206, -0.0882209, 0.933258; 
2.69, 0.891169, 0.340893, -0.29935, -0.298139, 0.937409, 0.179937, 0.341953, -0.0711062, 0.937023; 
2.7, 0.89157, 0.341271, -0.297721, -0.30509, 0.938432, 0.162066, 0.334699, -0.0536616, 0.940796; 
2.71, 0.892313, 0.341535, -0.295181, -0.311646, 0.939141, 0.144536, 0.326581, -0.0369796, 0.944445; 
2.72, 0.893434, 0.3417, -0.291577, -0.317849, 0.939576, 0.127155, 0.317408, -0.0209271, 0.948058; 
2.73, 0.894821, 0.341775, -0.287203, -0.323676, 0.939767, 0.109873, 0.307456, -0.00535607, 0.951547; 
2.74, 0.896518, 0.341769, -0.281868, -0.329055, 0.939736, 0.092839, 0.29661, 0.00951822, 0.954951; 
2.75, 0.898473, 0.341691, -0.275669, -0.334027, 0.939507, 0.0758398, 0.284907, 0.0239409, 0.958256; 
2.76, 0.900672, 0.341553, -0.268575, -0.338465, 0.939112, 0.0592387, 0.272455, 0.0375485, 0.961436; 
2.77, 0.903061, 0.341361, -0.260678, -0.342407, 0.938573, 0.042879, 0.259303, 0.0505358, 0.964473; 
2.78, 0.905652, 0.341134, -0.251837, -0.345744, 0.937936, 0.027154, 0.24547, 0.0624791, 0.967389; 
2.79, 0.908375, 0.340873, -0.242199, -0.348579, 0.937207, 0.0116759, 0.230971, 0.0738194, 0.970156; 
2.8, 0.911155, 0.340573, -0.231964, -0.35099, 0.936371, -0.00389287, 0.215879, 0.084964, 0.972717; 
2.81, 0.914012, 0.340249, -0.220937, -0.352888, 0.935468, -0.0192457, 0.200131, 0.0955568, 0.975098; 
2.82, 0.916953, 0.339945, -0.20889, -0.354077, 0.934624, -0.0332722, 0.183923, 0.104472, 0.977373; 
2.83, 0.919859, 0.339635, -0.196233, -0.354795, 0.933762, -0.0469998, 0.167272, 0.112856, 0.97943; 
2.84, 0.922739, 0.339341, -0.182758, -0.354979, 0.932947, -0.060001, 0.150143, 0.120241, 0.981325; 
2.85, 0.925519, 0.339057, -0.168687, -0.354709, 0.93216, -0.0725222, 0.132655, 0.126956, 0.982998; 
2.86, 0.928168, 0.338799, -0.154012, -0.353983, 0.931445, -0.0842983, 0.114893, 0.132761, 0.984466; 
2.87, 0.930652, 0.338574, -0.138761, -0.352841, 0.93082, -0.0952716, 0.0969047, 0.137625, 0.985733; 
2.88, 0.932931, 0.338375, -0.12305, -0.351342, 0.930269, -0.105635, 0.0787255, 0.141783, 0.986762; 
2.89, 0.934991, 0.338213, -0.106793, -0.349506, 0.929819, -0.115248, 0.06032, 0.145081, 0.987579; 
2.9, 0.936795, 0.338093, -0.0900476, -0.347377, 0.929487, -0.12403, 0.0417644, 0.147471, 0.988184; 
2.91, 0.938313, 0.33802, -0.0728822, -0.345012, 0.929285, -0.131894, 0.0231457, 0.148903, 0.988581; 
2.92, 0.939516, 0.337983, -0.0554749, -0.342476, 0.929184, -0.139024, 0.00455845, 0.149614, 0.988734; 
2.93, 0.940395, 0.338005, -0.0375609, -0.339792, 0.929244, -0.145079, -0.0141343, 0.149195, 0.988707; 
2.94, 0.940926, 0.338041, -0.0196577, -0.337029, 0.929342, -0.150782, -0.0327016, 0.1485, 0.988372; 
2.95, 0.941093, 0.338145, -0.00147297, -0.33427, 0.929632, -0.155073, -0.0510678, 0.14643, 0.987902; 
2.96, 0.940883, 0.338305, 0.0170231, -0.331556, 0.930074, -0.158221, -0.0693595, 0.143223, 0.987257; 
2.97, 0.940312, 0.338474, 0.0353544, -0.328904, 0.930542, -0.160977, -0.0873853, 0.139741, 0.986325; 
2.98, 0.939356, 0.338689, 0.0538487, -0.326406, 0.93114, -0.162597, -0.10521, 0.13516, 0.985222; 
2.99, 0.938045, 0.338914, 0.0721694, -0.324045, 0.931762, -0.163751, -0.122742, 0.13022, 0.983858; 
3, 0.936328, 0.339197, 0.0907497, -0.321997, 0.932547, -0.163323, -0.140027, 0.123703, 0.98239; 
3.01, 0.934275, 0.339484, 0.109001, -0.320215, 0.933344, -0.162267, -0.156823, 0.116699, 0.980708; 
3.02, 0.931875, 0.339785, 0.127106, -0.31876, 0.93418, -0.160311, -0.173211, 0.108874, 0.978849; 
3.03, 0.929126, 0.340105, 0.145098, -0.317747, 0.93507, -0.157105, -0.189109, 0.0998658, 0.976865; 
3.04, 0.926083, 0.340413, 0.162756, -0.317093, 0.935926, -0.153279, -0.204506, 0.0903406, 0.974688; 
3.05, 0.922789, 0.340697, 0.179961, -0.316765, 0.936715, -0.149079, -0.219363, 0.0805632, 0.972311; 
3.06, 0.919206, 0.340978, 0.196964, -0.317006, 0.937498, -0.14354, -0.233597, 0.0695042, 0.969846; 
3.07, 0.915513, 0.341207, 0.213108, -0.317456, 0.938139, -0.138263, -0.247101, 0.0589289, 0.967196; 
3.08, 0.911512, 0.34143, 0.229283, -0.318699, 0.938766, -0.130953, -0.259954, 0.0462937, 0.964511; 
3.09, 0.907413, 0.341598, 0.244769, -0.320252, 0.939241, -0.123553, -0.272103, 0.0337253, 0.961677; 
3.1, 0.903121, 0.34172, 0.260002, -0.322432, 0.93959, -0.114927, -0.283568, 0.0199598, 0.958744; 
3.11, 0.898819, 0.341776, 0.274433, -0.324884, 0.939759, -0.106313, -0.294236, 0.00639747, 0.955711; 
3.12, 0.894354, 0.341764, 0.288665, -0.328227, 0.939741, -0.0956762, -0.303969, -0.00917919, 0.952638; 
3.13, 0.89006, 0.34168, 0.301743, -0.331486, 0.939525, -0.0860805, -0.312907, -0.023407, 0.949495; 
3.14, 0.885572, 0.341498, 0.314868, -0.335641, 0.939042, -0.0744668, -0.321105, -0.039737, 0.94621; 
3.15, 0.881377, 0.341238, 0.326699, -0.339905, 0.938341, -0.0630942, -0.328085, -0.055437, 0.94302; 
3.16, 0.877295, 0.340889, 0.337859, -0.344446, 0.937398, -0.0514058, -0.334232, -0.071276, 0.939792; 
3.17, 0.873189, 0.340426, 0.348784, -0.349473, 0.936143, -0.0387971, -0.33972, -0.0880133, 0.9364; 
3.18, 0.869346, 0.339865, 0.358789, -0.354715, 0.934617, -0.025847, -0.344115, -0.104798, 0.933061; 
3.19, 0.865759, 0.339187, 0.367986, -0.360264, 0.932771, -0.0121807, -0.347378, -0.122026, 0.929752; 
3.2, 0.862431, 0.338417, 0.376413, -0.365852, 0.930672, 0.00150684, -0.349807, -0.139011, 0.926451; 
3.21, 0.859376, 0.337541, 0.384107, -0.371556, 0.92828, 0.0155513, -0.35131, -0.156081, 0.923158; 
3.22, 0.856549, 0.336566, 0.391214, -0.377295, 0.925615, 0.0297557, -0.352099, -0.17309, 0.919819; 
3.23, 0.854092, 0.33549, 0.39746, -0.383028, 0.922675, 0.0442626, -0.351876, -0.190042, 0.916552; 
3.24, 0.852047, 0.334272, 0.402837, -0.388899, 0.919344, 0.0596998, -0.35039, -0.20753, 0.913323; 
3.25, 0.85044, 0.333075, 0.407202, -0.394158, 0.916067, 0.0738927, -0.348412, -0.223343, 0.910344; 
3.26, 0.849, 0.331676, 0.411327, -0.399757, 0.912238, 0.089531, -0.345533, -0.240442, 0.90708; 
3.27, 0.847923, 0.330243, 0.414689, -0.404972, 0.908314, 0.104706, -0.34209, -0.25672, 0.903919; 
3.28, 0.847456, 0.328725, 0.416844, -0.409905, 0.904157, 0.120327, -0.337338, -0.272838, 0.900979; 
3.29, 0.847046, 0.327111, 0.41894, -0.414711, 0.899736, 0.135975, -0.332457, -0.288916, 0.897775; 
3.3, 0.847275, 0.325507, 0.419726, -0.418908, 0.89534, 0.151268, -0.326559, -0.303992, 0.894957; 
3.31, 0.847757, 0.32384, 0.420043, -0.422813, 0.890774, 0.166589, -0.320215, -0.318826, 0.892083; 
3.32, 0.848777, 0.322105, 0.419315, -0.426303, 0.886018, 0.18231, -0.312798, -0.333496, 0.889347; 
3.33, 0.85013, 0.32042, 0.417863, -0.429191, 0.881397, 0.197319, -0.305078, -0.34709, 0.886823; 
3.34, 0.851609, 0.318594, 0.416246, -0.431955, 0.876392, 0.212958, -0.296948, -0.361156, 0.883962; 
3.35, 0.853354, 0.316799, 0.414036, -0.434187, 0.871471, 0.228081, -0.288564, -0.374403, 0.881223; 
3.36, 0.85569, 0.314917, 0.410635, -0.435891, 0.866308, 0.243946, -0.278914, -0.387735, 0.878561; 
3.37, 0.858294, 0.313152, 0.40653, -0.436902, 0.861466, 0.258828, -0.269159, -0.399765, 0.876208; 
3.38, 0.861154, 0.31141, 0.401794, -0.437384, 0.85669, 0.273455, -0.259056, -0.411225, 0.873947; 
3.39, 0.864178, 0.309791, 0.396518, -0.437276, 0.852248, 0.287164, -0.248971, -0.421549, 0.871957; 
3.4, 0.867686, 0.308134, 0.390095, -0.436536, 0.847703, 0.301391, -0.237815, -0.431803, 0.870052; 
3.41, 0.871117, 0.306489, 0.383692, -0.435506, 0.84319, 0.315223, -0.226913, -0.441696, 0.867995; 
3.42, 0.874815, 0.304909, 0.37647, -0.433859, 0.838854, 0.32877, -0.215559, -0.450947, 0.86613; 
3.43, 0.878609, 0.303389, 0.368785, -0.431736, 0.834684, 0.341916, -0.204085, -0.459628, 0.864345; 
3.44, 0.882833, 0.302118, 0.359626, -0.428672, 0.831196, 0.354054, -0.191954, -0.466732, 0.863316; 
3.45, 0.886695, 0.300324, 0.351537, -0.42597, 0.826273, 0.368542, -0.179783, -0.476528, 0.860581; 
3.46, 0.890835, 0.298981, 0.342088, -0.422306, 0.822587, 0.380801, -0.167545, -0.483696, 0.85905; 
3.47, 0.894996, 0.29785, 0.332065, -0.418135, 0.819485, 0.391928, -0.155387, -0.489622, 0.857977; 
3.48, 0.89911, 0.296718, 0.321808, -0.413659, 0.816377, 0.403008, -0.143137, -0.495467, 0.856752; 
3.49, 0.903264, 0.295625, 0.310998, -0.408732, 0.813376, 0.413953, -0.130584, -0.501024, 0.855525; 
3.5, 0.907382, 0.294476, 0.299904, -0.403464, 0.810225, 0.42515, -0.117794, -0.506774, 0.853994; 
3.51, 0.91144, 0.293682, 0.288146, -0.397754, 0.808044, 0.434576, -0.105208, -0.510702, 0.853297; 
3.52, 0.915443, 0.292924, 0.275971, -0.391694, 0.805964, 0.443845, -0.0924099, -0.514411, 0.85255; 
3.53, 0.919368, 0.29235, 0.263238, -0.385276, 0.80439, 0.452238, -0.0795343, -0.517192, 0.852166; 
3.54, 0.923208, 0.29185, 0.250021, -0.378516, 0.803018, 0.460312, -0.0664293, -0.519601, 0.851823; 
3.55, 0.926827, 0.291247, 0.236997, -0.371671, 0.801363, 0.468698, -0.0534135, -0.522487, 0.850973; 
3.56, 0.930346, 0.290987, 0.223121, -0.364465, 0.800649, 0.475527, -0.040269, -0.523724, 0.850935; 
3.57, 0.93362, 0.290592, 0.209546, -0.357226, 0.799564, 0.48279, -0.0272501, -0.525598, 0.850297; 
3.58, 0.936687, 0.290498, 0.19552, -0.349873, 0.799306, 0.488568, -0.0143524, -0.526043, 0.850337; 
3.59, 0.939575, 0.290394, 0.181302, -0.342341, 0.799021, 0.494336, -0.00131191, -0.526533, 0.850154; 
3.6, 0.94225, 0.290475, 0.166701, -0.334703, 0.799242, 0.499186, 0.0117664, -0.526153, 0.850308; 
3.61, 0.944713, 0.290658, 0.151776, -0.326947, 0.799744, 0.503502, 0.024965, -0.525287, 0.850558; 
3.62, 0.946898, 0.290907, 0.136959, -0.319286, 0.800427, 0.507319, 0.0379566, -0.524108, 0.850805; 
3.63, 0.948843, 0.291182, 0.122105, -0.311613, 0.801184, 0.510882, 0.0509317, -0.522797, 0.850934; 
3.64, 0.950512, 0.291708, 0.106929, -0.304053, 0.802628, 0.513167, 0.0638706, -0.520283, 0.851602; 
3.65, 0.951899, 0.292404, 0.0915905, -0.296643, 0.804536, 0.514514, 0.0767578, -0.516935, 0.852576; 
3.66, 0.953014, 0.293166, 0.0762789, -0.289385, 0.806629, 0.51537, 0.0895602, -0.513229, 0.853566; 
3.67, 0.953853, 0.294033, 0.0609024, -0.282302, 0.809008, 0.51557, 0.102324, -0.508971, 0.85468; 
3.68, 0.95442, 0.29496, 0.0456216, -0.275439, 0.811554, 0.51528, 0.114963, -0.50436, 0.855806; 
3.69, 0.954722, 0.295934, 0.0304836, -0.268814, 0.814226, 0.514562, 0.127456, -0.499458, 0.856911; 
3.7, 0.954739, 0.297054, 0.0152691, -0.262496, 0.8173, 0.512949, 0.139894, -0.49374, 0.858284; 
3.71, 0.954507, 0.29819, 0.00022555, -0.256422, 0.820418, 0.51104, 0.152202, -0.487849, 0.859557; 
3.72, 0.953966, 0.299545, -0.0148744, -0.250861, 0.824136, 0.507808, 0.16437, -0.4807, 0.861342; 
3.73, 0.953158, 0.300991, -0.0298933, -0.245699, 0.828104, 0.50386, 0.176412, -0.472914, 0.863268; 
3.74, 0.952118, 0.302451, -0.0446585, -0.240899, 0.832111, 0.499558, 0.188253, -0.46488, 0.865128; 
3.75, 0.950868, 0.303925, -0.058994, -0.236557, 0.836154, 0.494861, 0.199729, -0.456592, 0.866967; 
3.76, 0.949396, 0.305451, -0.0731192, -0.232659, 0.840343, 0.489585, 0.21099, -0.447798, 0.868884; 
3.77, 0.947678, 0.307095, -0.0871715, -0.229311, 0.844851, 0.483367, 0.222086, -0.438087, 0.871067; 
3.78, 0.945805, 0.308695, -0.100801, -0.226337, 0.849241, 0.477034, 0.232862, -0.428366, 0.873085; 
3.79, 0.943715, 0.310411, -0.114221, -0.224042, 0.85395, 0.469653, 0.243325, -0.417629, 0.875431; 
3.8, 0.941484, 0.312128, -0.127213, -0.222265, 0.85866, 0.461846, 0.253388, -0.406546, 0.87779; 
3.81, 0.939071, 0.31393, -0.139975, -0.221167, 0.863602, 0.453075, 0.263116, -0.394512, 0.880415; 
3.82, 0.936584, 0.315668, -0.152198, -0.220491, 0.868368, 0.444209, 0.272386, -0.382481, 0.882901; 
3.83, 0.933992, 0.317413, -0.164036, -0.220378, 0.873155, 0.434781, 0.281234, -0.369932, 0.88547; 
3.84, 0.93133, 0.319161, -0.175385, -0.220878, 0.877947, 0.424761, 0.289546, -0.356854, 0.888155; 
3.85, 0.928503, 0.321046, -0.186578, -0.222336, 0.883115, 0.413128, 0.297403, -0.342107, 0.891355; 
3.86, 0.925794, 0.322734, -0.196844, -0.223953, 0.887741, 0.402195, 0.304549, -0.328266, 0.894143; 
3.87, 0.922964, 0.324524, -0.206933, -0.226488, 0.892648, 0.38972, 0.311192, -0.31283, 0.897383; 
3.88, 0.920262, 0.326149, -0.216207, -0.229196, 0.8971, 0.37773, 0.317155, -0.298057, 0.900319; 
3.89, 0.91754, 0.327811, -0.225078, -0.232721, 0.901654, 0.3645, 0.32243, -0.282063, 0.903593; 
3.9, 0.914977, 0.32933, -0.23315, -0.23645, 0.905814, 0.351557, 0.326968, -0.266538, 0.906669; 
3.91, 0.912573, 0.330756, -0.240439, -0.240551, 0.90972, 0.338444, 0.330674, -0.251017, 0.90975; 
3.92, 0.910164, 0.332213, -0.24746, -0.245455, 0.91371, 0.323861, 0.333697, -0.234026, 0.913169; 
3.93, 0.908077, 0.333467, -0.253367, -0.250244, 0.917142, 0.310206, 0.335817, -0.218287, 0.916285; 
3.94, 0.906022, 0.334736, -0.258992, -0.255789, 0.920612, 0.295033, 0.33719, -0.201059, 0.919716; 
3.95, 0.904241, 0.335857, -0.263721, -0.261355, 0.923677, 0.280203, 0.337701, -0.184447, 0.923005; 
3.96, 0.902624, 0.336911, -0.267884, -0.267301, 0.926559, 0.264649, 0.337373, -0.167273, 0.92639; 
3.97, 0.901308, 0.337823, -0.271145, -0.273162, 0.929049, 0.2495, 0.336193, -0.15081, 0.92964; 
3.98, 0.900221, 0.338648, -0.273715, -0.279217, 0.931301, 0.233915, 0.334126, -0.13415, 0.932933; 
3.99, 0.899412, 0.339369, -0.275475, -0.285313, 0.933267, 0.218197, 0.331141, -0.117653, 0.936218; 
4, 0.89885, 0.339997, -0.276532, -0.29147, 0.934976, 0.20215, 0.327281, -0.101101, 0.939503; 
4.01, 0.898578, 0.340522, -0.276772, -0.297553, 0.936403, 0.186041, 0.322521, -0.0848184, 0.942754; 
4.02, 0.898568, 0.340957, -0.276266, -0.303644, 0.937584, 0.169516, 0.31682, -0.0684356, 0.946013; 
4.03, 0.898911, 0.341284, -0.274746, -0.309379, 0.938465, 0.153519, 0.310233, -0.0529995, 0.949182; 
4.04, 0.89954, 0.341524, -0.272376, -0.314934, 0.939111, 0.137432, 0.302727, -0.0378452, 0.952326; 
4.05, 0.900368, 0.341684, -0.269425, -0.320263, 0.939536, 0.121259, 0.294567, -0.022891, 0.955357; 
4.06, 0.901443, 0.341766, -0.265701, -0.325266, 0.939747, 0.10525, 0.285663, -0.00845328, 0.958293; 
4.07, 0.902834, 0.341778, -0.260918, -0.329846, 0.939767, 0.0896665, 0.275848, 0.00510879, 0.961188; 
4.08, 0.90443, 0.34173, -0.255396, -0.334089, 0.939621, 0.074148, 0.265314, 0.0182633, 0.963989; 
4.09, 0.906224, 0.341629, -0.249093, -0.337924, 0.93933, 0.0588822, 0.254096, 0.030814, 0.966688; 
4.1, 0.90819, 0.341479, -0.242037, -0.341399, 0.938905, 0.0436357, 0.242151, 0.0430017, 0.969285; 
4.11, 0.910305, 0.341289, -0.234237, -0.344442, 0.938371, 0.0286411, 0.229576, 0.0546088, 0.971758; 
4.12, 0.912565, 0.341068, -0.225605, -0.34703, 0.93775, 0.0139556, 0.21632, 0.0655562, 0.974119; 
4.13, 0.914908, 0.340826, -0.216291, -0.349129, 0.937074, -0.000195224, 0.202614, 0.0756922, 0.976329; 
4.14, 0.917305, 0.340563, -0.206323, -0.350805, 0.936342, -0.0141148, 0.188382, 0.0853267, 0.978382; 
4.15, 0.919756, 0.340295, -0.195573, -0.351997, 0.935598, -0.0274656, 0.173631, 0.0941026, 0.980305; 
4.16, 0.922234, 0.340047, -0.18399, -0.352658, 0.934906, -0.0397925, 0.158482, 0.101583, 0.982122; 
4.17, 0.924666, 0.339792, -0.171856, -0.352951, 0.934198, -0.0519549, 0.142894, 0.108698, 0.983751; 
4.18, 0.927022, 0.339543, -0.159191, -0.352857, 0.933507, -0.0636979, 0.126978, 0.115221, 0.985191; 
4.19, 0.929297, 0.339324, -0.145832, -0.352337, 0.9329, -0.0745369, 0.110755, 0.120649, 0.986498; 
4.2, 0.931426, 0.339108, -0.132101, -0.351509, 0.9323, -0.0851962, 0.0942674, 0.125789, 0.987568; 
4.21, 0.933411, 0.338925, -0.117788, -0.350329, 0.931794, -0.0950246, 0.0775475, 0.129961, 0.988482; 
4.22, 0.935208, 0.338769, -0.10306, -0.348861, 0.931361, -0.10422, 0.0606794, 0.133421, 0.9892; 
4.23, 0.936807, 0.338661, -0.0877599, -0.347115, 0.931062, -0.112407, 0.043642, 0.135766, 0.989779; 
4.24, 0.938172, 0.338581, -0.0720881, -0.345157, 0.93084, -0.120012, 0.0264688, 0.137473, 0.990152; 
4.25, 0.93928, 0.338543, -0.0560572, -0.343028, 0.930734, -0.126751, 0.00926357, 0.138284, 0.990349; 
4.26, 0.94011, 0.338549, -0.039708, -0.340778, 0.930752, -0.132557, -0.00791868, 0.138149, 0.99038; 
4.27, 0.940651, 0.338589, -0.0231039, -0.338446, 0.930861, -0.137662, -0.0251042, 0.137311, 0.99021; 
4.28, 0.940889, 0.338656, -0.00637743, -0.336077, 0.931047, -0.142135, -0.0421972, 0.135877, 0.989827; 
4.29, 0.940824, 0.338738, 0.0103519, -0.33369, 0.931273, -0.146223, -0.0591716, 0.134116, 0.989197; 
4.3, 0.940417, 0.338903, 0.027579, -0.331421, 0.931733, -0.148437, -0.076002, 0.130452, 0.988537; 
4.31, 0.939718, 0.339049, 0.0444503, -0.329177, 0.932137, -0.150872, -0.0925869, 0.127145, 0.987553; 
4.32, 0.938686, 0.33924, 0.061529, -0.327092, 0.932665, -0.152138, -0.108997, 0.122685, 0.986442; 
4.33, 0.937313, 0.339478, 0.0787406, -0.325264, 0.933326, -0.152007, -0.125094, 0.116867, 0.985238; 
4.34, 0.935629, 0.339729, 0.0958301, -0.323667, 0.934023, -0.15113, -0.140851, 0.110385, 0.983858; 
4.35, 0.933622, 0.339997, 0.112922, -0.322354, 0.934768, -0.149319, -0.156324, 0.103006, 0.98232; 
4.36, 0.931374, 0.340241, 0.12953, -0.321213, 0.935447, -0.147519, -0.17136, 0.0957887, 0.980541; 
4.37, 0.928856, 0.340493, 0.145916, -0.320425, 0.936148, -0.144759, -0.185888, 0.0877053, 0.978649; 
4.38, 0.926083, 0.340745, 0.16206, -0.320021, 0.93685, -0.141065, -0.199893, 0.0787748, 0.976646; 
4.39, 0.92303, 0.340997, 0.178148, -0.320077, 0.937552, -0.136188, -0.213463, 0.0686848, 0.974534; 
4.4, 0.919783, 0.341222, 0.19382, -0.32049, 0.938181, -0.130774, -0.226461, 0.0581661, 0.972282; 
4.41, 0.916279, 0.341433, 0.209417, -0.321522, 0.938775, -0.123794, -0.238862, 0.0460977, 0.969959; 
4.42, 0.912731, 0.341586, 0.224144, -0.322684, 0.939208, -0.117322, -0.250594, 0.0347554, 0.967468; 
4.43, 0.909072, 0.341699, 0.238391, -0.324231, 0.939529, -0.110268, -0.261654, 0.0229482, 0.964889; 
4.44, 0.905313, 0.341767, 0.2522, -0.326262, 0.939728, -0.102293, -0.27196, 0.0103243, 0.962253; 
4.45, 0.901439, 0.341779, 0.265698, -0.328793, 0.939775, -0.0933703, -0.281608, -0.00319191, 0.959524; 
4.46, 0.89752, 0.341724, 0.278714, -0.331761, 0.939641, -0.0837256, -0.290502, -0.0173212, 0.956717; 
4.47, 0.893626, 0.341597, 0.291107, -0.335109, 0.939306, -0.0735198, -0.298553, -0.0318535, 0.953861; 
4.48, 0.889809, 0.341397, 0.3028, -0.338732, 0.938769, -0.0630322, -0.305779, -0.0464815, 0.950967; 
4.49, 0.886029, 0.341112, 0.313999, -0.342718, 0.938002, -0.0519284, -0.312245, -0.0616031, 0.948002; 
4.5, 0.882381, 0.340733, 0.324506, -0.347092, 0.936976, -0.0400336, -0.317695, -0.0773086, 0.945036; 
4.51, 0.878913, 0.340289, 0.33424, -0.351456, 0.93577, -0.0285221, -0.322477, -0.092402, 0.942056; 
4.52, 0.875579, 0.33974, 0.343421, -0.356179, 0.934278, -0.0161595, -0.32634, -0.10817, 0.939043; 
4.53, 0.872526, 0.33912, 0.351705, -0.36092, 0.932589, -0.00383103, -0.329296, -0.123595, 0.936103; 
4.54, 0.869411, 0.33835, 0.36006, -0.366188, 0.930489, 0.00982129, -0.331708, -0.140388, 0.932878; 
4.55, 0.866664, 0.337505, 0.3674, -0.371388, 0.928182, 0.0234145, -0.333112, -0.156741, 0.929768; 
4.56, 0.864282, 0.336569, 0.373815, -0.376601, 0.925623, 0.0373294, -0.333448, -0.173042, 0.926752; 
4.57, 0.862212, 0.335566, 0.379455, -0.381675, 0.922882, 0.051117, -0.333039, -0.188902, 0.923797; 
4.58, 0.860526, 0.334467, 0.384224, -0.386723, 0.919876, 0.0653728, -0.331573, -0.204843, 0.920923; 
4.59, 0.859124, 0.333284, 0.388367, -0.391667, 0.91664, 0.0797934, -0.329399, -0.220663, 0.918044; 
4.6, 0.858033, 0.332012, 0.391851, -0.396499, 0.913158, 0.0945019, -0.326446, -0.236454, 0.915162; 
4.61, 0.857163, 0.330717, 0.39484, -0.400999, 0.909613, 0.108643, -0.323222, -0.251455, 0.912304; 
4.62, 0.856648, 0.329263, 0.397164, -0.40555, 0.905632, 0.123934, -0.318878, -0.267238, 0.909341; 
4.63, 0.856481, 0.327758, 0.398766, -0.409776, 0.90151, 0.139151, -0.313883, -0.282585, 0.906434; 
4.64, 0.856585, 0.326216, 0.399808, -0.413666, 0.897283, 0.154153, -0.308453, -0.297432, 0.903543; 
4.65, 0.85723, 0.324731, 0.399633, -0.416887, 0.893216, 0.168435, -0.302263, -0.31099, 0.901068; 
4.66, 0.858176, 0.323134, 0.398896, -0.419923, 0.888838, 0.18339, -0.295295, -0.324887, 0.898471; 
4.67, 0.859547, 0.321614, 0.397169, -0.422294, 0.884671, 0.197545, -0.287831, -0.337522, 0.896232; 
4.68, 0.860993, 0.31996, 0.395369, -0.424582, 0.880138, 0.21234, -0.280039, -0.35069, 0.893641; 
4.69, 0.862791, 0.318292, 0.392787, -0.426394, 0.875563, 0.227107, -0.271624, -0.363428, 0.891146; 
4.7, 0.864943, 0.316643, 0.389372, -0.427659, 0.871042, 0.241648, -0.262644, -0.37553, 0.888817; 
4.71, 0.867241, 0.314935, 0.385629, -0.428608, 0.866357, 0.256361, -0.253355, -0.38761, 0.886323; 
4.72, 0.869829, 0.31333, 0.38108, -0.428916, 0.861955, 0.270304, -0.243779, -0.39857, 0.884146; 
4.73, 0.872721, 0.311719, 0.375752, -0.42871, 0.857538, 0.284319, -0.233594, -0.409219, 0.882028; 
4.74, 0.876014, 0.310325, 0.369185, -0.427649, 0.853714, 0.297135, -0.22297, -0.418176, 0.880575; 
4.75, 0.879347, 0.308805, 0.362475, -0.426376, 0.849543, 0.310613, -0.212019, -0.427688, 0.87871; 
4.76, 0.882522, 0.307155, 0.356104, -0.425035, 0.845015, 0.324491, -0.201245, -0.437728, 0.876296; 
4.77, 0.886046, 0.305963, 0.348294, -0.422687, 0.841747, 0.335855, -0.190417, -0.444802, 0.875153; 
4.78, 0.889842, 0.304659, 0.339653, -0.419851, 0.838169, 0.348135, -0.178624, -0.452389, 0.873749; 
4.79, 0.893416, 0.303208, 0.331472, -0.417003, 0.834186, 0.360892, -0.167084, -0.460651, 0.871713; 
4.8, 0.8971, 0.301956, 0.322542, -0.413576, 0.830753, 0.372565, -0.155455, -0.467624, 0.870151; 
4.81, 0.901013, 0.300846, 0.312519, -0.409464, 0.827707, 0.38372, -0.143233, -0.473701, 0.86896; 
4.82, 0.904837, 0.299624, 0.302482, -0.405138, 0.824351, 0.395358, -0.130892, -0.480282, 0.867293; 
4.83, 0.908682, 0.298681, 0.291696, -0.400295, 0.821765, 0.405544, -0.118577, -0.485275, 0.866284; 
4.84, 0.91236, 0.297958, 0.280749, -0.395246, 0.81978, 0.414416, -0.106674, -0.489062, 0.865701; 
4.85, 0.916072, 0.297045, 0.2694, -0.389814, 0.817275, 0.42439, -0.0941109, -0.493787, 0.864475; 
4.86, 0.919674, 0.296373, 0.257611, -0.384088, 0.815432, 0.433067, -0.0817146, -0.497226, 0.863764; 
4.87, 0.923266, 0.295962, 0.244923, -0.377905, 0.814302, 0.440567, -0.0690499, -0.499318, 0.863663; 
4.88, 0.926634, 0.295345, 0.23264, -0.371701, 0.812609, 0.448893, -0.0564668, -0.502432, 0.862771; 
4.89, 0.929918, 0.294709, 0.219997, -0.365171, 0.810863, 0.457331, -0.0436079, -0.505616, 0.861655; 
4.9, 0.933047, 0.29438, 0.206795, -0.35843, 0.809959, 0.464212, -0.030841, -0.507254, 0.861245; 
4.91, 0.935978, 0.294094, 0.19353, -0.35159, 0.809176, 0.470763, -0.0181512, -0.508667, 0.860772; 
4.92, 0.938737, 0.294066, 0.179717, -0.344592, 0.809099, 0.476041, -0.00542102, -0.508806, 0.860864; 
4.93, 0.941318, 0.29396, 0.165857, -0.33744, 0.808809, 0.481624, 0.0074317, -0.509328, 0.860541; 
4.94, 0.943679, 0.294116, 0.151545, -0.330241, 0.809235, 0.48588, 0.0202692, -0.508561, 0.860787; 
4.95, 0.945806, 0.294348, 0.137153, -0.323048, 0.809874, 0.489637, 0.0330469, -0.507409, 0.861071; 
4.96, 0.947684, 0.294718, 0.122622, -0.315915, 0.810889, 0.492602, 0.0457464, -0.505569, 0.861572; 
4.97, 0.949331, 0.295051, 0.108242, -0.308814, 0.811803, 0.495591, 0.0583536, -0.503906, 0.861785; 
4.98, 0.950733, 0.29557, 0.0935104, -0.301763, 0.813228, 0.497593, 0.0710285, -0.501296, 0.862355; 
4.99, 0.951886, 0.296161, 0.0787487, -0.294815, 0.814849, 0.499105, 0.0836472, -0.498308, 0.862956; 
5, 0.952772, 0.296891, 0.0638926, -0.288052, 0.816851, 0.49978, 0.0961893, -0.49458, 0.863793; 
5.01, 0.953393, 0.297719, 0.0490386, -0.281498, 0.819124, 0.499795, 0.10863, -0.490305, 0.864754; 
5.02, 0.953751, 0.298652, 0.0341435, -0.275166, 0.821686, 0.499116, 0.121007, -0.485427, 0.865862; 
5.03, 0.953869, 0.299593, 0.0194389, -0.26904, 0.824267, 0.498199, 0.133234, -0.480446, 0.866845; 
5.04, 0.953708, 0.300696, 0.00470074, -0.263285, 0.827295, 0.49625, 0.145331, -0.474515, 0.868167; 
5.05, 0.953296, 0.301874, -0.00991441, -0.257862, 0.830526, 0.493694, 0.157267, -0.468081, 0.869579; 
5.06, 0.952643, 0.303113, -0.0243813, -0.252784, 0.833926, 0.490579, 0.169033, -0.461183, 0.871056; 
5.07, 0.951758, 0.304401, -0.0386802, -0.248054, 0.83746, 0.48696, 0.180624, -0.453874, 0.872567; 
5.08, 0.950692, 0.305646, -0.0525911, -0.243605, 0.840877, 0.483303, 0.191942, -0.44666, 0.873872; 
5.09, 0.949328, 0.307121, -0.0667383, -0.23973, 0.844923, 0.478157, 0.203241, -0.437928, 0.875735; 
5.1, 0.947805, 0.308559, -0.0803577, -0.236259, 0.848869, 0.472867, 0.214121, -0.4292, 0.877462; 
5.11, 0.946036, 0.310144, -0.0939571, -0.23339, 0.853215, 0.466425, 0.224824, -0.419326, 0.879556; 
5.12, 0.944116, 0.311715, -0.107141, -0.23096, 0.857526, 0.459682, 0.235166, -0.409248, 0.881597; 
5.13, 0.942038, 0.313322, -0.119976, -0.229073, 0.861934, 0.452322, 0.245134, -0.398621, 0.883748; 
5.14, 0.939764, 0.315053, -0.132606, -0.227938, 0.866682, 0.443742, 0.25473, -0.386787, 0.886289; 
5.15, 0.937346, 0.316774, -0.145042, -0.227211, 0.871401, 0.434782, 0.264117, -0.374586, 0.888779; 
5.16, 0.934931, 0.31839, -0.156625, -0.226908, 0.875833, 0.425945, 0.272794, -0.362689, 0.891089; 
5.17, 0.93242, 0.320035, -0.16784, -0.227211, 0.880343, 0.416378, 0.281013, -0.350104, 0.893565; 
5.18, 0.929846, 0.321672, -0.178645, -0.228043, 0.884832, 0.406287, 0.288762, -0.337046, 0.896112; 
5.19, 0.927229, 0.323308, -0.188994, -0.229462, 0.889315, 0.395559, 0.295962, -0.323407, 0.898785; 
5.2, 0.92466, 0.324844, -0.198697, -0.23119, 0.893524, 0.384924, 0.30258, -0.309987, 0.901307; 
5.21, 0.922087, 0.326377, -0.207926, -0.233516, 0.897727, 0.373573, 0.308587, -0.295913, 0.903997; 
5.22, 0.919424, 0.327974, -0.217008, -0.236619, 0.9021, 0.36087, 0.314119, -0.280445, 0.907017; 
5.23, 0.916791, 0.329548, -0.225594, -0.240347, 0.906413, 0.347345, 0.318948, -0.264222, 0.910197; 
5.24, 0.914456, 0.330883, -0.232994, -0.243921, 0.910069, 0.335079, 0.322913, -0.249583, 0.912927; 
5.25, 0.912184, 0.332208, -0.239913, -0.2481, 0.913695, 0.321883, 0.326139, -0.234094, 0.915878; 
5.26, 0.91008, 0.33345, -0.246099, -0.25262, 0.917095, 0.308416, 0.328537, -0.218514, 0.918866; 
5.27, 0.908042, 0.334667, -0.251907, -0.257674, 0.920424, 0.29398, 0.330247, -0.202036, 0.922019; 
5.28, 0.90615, 0.335819, -0.257133, -0.263148, 0.923576, 0.278858, 0.331127, -0.185023, 0.925268; 
5.29, 0.904552, 0.336833, -0.2614, -0.268648, 0.926345, 0.264032, 0.331081, -0.168606, 0.928416; 
5.3, 0.903126, 0.337768, -0.265099, -0.274409, 0.9289, 0.248687, 0.330249, -0.15185, 0.931599; 
5.31, 0.90202, 0.338564, -0.267832, -0.280031, 0.931072, 0.233854, 0.328545, -0.135939, 0.934654; 
5.32, 0.901116, 0.339287, -0.269953, -0.285878, 0.933044, 0.218411, 0.325982, -0.119641, 0.937775; 
5.33, 0.900498, 0.339909, -0.27123, -0.291719, 0.934736, 0.2029, 0.322496, -0.103588, 0.940885; 
5.34, 0.900164, 0.340428, -0.271685, -0.297453, 0.936149, 0.187477, 0.31816, -0.0879471, 0.943949; 
5.35, 0.900061, 0.340864, -0.271481, -0.303186, 0.937333, 0.171714, 0.313, -0.0722441, 0.947002; 
5.36, 0.900225, 0.341211, -0.2705, -0.308801, 0.938271, 0.155854, 0.306981, -0.0567732, 0.950021; 
5.37, 0.900659, 0.341471, -0.26872, -0.31423, 0.93897, 0.139985, 0.30012, -0.0416388, 0.952992; 
5.38, 0.901383, 0.341646, -0.266058, -0.319354, 0.939436, 0.124389, 0.292442, -0.0271559, 0.955898; 
5.39, 0.902323, 0.341749, -0.262717, -0.324284, 0.939704, 0.10861, 0.283993, -0.0128061, 0.958741; 
5.4, 0.903522, 0.341781, -0.258523, -0.328862, 0.939779, 0.0930856, 0.27477, 0.000913603, 0.96151; 
5.41, 0.904967, 0.341752, -0.253457, -0.333119, 0.939683, 0.0776334, 0.2647, 0.0141754, 0.964226; 
5.42, 0.906573, 0.341665, -0.247771, -0.337046, 0.939431, 0.0622095, 0.254018, 0.0271125, 0.966819; 
5.43, 0.908415, 0.341532, -0.241119, -0.340504, 0.939054, 0.047272, 0.242568, 0.0391593, 0.969344; 
5.44, 0.910435, 0.341363, -0.233625, -0.343512, 0.938577, 0.0327448, 0.230453, 0.0504408, 0.971775; 
5.45, 0.912533, 0.341155, -0.225605, -0.346166, 0.937996, 0.0182393, 0.217839, 0.0614527, 0.974048; 
5.46, 0.914774, 0.340924, -0.216703, -0.348371, 0.937348, 0.00407657, 0.204516, 0.0717638, 0.976229; 
5.47, 0.917059, 0.340671, -0.207236, -0.350149, 0.936643, -0.00974746, 0.190786, 0.0815025, 0.978242; 
5.48, 0.91943, 0.340413, -0.196895, -0.351447, 0.935925, -0.0230087, 0.176446, 0.0903531, 0.980155; 
5.49, 0.921817, 0.340149, -0.185884, -0.352322, 0.93519, -0.0358919, 0.161629, 0.0985769, 0.981916; 
5.5, 0.924189, 0.339894, -0.174206, -0.352747, 0.934482, -0.0481026, 0.146442, 0.105906, 0.983534; 
5.51, 0.926506, 0.339643, -0.161956, -0.352785, 0.933784, -0.0599233, 0.130879, 0.112655, 0.984977; 
5.52, 0.92876, 0.33942, -0.148992, -0.352396, 0.933165, -0.0708533, 0.114985, 0.11831, 0.986297; 
5.53, 0.930891, 0.339193, -0.135608, -0.351701, 0.932536, -0.0817502, 0.0987305, 0.123794, 0.987384; 
5.54, 0.932896, 0.339018, -0.121544, -0.350616, 0.93205, -0.0913826, 0.0823047, 0.127866, 0.98837; 
5.55, 0.934722, 0.338852, -0.10712, -0.349265, 0.931589, -0.100773, 0.0656445, 0.131608, 0.989126; 
5.56, 0.936359, 0.338729, -0.0921649, -0.34763, 0.931249, -0.109215, 0.0488341, 0.134304, 0.989736; 
5.57, 0.937777, 0.338636, -0.076813, -0.345772, 0.930991, -0.117038, 0.0318789, 0.136315, 0.990152; 
5.58, 0.938956, 0.338585, -0.0610139, -0.343719, 0.930849, -0.124001, 0.01481, 0.137403, 0.990405; 
5.59, 0.939873, 0.338543, -0.0450296, -0.341516, 0.930734, -0.130767, -0.00235969, 0.138283, 0.99039; 
5.6, 0.940508, 0.338562, -0.0286311, -0.339212, 0.930788, -0.13627, -0.0194864, 0.137875, 0.990258; 
5.61, 0.940845, 0.338629, -0.0118885, -0.336854, 0.930972, -0.140788, -0.0366069, 0.136464, 0.989968; 
5.62, 0.94086, 0.338756, 0.00521783, -0.334524, 0.931324, -0.143976, -0.0536323, 0.133716, 0.989567; 
5.63, 0.940585, 0.338849, 0.0219265, -0.332163, 0.931583, -0.14772, -0.0704811, 0.13166, 0.988786; 
5.64, 0.939987, 0.338994, 0.0388273, -0.329901, 0.931983, -0.150239, -0.0871166, 0.128414, 0.987887; 
5.65, 0.939035, 0.339205, 0.0561503, -0.327834, 0.93257, -0.151121, -0.103625, 0.1235, 0.986919; 
5.66, 0.937777, 0.339413, 0.073305, -0.325871, 0.933147, -0.151806, -0.119929, 0.118472, 0.985688; 
5.67, 0.93621, 0.339635, 0.0903214, -0.324102, 0.933763, -0.151801, -0.135896, 0.112844, 0.984276; 
5.68, 0.934357, 0.339862, 0.107102, -0.322538, 0.934394, -0.151254, -0.151481, 0.10678, 0.982676; 
5.69, 0.932165, 0.340124, 0.124036, -0.321334, 0.93512, -0.149316, -0.166774, 0.0993299, 0.980979; 
5.7, 0.929677, 0.340395, 0.140825, -0.320497, 0.935876, -0.146347, -0.18161, 0.0909216, 0.979158; 
5.71, 0.926924, 0.340657, 0.157369, -0.319975, 0.936605, -0.142782, -0.196032, 0.0819935, 0.977163; 
5.72, 0.923852, 0.340931, 0.173966, -0.320005, 0.937368, -0.137616, -0.209988, 0.071467, 0.975088; 
5.73, 0.920635, 0.341158, 0.189846, -0.320243, 0.938004, -0.13264, -0.223328, 0.0613162, 0.972813; 
5.74, 0.917225, 0.341364, 0.205353, -0.320928, 0.93858, -0.126777, -0.236017, 0.0503799, 0.970442; 
5.75, 0.913669, 0.341531, 0.220378, -0.321926, 0.93905, -0.120617, -0.24814, 0.0392584, 0.967928; 
5.76, 0.909958, 0.341661, 0.235042, -0.323332, 0.93942, -0.113783, -0.259679, 0.027541, 0.965302; 
5.77, 0.90608, 0.34175, 0.249451, -0.325353, 0.939679, -0.105589, -0.270489, 0.0145121, 0.962614; 
5.78, 0.902164, 0.341781, 0.263221, -0.327715, 0.939779, -0.0970509, -0.28054, 0.00129417, 0.959841; 
5.79, 0.898161, 0.34175, 0.27661, -0.330525, 0.939707, -0.087777, -0.28993, -0.0125886, 0.956965; 
5.8, 0.894182, 0.341648, 0.289335, -0.333769, 0.93944, -0.0777888, -0.298389, -0.0270138, 0.954062; 
5.81, 0.890194, 0.341469, 0.301584, -0.337355, 0.938964, -0.0673634, -0.306179, -0.0417745, 0.951057; 
5.82, 0.88624, 0.341206, 0.3133, -0.341329, 0.938256, -0.0563, -0.313165, -0.057043, 0.947984; 
5.83, 0.882394, 0.340855, 0.324343, -0.345623, 0.937306, -0.0447355, -0.319257, -0.072626, 0.944881; 
5.84, 0.878757, 0.340418, 0.334517, -0.350147, 0.93612, -0.0328159, -0.324319, -0.0882928, 0.941818; 
5.85, 0.875147, 0.339879, 0.344385, -0.35497, 0.934655, -0.0203807, -0.328808, -0.10441, 0.938607; 
5.86, 0.871787, 0.339252, 0.353405, -0.35993, 0.932947, -0.00770007, -0.332321, -0.120488, 0.935439; 
5.87, 0.868715, 0.338517, 0.361581, -0.365119, 0.930944, 0.00565161, -0.334698, -0.136929, 0.932324; 
5.88, 0.865781, 0.337656, 0.369339, -0.370572, 0.928594, 0.019735, -0.336302, -0.153953, 0.929085; 
5.89, 0.863002, 0.336705, 0.376639, -0.376019, 0.925997, 0.0337655, -0.337397, -0.170763, 0.925745; 
5.9, 0.860819, 0.335721, 0.382468, -0.381135, 0.923305, 0.0473643, -0.337234, -0.186544, 0.922754; 
5.91, 0.858712, 0.334637, 0.388114, -0.3863, 0.920343, 0.0611662, -0.336729, -0.202453, 0.919579; 
5.92, 0.857172, 0.333468, 0.392499, -0.39135, 0.917143, 0.0754584, -0.334815, -0.218285, 0.916652; 
5.93, 0.855774, 0.332156, 0.39664, -0.396525, 0.913553, 0.090493, -0.332294, -0.234719, 0.913503; 
5.94, 0.854549, 0.330718, 0.400464, -0.401702, 0.909615, 0.105998, -0.329213, -0.251448, 0.910161; 
5.95, 0.854107, 0.329276, 0.40259, -0.40629, 0.905668, 0.121216, -0.3247, -0.2671, 0.907319; 
5.96, 0.853674, 0.327786, 0.404718, -0.410663, 0.901587, 0.136006, -0.320308, -0.282308, 0.904271; 
5.97, 0.853859, 0.326213, 0.405598, -0.414705, 0.897277, 0.151372, -0.314555, -0.297454, 0.90143; 
5.98, 0.854126, 0.324612, 0.406321, -0.418449, 0.892888, 0.166287, -0.30882, -0.312054, 0.898472; 
5.99, 0.85503, 0.32302, 0.405686, -0.421588, 0.888524, 0.181075, -0.301971, -0.325857, 0.895897; 
6, 0.856062, 0.321332, 0.404851, -0.424552, 0.883897, 0.196167, -0.294812, -0.339811, 0.893093; 
6.01, 0.857419, 0.31953, 0.403401, -0.427244, 0.878959, 0.211881, -0.28687, -0.354022, 0.890154; 
6.02, 0.859186, 0.317753, 0.40104, -0.429338, 0.874084, 0.227256, -0.278331, -0.367437, 0.887424; 
6.03, 0.861255, 0.316035, 0.397946, -0.430835, 0.869376, 0.242006, -0.269482, -0.379878, 0.884914; 
6.04, 0.863644, 0.314388, 0.394054, -0.431724, 0.864856, 0.256199, -0.260255, -0.391387, 0.882657; 
6.05, 0.866235, 0.312666, 0.389715, -0.432275, 0.860133, 0.270757, -0.25055, -0.403003, 0.880235; 
6.06, 0.869131, 0.311041, 0.384531, -0.432176, 0.855678, 0.284674, -0.240489, -0.413604, 0.878121; 
6.07, 0.87245, 0.3095, 0.378207, -0.431352, 0.851451, 0.298273, -0.229709, -0.423368, 0.876352; 
6.08, 0.875732, 0.307795, 0.371962, -0.4304, 0.846774, 0.312618, -0.218745, -0.433862, 0.874022; 
6.09, 0.878895, 0.306011, 0.365926, -0.429286, 0.841877, 0.327043, -0.207986, -0.444523, 0.871287; 
6.1, 0.882511, 0.304575, 0.358342, -0.427137, 0.837937, 0.339728, -0.196795, -0.452875, 0.869584; 
6.11, 0.886029, 0.303066, 0.350861, -0.424818, 0.833797, 0.352578, -0.185693, -0.461446, 0.867517; 
6.12, 0.890014, 0.301942, 0.341622, -0.42144, 0.830714, 0.363734, -0.173963, -0.467702, 0.866598; 
6.13, 0.893893, 0.30054, 0.332612, -0.418005, 0.826866, 0.37625, -0.161948, -0.475361, 0.864757; 
6.14, 0.897734, 0.298844, 0.323675, -0.414387, 0.822211, 0.390196, -0.149521, -0.484419, 0.861964; 
6.15, 0.901835, 0.297875, 0.312994, -0.409723, 0.819552, 0.400576, -0.137193, -0.489494, 0.861147; 
6.16, 0.905849, 0.296941, 0.302099, -0.404782, 0.816988, 0.410709, -0.124856, -0.494325, 0.860264; 
6.17, 0.909717, 0.295841, 0.291364, -0.39971, 0.813971, 0.421525, -0.112458, -0.49993, 0.858734; 
6.18, 0.913686, 0.295148, 0.279403, -0.393969, 0.812068, 0.430504, -0.0998318, -0.503421, 0.858254; 
6.19, 0.917463, 0.294131, 0.267858, -0.388171, 0.809277, 0.440901, -0.0870887, -0.508485, 0.856655; 
6.2, 0.921157, 0.293404, 0.255704, -0.382007, 0.807281, 0.449853, -0.0744366, -0.512066, 0.855714; 
6.21, 0.924723, 0.292484, 0.243598, -0.375623, 0.804757, 0.459646, -0.0615983, -0.516546, 0.854041; 
6.22, 0.928239, 0.292048, 0.230393, -0.368785, 0.803561, 0.467212, -0.0486864, -0.51865, 0.853599; 
6.23, 0.9316, 0.291633, 0.216962, -0.361731, 0.802421, 0.474628, -0.0356776, -0.520645, 0.853027; 
6.24, 0.934787, 0.29125, 0.20334, -0.354488, 0.801369, 0.481815, -0.022622, -0.522476, 0.852354; 
6.25, 0.937781, 0.291158, 0.189192, -0.347094, 0.801116, 0.487584, -0.00960091, -0.522915, 0.852331; 
6.26, 0.940541, 0.291156, 0.174959, -0.339664, 0.801113, 0.492794, 0.00331804, -0.52292, 0.852375; 
6.27, 0.943129, 0.291073, 0.160576, -0.33202, 0.800883, 0.498346, 0.0164518, -0.523319, 0.851978; 
6.28, 0.945453, 0.291168, 0.146083, -0.32443, 0.801144, 0.502904, 0.0293955, -0.522866, 0.851908; 
6.29, 0.947535, 0.291495, 0.131179, -0.31683, 0.802041, 0.506308, 0.0423755, -0.521306, 0.852317; 
6.3, 0.949367, 0.291833, 0.116344, -0.30927, 0.802971, 0.5095, 0.055268, -0.519684, 0.852569; 
6.31, 0.950946, 0.292286, 0.101349, -0.301757, 0.804213, 0.51204, 0.0681556, -0.517505, 0.852962; 
6.32, 0.952257, 0.292873, 0.086211, -0.294353, 0.805824, 0.513813, 0.081011, -0.514659, 0.853559; 
6.33, 0.953308, 0.293534, 0.071003, -0.287046, 0.80764, 0.515094, 0.0938529, -0.511424, 0.854188; 
6.34, 0.954089, 0.294298, 0.0557136, -0.279887, 0.809735, 0.515745, 0.106669, -0.507659, 0.854929; 
6.35, 0.954584, 0.295197, 0.0403516, -0.272961, 0.812203, 0.515576, 0.119423, -0.503175, 0.855893; 
6.36, 0.95483, 0.296081, 0.0252046, -0.266209, 0.81463, 0.515277, 0.132032, -0.498712, 0.856653; 
6.37, 0.954805, 0.29706, 0.0101476, -0.25975, 0.817315, 0.51432, 0.14449, -0.493712, 0.857538; 
6.38, 0.954473, 0.298255, -0.00501769, -0.253728, 0.820595, 0.5121, 0.156854, -0.487512, 0.858911; 
6.39, 0.953865, 0.299557, -0.0201804, -0.248055, 0.824169, 0.50913, 0.169146, -0.480636, 0.860453; 
6.4, 0.953023, 0.300864, -0.0350489, -0.242713, 0.827754, 0.505879, 0.181212, -0.473607, 0.861892; 
6.41, 0.951931, 0.302233, -0.049834, -0.237717, 0.831512, 0.502073, 0.193181, -0.466093, 0.863388; 
6.42, 0.950553, 0.303783, -0.0645323, -0.233354, 0.835764, 0.497036, 0.204925, -0.4574, 0.865327; 
6.43, 0.949009, 0.305246, -0.0787898, -0.229252, 0.839779, 0.492153, 0.216394, -0.448995, 0.866935; 
6.44, 0.947205, 0.306859, -0.092957, -0.225781, 0.844205, 0.48615, 0.227654, -0.439495, 0.868917; 
6.45, 0.945251, 0.308425, -0.106655, -0.22269, 0.8485, 0.480058, 0.238559, -0.430024, 0.870729; 
6.46, 0.943106, 0.310075, -0.120023, -0.220249, 0.853027, 0.473111, 0.249083, -0.419759, 0.872789; 
6.47, 0.940664, 0.311949, -0.133565, -0.218638, 0.858167, 0.464487, 0.259517, -0.407723, 0.87545; 
6.48, 0.93824, 0.313587, -0.146182, -0.217155, 0.862659, 0.456796, 0.26935, -0.39684, 0.877478; 
6.49, 0.935573, 0.315421, -0.158784, -0.216598, 0.867692, 0.447433, 0.278905, -0.384214, 0.880108; 
6.5, 0.932813, 0.317224, -0.170965, -0.216528, 0.872634, 0.437749, 0.288055, -0.37132, 0.882693; 
6.51, 0.929985, 0.319019, -0.182635, -0.217077, 0.877557, 0.427517, 0.296659, -0.357938, 0.885367; 
6.52, 0.927205, 0.320699, -0.193504, -0.217999, 0.882162, 0.417452, 0.304578, -0.34488, 0.887857; 
6.53, 0.9242, 0.32258, -0.204442, -0.220061, 0.887321, 0.405259, 0.312135, -0.329551, 0.891049; 
6.54, 0.921227, 0.32436, -0.214783, -0.222505, 0.892199, 0.393031, 0.319113, -0.314281, 0.894089; 
6.55, 0.91847, 0.325938, -0.224004, -0.225092, 0.896522, 0.381553, 0.325187, -0.300023, 0.896794; 
6.56, 0.915665, 0.327552, -0.232955, -0.228425, 0.900946, 0.368942, 0.330727, -0.284614, 0.899785; 
6.57, 0.912872, 0.329182, -0.241462, -0.232543, 0.905411, 0.355184, 0.335542, -0.268087, 0.903073; 
6.58, 0.910233, 0.330686, -0.249246, -0.236914, 0.909528, 0.341513, 0.33963, -0.251807, 0.906226; 
6.59, 0.907872, 0.332018, -0.255995, -0.241351, 0.913175, 0.328424, 0.34281, -0.236382, 0.909178; 
6.6, 0.905511, 0.333376, -0.262509, -0.24658, 0.916893, 0.313855, 0.345324, -0.21947, 0.91246; 
6.61, 0.903285, 0.334679, -0.268451, -0.252338, 0.920457, 0.29847, 0.346989, -0.201863, 0.915887; 
6.62, 0.901375, 0.335816, -0.273405, -0.258065, 0.923568, 0.283594, 0.347744, -0.185068, 0.919143; 
6.63, 0.899609, 0.336902, -0.277851, -0.264292, 0.926534, 0.267739, 0.34764, -0.167426, 0.922559; 
6.64, 0.898233, 0.337816, -0.281171, -0.270314, 0.929032, 0.252647, 0.346565, -0.150931, 0.925803; 
6.65, 0.897039, 0.338669, -0.283945, -0.276724, 0.931359, 0.236633, 0.344594, -0.133694, 0.929183; 
6.66, 0.896136, 0.339411, -0.285905, -0.283172, 0.93338, 0.220488, 0.341694, -0.116627, 0.932547; 
6.67, 0.895516, 0.340061, -0.28707, -0.289797, 0.93515, 0.203747, 0.33774, -0.0992666, 0.93599; 
6.68, 0.895194, 0.340592, -0.287445, -0.29624, 0.936593, 0.187177, 0.33297, -0.0824067, 0.93933; 
6.69, 0.895148, 0.341026, -0.287074, -0.302677, 0.937771, 0.170212, 0.327256, -0.0654746, 0.942665; 
6.7, 0.895477, 0.341348, -0.285662, -0.308787, 0.938639, 0.153648, 0.320581, -0.0493795, 0.945933; 
6.71, 0.896148, 0.341572, -0.283281, -0.314563, 0.93924, 0.1374, 0.313001, -0.0340213, 0.949143; 
6.72, 0.897099, 0.341713, -0.280082, -0.320099, 0.939613, 0.121099, 0.304549, -0.0189839, 0.952307; 
6.73, 0.898312, 0.341777, -0.276086, -0.325346, 0.939771, 0.104786, 0.295271, -0.00430704, 0.955404; 
6.74, 0.89976, 0.341767, -0.271343, -0.330321, 0.93973, 0.0882969, 0.285166, 0.0101843, 0.958424; 
6.75, 0.90149, 0.341693, -0.265635, -0.334798, 0.939512, 0.0723052, 0.274273, 0.0237516, 0.961358; 
6.76, 0.903407, 0.341558, -0.259218, -0.338955, 0.939126, 0.0561361, 0.262612, 0.0371492, 0.964186; 
6.77, 0.905517, 0.341371, -0.252001, -0.342655, 0.938601, 0.0402011, 0.250252, 0.0499467, 0.966892; 
6.78, 0.907855, 0.341147, -0.24376, -0.345828, 0.937972, 0.0247176, 0.237072, 0.0618589, 0.969521; 
6.79, 0.910308, 0.340894, -0.234799, -0.348481, 0.937265, 0.00972298, 0.223383, 0.072972, 0.971995; 
6.8, 0.912876, 0.340612, -0.225036, -0.350686, 0.936479, -0.00513924, 0.208991, 0.0836084, 0.974337; 
6.81, 0.915546, 0.340323, -0.214373, -0.352334, 0.935674, -0.019344, 0.194, 0.0932412, 0.97656; 
6.82, 0.918264, 0.340029, -0.202906, -0.35348, 0.934857, -0.0330676, 0.178444, 0.102088, 0.97864; 
6.83, 0.920947, 0.339726, -0.190901, -0.354192, 0.934014, -0.0465341, 0.162496, 0.110471, 0.980506; 
6.84, 0.92361, 0.339426, -0.178143, -0.354432, 0.933183, -0.0595633, 0.146022, 0.118153, 0.9822; 
6.85, 0.926216, 0.339158, -0.164607, -0.354163, 0.932438, -0.0716114, 0.129198, 0.124625, 0.983756; 
6.86, 0.928693, 0.338898, -0.150593, -0.353505, 0.931719, -0.0832722, 0.112089, 0.13057, 0.985083; 
6.87, 0.931028, 0.338652, -0.136023, -0.352468, 0.931036, -0.0945472, 0.0946238, 0.13597, 0.986184; 
6.88, 0.933211, 0.338451, -0.120701, -0.351021, 0.930478, -0.104857, 0.0768203, 0.140222, 0.987135; 
6.89, 0.935187, 0.338303, -0.104766, -0.34923, 0.930068, -0.114067, 0.0588507, 0.143262, 0.987934; 
6.9, 0.936925, 0.338187, -0.0883245, -0.347161, 0.929748, -0.122668, 0.0406349, 0.145593, 0.98851; 
6.91, 0.938384, 0.338101, -0.0715822, -0.344872, 0.92951, -0.130669, 0.0223571, 0.147304, 0.988839; 
6.92, 0.93955, 0.338063, -0.0544006, -0.342388, 0.929403, -0.137769, 0.00398546, 0.148067, 0.988969; 
6.93, 0.940401, 0.338056, -0.0369464, -0.339763, 0.929384, -0.144244, -0.014425, 0.1482, 0.988852; 
6.94, 0.940918, 0.338089, -0.0192339, -0.337042, 0.929476, -0.149921, -0.0328092, 0.147546, 0.988511; 
6.95, 0.941074, 0.338199, -0.00102065, -0.334307, 0.92978, -0.154105, -0.0511691, 0.145365, 0.988054; 
6.96, 0.940875, 0.338319, 0.0171417, -0.331573, 0.930115, -0.157944, -0.0693792, 0.142922, 0.987299; 
6.97, 0.940299, 0.338486, 0.0355563, -0.328907, 0.930577, -0.16077, -0.0875064, 0.139478, 0.986351; 
6.98, 0.939339, 0.338694, 0.0541131, -0.326376, 0.931153, -0.162583, -0.105453, 0.135059, 0.98521; 
6.99, 0.938001, 0.33893, 0.0726768, -0.324019, 0.931805, -0.163556, -0.123155, 0.129867, 0.983853; 
7, 0.936293, 0.339185, 0.0911534, -0.321873, 0.932513, -0.163759, -0.140546, 0.123987, 0.98228; 
7.01, 0.934187, 0.339483, 0.10975, -0.32008, 0.933342, -0.162547, -0.157616, 0.116721, 0.980578; 
7.02, 0.931795, 0.339751, 0.127781, -0.318437, 0.934084, -0.161507, -0.174231, 0.109801, 0.978564; 
7.03, 0.928969, 0.340082, 0.146156, -0.317402, 0.935003, -0.158194, -0.190455, 0.100568, 0.976531; 
7.04, 0.925887, 0.340372, 0.163951, -0.316557, 0.93581, -0.155087, -0.206214, 0.0916929, 0.974201; 
7.05, 0.922501, 0.340659, 0.181503, -0.316152, 0.936609, -0.151037, -0.221449, 0.0819495, 0.971723; 
7.06, 0.918783, 0.34095, 0.198976, -0.316367, 0.93742, -0.145446, -0.236114, 0.0706839, 0.969151; 
7.07, 0.914853, 0.341199, 0.215933, -0.316913, 0.938117, -0.139651, -0.250219, 0.0593278, 0.96637; 
7.08, 0.910698, 0.34142, 0.232511, -0.31804, 0.938738, -0.132746, -0.263589, 0.0469438, 0.963492; 
7.09, 0.906345, 0.341595, 0.248701, -0.319632, 0.939232, -0.125212, -0.27636, 0.0339922, 0.960453; 
7.1, 0.901802, 0.34172, 0.264539, -0.321869, 0.939591, -0.116488, -0.288364, 0.0199021, 0.957314; 
7.11, 0.897183, 0.341778, 0.279731, -0.324576, 0.939765, -0.107198, -0.29952, 0.00538231, 0.954075; 
7.12, 0.892515, 0.341763, 0.294303, -0.327701, 0.939739, -0.0974834, -0.309885, -0.0094381, 0.950727; 
7.13, 0.887862, 0.341669, 0.308161, -0.331273, 0.939497, -0.0872015, -0.31931, -0.0246626, 0.947329; 
7.14, 0.88315, 0.341483, 0.321613, -0.335425, 0.939001, -0.0759361, -0.327926, -0.0408142, 0.943821; 
7.15, 0.878564, 0.341204, 0.334224, -0.339932, 0.938251, -0.0642787, -0.335518, -0.0571404, 0.940299; 
7.16, 0.874047, 0.340829, 0.346232, -0.344751, 0.937236, -0.0523008, -0.342327, -0.0736506, 0.93669; 
7.17, 0.869668, 0.340346, 0.357551, -0.349957, 0.935925, -0.0396918, -0.34815, -0.0906088, 0.93305; 
7.18, 0.865509, 0.339751, 0.368054, -0.35548, 0.934308, -0.026522, -0.352887, -0.107881, 0.929426; 
7.19, 0.861505, 0.339036, 0.377973, -0.36131, 0.932358, -0.0127829, -0.35674, -0.125553, 0.925728; 
7.2, 0.85768, 0.338182, 0.387323, -0.367481, 0.930029, 0.00170991, -0.359643, -0.1438, 0.921943; 
7.21, 0.854175, 0.337247, 0.395789, -0.373542, 0.927478, 0.0158684, -0.361734, -0.161398, 0.918204; 
7.22, 0.851105, 0.336178, 0.403242, -0.379796, 0.924556, 0.030826, -0.362457, -0.179386, 0.914574; 
7.23, 0.848116, 0.334964, 0.410485, -0.386242, 0.921236, 0.0462803, -0.362652, -0.197798, 0.910692; 
7.24, 0.845555, 0.333654, 0.416788, -0.392551, 0.917654, 0.061769, -0.361857, -0.21584, 0.906903; 
7.25, 0.843598, 0.33228, 0.42182, -0.398554, 0.913893, 0.0771674, -0.359857, -0.233216, 0.90339; 
7.26, 0.841913, 0.330789, 0.426335, -0.404499, 0.90981, 0.0928815, -0.357159, -0.25065, 0.899784; 
7.27, 0.840623, 0.329152, 0.43013, -0.410412, 0.905326, 0.109297, -0.353433, -0.268408, 0.896126; 
7.28, 0.839798, 0.327447, 0.433034, -0.415969, 0.900656, 0.125655, -0.348869, -0.285654, 0.892576; 
7.29, 0.839239, 0.325715, 0.435416, -0.421106, 0.895911, 0.141469, -0.344015, -0.302083, 0.889044; 
7.3, 0.83941, 0.323981, 0.43638, -0.425624, 0.891159, 0.157098, -0.337988, -0.317603, 0.885942; 
7.31, 0.839803, 0.322122, 0.436999, -0.429993, 0.886062, 0.173203, -0.331416, -0.333363, 0.882628; 
7.32, 0.840582, 0.320115, 0.436976, -0.434149, 0.880561, 0.190073, -0.323939, -0.349485, 0.879161; 
7.33, 0.841791, 0.318231, 0.436024, -0.437469, 0.875396, 0.205675, -0.316241, -0.363883, 0.876117; 
7.34, 0.843282, 0.316122, 0.434675, -0.440719, 0.869614, 0.222572, -0.307639, -0.379261, 0.872651; 
7.35, 0.845217, 0.314068, 0.4324, -0.443251, 0.863979, 0.238889, -0.298557, -0.393575, 0.869461; 
7.36, 0.847753, 0.312116, 0.428834, -0.444907, 0.858625, 0.254601, -0.288742, -0.40663, 0.866764; 
7.37, 0.850458, 0.310081, 0.424936, -0.446215, 0.853045, 0.270568, -0.278591, -0.41972, 0.863842; 
7.38, 0.853404, 0.30806, 0.420477, -0.446979, 0.8475, 0.286275, -0.268165, -0.432252, 0.860956; 
7.39, 0.856708, 0.306098, 0.415157, -0.447055, 0.842116, 0.301634, -0.257281, -0.44401, 0.85829; 
7.4, 0.859932, 0.303933, 0.410052, -0.447048, 0.836175, 0.317741, -0.246303, -0.456548, 0.854926; 
7.41, 0.863889, 0.302178, 0.40297, -0.445664, 0.83136, 0.332001, -0.234689, -0.466401, 0.852872; 
7.42, 0.867858, 0.300412, 0.395696, -0.443919, 0.826514, 0.346135, -0.223065, -0.476053, 0.850656; 
7.43, 0.871943, 0.298651, 0.387973, -0.441703, 0.821683, 0.360189, -0.21122, -0.485433, 0.848375; 
7.44, 0.876282, 0.297252, 0.379171, -0.438609, 0.817844, 0.372495, -0.199378, -0.492719, 0.84704; 
7.45, 0.880608, 0.295294, 0.370582, -0.435538, 0.81247, 0.387554, -0.186644, -0.502686, 0.84408; 
7.46, 0.885167, 0.293631, 0.360917, -0.431608, 0.807904, 0.401254, -0.173766, -0.510952, 0.841863; 
7.47, 0.889702, 0.292062, 0.350899, -0.427227, 0.803599, 0.414375, -0.160959, -0.518583, 0.83974; 
7.48, 0.894392, 0.29074, 0.339902, -0.422116, 0.799969, 0.42646, -0.147922, -0.5249, 0.838212; 
7.49, 0.898865, 0.289296, 0.329165, -0.416893, 0.796006, 0.438834, -0.135065, -0.531679, 0.836107; 
7.5, 0.90335, 0.288048, 0.317785, -0.41114, 0.792581, 0.45031, -0.122159, -0.537442, 0.834406; 
7.51, 0.908034, 0.287137, 0.305004, -0.40454, 0.79008, 0.460566, -0.108732, -0.541595, 0.833578; 
7.52, 0.912419, 0.286194, 0.292547, -0.397915, 0.787493, 0.470657, -0.095679, -0.545846, 0.832405; 
7.53, 0.916791, 0.285289, 0.279473, -0.390804, 0.785008, 0.48066, -0.0822612, -0.549884, 0.83118; 
7.54, 0.920991, 0.284578, 0.266065, -0.383427, 0.783055, 0.489702, -0.0689853, -0.553028, 0.830302; 
7.55, 0.925088, 0.283839, 0.252285, -0.375684, 0.781027, 0.498858, -0.0554464, -0.556267, 0.829152; 
7.56, 0.929001, 0.283149, 0.238293, -0.367696, 0.779132, 0.507693, -0.0419093, -0.559267, 0.827928; 
7.57, 0.932787, 0.282777, 0.223486, -0.359323, 0.778112, 0.515198, -0.0282108, -0.560873, 0.827421; 
7.58, 0.936282, 0.282505, 0.208726, -0.350938, 0.777365, 0.522059, -0.0147722, -0.562044, 0.826975; 
7.59, 0.939538, 0.282234, 0.193941, -0.342442, 0.776619, 0.528768, -0.00138224, -0.563211, 0.826312; 
7.6, 0.94262, 0.2822, 0.178412, -0.333642, 0.776529, 0.534496, 0.0122927, -0.563353, 0.826125; 
7.61, 0.945421, 0.28222, 0.162885, -0.324825, 0.776583, 0.539822, 0.0258548, -0.563267, 0.82587; 
7.62, 0.947952, 0.282541, 0.146824, -0.315954, 0.777464, 0.543805, 0.0394967, -0.56189, 0.826268; 
7.63, 0.950193, 0.282882, 0.130812, -0.307113, 0.7784, 0.547517, 0.0530589, -0.560421, 0.826507; 
7.64, 0.95214, 0.283313, 0.11473, -0.298325, 0.779584, 0.550682, 0.0665736, -0.558553, 0.826793; 
7.65, 0.953798, 0.283828, 0.0985487, -0.289579, 0.780996, 0.553343, 0.0800881, -0.556315, 0.827103; 
7.66, 0.955138, 0.28448, 0.0823562, -0.28102, 0.782786, 0.555224, 0.0934828, -0.55346, 0.827613; 
7.67, 0.956195, 0.285154, 0.0661664, -0.272524, 0.784635, 0.556846, 0.10687, -0.550486, 0.827976; 
7.68, 0.956915, 0.286081, 0.0497178, -0.264288, 0.787181, 0.557224, 0.120274, -0.546356, 0.828873; 
7.69, 0.957292, 0.287226, 0.0330682, -0.256351, 0.790324, 0.556482, 0.133701, -0.541193, 0.830201; 
7.7, 0.957371, 0.288382, 0.0166116, -0.248658, 0.793499, 0.555454, 0.147002, -0.535906, 0.831381; 
7.71, 0.957166, 0.28954, 0.000413559, -0.241231, 0.796676, 0.55418, 0.160128, -0.530542, 0.832397; 
7.72, 0.95661, 0.290935, -0.0159391, -0.234267, 0.800505, 0.551644, 0.173252, -0.523974, 0.833927; 
7.73, 0.955798, 0.292285, -0.0319519, -0.227574, 0.80421, 0.549051, 0.186175, -0.51751, 0.835178; 
7.74, 0.954612, 0.293937, -0.048137, -0.221548, 0.808744, 0.544839, 0.199079, -0.509445, 0.837158; 
7.75, 0.953172, 0.295584, -0.0639781, -0.21593, 0.813267, 0.540344, 0.211748, -0.501226, 0.839008; 
7.76, 0.951434, 0.297357, -0.0797, -0.210881, 0.818131, 0.534968, 0.224281, -0.49218, 0.841104; 
7.77, 0.94951, 0.299032, -0.0949266, -0.206143, 0.822727, 0.52974, 0.236508, -0.483425, 0.842831; 
7.78, 0.94723, 0.300989, -0.110277, -0.202268, 0.8281, 0.522818, 0.248683, -0.472923, 0.845281; 
7.79, 0.944773, 0.302898, -0.125123, -0.198867, 0.833337, 0.515753, 0.26049, -0.462387, 0.847551; 
7.8, 0.942038, 0.304968, -0.139851, -0.196281, 0.839017, 0.507468, 0.272099, -0.450605, 0.850246; 
7.81, 0.939255, 0.306859, -0.153745, -0.194014, 0.844204, 0.499678, 0.283123, -0.439496, 0.852458; 
7.82, 0.936218, 0.308905, -0.167551, -0.19259, 0.849816, 0.490634, 0.293947, -0.427071, 0.855105; 
7.83, 0.933019, 0.311005, -0.180974, -0.191937, 0.855578, 0.480776, 0.304361, -0.413838, 0.857964; 
7.84, 0.929609, 0.313247, -0.194173, -0.192303, 0.861728, 0.469515, 0.314398, -0.399125, 0.861309; 
7.85, 0.926182, 0.31537, -0.206708, -0.193117, 0.867552, 0.458323, 0.323871, -0.384572, 0.864414; 
7.86, 0.922746, 0.317419, -0.218598, -0.194486, 0.873169, 0.446935, 0.332738, -0.369894, 0.867447; 
7.87, 0.919236, 0.319525, -0.230017, -0.196818, 0.878946, 0.434416, 0.34098, -0.35406, 0.870847; 
7.88, 0.915815, 0.32149, -0.240679, -0.199514, 0.884332, 0.42208, 0.348535, -0.338529, 0.874026; 
7.89, 0.912276, 0.323559, -0.251122, -0.203318, 0.890003, 0.408114, 0.355548, -0.321255, 0.877713; 
7.9, 0.908874, 0.325502, -0.26076, -0.20759, 0.895328, 0.394073, 0.361737, -0.304032, 0.881312; 
7.91, 0.90569, 0.327282, -0.269466, -0.212152, 0.900204, 0.380294, 0.367038, -0.287261, 0.88474; 
7.92, 0.90247, 0.329117, -0.277903, -0.217766, 0.905232, 0.364875, 0.371653, -0.268771, 0.888615; 
7.93, 0.899433, 0.330831, -0.285608, -0.223804, 0.909927, 0.349207, 0.375411, -0.250168, 0.892459; 
7.94, 0.896637, 0.332426, -0.292465, -0.230279, 0.914292, 0.33323, 0.378173, -0.231437, 0.896338; 
7.95, 0.894155, 0.333846, -0.298385, -0.236838, 0.918179, 0.317577, 0.379992, -0.213294, 0.900062; 
7.96, 0.891858, 0.335208, -0.303686, -0.244042, 0.921903, 0.300897, 0.380832, -0.194245, 0.904011; 
7.97, 0.889851, 0.336441, -0.308176, -0.251504, 0.925274, 0.283925, 0.380672, -0.175143, 0.907973; 
7.98, 0.888258, 0.337512, -0.311583, -0.258972, 0.9282, 0.267167, 0.379384, -0.156622, 0.911887; 
7.99, 0.886991, 0.338473, -0.314139, -0.266707, 0.930825, 0.249866, 0.376981, -0.137846, 0.915906; 
8, 0.886063, 0.339289, -0.315874, -0.274303, 0.933049, 0.232763, 0.3737, -0.119597, 0.919807; 
8.01, 0.885403, 0.340015, -0.31694, -0.282244, 0.935026, 0.214626, 0.369323, -0.100576, 0.923842; 
8.02, 0.885035, 0.340627, -0.317311, -0.29031, 0.936689, 0.195792, 0.363914, -0.0811646, 0.92789; 
8.03, 0.885139, 0.341088, -0.316526, -0.297986, 0.937936, 0.177425, 0.357399, -0.0627254, 0.931843; 
8.04, 0.88564, 0.34142, -0.31476, -0.3053, 0.938832, 0.159329, 0.349905, -0.0450121, 0.935703; 
8.05, 0.886489, 0.341644, -0.312117, -0.312444, 0.939431, 0.140886, 0.341345, -0.0273747, 0.939539; 
8.06, 0.887774, 0.341758, -0.308317, -0.319095, 0.939727, 0.122846, 0.331717, -0.0106776, 0.943318; 
8.07, 0.889432, 0.341778, -0.303478, -0.325341, 0.939765, 0.104858, 0.321036, 0.00546975, 0.947051; 
8.08, 0.89145, 0.341716, -0.297568, -0.33098, 0.939579, 0.0874295, 0.309465, 0.0205502, 0.950689; 
8.09, 0.893677, 0.341574, -0.29098, -0.336356, 0.939172, 0.0694301, 0.296996, 0.0358247, 0.954207; 
8.1, 0.896173, 0.341364, -0.28345, -0.341159, 0.938582, 0.0517214, 0.283697, 0.0503503, 0.957591; 
8.11, 0.898918, 0.341102, -0.274947, -0.345338, 0.937846, 0.0344464, 0.269608, 0.063985, 0.960842; 
8.12, 0.901887, 0.3408, -0.265436, -0.348875, 0.937003, 0.0176487, 0.254729, 0.0766868, 0.963967; 
8.13, 0.905015, 0.340464, -0.255016, -0.351823, 0.936066, 0.00114195, 0.239101, 0.0886871, 0.966936; 
8.14, 0.90824, 0.340092, -0.243797, -0.354231, 0.935033, -0.0152965, 0.222756, 0.100253, 0.969706; 
8.15, 0.911565, 0.339715, -0.23161, -0.355959, 0.933986, -0.0310471, 0.205774, 0.110745, 0.972313; 
8.16, 0.91494, 0.339349, -0.218464, -0.357011, 0.932968, -0.045967, 0.188221, 0.120051, 0.974762; 
8.17, 0.918271, 0.338974, -0.204636, -0.357533, 0.931929, -0.0606564, 0.170145, 0.128863, 0.976957; 
8.18, 0.921562, 0.33863, -0.189876, -0.357419, 0.930975, -0.0744062, 0.151574, 0.136435, 0.978985; 
8.19, 0.924716, 0.338288, -0.174532, -0.356822, 0.930028, -0.0878993, 0.132584, 0.143559, 0.98072; 
8.2, 0.927739, 0.337995, -0.158303, -0.355653, 0.929217, -0.100328, 0.113188, 0.149379, 0.98228; 
8.21, 0.930538, 0.337716, -0.141588, -0.354059, 0.928443, -0.112409, 0.0934944, 0.154731, 0.983523; 
8.22, 0.933116, 0.337508, -0.124031, -0.351982, 0.927867, -0.123175, 0.0735113, 0.158593, 0.984604; 
8.23, 0.935412, 0.337345, -0.105844, -0.349528, 0.927417, -0.133146, 0.0532449, 0.161542, 0.985428; 
8.24, 0.937371, 0.337205, -0.0873401, -0.34678, 0.92703, -0.142687, 0.0328519, 0.164039, 0.985907; 
8.25, 0.938978, 0.337149, -0.0681985, -0.343755, 0.926874, -0.150787, 0.0123738, 0.165029, 0.986211; 
8.26, 0.940196, 0.337112, -0.0488502, -0.340536, 0.926773, -0.158518, -0.00816543, 0.165674, 0.986147; 
8.27, 0.941003, 0.337167, -0.028854, -0.337172, 0.926923, -0.16471, -0.0287894, 0.164722, 0.98592; 
8.28, 0.941374, 0.337249, -0.00880708, -0.333746, 0.92715, -0.170312, -0.0492721, 0.163267, 0.985351; 
8.29, 0.9413, 0.337376, 0.0115027, -0.330291, 0.927501, -0.175069, -0.0697328, 0.160993, 0.984489; 
8.3, 0.940728, 0.337616, 0.0323436, -0.326997, 0.928166, -0.177711, -0.0900182, 0.156601, 0.983551; 
8.31, 0.939711, 0.337841, 0.0529849, -0.323744, 0.928789, -0.180388, -0.110154, 0.152359, 0.982167; 
8.32, 0.938225, 0.338108, 0.0736018, -0.320695, 0.929529, -0.182018, -0.129957, 0.14717, 0.980537; 
8.33, 0.936285, 0.338391, 0.0941413, -0.317829, 0.930313, -0.183037, -0.149519, 0.141454, 0.978588; 
8.34, 0.933817, 0.338762, 0.115001, -0.315464, 0.931342, -0.181894, -0.168724, 0.133577, 0.97657; 
8.35, 0.930956, 0.339109, 0.135375, -0.313328, 0.932302, -0.180663, -0.187475, 0.125772, 0.974184; 
8.36, 0.927644, 0.339483, 0.155651, -0.31168, 0.933341, -0.178127, -0.205747, 0.116725, 0.971619; 
8.37, 0.923905, 0.339873, 0.175746, -0.310581, 0.934424, -0.174332, -0.223472, 0.106482, 0.968877; 
8.38, 0.919782, 0.340254, 0.19552, -0.310003, 0.935481, -0.169628, -0.240622, 0.0954085, 0.965918; 
8.39, 0.915316, 0.340611, 0.214896, -0.309945, 0.936476, -0.164155, -0.257158, 0.0836477, 0.962742; 
8.4, 0.910491, 0.340956, 0.233997, -0.310646, 0.937437, -0.157197, -0.272955, 0.0704358, 0.959445; 
8.41, 0.905425, 0.341245, 0.252503, -0.31181, 0.938245, -0.149901, -0.288062, 0.0569907, 0.955914; 
8.42, 0.900125, 0.341485, 0.270485, -0.313664, 0.938922, -0.141566, -0.302307, 0.0425854, 0.952259; 
8.43, 0.894611, 0.341663, 0.287988, -0.316206, 0.939427, -0.13225, -0.315728, 0.0272484, 0.948458; 
8.44, 0.889035, 0.341762, 0.304657, -0.319268, 0.939714, -0.122494, -0.328155, 0.0116341, 0.944552; 
8.45, 0.883362, 0.341776, 0.320718, -0.322921, 0.93977, -0.112046, -0.339696, -0.00458903, 0.940524; 
8.46, 0.877591, 0.341691, 0.336277, -0.32738, 0.939553, -0.100308, -0.350224, -0.0220614, 0.936406; 
8.47, 0.871831, 0.341496, 0.351127, -0.332334, 0.939037, -0.0881127, -0.359812, -0.0398721, 0.932173; 
8.48, 0.866111, 0.341177, 0.365309, -0.33793, 0.938178, -0.0750044, -0.368315, -0.0584869, 0.92786; 
8.49, 0.860631, 0.340748, 0.378424, -0.343738, 0.937018, -0.0619838, -0.375711, -0.0767334, 0.923555; 
8.5, 0.855325, 0.34019, 0.390756, -0.350004, 0.935501, -0.0483194, -0.381991, -0.0954375, 0.919225; 
8.51, 0.85009, 0.339478, 0.402618, -0.356812, 0.933565, -0.0337849, -0.387339, -0.114939, 0.914745; 
8.52, 0.845217, 0.33861, 0.413463, -0.364052, 0.931197, -0.0184046, -0.391248, -0.134966, 0.910335; 
8.53, 0.840661, 0.33762, 0.42344, -0.371331, 0.928495, -0.00310526, -0.394211, -0.154626, 0.905919; 
8.54, 0.836474, 0.336492, 0.432533, -0.378751, 0.925414, 0.0125317, -0.396055, -0.174305, 0.901531; 
8.55, 0.832603, 0.335208, 0.440916, -0.386354, 0.921904, 0.0286885, -0.396866, -0.194236, 0.897089; 
8.56, 0.829275, 0.333802, 0.448197, -0.393883, 0.918056, 0.0450438, -0.396434, -0.213891, 0.892799; 
8.57, 0.826403, 0.332252, 0.454606, -0.401396, 0.913817, 0.061805, -0.394892, -0.233553, 0.888546; 
8.58, 0.823879, 0.330566, 0.46038, -0.408835, 0.909199, 0.078805, -0.392527, -0.253145, 0.884217; 
8.59, 0.821784, 0.328752, 0.465396, -0.41611, 0.904231, 0.0960156, -0.38926, -0.27256, 0.879879; 
8.6, 0.820173, 0.326773, 0.469612, -0.423294, 0.89881, 0.113855, -0.384887, -0.292165, 0.875501; 
8.61, 0.818862, 0.324654, 0.473355, -0.430289, 0.893004, 0.131888, -0.37989, -0.311677, 0.870942; 
8.62, 0.818353, 0.322564, 0.475659, -0.436446, 0.887275, 0.149192, -0.373916, -0.329691, 0.866886; 
8.63, 0.818734, 0.320536, 0.476374, -0.441677, 0.881716, 0.165824, -0.366874, -0.346169, 0.863464; 
8.64, 0.819497, 0.318314, 0.47655, -0.446796, 0.875625, 0.183452, -0.358884, -0.363258, 0.859794; 
8.65, 0.820502, 0.316036, 0.476338, -0.451479, 0.869376, 0.200877, -0.350633, -0.379876, 0.856009; 
8.66, 0.822094, 0.313616, 0.475191, -0.455738, 0.862739, 0.219051, -0.341268, -0.396644, 0.85218; 
8.67, 0.824142, 0.311296, 0.473164, -0.459122, 0.856377, 0.236272, -0.331656, -0.411961, 0.8487; 
8.68, 0.826346, 0.308858, 0.470914, -0.462201, 0.849687, 0.253774, -0.32175, -0.427362, 0.84489; 
8.69, 0.829178, 0.306377, 0.467544, -0.464556, 0.842882, 0.271546, -0.310889, -0.442361, 0.841228; 
8.7, 0.832488, 0.303974, 0.46321, -0.46606, 0.836288, 0.288809, -0.299587, -0.456314, 0.83787; 
8.71, 0.836066, 0.301668, 0.458246, -0.466826, 0.829962, 0.305347, -0.288213, -0.469211, 0.83473; 
8.72, 0.840064, 0.299445, 0.452355, -0.466789, 0.823861, 0.321497, -0.276407, -0.481233, 0.831874; 
8.73, 0.844187, 0.297077, 0.446199, -0.466401, 0.817363, 0.338213, -0.264231, -0.493623, 0.828564; 
8.74, 0.848634, 0.295109, 0.439012, -0.464931, 0.811962, 0.352927, -0.252309, -0.503616, 0.826263; 
8.75, 0.853288, 0.292993, 0.43134, -0.463034, 0.806153, 0.368397, -0.239789, -0.514074, 0.823547; 
8.76, 0.858271, 0.290985, 0.422727, -0.46033, 0.800643, 0.383493, -0.226862, -0.523735, 0.821118; 
8.77, 0.863356, 0.288735, 0.413822, -0.457263, 0.794467, 0.399666, -0.21337, -0.53428, 0.817935; 
8.78, 0.868717, 0.287032, 0.403663, -0.453076, 0.789792, 0.413462, -0.200132, -0.542071, 0.816153; 
8.79, 0.873962, 0.285228, 0.393492, -0.448623, 0.784841, 0.427506, -0.186892, -0.550154, 0.813881; 
8.8, 0.879298, 0.283455, 0.382739, -0.443587, 0.779973, 0.441443, -0.173397, -0.557938, 0.811566; 
8.81, 0.884673, 0.281774, 0.371426, -0.437974, 0.775357, 0.454974, -0.159788, -0.565178, 0.809347; 
8.82, 0.890181, 0.28027, 0.359202, -0.431616, 0.771228, 0.467884, -0.145893, -0.571539, 0.807501; 
8.83, 0.895563, 0.278661, 0.346864, -0.424927, 0.766811, 0.48108, -0.131921, -0.578229, 0.805138; 
8.84, 0.900771, 0.277225, 0.334304, -0.417884, 0.762868, 0.493361, -0.118258, -0.584105, 0.803017; 
8.85, 0.905989, 0.276066, 0.320891, -0.410205, 0.759686, 0.504589, -0.104477, -0.588783, 0.801511; 
8.86, 0.911297, 0.275101, 0.306362, -0.401753, 0.757038, 0.515255, -0.09018, -0.592632, 0.800409; 
8.87, 0.916305, 0.274162, 0.291924, -0.393172, 0.75446, 0.525552, -0.0761586, -0.596343, 0.799109; 
8.88, 0.921168, 0.273464, 0.276888, -0.384178, 0.752542, 0.534871, -0.0621023, -0.599081, 0.798277; 
8.89, 0.925802, 0.273062, 0.261395, -0.374927, 0.75144, 0.542925, -0.0481702, -0.600645, 0.798064; 
8.9, 0.930139, 0.272587, 0.246044, -0.365597, 0.750136, 0.551031, -0.0343627, -0.602488, 0.797388; 
8.91, 0.934334, 0.272222, 0.230033, -0.355824, 0.749133, 0.558738, -0.0202241, -0.603899, 0.796804; 
8.92, 0.938175, 0.272054, 0.214044, -0.346103, 0.748671, 0.565424, -0.00642298, -0.604548, 0.796543; 
8.93, 0.941806, 0.271948, 0.197598, -0.336069, 0.748381, 0.571825, 0.00762833, -0.604955, 0.796223; 
8.94, 0.945115, 0.271972, 0.181079, -0.326028, 0.748448, 0.577522, 0.0215421, -0.604861, 0.796039; 
8.95, 0.94815, 0.272068, 0.164286, -0.315826, 0.74871, 0.582827, 0.0355659, -0.604493, 0.795816; 
8.96, 0.950865, 0.272312, 0.147315, -0.305613, 0.74938, 0.587393, 0.0495592, -0.603553, 0.795781; 
8.97, 0.953262, 0.27277, 0.129954, -0.295362, 0.750639, 0.591018, 0.0636636, -0.601779, 0.796121; 
8.98, 0.955306, 0.2734, 0.112442, -0.285212, 0.752366, 0.593801, 0.0777471, -0.599331, 0.796717; 
8.99, 0.957007, 0.274075, 0.0949775, -0.275167, 0.754221, 0.596182, 0.0917647, -0.596685, 0.797211; 
9, 0.958349, 0.274893, 0.0774611, -0.265305, 0.756468, 0.597804, 0.105736, -0.593456, 0.797891; 
9.01, 0.95932, 0.275918, 0.059787, -0.255679, 0.759281, 0.598431, 0.119723, -0.589373, 0.79894; 
9.02, 0.95992, 0.277088, 0.0421493, -0.246368, 0.762493, 0.598254, 0.13363, -0.58466, 0.800197; 
9.03, 0.960166, 0.278351, 0.0245378, -0.237319, 0.765959, 0.597483, 0.147515, -0.579506, 0.801506; 
9.04, 0.960044, 0.279765, 0.00691674, -0.228632, 0.769843, 0.595876, 0.161381, -0.573649, 0.803046; 
9.05, 0.959594, 0.281193, -0.0105301, -0.22022, 0.773762, 0.593966, 0.175167, -0.567647, 0.804421; 
9.06, 0.958725, 0.282944, -0.028105, -0.212466, 0.778571, 0.590497, 0.188959, -0.560152, 0.806551; 
9.07, 0.957559, 0.284656, -0.0453019, -0.20508, 0.783271, 0.58688, 0.202543, -0.552682, 0.808405; 
9.08, 0.956055, 0.286476, -0.0623746, -0.198193, 0.788266, 0.582542, 0.216052, -0.54458, 0.810404; 
9.09, 0.954253, 0.288339, -0.0791297, -0.191824, 0.793381, 0.577712, 0.229357, -0.536104, 0.812396; 
9.1, 0.952032, 0.29054, -0.0960246, -0.186361, 0.799422, 0.571133, 0.242702, -0.525842, 0.815221; 
9.11, 0.949539, 0.292745, -0.112591, -0.181431, 0.805472, 0.564179, 0.255849, -0.515282, 0.81794; 
9.12, 0.946847, 0.294882, -0.128548, -0.177043, 0.811339, 0.557122, 0.268581, -0.504751, 0.820421; 
9.13, 0.943847, 0.297147, -0.14442, -0.173363, 0.817555, 0.549136, 0.281245, -0.493263, 0.82316; 
9.14, 0.940593, 0.299525, -0.159906, -0.17059, 0.824081, 0.540175, 0.293572, -0.480806, 0.826221; 
9.15, 0.937173, 0.30187, -0.174873, -0.168448, 0.830515, 0.530914, 0.305502, -0.468102, 0.829186; 
9.16, 0.933633, 0.304156, -0.189258, -0.166899, 0.836789, 0.521468, 0.316976, -0.455272, 0.832017; 
9.17, 0.929849, 0.30662, -0.203383, -0.166481, 0.843549, 0.510597, 0.328123, -0.440918, 0.83542; 
9.18, 0.925962, 0.309077, -0.216945, -0.16687, 0.850291, 0.499159, 0.338745, -0.426001, 0.838913; 
9.19, 0.92197, 0.311524, -0.230053, -0.168016, 0.857002, 0.487153, 0.348915, -0.410488, 0.842471; 
9.2, 0.917856, 0.313997, -0.242787, -0.17004, 0.863785, 0.474301, 0.358645, -0.394057, 0.846223; 
9.21, 0.913534, 0.316649, -0.255321, -0.173497, 0.871059, 0.459517, 0.367905, -0.375487, 0.85068; 
9.22, 0.909468, 0.318986, -0.266677, -0.177056, 0.877468, 0.44576, 0.376192, -0.358187, 0.854507; 
9.23, 0.905377, 0.321369, -0.277515, -0.181761, 0.883999, 0.430707, 0.383739, -0.339511, 0.858765; 
9.24, 0.901516, 0.323564, -0.287358, -0.18688, 0.890018, 0.415866, 0.390313, -0.321208, 0.862833; 
9.25, 0.89773, 0.325739, -0.296608, -0.192943, 0.895976, 0.4, 0.396049, -0.301863, 0.867193; 
9.26, 0.894219, 0.327742, -0.304889, -0.199411, 0.901467, 0.384179, 0.400759, -0.282742, 0.871464; 
9.27, 0.890835, 0.329687, -0.312601, -0.206651, 0.906793, 0.367453, 0.404609, -0.262741, 0.875933; 
9.28, 0.887567, 0.331586, -0.319807, -0.214785, 0.911992, 0.349483, 0.407545, -0.241499, 0.880673; 
9.29, 0.884659, 0.333288, -0.326033, -0.223128, 0.916651, 0.331611, 0.40938, -0.220615, 0.885289; 
9.3, 0.882146, 0.334815, -0.331235, -0.231722, 0.920828, 0.313656, 0.410027, -0.199935, 0.88989; 
9.31, 0.879977, 0.336198, -0.335575, -0.240654, 0.924611, 0.295261, 0.409543, -0.179065, 0.894545; 
9.32, 0.87829, 0.337373, -0.338801, -0.249388, 0.92782, 0.277407, 0.407936, -0.159151, 0.899032; 
9.33, 0.876913, 0.338447, -0.341287, -0.258627, 0.930752, 0.258481, 0.405136, -0.1384, 0.90372; 
9.34, 0.875933, 0.339376, -0.342877, -0.268029, 0.933286, 0.239035, 0.401125, -0.117478, 0.908459; 
9.35, 0.875475, 0.340123, -0.343308, -0.277114, 0.935319, 0.219969, 0.395919, -0.0974416, 0.913101; 
9.36, 0.875464, 0.340722, -0.34274, -0.286055, 0.936947, 0.200757, 0.389532, -0.0777126, 0.917729; 
9.37, 0.875773, 0.3412, -0.341475, -0.295133, 0.93824, 0.180564, 0.381994, -0.0573523, 0.922384; 
9.38, 0.876598, 0.341522, -0.339027, -0.303687, 0.939106, 0.160795, 0.373297, -0.0379941, 0.926934; 
9.39, 0.87784, 0.341712, -0.335603, -0.311804, 0.939608, 0.141121, 0.363558, -0.0192395, 0.931373; 
9.4, 0.879596, 0.34178, -0.330905, -0.319339, 0.939779, 0.121814, 0.352611, -0.00147655, 0.935769; 
9.41, 0.881726, 0.341742, -0.325225, -0.32651, 0.939656, 0.102169, 0.340515, 0.0161042, 0.940101; 
9.42, 0.884292, 0.34161, -0.318323, -0.332977, 0.939276, 0.082988, 0.327343, 0.0326087, 0.944343; 
9.43, 0.887133, 0.341393, -0.310559, -0.338878, 0.938663, 0.0638313, 0.313301, 0.0486146, 0.948409; 
9.44, 0.890277, 0.341108, -0.301748, -0.344069, 0.937863, 0.0450572, 0.298368, 0.0637087, 0.952322; 
9.45, 0.893692, 0.340763, -0.291882, -0.3486, 0.936899, 0.0264458, 0.282476, 0.0781156, 0.956089; 
9.46, 0.897291, 0.340372, -0.281098, -0.352403, 0.935812, 0.00824282, 0.265861, 0.0916635, 0.959644; 
9.47, 0.901126, 0.339975, -0.269052, -0.355306, 0.934708, -0.00891341, 0.248455, 0.103628, 0.963084; 
9.48, 0.905038, 0.339535, -0.256169, -0.357649, 0.933486, -0.0262891, 0.230204, 0.115411, 0.966274; 
9.49, 0.908988, 0.339088, -0.242407, -0.359256, 0.932244, -0.0430954, 0.211369, 0.126259, 0.969217; 
9.5, 0.912919, 0.338644, -0.227813, -0.36014, 0.931015, -0.0592412, 0.192036, 0.136127, 0.971901; 
9.51, 0.916831, 0.338215, -0.212208, -0.36032, 0.929826, -0.0747903, 0.172021, 0.145033, 0.974358; 
9.52, 0.920646, 0.33782, -0.195674, -0.359801, 0.92873, -0.0894655, 0.151505, 0.15277, 0.97658; 
9.53, 0.92429, 0.337464, -0.178343, -0.358647, 0.927746, -0.103241, 0.130617, 0.159387, 0.978537; 
9.54, 0.927706, 0.337142, -0.160305, -0.356937, 0.926855, -0.116345, 0.109355, 0.165153, 0.980187; 
9.55, 0.930855, 0.336882, -0.141491, -0.354684, 0.926134, -0.128359, 0.0877983, 0.169668, 0.981583; 
9.56, 0.933683, 0.336668, -0.122031, -0.351976, 0.925543, -0.139584, 0.0659514, 0.173279, 0.982662; 
9.57, 0.93613, 0.336533, -0.102016, -0.348882, 0.925168, -0.149485, 0.0440752, 0.175528, 0.983487; 
9.58, 0.938167, 0.336407, -0.0816912, -0.345485, 0.924822, -0.159201, 0.0219933, 0.17758, 0.983861; 
9.59, 0.939759, 0.336354, -0.0609769, -0.341837, 0.924675, -0.167702, -2.34511e-05, 0.178444, 0.98395; 
9.6, 0.940901, 0.336373, -0.0394844, -0.337941, 0.924727, -0.175145, -0.0224019, 0.178138, 0.983751; 
9.61, 0.941534, 0.336446, -0.0178215, -0.333949, 0.924927, -0.181625, -0.0446234, 0.176958, 0.983206; 
9.62, 0.94163, 0.336621, 0.00426596, -0.32998, 0.925414, -0.18634, -0.0666739, 0.174056, 0.982476; 
9.63, 0.941182, 0.336855, 0.0265436, -0.326086, 0.926061, -0.189945, -0.0885648, 0.170117, 0.981436; 
9.64, 0.940232, 0.33707, 0.0484461, -0.322227, 0.926655, -0.1936, -0.110149, 0.166418, 0.979884; 
9.65, 0.938689, 0.337401, 0.0708784, -0.318673, 0.92757, -0.195094, -0.13157, 0.160546, 0.97822; 
9.66, 0.936606, 0.337765, 0.0931885, -0.31541, 0.928579, -0.195595, -0.152598, 0.153803, 0.976247; 
9.67, 0.934004, 0.338141, 0.115315, -0.312423, 0.92962, -0.195444, -0.173287, 0.146518, 0.973912; 
9.68, 0.930898, 0.338542, 0.137184, -0.309856, 0.93073, -0.194244, -0.193441, 0.138314, 0.971314; 
9.69, 0.927238, 0.338994, 0.159099, -0.307902, 0.931984, -0.191319, -0.213133, 0.128411, 0.968548; 
9.7, 0.923178, 0.339421, 0.180377, -0.306366, 0.933169, -0.187977, -0.232126, 0.118274, 0.965468; 
9.71, 0.918649, 0.339866, 0.201432, -0.305544, 0.934405, -0.183114, -0.250453, 0.106671, 0.962234; 
9.72, 0.913656, 0.340309, 0.222313, -0.305464, 0.935636, -0.176854, -0.268189, 0.0936747, 0.958801; 
9.73, 0.908346, 0.340702, 0.24255, -0.305908, 0.936729, -0.170172, -0.285181, 0.0803774, 0.955097; 
9.74, 0.902749, 0.34105, 0.262162, -0.307018, 0.937701, -0.162657, -0.301304, 0.0663501, 0.951217; 
9.75, 0.896832, 0.341357, 0.281369, -0.309059, 0.938561, -0.153574, -0.316506, 0.0507702, 0.947231; 
9.76, 0.890743, 0.341586, 0.299826, -0.311721, 0.939208, -0.143941, -0.330768, 0.0347523, 0.943072; 
9.77, 0.884471, 0.341733, 0.317695, -0.315162, 0.939629, -0.133306, -0.344071, 0.0177801, 0.938775; 
9.78, 0.878176, 0.341781, 0.334654, -0.319136, 0.939779, -0.122341, -0.356315, 0.000637328, 0.934366; 
9.79, 0.871829, 0.341725, 0.35091, -0.323798, 0.939642, -0.110576, -0.367516, -0.0172203, 0.929858; 
9.8, 0.865534, 0.341555, 0.36632, -0.329005, 0.939194, -0.0983351, -0.377632, -0.0354084, 0.925278; 
9.81, 0.859225, 0.341247, 0.381161, -0.335099, 0.938367, -0.0847151, -0.386577, -0.0549371, 0.920619; 
9.82, 0.853068, 0.340798, 0.395135, -0.341718, 0.937152, -0.0705353, -0.39434, -0.0748532, 0.915911; 
9.83, 0.847198, 0.340209, 0.408062, -0.348717, 0.935553, -0.0560002, -0.400815, -0.0948548, 0.911235; 
9.84, 0.84153, 0.339459, 0.420233, -0.356223, 0.933513, -0.0407332, -0.40612, -0.115418, 0.906502; 
9.85, 0.836101, 0.33856, 0.43164, -0.363991, 0.931061, -0.0252231, -0.410422, -0.136024, 0.901693; 
9.86, 0.831021, 0.337476, 0.442169, -0.372219, 0.928103, -0.00879988, -0.413348, -0.157271, 0.896889; 
9.87, 0.826426, 0.336272, 0.4516, -0.380354, 0.924811, 0.00741079, -0.415153, -0.177892, 0.89219; 
9.88, 0.822117, 0.334871, 0.460419, -0.388839, 0.920981, 0.0244588, -0.415847, -0.199137, 0.887364; 
9.89, 0.818562, 0.333346, 0.4678, -0.397148, 0.91681, 0.041631, -0.415006, -0.219863, 0.882853; 
9.9, 0.815344, 0.331656, 0.474572, -0.405487, 0.912184, 0.0591693, -0.413273, -0.240676, 0.878226; 
9.91, 0.812747, 0.329857, 0.480247, -0.413525, 0.907258, 0.0766807, -0.410414, -0.260916, 0.873775; 
9.92, 0.810452, 0.327873, 0.485456, -0.421587, 0.901825, 0.0947389, -0.406734, -0.281443, 0.869113; 
9.93, 0.808932, 0.325853, 0.489336, -0.429004, 0.896288, 0.112351, -0.401976, -0.300812, 0.864828; 
9.94, 0.807987, 0.323665, 0.492339, -0.436243, 0.890294, 0.130644, -0.396041, -0.320338, 0.860543; 
9.95, 0.80778, 0.32143, 0.49414, -0.442843, 0.884168, 0.148786, -0.389079, -0.339013, 0.856556; 
9.96, 0.808006, 0.319173, 0.495233, -0.448831, 0.877978, 0.166449, -0.381678, -0.356768, 0.852666; 
9.97, 0.808447, 0.316645, 0.496135, -0.454898, 0.871046, 0.185329, -0.373473, -0.37552, 0.848235; 
9.98, 0.809662, 0.314186, 0.495716, -0.459973, 0.864302, 0.203486, -0.364516, -0.392771, 0.84431; 
9.99, 0.811304, 0.311742, 0.494574, -0.464345, 0.857599, 0.22115, -0.355204, -0.409073, 0.840529; 
