0, 6.72098,14.5445,-3.26227,0,0,0,0;
0.01, 6.7194,14.8975,-3.37492,0,0,0,0;
0.02, 5.39867,9.72939,-2.84212,0,0,0,0;
0.03, 4.30615,4.79764,-0.657533,0,0,0,0;
0.04, 3.039,1.05347,2.39659,0,0,0,0;
0.05, 2.69678,-1.85717,4.31501,0,0,0,0;
0.06, 1.76678,-4.98315,4.51651,0,0,0,0;
0.07, -0.279286,-8.77691,2.83487,0,0,0,0;
0.08, -2.49684,-11.8033,0.597815,0,0,0,0;
0.09, -4.15698,-12.5252,-1.39094,0,0,0,0;
0.1, -4.37097,-10.6731,-2.38995,0,0,0,0;
0.11, -2.8602,-7.55206,-2.07562,0,0,0,0;
0.12, -0.886768,-4.69496,-1.18771,0,0,0,0;
0.13, 0.326335,-3.07347,-0.0839819,0,0,0,0;
0.14, 0.506868,-2.32754,0.703362,0,0,0,0;
0.15, -0.0465869,-2.25195,0.885629,0,0,0,0;
0.16, -0.672256,-2.34826,0.590836,0,0,0,0;
0.17, -1.59331,-2.29399,0.14489,0,0,0,0;
0.18, -2.46802,-2.05895,-0.21342,0,0,0,0;
0.19, -2.3108,-1.80274,-0.359304,0,0,0,0;
0.2, -1.39754,-1.64601,-0.21366,0,0,0,0;
0.21, -1.7435,-1.50877,0.0121949,0,0,0,0;
0.22, -2.26456,-1.56411,0.327874,0,0,0,0;
0.23, -0.694213,-1.33876,0.476194,0,0,0,0;
0.24, -0.839106,-1.04547,0.455055,0,0,0,0;
0.25, -1.6138,-0.963351,0.394888,0,0,0,0;
0.26, -1.86966,-0.484135,0.36053,0,0,0,0;
0.27, -1.38551,-0.23903,0.256468,0,0,0,0;
0.28, -1.60255,-0.0141673,0.143285,0,0,0,0;
0.29, -1.35377,-0.0688637,0.312963,0,0,0,0;
0.3, -1.40854,-0.113155,0.358237,0,0,0,0;
0.31, -0.76077,-0.0280723,0.412087,0,0,0,0;
0.32, -0.899371,0.0155342,0.534312,0,0,0,0;
0.33, -1.6602,0.170483,0.544263,0,0,0,0;
0.34, -1.11518,0.284102,0.508122,0,0,0,0;
0.35, -1.45814,0.768246,0.400896,0,0,0,0;
0.36, -1.08424,0.754712,0.490727,0,0,0,0;
0.37, -0.993631,0.908669,0.464003,0,0,0,0;
0.38, -0.560053,0.807726,0.478379,0,0,0,0;
0.39, -0.584397,0.825826,0.511809,0,0,0,0;
0.4, -1.00623,0.894556,0.496801,0,0,0,0;
0.41, -0.876079,0.938982,0.538761,0,0,0,0;
0.42, -0.598569,1.00631,0.545459,0,0,0,0;
0.43, -0.746197,1.11927,0.505861,0,0,0,0;
0.44, -0.561073,1.13671,0.509732,0,0,0,0;
0.45, -0.389974,1.23306,0.53344,0,0,0,0;
0.46, -0.127352,1.25404,0.550558,0,0,0,0;
0.47, -0.554317,1.23051,0.476162,0,0,0,0;
0.48, -0.0808112,1.12508,0.525689,0,0,0,0;
0.49, -0.139613,1.29618,0.530708,0,0,0,0;
0.5, -0.268453,1.22837,0.420828,0,0,0,0;
0.51, -0.089212,1.04545,0.476071,0,0,0,0;
0.52, -0.0109424,1.4089,0.438423,0,0,0,0;
0.53, 0.203138,0.963463,0.478674,0,0,0,0;
0.54, -0.673652,1.1631,0.327298,0,0,0,0;
0.55, 0.083223,1.2633,0.434653,0,0,0,0;
0.56, 0.160863,1.0341,0.466689,0,0,0,0;
0.57, 0.42689,1.00166,0.449536,0,0,0,0;
0.58, 0.630666,0.85411,0.562703,0,0,0,0;
0.59, -0.140394,1.26675,0.374162,0,0,0,0;
0.6, -0.323404,0.82191,0.142399,0,0,0,0;
0.61, 0.260757,1.33262,0.00462756,0,0,0,0;
0.62, -0.202043,0.880249,0.036884,0,0,0,0;
0.63, 0.232032,0.604749,0.361409,0,0,0,0;
0.64, 0.249752,0.425737,0.430899,0,0,0,0;
0.65, 0.263217,0.746481,0.745892,0,0,0,0;
0.66, -0.599752,0.739358,0.554592,0,0,0,0;
0.67, 1.58952,1.10976,0.307264,0,0,0,0;
0.68, 1.24876,0.470752,0.0468707,0,0,0,0;
0.69, 1.27307,0.573688,-0.177538,0,0,0,0;
0.7, 1.78879,0.454816,0.173155,0,0,0,0;
0.71, -0.19848,0.317422,0.0591359,0,0,0,0;
0.72, -0.660717,0.509418,0.149641,0,0,0,0;
0.73, -1.00326,0.893603,0.199676,0,0,0,0;
0.74, -0.314409,0.144043,-0.0296059,0,0,0,0;
0.75, 0.957642,0.508559,0.0200445,0,0,0,0;
0.76, 1.36689,0.382486,0.0960448,0,0,0,0;
0.77, 0.726473,0.286077,0.247014,0,0,0,0;
0.78, 0.977735,-0.127759,0.349628,0,0,0,0;
0.79, 1.3813,-0.090452,0.0355842,0,0,0,0;
0.8, 0.360003,0.484628,0.00509524,0,0,0,0;
0.81, 1.48387,0.182602,-0.206293,0,0,0,0;
0.82, 0.495026,0.597856,-0.0182138,0,0,0,0;
0.83, 0.372356,-0.288452,-0.0482227,0,0,0,0;
0.84, 1.38688,-0.101735,0.0589686,0,0,0,0;
0.85, 1.17649,0.0541054,0.0937493,0,0,0,0;
0.86, 0.694027,0.225216,0.0522046,0,0,0,0;
0.87, 1.31229,0.282684,0.00529659,0,0,0,0;
0.88, 0.432813,-0.105875,-0.0614555,0,0,0,0;
0.89, 1.19698,-0.378762,-0.192433,0,0,0,0;
0.9, 1.09932,-0.128139,0.0030359,0,0,0,0;
0.91, 1.14215,-0.10812,0.0229712,0,0,0,0;
0.92, 1.15391,-0.247149,0.0926873,0,0,0,0;
0.93, 1.06526,-0.428332,0.0200676,0,0,0,0;
0.94, 0.962629,-0.243512,-0.00871322,0,0,0,0;
0.95, 1.4035,-0.184122,-0.110643,0,0,0,0;
0.96, 1.42415,-0.351346,-0.101613,0,0,0,0;
0.97, 0.597381,-0.475477,-0.0102545,0,0,0,0;
0.98, 1.01445,-0.407061,-0.0147542,0,0,0,0;
0.99, 1.12899,-0.414108,-0.0219014,0,0,0,0;
1, 1.28074,-0.490673,-0.0614963,0,0,0,0;
1.01, 1.00267,-0.51921,-0.0404868,0,0,0,0;
1.02, 1.35547,-0.578539,-0.0679533,0,0,0,0;
1.03, 1.10241,-0.634754,-0.0565806,0,0,0,0;
1.04, 1.33704,-0.609664,-0.0316488,0,0,0,0;
1.05, 1.54446,-0.664284,-0.0336201,0,0,0,0;
1.06, 0.58209,-0.65599,0.0734147,0,0,0,0;
1.07, 1.51075,-0.708174,-0.103211,0,0,0,0;
1.08, 0.976653,-0.930865,0.0144374,0,0,0,0;
1.09, 2.23657,-0.806595,-0.291828,0,0,0,0;
1.1, 1.07863,-0.931693,0.0454579,0,0,0,0;
1.11, 0.836417,-0.959822,0.127863,0,0,0,0;
1.12, 0.331334,-1.04982,0.147432,0,0,0,0;
1.13, 1.09996,-1.14817,-0.123756,0,0,0,0;
1.14, 1.64309,-0.968901,-0.279946,0,0,0,0;
1.15, 1.20056,-1.16119,-0.108443,0,0,0,0;
1.16, 0.700536,-1.20039,-0.01203,0,0,0,0;
1.17, 0.432178,-1.22296,0.087098,0,0,0,0;
1.18, 1.15542,-1.17595,-0.089837,0,0,0,0;
1.19, 1.1104,-1.22638,-0.150849,0,0,0,0;
1.2, 0.0783399,-1.48283,-0.0537578,0,0,0,0;
1.21, 0.366231,-1.50318,-0.00563076,0,0,0,0;
1.22, 0.608632,-1.47724,-0.0546317,0,0,0,0;
1.23, 1.12012,-1.39213,-0.149016,0,0,0,0;
1.24, 0.793504,-1.49579,-0.0337827,0,0,0,0;
1.25, -0.193106,-1.61792,0.0888917,0,0,0,0;
1.26, 0.358589,-1.60659,0.0192451,0,0,0,0;
1.27, 0.381737,-1.67685,-0.0715248,0,0,0,0;
1.28, 0.170519,-1.74056,-0.123639,0,0,0,0;
1.29, -0.709371,-1.80048,0.00452718,0,0,0,0;
1.3, -0.526664,-1.71661,0.0413346,0,0,0,0;
1.31, -0.303265,-1.66304,-0.00258312,0,0,0,0;
1.32, -0.40164,-1.64536,-0.00820094,0,0,0,0;
1.33, -0.722346,-1.70808,-0.0156017,0,0,0,0;
1.34, -0.481581,-1.65845,-0.104444,0,0,0,0;
1.35, -0.65481,-1.66195,-0.0304114,0,0,0,0;
1.36, -1.18915,-1.64531,0.076111,0,0,0,0;
1.37, -0.862907,-1.60033,0.105248,0,0,0,0;
1.38, -1.21819,-1.60582,0.177128,0,0,0,0;
1.39, -1.13027,-1.53842,0.106387,0,0,0,0;
1.4, -1.26635,-1.58911,-0.00579071,0,0,0,0;
1.41, -1.29908,-1.50863,0.0219233,0,0,0,0;
1.42, -1.63182,-1.41166,0.134071,0,0,0,0;
1.43, -1.45556,-1.34448,0.184259,0,0,0,0;
1.44, -1.49586,-1.16917,0.139391,0,0,0,0;
1.45, -1.58211,-1.20161,0.141902,0,0,0,0;
1.46, -1.72318,-1.13408,0.319719,0,0,0,0;
1.47, -1.31007,-1.07293,0.288041,0,0,0,0;
1.48, -1.60573,-0.975482,0.303533,0,0,0,0;
1.49, -1.79359,-1.02442,0.250449,0,0,0,0;
1.5, -2.12817,-0.765475,0.189056,0,0,0,0;
1.51, -1.54597,-0.710524,0.243619,0,0,0,0;
1.52, -1.86843,-0.575908,0.302733,0,0,0,0;
1.53, -1.48395,-0.475603,0.416118,0,0,0,0;
1.54, -1.91796,-0.51719,0.397134,0,0,0,0;
1.55, -1.75021,-0.346283,0.4063,0,0,0,0;
1.56, -1.83085,-0.168019,0.364945,0,0,0,0;
1.57, -1.15863,-0.0559375,0.385868,0,0,0,0;
1.58, -1.68311,-0.0193258,0.403478,0,0,0,0;
1.59, -1.69629,0.338807,0.492824,0,0,0,0;
1.6, -1.65637,-0.076883,0.367963,0,0,0,0;
1.61, -1.50822,0.164468,0.407202,0,0,0,0;
1.62, -1.49244,0.257949,0.458799,0,0,0,0;
1.63, -1.44389,0.418177,0.469249,0,0,0,0;
1.64, -1.30041,0.527135,0.509956,0,0,0,0;
1.65, -1.06181,0.556464,0.492969,0,0,0,0;
1.66, -1.37205,0.79856,0.441001,0,0,0,0;
1.67, -0.819523,0.665368,0.528865,0,0,0,0;
1.68, -1.7177,0.872339,0.507191,0,0,0,0;
1.69, -1.22885,0.838912,0.51097,0,0,0,0;
1.7, -0.464958,0.922957,0.503492,0,0,0,0;
1.71, -1.33905,1.09184,0.425624,0,0,0,0;
1.72, -0.695622,1.00399,0.475727,0,0,0,0;
1.73, -0.776955,1.04511,0.480109,0,0,0,0;
1.74, -0.396847,1.04514,0.53397,0,0,0,0;
1.75, -0.6526,1.0518,0.49046,0,0,0,0;
1.76, -0.363785,1.06962,0.527242,0,0,0,0;
1.77, -0.640489,1.15561,0.459089,0,0,0,0;
1.78, -0.307637,1.18093,0.460904,0,0,0,0;
1.79, -0.558796,1.23356,0.385304,0,0,0,0;
1.8, -0.291366,1.21443,0.39901,0,0,0,0;
1.81, -0.423146,1.16269,0.396091,0,0,0,0;
1.82, -0.195966,1.17738,0.4324,0,0,0,0;
1.83, -0.311992,1.09221,0.445359,0,0,0,0;
1.84, -0.298057,0.986718,0.44782,0,0,0,0;
1.85, -0.164959,1.14076,0.464936,0,0,0,0;
1.86, -0.307616,1.23019,0.402861,0,0,0,0;
1.87, 0.321795,1.11044,0.392364,0,0,0,0;
1.88, 0.274729,1.08492,0.319441,0,0,0,0;
1.89, 0.201555,1.05785,0.265367,0,0,0,0;
1.9, 0.0436849,1.03735,0.317274,0,0,0,0;
1.91, 0.212353,0.924133,0.312119,0,0,0,0;
1.92, 0.0200104,0.770003,0.349883,0,0,0,0;
1.93, 0.0304399,0.829873,0.338748,0,0,0,0;
1.94, 0.385016,0.592717,0.236335,0,0,0,0;
1.95, 0.212662,0.915329,0.163353,0,0,0,0;
1.96, 0.0580043,0.813575,0.251604,0,0,0,0;
1.97, 0.256212,0.560278,0.151629,0,0,0,0;
1.98, 0.586185,0.844735,0.29491,0,0,0,0;
1.99, 0.114411,0.733299,0.159363,0,0,0,0;
2, 0.40868,0.665232,0.217566,0,0,0,0;
2.01, 0.761867,0.606495,0.292086,0,0,0,0;
2.02, 0.801603,0.533114,0.168528,0,0,0,0;
2.03, 0.321909,0.244189,0.0106872,0,0,0,0;
2.04, 0.10197,0.385366,-0.091069,0,0,0,0;
2.05, 0.0630869,0.598872,0.142295,0,0,0,0;
2.06, 0.0965124,0.376003,0.17192,0,0,0,0;
2.07, 0.550951,0.343647,0.227177,0,0,0,0;
2.08, 1.80614,0.572411,0.136984,0,0,0,0;
2.09, 0.19095,0.212642,0.0408775,0,0,0,0;
2.1, 2.12595,0.207415,0.113719,0,0,0,0;
2.11, -0.713204,0.226885,-0.0210617,0,0,0,0;
2.12, 0.864073,0.203953,0.093582,0,0,0,0;
2.13, 1.04844,0.159628,-0.0916959,0,0,0,0;
2.14, 0.0966379,-0.0404108,0.011063,0,0,0,0;
2.15, 1.08469,0.123042,0.0396042,0,0,0,0;
2.16, 0.902208,0.242643,-0.159735,0,0,0,0;
2.17, 0.48801,0.121318,-0.109494,0,0,0,0;
2.18, 1.61629,-0.146443,-0.0515717,0,0,0,0;
2.19, 1.1118,-0.130307,-0.0231289,0,0,0,0;
2.2, 0.407151,-0.170388,0.0843985,0,0,0,0;
2.21, 0.500355,0.255462,0.0752818,0,0,0,0;
2.22, 0.798027,-0.0763751,-0.0453782,0,0,0,0;
2.23, 1.04142,-0.223441,-0.184978,0,0,0,0;
2.24, 0.942169,-0.30132,-0.119025,0,0,0,0;
2.25, 1.58457,-0.19823,-0.164771,0,0,0,0;
2.26, 1.30269,-0.406026,-0.0996462,0,0,0,0;
2.27, 1.16726,-0.250493,-0.0500827,0,0,0,0;
2.28, 0.834206,-0.174654,0.0506014,0,0,0,0;
2.29, 1.33047,-0.324942,-0.0167328,0,0,0,0;
2.3, 0.609291,-0.422716,-0.0275362,0,0,0,0;
2.31, 1.12135,-0.400341,-0.115148,0,0,0,0;
2.32, 1.0216,-0.640451,-0.184625,0,0,0,0;
2.33, 0.922966,-0.522066,-0.216012,0,0,0,0;
2.34, 1.36055,-0.471474,-0.150072,0,0,0,0;
2.35, 1.00555,-0.514109,-0.0415545,0,0,0,0;
2.36, 1.18432,-0.548111,-0.00656497,0,0,0,0;
2.37, 1.27671,-0.544508,-0.0245671,0,0,0,0;
2.38, 0.964798,-0.715997,-0.0624615,0,0,0,0;
2.39, 0.926061,-0.794639,-0.113681,0,0,0,0;
2.4, 1.30717,-0.787391,-0.188139,0,0,0,0;
2.41, 1.00898,-0.854582,-0.131589,0,0,0,0;
2.42, 1.09636,-0.862199,-0.124169,0,0,0,0;
2.43, 1.34214,-0.848371,-0.111101,0,0,0,0;
2.44, 1.11461,-0.94324,-0.0919492,0,0,0,0;
2.45, 0.752023,-0.985147,-0.0361377,0,0,0,0;
2.46, 0.912129,-0.98075,-0.0549013,0,0,0,0;
2.47, 0.872787,-1.09754,-0.124042,0,0,0,0;
2.48, 0.399434,-1.14486,-0.0426725,0,0,0,0;
2.49, 0.895815,-1.17586,-0.185063,0,0,0,0;
2.5, 0.740556,-1.17334,-0.187058,0,0,0,0;
2.51, 0.818695,-1.19541,-0.164456,0,0,0,0;
2.52, 0.0103562,-1.31703,0.0438978,0,0,0,0;
2.53, 1.1669,-1.16871,-0.061024,0,0,0,0;
2.54, 0.240313,-1.36592,-0.111997,0,0,0,0;
2.55, 1.00032,-1.33571,-0.228825,0,0,0,0;
2.56, 0.475861,-1.41628,-0.148905,0,0,0,0;
2.57, 0.761473,-1.49995,-0.188501,0,0,0,0;
2.58, 0.332632,-1.50288,-0.0986521,0,0,0,0;
2.59, 0.0871707,-1.50792,-0.0147448,0,0,0,0;
2.6, -0.678659,-1.50122,0.124573,0,0,0,0;
2.61, -0.368043,-1.57742,0.0104683,0,0,0,0;
2.62, 0.38768,-1.50887,-0.188635,0,0,0,0;
2.63, -0.175995,-1.55896,-0.208413,0,0,0,0;
2.64, -0.837714,-1.60041,-0.109623,0,0,0,0;
2.65, -0.30338,-1.52355,-0.101193,0,0,0,0;
2.66, -0.199593,-1.42516,-0.0582035,0,0,0,0;
2.67, -0.694114,-1.49527,-0.006621,0,0,0,0;
2.68, -0.906416,-1.49659,0.0347795,0,0,0,0;
2.69, -0.592996,-1.48494,-0.0504593,0,0,0,0;
2.7, -1.16422,-1.45488,0.0344413,0,0,0,0;
2.71, -1.01714,-1.46916,0.0487181,0,0,0,0;
2.72, -1.00634,-1.34217,0.0338424,0,0,0,0;
2.73, -1.13765,-1.37822,-0.0210386,0,0,0,0;
2.74, -1.13036,-1.29454,-0.0448337,0,0,0,0;
2.75, -1.28891,-1.21394,0.0306123,0,0,0,0;
2.76, -1.18608,-1.1779,0.154185,0,0,0,0;
2.77, -1.31297,-1.15411,0.10519,0,0,0,0;
2.78, -1.09477,-1.09866,0.171274,0,0,0,0;
2.79, -1.25772,-1.02315,0.111544,0,0,0,0;
2.8, -1.71872,-0.981527,0.122193,0,0,0,0;
2.81, -1.91898,-0.864025,0.229934,0,0,0,0;
2.82, -1.32994,-0.787631,0.207732,0,0,0,0;
2.83, -1.57202,-0.718586,0.167248,0,0,0,0;
2.84, -1.46056,-0.580813,0.176305,0,0,0,0;
2.85, -1.5898,-0.498193,0.17638,0,0,0,0;
2.86, -1.53017,-0.456776,0.232404,0,0,0,0;
2.87, -1.4573,-0.407777,0.259166,0,0,0,0;
2.88, -1.55357,-0.363458,0.296598,0,0,0,0;
2.89, -1.54256,-0.256916,0.343314,0,0,0,0;
2.9, -1.5053,-0.146231,0.337349,0,0,0,0;
2.91, -1.42555,-0.047071,0.293987,0,0,0,0;
2.92, -1.503,-0.000612646,0.2687,0,0,0,0;
2.93, -1.27489,0.179152,0.273155,0,0,0,0;
2.94, -1.64958,0.193643,0.290963,0,0,0,0;
2.95, -1.25606,0.201691,0.305901,0,0,0,0;
2.96, -1.00273,0.316073,0.354115,0,0,0,0;
2.97, -1.34973,0.331496,0.351315,0,0,0,0;
2.98, -1.13299,0.418342,0.395431,0,0,0,0;
2.99, -1.4149,0.502309,0.359781,0,0,0,0;
3, -0.862942,0.631217,0.397547,0,0,0,0;
3.01, -1.01767,0.650616,0.322494,0,0,0,0;
3.02, -0.947337,0.720195,0.319475,0,0,0,0;
3.03, -0.628522,0.739221,0.356267,0,0,0,0;
3.04, -0.724114,0.795387,0.353837,0,0,0,0;
3.05, -0.988567,0.856112,0.339396,0,0,0,0;
3.06, -0.596215,0.864149,0.388872,0,0,0,0;
3.07, -1.28461,0.870004,0.289833,0,0,0,0;
3.08, -0.396051,0.903732,0.368117,0,0,0,0;
3.09, -0.757621,0.972578,0.281821,0,0,0,0;
3.1, -0.362115,1.02119,0.352681,0,0,0,0;
3.11, -0.779348,1.03433,0.327871,0,0,0,0;
3.12, 0.138903,0.953724,0.431028,0,0,0,0;
3.13, -0.877181,1.00995,0.341029,0,0,0,0;
3.14, 0.140676,1.14331,0.400018,0,0,0,0;
3.15, -0.362918,0.944172,0.254341,0,0,0,0;
3.16, -0.440028,0.982711,0.228568,0,0,0,0;
3.17, -0.0755113,1.14807,0.319245,0,0,0,0;
3.18, -0.14093,1.02406,0.320406,0,0,0,0;
3.19, 0.0678032,0.884494,0.296134,0,0,0,0;
3.2, -0.0811016,0.936069,0.252679,0,0,0,0;
3.21, -0.0570535,0.897282,0.304984,0,0,0,0;
3.22, -0.023956,1.0551,0.211931,0,0,0,0;
3.23, 0.0074864,0.955303,0.183238,0,0,0,0;
3.24, 0.348273,0.63061,0.323449,0,0,0,0;
3.25, -0.462912,0.821011,0.248696,0,0,0,0;
3.26, 0.438796,0.822511,0.171692,0,0,0,0;
3.27, 0.157945,0.949742,0.13015,0,0,0,0;
3.28, 0.283979,0.520366,0.0741753,0,0,0,0;
3.29, 0.400786,0.92604,0.224369,0,0,0,0;
3.3, 0.0811805,0.645447,0.210152,0,0,0,0;
3.31, 0.147396,0.785478,0.297046,0,0,0,0;
3.32, 0.413104,0.4525,0.152949,0,0,0,0;
3.33, 0.116682,0.584809,0.0129437,0,0,0,0;
3.34, 0.697547,0.702732,-0.0308784,0,0,0,0;
3.35, 0.462208,0.854866,0.113735,0,0,0,0;
3.36, 0.888099,0.269026,0.123598,0,0,0,0;
3.37, 0.480219,0.428726,0.0893353,0,0,0,0;
3.38, 0.489295,0.428097,0.0647277,0,0,0,0;
3.39, 0.104369,0.660105,0.10578,0,0,0,0;
3.4, 0.445086,0.0865715,0.0381813,0,0,0,0;
3.41, 0.590879,0.476375,-0.0389,0,0,0,0;
3.42, 0.509063,0.3176,0.0732609,0,0,0,0;
3.43, 0.554733,0.377239,-0.0105103,0,0,0,0;
3.44, -0.0963616,-0.0709811,-0.00676511,0,0,0,0;
3.45, 2.03409,0.199572,-0.073171,0,0,0,0;
3.46, 0.81202,0.117689,-0.0879025,0,0,0,0;
3.47, 0.321758,0.242915,-0.000935987,0,0,0,0;
3.48, 0.64671,0.270718,-0.0798769,0,0,0,0;
3.49, 0.803352,0.13308,-0.000718087,0,0,0,0;
3.5, 1.38421,0.0164147,-0.0814568,0,0,0,0;
3.51, 0.549108,0.155743,-0.040868,0,0,0,0;
3.52, 0.747201,0.0478696,-0.00945468,0,0,0,0;
3.53, 0.469353,-0.00239812,0.0264014,0,0,0,0;
3.54, 0.611301,-0.204336,-0.112673,0,0,0,0;
3.55, 1.36169,-0.141894,-0.272696,0,0,0,0;
3.56, 0.571279,-0.28775,-0.21392,0,0,0,0;
3.57, 1.34859,-0.146778,-0.149221,0,0,0,0;
3.58, 0.702546,-0.0469093,0.0397036,0,0,0,0;
3.59, 1.13336,-0.16837,0.0339578,0,0,0,0;
3.6, 0.955746,-0.26694,-0.0267271,0,0,0,0;
3.61, 1.01487,-0.431931,-0.0924831,0,0,0,0;
3.62, 1.19593,-0.344168,-0.158082,0,0,0,0;
3.63, 1.51953,-0.410196,-0.223327,0,0,0,0;
3.64, 1.04636,-0.445038,-0.171076,0,0,0,0;
3.65, 0.791615,-0.449794,-0.0820235,0,0,0,0;
3.66, 0.893944,-0.452299,-0.0556471,0,0,0,0;
3.67, 0.877174,-0.514356,-0.0579082,0,0,0,0;
3.68, 1.01552,-0.535644,-0.103395,0,0,0,0;
3.69, 1.21268,-0.558991,-0.167724,0,0,0,0;
3.7, 1.01541,-0.634514,-0.147215,0,0,0,0;
3.71, 1.28899,-0.693133,-0.198655,0,0,0,0;
3.72, 0.766504,-0.705031,-0.109741,0,0,0,0;
3.73, 0.664041,-0.752037,-0.0530909,0,0,0,0;
3.74, 0.858161,-0.788216,-0.0646663,0,0,0,0;
3.75, 1.0792,-0.756761,-0.171908,0,0,0,0;
3.76, 1.10937,-0.831008,-0.227879,0,0,0,0;
3.77, 0.822508,-0.913944,-0.15837,0,0,0,0;
3.78, 1.18723,-0.948917,-0.19562,0,0,0,0;
3.79, 0.84314,-0.953027,-0.0714474,0,0,0,0;
3.8, 0.963895,-0.968303,-0.0796341,0,0,0,0;
3.81, 0.643679,-1.05296,-0.0810233,0,0,0,0;
3.82, 0.973787,-1.08601,-0.134888,0,0,0,0;
3.83, 0.936712,-1.19046,-0.238454,0,0,0,0;
3.84, 0.876917,-1.16272,-0.148362,0,0,0,0;
3.85, -0.0153588,-1.23231,-0.0492716,0,0,0,0;
3.86, 0.853976,-1.16945,-0.10182,0,0,0,0;
3.87, -0.0111128,-1.26987,-0.0197641,0,0,0,0;
3.88, 0.632747,-1.31073,-0.162106,0,0,0,0;
3.89, -0.0395395,-1.34946,-0.164448,0,0,0,0;
3.9, 0.417209,-1.35709,-0.231649,0,0,0,0;
3.91, 0.556322,-1.31417,-0.257185,0,0,0,0;
3.92, -0.363749,-1.38578,-0.140279,0,0,0,0;
3.93, 0.559347,-1.30424,-0.179709,0,0,0,0;
3.94, -0.418046,-1.37566,-0.0373062,0,0,0,0;
3.95, -0.00820918,-1.36444,-0.030321,0,0,0,0;
3.96, -0.457408,-1.42457,-0.0479688,0,0,0,0;
3.97, -0.0819337,-1.45653,-0.173941,0,0,0,0;
3.98, -0.352281,-1.47101,-0.221519,0,0,0,0;
3.99, -0.38278,-1.42454,-0.152683,0,0,0,0;
4, -0.621935,-1.43269,-0.1448,0,0,0,0;
4.01, -0.641304,-1.39094,-0.0252639,0,0,0,0;
4.02, -0.98006,-1.35033,0.0412298,0,0,0,0;
4.03, -0.631682,-1.3032,0.0212189,0,0,0,0;
4.04, -0.796863,-1.24387,-0.0694347,0,0,0,0;
4.05, -1.04847,-1.33328,-0.145077,0,0,0,0;
4.06, -1.07799,-1.3266,-0.132327,0,0,0,0;
4.07, -0.862171,-1.17405,-0.097851,0,0,0,0;
4.08, -0.966276,-1.14765,0.0247809,0,0,0,0;
4.09, -0.97537,-1.12738,0.0908524,0,0,0,0;
4.1, -1.20741,-1.06133,0.0893642,0,0,0,0;
4.11, -1.32766,-1.01391,0.0164295,0,0,0,0;
4.12, -1.36136,-0.902547,0.0804154,0,0,0,0;
4.13, -1.33439,-0.901295,0.00271674,0,0,0,0;
4.14, -1.50929,-0.840206,0.0309398,0,0,0,0;
4.15, -1.41821,-0.757207,0.13083,0,0,0,0;
4.16, -1.03497,-0.6998,0.128332,0,0,0,0;
4.17, -1.30619,-0.621217,0.172552,0,0,0,0;
4.18, -1.45217,-0.565379,0.147139,0,0,0,0;
4.19, -1.22044,-0.490734,0.171413,0,0,0,0;
4.2, -1.57284,-0.435878,0.187733,0,0,0,0;
4.21, -1.45113,-0.352665,0.197817,0,0,0,0;
4.22, -1.50573,-0.304715,0.203297,0,0,0,0;
4.23, -1.27302,-0.195804,0.191877,0,0,0,0;
4.24, -1.35914,-0.103179,0.21768,0,0,0,0;
4.25, -1.26606,-0.0496287,0.240587,0,0,0,0;
4.26, -1.13516,0.00772176,0.224847,0,0,0,0;
4.27, -1.15837,0.0796037,0.279856,0,0,0,0;
4.28, -1.26825,0.147592,0.248073,0,0,0,0;
4.29, -1.56619,0.200874,0.262518,0,0,0,0;
4.3, -0.775212,0.277831,0.299498,0,0,0,0;
4.31, -1.50492,0.296971,0.286706,0,0,0,0;
4.32, -1.23063,0.415659,0.287077,0,0,0,0;
4.33, -0.793739,0.475252,0.25309,0,0,0,0;
4.34, -0.79661,0.506192,0.265932,0,0,0,0;
4.35, -0.64317,0.588311,0.33055,0,0,0,0;
4.36, -1.17501,0.629708,0.287248,0,0,0,0;
4.37, -1.05291,0.64224,0.269466,0,0,0,0;
4.38, -0.926596,0.656471,0.268912,0,0,0,0;
4.39, -0.581446,0.749636,0.304029,0,0,0,0;
4.4, -0.677555,0.771539,0.316538,0,0,0,0;
4.41, -0.0583076,0.801138,0.370468,0,0,0,0;
4.42, -0.806375,0.830688,0.280207,0,0,0,0;
4.43, -0.845349,0.862731,0.257202,0,0,0,0;
4.44, -0.650601,0.854987,0.235711,0,0,0,0;
4.45, -0.384531,0.92077,0.251237,0,0,0,0;
4.46, -0.260847,0.929414,0.276831,0,0,0,0;
4.47, -0.236699,0.892073,0.292862,0,0,0,0;
4.48, -0.372185,0.878901,0.300912,0,0,0,0;
4.49, -0.243372,0.943439,0.290088,0,0,0,0;
4.5, -0.0367207,0.824647,0.291793,0,0,0,0;
4.51, -0.462264,0.969822,0.171885,0,0,0,0;
4.52, -0.207148,0.890275,0.275193,0,0,0,0;
4.53, -0.433297,0.864923,0.168061,0,0,0,0;
4.54, 0.335618,1.12387,0.152248,0,0,0,0;
4.55, 0.103143,0.992731,0.133482,0,0,0,0;
4.56, 0.0433528,0.773526,0.29641,0,0,0,0;
4.57, -0.142684,0.819833,0.284861,0,0,0,0;
4.58, 0.0187307,0.652513,0.199206,0,0,0,0;
4.59, 0.0619253,0.686026,0.179206,0,0,0,0;
4.6, 0.158425,0.649314,0.229313,0,0,0,0;
4.61, -0.0706667,0.98051,0.0385262,0,0,0,0;
4.62, 0.490144,0.690195,0.190717,0,0,0,0;
4.63, 0.490698,0.701738,0.134615,0,0,0,0;
4.64, 0.481235,0.848041,0.0261583,0,0,0,0;
4.65, -0.0416283,0.674319,0.0251777,0,0,0,0;
4.66, 0.37087,0.534298,0.0661272,0,0,0,0;
4.67, -0.132962,0.498541,0.110422,0,0,0,0;
4.68, 0.424883,0.668665,0.148471,0,0,0,0;
4.69, 0.532867,0.558958,0.0487964,0,0,0,0;
4.7, 0.457648,0.441361,0.0868864,0,0,0,0;
4.71, 0.776109,0.528142,0.0945508,0,0,0,0;
4.72, 0.48502,0.546731,0.00510189,0,0,0,0;
4.73, 0.631865,0.34048,0.00959986,0,0,0,0;
4.74, -0.0836343,0.144298,0.0068268,0,0,0,0;
4.75, 0.568155,0.1328,-0.0256923,0,0,0,0;
4.76, 1.2807,0.499546,-0.0635689,0,0,0,0;
4.77, -0.238987,0.502651,-0.0051484,0,0,0,0;
4.78, 0.407079,-0.0372071,-0.050499,0,0,0,0;
4.79, 1.21048,0.331553,-0.0914349,0,0,0,0;
4.8, 0.753216,0.357601,0.0042114,0,0,0,0;
4.81, 0.548539,-0.0133234,0.0335433,0,0,0,0;
4.82, 1.2671,0.0136959,0.0196398,0,0,0,0;
4.83, 0.657367,0.0248997,-0.0477543,0,0,0,0;
4.84, 0.215366,0.349945,-0.151097,0,0,0,0;
4.85, 1.19513,-0.0519539,-0.211675,0,0,0,0;
4.86, 0.694054,0.0772701,-0.18595,0,0,0,0;
4.87, 0.072224,-0.113519,-0.0775004,0,0,0,0;
4.88, 1.08634,0.0319365,-0.058902,0,0,0,0;
4.89, 1.57462,-0.162256,-0.0598253,0,0,0,0;
4.9, 0.956223,-0.145605,-0.0737677,0,0,0,0;
4.91, 1.18728,-0.0909429,-0.0701732,0,0,0,0;
4.92, 0.695193,-0.170936,-0.0966791,0,0,0,0;
4.93, 1.33308,-0.285164,-0.143149,0,0,0,0;
4.94, 0.825383,-0.34222,-0.166867,0,0,0,0;
4.95, 0.888756,-0.32553,-0.127327,0,0,0,0;
4.96, 0.753583,-0.306888,-0.0899487,0,0,0,0;
4.97, 1.26119,-0.300141,-0.145269,0,0,0,0;
4.98, 0.981434,-0.422512,-0.128495,0,0,0,0;
4.99, 1.08805,-0.456643,-0.124301,0,0,0,0;
5, 0.942079,-0.482843,-0.102653,0,0,0,0;
5.01, 0.931481,-0.513215,-0.133003,0,0,0,0;
5.02, 0.871749,-0.577132,-0.147065,0,0,0,0;
5.03, 1.17469,-0.591085,-0.173595,0,0,0,0;
5.04, 0.882955,-0.620404,-0.152951,0,0,0,0;
5.05, 0.890648,-0.637769,-0.143704,0,0,0,0;
5.06, 0.929702,-0.656609,-0.113107,0,0,0,0;
5.07, 1.02351,-0.721996,-0.17065,0,0,0,0;
5.08, 1.4841,-0.716354,-0.179983,0,0,0,0;
5.09, 0.802827,-0.893983,-0.12362,0,0,0,0;
5.1, 1.17241,-0.810896,-0.109085,0,0,0,0;
5.11, 0.737481,-0.923359,-0.0863467,0,0,0,0;
5.12, 0.943287,-0.949676,-0.153779,0,0,0,0;
5.13, 0.906623,-0.970017,-0.17185,0,0,0,0;
5.14, 0.384321,-0.974697,-0.0826278,0,0,0,0;
5.15, 0.411494,-1.16561,-0.130524,0,0,0,0;
5.16, 0.928407,-1.04345,-0.238398,0,0,0,0;
5.17, 0.755554,-1.06426,-0.180689,0,0,0,0;
5.18, 0.710142,-1.12683,-0.191309,0,0,0,0;
5.19, 0.574093,-1.14162,-0.148732,0,0,0,0;
5.2, 0.980676,-1.16355,-0.147357,0,0,0,0;
5.21, 0.780107,-1.20481,-0.142293,0,0,0,0;
5.22, 0.01621,-1.34766,-0.0474704,0,0,0,0;
5.23, -0.377742,-1.37616,-0.0307066,0,0,0,0;
5.24, 0.815879,-1.32222,-0.235137,0,0,0,0;
5.25, 0.353569,-1.36446,-0.262867,0,0,0,0;
5.26, 0.37969,-1.31928,-0.226313,0,0,0,0;
5.27, -0.179399,-1.38656,-0.0940778,0,0,0,0;
5.28, -0.560818,-1.39884,-0.0382787,0,0,0,0;
5.29, -0.199455,-1.33781,-0.0513029,0,0,0,0;
5.3, -0.521555,-1.41176,-0.0846016,0,0,0,0;
5.31, -0.066337,-1.40528,-0.205937,0,0,0,0;
5.32, -0.455902,-1.40715,-0.147962,0,0,0,0;
5.33, -0.467242,-1.36255,-0.169996,0,0,0,0;
5.34, -0.36965,-1.34063,-0.122673,0,0,0,0;
5.35, -0.650462,-1.36168,-0.116185,0,0,0,0;
5.36, -0.757574,-1.33777,-0.0752306,0,0,0,0;
5.37, -0.803777,-1.30698,0.0315922,0,0,0,0;
5.38, -0.714909,-1.29093,-0.069965,0,0,0,0;
5.39, -0.974851,-1.28939,-0.0234746,0,0,0,0;
5.4, -0.95339,-1.25395,-0.107429,0,0,0,0;
5.41, -1.02298,-1.14357,-0.0239543,0,0,0,0;
5.42, -1.24843,-1.17787,-0.0539236,0,0,0,0;
5.43, -1.07109,-1.0626,-0.0214423,0,0,0,0;
5.44, -0.967638,-0.999769,0.0741961,0,0,0,0;
5.45, -1.27762,-1.04249,0.042412,0,0,0,0;
5.46, -1.27237,-0.906557,0.123471,0,0,0,0;
5.47, -1.39272,-0.947281,0.121332,0,0,0,0;
5.48, -1.31873,-0.796396,0.0531781,0,0,0,0;
5.49, -1.41063,-0.713792,0.0432277,0,0,0,0;
5.5, -1.2947,-0.68389,0.100043,0,0,0,0;
5.51, -1.42701,-0.620373,0.0995223,0,0,0,0;
5.52, -1.18365,-0.553324,0.134446,0,0,0,0;
5.53, -1.60089,-0.469037,0.199584,0,0,0,0;
5.54, -1.15393,-0.440966,0.203505,0,0,0,0;
5.55, -1.47114,-0.357732,0.184579,0,0,0,0;
5.56, -1.27889,-0.300613,0.204795,0,0,0,0;
5.57, -1.34028,-0.212179,0.187987,0,0,0,0;
5.58, -1.22482,-0.124202,0.208261,0,0,0,0;
5.59, -1.61647,-0.0237746,0.220521,0,0,0,0;
5.6, -1.26152,0.0182265,0.239233,0,0,0,0;
5.61, -1.0826,0.104582,0.27125,0,0,0,0;
5.62, -0.659011,0.164201,0.292673,0,0,0,0;
5.63, -1.62923,0.187793,0.255031,0,0,0,0;
5.64, -1.34807,0.218874,0.263919,0,0,0,0;
5.65, -0.713155,0.353296,0.262002,0,0,0,0;
5.66, -1.09729,0.448016,0.237524,0,0,0,0;
5.67, -1.17571,0.442069,0.292492,0,0,0,0;
5.68, -1.36296,0.470635,0.271264,0,0,0,0;
5.69, -0.922041,0.572231,0.314923,0,0,0,0;
5.7, -0.728916,0.60637,0.297741,0,0,0,0;
5.71, -0.801356,0.689276,0.282015,0,0,0,0;
5.72, -0.181554,0.738662,0.347446,0,0,0,0;
5.73, -0.774097,0.7376,0.28703,0,0,0,0;
5.74, -0.657745,0.719137,0.288406,0,0,0,0;
5.75, -0.892675,0.788909,0.264086,0,0,0,0;
5.76, -0.86955,0.871973,0.250282,0,0,0,0;
5.77, -0.400707,0.854275,0.300578,0,0,0,0;
5.78, -0.57017,0.840865,0.300111,0,0,0,0;
5.79, -0.440477,0.920594,0.322529,0,0,0,0;
5.8, -0.339576,0.853269,0.262607,0,0,0,0;
5.81, -0.346202,0.956998,0.253842,0,0,0,0;
5.82, -0.246868,0.964767,0.298834,0,0,0,0;
5.83, -0.212175,0.94443,0.279008,0,0,0,0;
5.84, -0.287821,0.821233,0.250588,0,0,0,0;
5.85, -0.141773,1.02127,0.293257,0,0,0,0;
5.86, -0.229587,0.95299,0.266267,0,0,0,0;
5.87, -0.0581423,0.770032,0.233904,0,0,0,0;
5.88, 0.280109,0.841887,0.215205,0,0,0,0;
5.89, 0.168513,1.06888,0.268633,0,0,0,0;
5.9, -0.32742,0.765049,0.126694,0,0,0,0;
5.91, -0.213295,1.10666,0.110768,0,0,0,0;
5.92, -0.208763,0.64357,0.163588,0,0,0,0;
5.93, 0.18693,0.761513,0.3062,0,0,0,0;
5.94, 0.565718,0.9564,0.232132,0,0,0,0;
5.95, 0.144741,0.40123,0.245832,0,0,0,0;
5.96, 0.154172,1.00095,0.0440278,0,0,0,0;
5.97, 0.280129,0.474265,0.154997,0,0,0,0;
5.98, 0.207276,0.935239,0.100062,0,0,0,0;
5.99, -0.0375108,0.523388,0.154847,0,0,0,0;
6, 0.335613,0.729596,0.0627448,0,0,0,0;
6.01, 0.800468,0.570978,0.0318155,0,0,0,0;
6.02, 0.639337,0.456663,0.068563,0,0,0,0;
6.03, 0.343489,0.523562,0.141381,0,0,0,0;
6.04, 0.0876744,0.525407,0.158732,0,0,0,0;
6.05, 0.558099,0.476221,-0.0497408,0,0,0,0;
6.06, 0.248389,0.426106,-0.0300735,0,0,0,0;
6.07, -0.0106788,0.0909501,0.106171,0,0,0,0;
6.08, 0.796313,0.217789,0.0421431,0,0,0,0;
6.09, 1.33825,0.606078,-0.044053,0,0,0,0;
6.1, 0.295275,0.353225,-0.0579328,0,0,0,0;
6.11, 0.808424,0.61296,-0.173729,0,0,0,0;
6.12, -0.40597,0.19253,0.00547992,0,0,0,0;
6.13, 0.775243,0.212409,0.0596194,0,0,0,0;
6.14, 2.13489,0.111003,0.109322,0,0,0,0;
6.15, 0.0605208,0.0516646,-0.0306187,0,0,0,0;
6.16, 0.175156,0.135061,-0.0118312,0,0,0,0;
6.17, 1.06651,0.201561,-0.10925,0,0,0,0;
6.18, 0.0119536,-0.00116516,-0.0958655,0,0,0,0;
6.19, 1.43911,0.0204428,-0.193565,0,0,0,0;
6.2, 0.852966,0.0700042,-0.214078,0,0,0,0;
6.21, 1.80538,0.0464322,-0.031802,0,0,0,0;
6.22, 0.605952,-0.0514255,0.061852,0,0,0,0;
6.23, 0.88763,-0.0970143,0.108684,0,0,0,0;
6.24, 1.23373,-0.180368,-0.0505123,0,0,0,0;
6.25, 0.659603,-0.213003,-0.0963017,0,0,0,0;
6.26, 0.69949,-0.161449,-0.147607,0,0,0,0;
6.27, 1.36655,-0.374626,-0.27265,0,0,0,0;
6.28, 1.14054,-0.261814,-0.229963,0,0,0,0;
6.29, 0.694049,-0.307913,-0.130671,0,0,0,0;
6.3, 0.98661,-0.249506,-0.046923,0,0,0,0;
6.31, 0.974533,-0.280248,0.0197286,0,0,0,0;
6.32, 0.916716,-0.343523,-0.041851,0,0,0,0;
6.33, 1.04281,-0.432419,-0.118544,0,0,0,0;
6.34, 1.06499,-0.522638,-0.189713,0,0,0,0;
6.35, 0.923041,-0.562135,-0.172062,0,0,0,0;
6.36, 1.33066,-0.570305,-0.210892,0,0,0,0;
6.37, 1.35623,-0.560577,-0.168,0,0,0,0;
6.38, 0.895579,-0.578386,-0.0625343,0,0,0,0;
6.39, 0.787689,-0.641324,0.00164638,0,0,0,0;
6.4, 1.08525,-0.66665,-0.0883568,0,0,0,0;
6.41, 1.14874,-0.797963,-0.163539,0,0,0,0;
6.42, 0.69896,-0.81739,-0.164253,0,0,0,0;
6.43, 1.2763,-0.84548,-0.234468,0,0,0,0;
6.44, 0.889069,-0.875876,-0.131563,0,0,0,0;
6.45, 1.29782,-0.870509,-0.145355,0,0,0,0;
6.46, 1.1462,-0.854408,-0.123635,0,0,0,0;
6.47, 0.25921,-1.03808,-0.0164129,0,0,0,0;
6.48, 1.41091,-0.975458,-0.171688,0,0,0,0;
6.49, 0.559212,-1.10506,-0.139241,0,0,0,0;
6.5, 0.681159,-1.16447,-0.121275,0,0,0,0;
6.51, 0.655912,-1.16603,-0.122876,0,0,0,0;
6.52, 1.19125,-1.11306,-0.195634,0,0,0,0;
6.53, -0.100341,-1.26926,-0.0851159,0,0,0,0;
6.54, 0.149152,-1.31838,-0.0992114,0,0,0,0;
6.55, 1.07601,-1.20104,-0.24075,0,0,0,0;
6.56, 0.519378,-1.32267,-0.182948,0,0,0,0;
6.57, -0.0677082,-1.3238,-0.0624617,0,0,0,0;
6.58, 0.227786,-1.37517,-0.103658,0,0,0,0;
6.59, 0.942965,-1.32916,-0.207806,0,0,0,0;
6.6, 0.0315335,-1.46562,-0.136907,0,0,0,0;
6.61, -0.411316,-1.48136,-0.0593822,0,0,0,0;
6.62, 0.129075,-1.47127,-0.143575,0,0,0,0;
6.63, -0.488689,-1.52453,-0.0974086,0,0,0,0;
6.64, 0.231793,-1.46348,-0.135989,0,0,0,0;
6.65, -0.36922,-1.5046,-0.0820529,0,0,0,0;
6.66, -0.420723,-1.5154,-0.126112,0,0,0,0;
6.67, -0.815681,-1.43428,-0.0603792,0,0,0,0;
6.68, -0.693894,-1.48248,-0.00737187,0,0,0,0;
6.69, -1.04177,-1.48489,-0.0287609,0,0,0,0;
6.7, -0.796185,-1.42467,-0.101521,0,0,0,0;
6.71, -0.609875,-1.3752,-0.11268,0,0,0,0;
6.72, -0.744972,-1.348,-0.127466,0,0,0,0;
6.73, -0.821468,-1.32373,0.0428365,0,0,0,0;
6.74, -1.13716,-1.31342,0.0130842,0,0,0,0;
6.75, -0.897184,-1.27067,0.125626,0,0,0,0;
6.76, -1.29998,-1.25132,0.0321402,0,0,0,0;
6.77, -1.37572,-1.22827,0.0647159,0,0,0,0;
6.78, -1.25532,-1.0873,0.127286,0,0,0,0;
6.79, -1.26064,-1.11245,0.00148711,0,0,0,0;
6.8, -1.44516,-1.00424,0.0832582,0,0,0,0;
6.81, -1.28398,-0.91084,0.0973461,0,0,0,0;
6.82, -1.27348,-0.820647,0.135591,0,0,0,0;
6.83, -1.52738,-0.819308,0.111217,0,0,0,0;
6.84, -1.59951,-0.706551,0.184469,0,0,0,0;
6.85, -1.32296,-0.654095,0.190349,0,0,0,0;
6.86, -1.52551,-0.64862,0.228646,0,0,0,0;
6.87, -1.74216,-0.553393,0.252075,0,0,0,0;
6.88, -1.53157,-0.411892,0.257798,0,0,0,0;
6.89, -1.25244,-0.361394,0.265276,0,0,0,0;
6.9, -1.32817,-0.223862,0.259045,0,0,0,0;
6.91, -1.46752,-0.192667,0.257498,0,0,0,0;
6.92, -1.37651,-0.105663,0.270272,0,0,0,0;
6.93, -1.50756,-0.0334402,0.285223,0,0,0,0;
6.94, -1.53511,0.0259269,0.300453,0,0,0,0;
6.95, -1.03392,0.115738,0.347578,0,0,0,0;
6.96, -1.39926,0.147175,0.346971,0,0,0,0;
6.97, -1.26672,0.272554,0.353777,0,0,0,0;
6.98, -1.1406,0.376002,0.327155,0,0,0,0;
6.99, -1.14153,0.43009,0.347521,0,0,0,0;
7, -1.19869,0.481775,0.34439,0,0,0,0;
7.01, -0.783709,0.553655,0.36481,0,0,0,0;
7.02, -1.4982,0.578649,0.296964,0,0,0,0;
7.03, -0.49202,0.622359,0.406712,0,0,0,0;
7.04, -1.16674,0.702857,0.343731,0,0,0,0;
7.05, -1.07901,0.745412,0.357504,0,0,0,0;
7.06, -0.558851,0.783359,0.397241,0,0,0,0;
7.07, -0.907035,0.862674,0.388149,0,0,0,0;
7.08, -0.666288,0.865859,0.365487,0,0,0,0;
7.09, -0.687201,0.973107,0.366928,0,0,0,0;
7.1, -0.348836,0.983255,0.398326,0,0,0,0;
7.11, -0.402293,0.965009,0.383157,0,0,0,0;
7.12, -0.515942,1.00814,0.370035,0,0,0,0;
7.13, -0.544902,0.974683,0.329348,0,0,0,0;
7.14, -0.257193,1.02828,0.370035,0,0,0,0;
7.15, -0.350721,0.967225,0.311865,0,0,0,0;
7.16, -0.449652,1.04743,0.353582,0,0,0,0;
7.17, -0.3376,1.04398,0.311047,0,0,0,0;
7.18, -0.290157,0.93926,0.313895,0,0,0,0;
7.19, -0.146123,0.999636,0.300461,0,0,0,0;
7.2, 0.108713,0.999753,0.361203,0,0,0,0;
7.21, -0.261399,1.09692,0.318737,0,0,0,0;
7.22, -0.0201312,0.806513,0.278188,0,0,0,0;
7.23, 0.251949,1.10288,0.323371,0,0,0,0;
7.24, 0.107386,1.03327,0.372668,0,0,0,0;
7.25, -0.0957294,0.806562,0.227639,0,0,0,0;
7.26, 0.0484674,0.912871,0.235639,0,0,0,0;
7.27, 0.464525,0.801487,0.101624,0,0,0,0;
7.28, 0.286029,0.700366,0.258786,0,0,0,0;
7.29, 0.00407666,1.01665,0.30543,0,0,0,0;
7.3, -0.230162,0.660039,0.178633,0,0,0,0;
7.31, 0.131014,0.778081,0.170726,0,0,0,0;
7.32, 0.633847,0.615053,0.162711,0,0,0,0;
7.33, -0.106021,0.804749,0.204909,0,0,0,0;
7.34, 0.788917,0.639898,0.209788,0,0,0,0;
7.35, 0.528622,0.626895,0.201138,0,0,0,0;
7.36, 0.152128,0.355553,0.152683,0,0,0,0;
7.37, 0.520317,0.44112,0.111965,0,0,0,0;
7.38, 0.535202,0.518663,0.125117,0,0,0,0;
7.39, 0.48049,0.404294,0.0296098,0,0,0,0;
7.4, 1.38871,0.668862,-0.0492207,0,0,0,0;
7.41, 0.181318,0.20372,-0.176014,0,0,0,0;
7.42, 0.162907,0.45053,0.228759,0,0,0,0;
7.43, 0.382304,0.489436,0.219127,0,0,0,0;
7.44, -0.543822,0.529481,0.104827,0,0,0,0;
7.45, 1.6385,0.164585,-0.0595089,0,0,0,0;
7.46, 1.02367,0.0506962,-0.117487,0,0,0,0;
7.47, 0.958543,0.20708,-0.00699009,0,0,0,0;
7.48, 0.50784,0.0354081,-0.0422059,0,0,0,0;
7.49, 1.16349,0.33136,0.0354392,0,0,0,0;
7.5, 0.914637,0.33684,0.0633128,0,0,0,0;
7.51, 0.266154,-0.136687,-0.0463483,0,0,0,0;
7.52, 0.660301,0.230833,-0.0730934,0,0,0,0;
7.53, 0.847711,0.0161044,0.0543262,0,0,0,0;
7.54, 0.696408,0.0771145,-0.127191,0,0,0,0;
7.55, 1.11442,-0.0799239,-0.0566377,0,0,0,0;
7.56, 1.38101,-0.0772476,-0.0576085,0,0,0,0;
7.57, 0.803091,-0.245904,-0.0104994,0,0,0,0;
7.58, 0.864895,-0.0370168,0.0134419,0,0,0,0;
7.59, 1.31271,-0.0359431,-0.11006,0,0,0,0;
7.6, 0.974453,-0.297677,-0.080533,0,0,0,0;
7.61, 1.21851,-0.251543,-0.13377,0,0,0,0;
7.62, 0.652457,-0.349482,-0.0890026,0,0,0,0;
7.63, 0.930528,-0.295147,-0.0415126,0,0,0,0;
7.64, 1.04147,-0.29649,-0.032884,0,0,0,0;
7.65, 1.19735,-0.35855,-0.0583644,0,0,0,0;
7.66, 1.18439,-0.337325,-0.0979708,0,0,0,0;
7.67, 1.53849,-0.420194,-0.151222,0,0,0,0;
7.68, 1.11928,-0.491546,-0.109645,0,0,0,0;
7.69, 0.744808,-0.552902,-0.0261862,0,0,0,0;
7.7, 1.05333,-0.552376,-0.044557,0,0,0,0;
7.71, 1.44354,-0.549464,-0.0984505,0,0,0,0;
7.72, 1.01872,-0.674062,-0.132614,0,0,0,0;
7.73, 1.51573,-0.655682,-0.133555,0,0,0,0;
7.74, 0.790248,-0.737522,-0.0512014,0,0,0,0;
7.75, 1.09253,-0.732481,-0.0787354,0,0,0,0;
7.76, 0.92541,-0.803636,-0.080439,0,0,0,0;
7.77, 1.57618,-0.818178,-0.159862,0,0,0,0;
7.78, 0.767541,-0.944561,-0.0605876,0,0,0,0;
7.79, 1.15861,-0.927092,-0.0796256,0,0,0,0;
7.8, 0.696786,-1.02569,-0.0377554,0,0,0,0;
7.81, 1.59859,-0.97053,-0.200126,0,0,0,0;
7.82, 1.10485,-1.10362,-0.121608,0,0,0,0;
7.83, 0.939463,-1.13975,-0.0902216,0,0,0,0;
7.84, 0.275717,-1.19672,0.0191863,0,0,0,0;
7.85, 0.724322,-1.2252,-0.0387926,0,0,0,0;
7.86, 0.987774,-1.28192,-0.150688,0,0,0,0;
7.87, 0.518624,-1.29393,-0.121246,0,0,0,0;
7.88, 1.02575,-1.32033,-0.187872,0,0,0,0;
7.89, 0.103205,-1.44304,-0.0945116,0,0,0,0;
7.9, 0.361154,-1.42038,-0.110262,0,0,0,0;
7.91, 0.898003,-1.38551,-0.146299,0,0,0,0;
7.92, -0.0806274,-1.51109,-0.0269187,0,0,0,0;
7.93, -0.0282743,-1.54659,0.0150508,0,0,0,0;
7.94, -0.0383416,-1.55376,-0.0399126,0,0,0,0;
7.95, 0.404899,-1.60721,-0.160126,0,0,0,0;
7.96, -0.199457,-1.6437,-0.130163,0,0,0,0;
7.97, -0.275157,-1.65731,-0.108694,0,0,0,0;
7.98, 0.0608343,-1.57986,-0.0998693,0,0,0,0;
7.99, -0.213636,-1.54012,-0.0435218,0,0,0,0;
8, -0.0254611,-1.66619,-0.124846,0,0,0,0;
8.01, -0.70116,-1.6372,0.118354,0,0,0,0;
8.02, -1.28319,-1.70617,0.127215,0,0,0,0;
8.03, -0.959431,-1.65872,0.0936905,0,0,0,0;
8.04, -0.876464,-1.70016,-0.0612555,0,0,0,0;
8.05, -1.24527,-1.65721,-0.0697999,0,0,0,0;
8.06, -1.02313,-1.54641,-0.0762607,0,0,0,0;
8.07, -1.0492,-1.43468,0.0512904,0,0,0,0;
8.08, -0.776795,-1.40236,0.0390655,0,0,0,0;
8.09, -1.39166,-1.39919,0.186162,0,0,0,0;
8.1, -1.44741,-1.37954,0.160928,0,0,0,0;
8.11, -1.37986,-1.3492,0.213244,0,0,0,0;
8.12, -1.34584,-1.27164,0.151824,0,0,0,0;
8.13, -1.49657,-1.17605,0.0719143,0,0,0,0;
8.14, -1.78881,-1.10017,0.169341,0,0,0,0;
8.15, -1.62942,-1.03233,0.269771,0,0,0,0;
8.16, -1.44764,-0.938295,0.22186,0,0,0,0;
8.17, -1.73172,-0.891265,0.288833,0,0,0,0;
8.18, -1.49883,-0.788117,0.304888,0,0,0,0;
8.19, -1.85825,-0.713593,0.293732,0,0,0,0;
8.2, -1.57739,-0.600546,0.332159,0,0,0,0;
8.21, -1.9144,-0.543744,0.348026,0,0,0,0;
8.22, -1.51199,-0.415123,0.341764,0,0,0,0;
8.23, -1.50179,-0.280283,0.368991,0,0,0,0;
8.24, -1.83593,-0.230779,0.385451,0,0,0,0;
8.25, -1.40888,-0.158203,0.411635,0,0,0,0;
8.26, -1.8149,-0.0740039,0.411639,0,0,0,0;
8.27, -1.32261,0.0700457,0.453801,0,0,0,0;
8.28, -1.60105,0.0876756,0.44043,0,0,0,0;
8.29, -1.6635,0.233765,0.44798,0,0,0,0;
8.3, -0.797981,0.319834,0.457533,0,0,0,0;
8.31, -1.48702,0.425904,0.458956,0,0,0,0;
8.32, -1.44781,0.459123,0.446324,0,0,0,0;
8.33, -1.69137,0.567816,0.478568,0,0,0,0;
8.34, -0.825523,0.665321,0.502481,0,0,0,0;
8.35, -1.42855,0.685724,0.510151,0,0,0,0;
8.36, -1.17396,0.766183,0.511353,0,0,0,0;
8.37, -0.923309,0.848403,0.483885,0,0,0,0;
8.38, -0.891102,0.925756,0.463452,0,0,0,0;
8.39, -0.950604,0.97893,0.481854,0,0,0,0;
8.4, -0.52409,0.964243,0.543967,0,0,0,0;
8.41, -0.814315,1.06913,0.511502,0,0,0,0;
8.42, -0.662043,1.05684,0.527981,0,0,0,0;
8.43, -0.48413,1.13865,0.503892,0,0,0,0;
8.44, -0.687301,1.09182,0.472238,0,0,0,0;
8.45, -0.668787,1.1637,0.448614,0,0,0,0;
8.46, -0.263004,1.14154,0.498816,0,0,0,0;
8.47, -0.32044,1.22835,0.458178,0,0,0,0;
8.48, -0.122345,1.17834,0.529076,0,0,0,0;
8.49, -0.506088,1.18028,0.429541,0,0,0,0;
8.5, -0.423114,1.16242,0.408427,0,0,0,0;
8.51, -0.130053,1.2803,0.465613,0,0,0,0;
8.52, 0.0911479,1.04826,0.442631,0,0,0,0;
8.53, -0.133827,1.15654,0.371903,0,0,0,0;
8.54, -0.159346,1.10659,0.387197,0,0,0,0;
8.55, -0.061306,1.10064,0.507132,0,0,0,0;
8.56, -0.0653783,1.00417,0.338194,0,0,0,0;
8.57, 0.0201171,0.911953,0.347665,0,0,0,0;
8.58, 0.0951467,1.02383,0.371697,0,0,0,0;
8.59, 0.13605,1.05699,0.423624,0,0,0,0;
8.6, 0.493297,0.963575,0.379962,0,0,0,0;
8.61, 0.668175,1.17689,0.444625,0,0,0,0;
8.62, 0.200665,1.02133,0.264784,0,0,0,0;
8.63, -0.377311,0.675765,0.161973,0,0,0,0;
8.64, 0.234844,0.519513,0.142546,0,0,0,0;
8.65, 0.253998,0.802232,0.128077,0,0,0,0;
8.66, 0.572303,0.436171,0.35793,0,0,0,0;
8.67, 0.103987,0.60734,0.346719,0,0,0,0;
8.68, 0.621071,0.853391,0.185656,0,0,0,0;
8.69, 0.749657,0.484944,0.302944,0,0,0,0;
8.7, 0.596028,0.412482,0.232056,0,0,0,0;
8.71, 0.43029,0.589903,0.0783501,0,0,0,0;
8.72, 0.317725,0.45225,-0.0176794,0,0,0,0;
8.73, 0.957915,0.457596,-0.0588529,0,0,0,0;
8.74, -0.208112,0.701189,-0.0149747,0,0,0,0;
8.75, 0.346485,0.533254,0.180475,0,0,0,0;
8.76, 0.240607,0.357328,0.241195,0,0,0,0;
8.77, 1.27812,0.17041,0.277596,0,0,0,0;
8.78, 0.0112138,0.258291,0.15465,0,0,0,0;
8.79, 0.548395,0.446957,0.204922,0,0,0,0;
8.8, 0.967335,0.26142,-0.130496,0,0,0,0;
8.81, 1.02623,0.208184,-0.15767,0,0,0,0;
8.82, 0.773684,0.00320266,-0.0200229,0,0,0,0;
8.83, 1.40679,0.0491113,0.0571399,0,0,0,0;
8.84, 1.28785,0.339104,0.153004,0,0,0,0;
8.85, 0.952413,0.197652,0.111343,0,0,0,0;
8.86, 0.760203,-0.241217,0.200254,0,0,0,0;
8.87, 1.16654,-0.0680788,-0.0139785,0,0,0,0;
8.88, 0.858467,-0.136747,0.00395831,0,0,0,0;
8.89, 0.413688,-0.127515,-0.140038,0,0,0,0;
8.9, 0.929842,0.0238954,-0.122146,0,0,0,0;
8.91, 1.00432,-0.277803,-0.125845,0,0,0,0;
8.92, 0.817309,-0.00774834,-0.105616,0,0,0,0;
8.93, 0.968135,-0.164165,0.0665861,0,0,0,0;
8.94, 1.04647,-0.0852998,0.0349837,0,0,0,0;
8.95, 1.29728,-0.220275,0.00175014,0,0,0,0;
8.96, 1.34694,-0.265719,-0.071203,0,0,0,0;
8.97, 1.14311,-0.392891,-0.0410195,0,0,0,0;
8.98, 1.05969,-0.429487,-0.0662915,0,0,0,0;
8.99, 1.33254,-0.427214,-0.082224,0,0,0,0;
9, 1.3241,-0.418152,-0.0305762,0,0,0,0;
9.01, 1.12141,-0.469965,0.0046027,0,0,0,0;
9.02, 1.089,-0.467383,-0.010524,0,0,0,0;
9.03, 1.2004,-0.526699,-0.0330373,0,0,0,0;
9.04, 1.12742,-0.603742,-0.0722671,0,0,0,0;
9.05, 1.47335,-0.654069,-0.105616,0,0,0,0;
9.06, 0.809312,-0.698471,-0.0235628,0,0,0,0;
9.07, 1.27079,-0.672891,-0.0615427,0,0,0,0;
9.08, 1.28122,-0.746837,-0.062979,0,0,0,0;
9.09, 1.49709,-0.753982,-0.0849051,0,0,0,0;
9.1, 0.65869,-0.887264,-0.0120806,0,0,0,0;
9.11, 0.872666,-0.918612,0.0062876,0,0,0,0;
9.12, 1.3764,-0.849347,-0.0328947,0,0,0,0;
9.13, 1.18249,-1.08899,-0.131834,0,0,0,0;
9.14, 0.95151,-1.08827,-0.127156,0,0,0,0;
9.15, 1.23024,-1.04667,-0.0365765,0,0,0,0;
9.16, 1.63411,-1.1074,-0.143839,0,0,0,0;
9.17, 1.03772,-1.16602,-0.0408975,0,0,0,0;
9.18, 1.08516,-1.16493,-0.00859043,0,0,0,0;
9.19, 1.1009,-1.26278,0.0220006,0,0,0,0;
9.2, 0.868645,-1.43323,0.0147964,0,0,0,0;
9.21, -0.278315,-1.59358,0.0758557,0,0,0,0;
9.22, 0.893988,-1.51185,-0.086062,0,0,0,0;
9.23, 0.240928,-1.58851,-0.108835,0,0,0,0;
9.24, 0.756694,-1.52771,-0.178292,0,0,0,0;
9.25, 0.284377,-1.56251,-0.118918,0,0,0,0;
9.26, 0.643518,-1.50952,-0.124251,0,0,0,0;
9.27, 0.22616,-1.59256,-0.02039,0,0,0,0;
9.28, -0.511148,-1.69309,0.10825,0,0,0,0;
9.29, -0.234779,-1.71238,0.0904306,0,0,0,0;
9.3, -0.118446,-1.7164,0.0157437,0,0,0,0;
9.31, -0.34484,-1.78163,-0.0786587,0,0,0,0;
9.32, 0.182647,-1.81447,-0.218366,0,0,0,0;
9.33, -0.503307,-1.78758,-0.0608552,0,0,0,0;
9.34, -0.825208,-1.7665,0.0288234,0,0,0,0;
9.35, -0.431907,-1.72098,0.12237,0,0,0,0;
9.36, -0.559607,-1.7507,0.0632815,0,0,0,0;
9.37, -1.38071,-1.79862,0.147139,0,0,0,0;
9.38, -1.09983,-1.76044,0.19204,0,0,0,0;
9.39, -1.20687,-1.81989,0.0958287,0,0,0,0;
9.4, -1.09631,-1.69626,-0.0560636,0,0,0,0;
9.41, -1.45264,-1.58571,0.112532,0,0,0,0;
9.42, -1.25392,-1.47247,0.152302,0,0,0,0;
9.43, -1.52495,-1.49779,0.144265,0,0,0,0;
9.44, -1.48166,-1.46064,0.215375,0,0,0,0;
9.45, -1.61369,-1.36508,0.339674,0,0,0,0;
9.46, -1.75201,-1.35661,0.235298,0,0,0,0;
9.47, -1.27381,-1.23772,0.268047,0,0,0,0;
9.48, -1.8495,-1.09673,0.331829,0,0,0,0;
9.49, -1.86568,-1.08592,0.424995,0,0,0,0;
9.5, -1.95653,-1.02853,0.311853,0,0,0,0;
9.51, -1.98671,-0.834992,0.365535,0,0,0,0;
9.52, -1.86905,-0.706147,0.382433,0,0,0,0;
9.53, -1.78526,-0.62135,0.373027,0,0,0,0;
9.54, -1.87699,-0.529489,0.429286,0,0,0,0;
9.55, -1.678,-0.438531,0.469658,0,0,0,0;
9.56, -1.74108,-0.297272,0.483784,0,0,0,0;
9.57, -1.45896,-0.294107,0.470664,0,0,0,0;
9.58, -2.02914,-0.158675,0.499281,0,0,0,0;
9.59, -1.89463,-0.15033,0.491712,0,0,0,0;
9.6, -1.75142,0.206023,0.560885,0,0,0,0;
9.61, -1.82477,0.234726,0.555518,0,0,0,0;
9.62, -1.27645,0.30359,0.558361,0,0,0,0;
9.63, -1.19089,0.395468,0.57616,0,0,0,0;
9.64, -2.02377,0.422727,0.546655,0,0,0,0;
9.65, -1.17437,0.610774,0.588984,0,0,0,0;
9.66, -1.198,0.663704,0.580779,0,0,0,0;
9.67, -1.44541,0.812145,0.558777,0,0,0,0;
9.68, -1.44675,0.816969,0.573962,0,0,0,0;
9.69, -0.910968,0.944845,0.598034,0,0,0,0;
9.7, -1.33219,0.904547,0.586485,0,0,0,0;
9.71, -0.943232,0.964392,0.587554,0,0,0,0;
9.72, -0.580088,1.08463,0.639874,0,0,0,0;
9.73, -0.881453,1.17472,0.595236,0,0,0,0;
9.74, -0.913707,1.1965,0.570221,0,0,0,0;
9.75, -0.411652,1.21835,0.573678,0,0,0,0;
9.76, -0.559048,1.24338,0.542111,0,0,0,0;
9.77, -0.380896,1.28042,0.550559,0,0,0,0;
9.78, -0.648593,1.2568,0.532077,0,0,0,0;
9.79, -0.571957,1.28856,0.536092,0,0,0,0;
9.8, -0.691134,1.30211,0.532592,0,0,0,0;
9.81, -0.190397,1.29695,0.570881,0,0,0,0;
9.82, -0.192699,1.26835,0.596863,0,0,0,0;
9.83, -0.2992,1.2011,0.546828,0,0,0,0;
9.84, -0.0882947,1.24418,0.502649,0,0,0,0;
9.85, -0.131886,1.39188,0.456237,0,0,0,0;
9.86, 0.159712,1.23421,0.502858,0,0,0,0;
9.87, -0.18892,1.22898,0.479555,0,0,0,0;
9.88, 0.181678,1.28385,0.517361,0,0,0,0;
9.89, -0.0189214,0.9275,0.505291,0,0,0,0;
9.9, 0.171861,1.09235,0.472137,0,0,0,0;
9.91, 0.0957426,1.03189,0.314793,0,0,0,0;
9.92, 0.470876,1.19772,0.26599,0,0,0,0;
9.93, -0.0253956,0.984619,0.356926,0,0,0,0;
9.94, 0.26485,0.774971,0.454084,0,0,0,0;
9.95, 0.12685,0.589183,0.375843,0,0,0,0;
9.96, -0.0863811,0.806157,0.321644,0,0,0,0;
9.97, 0.847515,0.881797,0.291188,0,0,0,0;
9.98, 0.407617,0.727218,0.209559,0,0,0,0;
9.99, 0.194251,0.885413,0.216259,0,0,0,0;
