0, -0.31608,0.24373,3.40012,0,0,0,0;
0.01, -0.0255611,0.575982,-0.429029,0,0,0,0;
0.02, -6.71633,-14.5153,3.27446,0,0,0,0;
0.03, -6.71047,-14.8339,3.36684,0,0,0,0;
0.04, -5.38394,-9.63507,2.83507,0,0,0,0;
0.05, -4.29133,-4.68868,0.654234,0,0,0,0;
0.06, -3.02237,-0.948268,-2.40797,0,0,0,0;
0.07, -2.67765,1.94684,-4.33701,0,0,0,0;
0.08, -1.74596,5.04204,-4.55423,0,0,0,0;
0.09, 0.299718,8.8053,-2.85699,0,0,0,0;
0.1, 2.51602,11.808,-0.661995,0,0,0,0;
0.11, 4.17348,12.5115,1.35866,0,0,0,0;
0.12, 4.38385,10.6604,2.38553,0,0,0,0;
0.13, 2.87173,7.54653,2.07979,0,0,0,0;
0.14, 0.89704,4.70156,1.18239,0,0,0,0;
0.15, -0.315841,3.09481,0.085789,0,0,0,0;
0.16, -0.496403,2.3655,-0.702949,0,0,0,0;
0.17, 0.0560377,2.30589,-0.879255,0,0,0,0;
0.18, 0.682153,2.42286,-0.596217,0,0,0,0;
0.19, 1.60195,2.38832,-0.152625,0,0,0,0;
0.2, 2.47364,2.17327,0.221986,0,0,0,0;
0.21, 2.31611,1.93413,0.378766,0,0,0,0;
0.22, 1.40141,1.79007,0.227437,0,0,0,0;
0.23, 1.74469,1.66522,-0.00840776,0,0,0,0;
0.24, 2.26395,1.72854,-0.309662,0,0,0,0;
0.25, 0.693571,1.50656,-0.449498,0,0,0,0;
0.26, 0.838493,1.2291,-0.43669,0,0,0,0;
0.27, 1.61008,1.14932,-0.376492,0,0,0,0;
0.28, 1.86422,0.675782,-0.348763,0,0,0,0;
0.29, 1.37951,0.423588,-0.244268,0,0,0,0;
0.3, 1.59405,0.185568,-0.130104,0,0,0,0;
0.31, 1.34451,0.235082,-0.303436,0,0,0,0;
0.32, 1.40134,0.278565,-0.348738,0,0,0,0;
0.33, 0.752748,0.200471,-0.403954,0,0,0,0;
0.34, 0.888111,0.149041,-0.518341,0,0,0,0;
0.35, 1.6483,-0.0164584,-0.528829,0,0,0,0;
0.36, 1.10182,-0.139923,-0.488428,0,0,0,0;
0.37, 1.44234,-0.635325,-0.38115,0,0,0,0;
0.38, 1.06684,-0.612361,-0.479645,0,0,0,0;
0.39, 0.975591,-0.776504,-0.453748,0,0,0,0;
0.4, 0.541836,-0.681869,-0.463444,0,0,0,0;
0.41, 0.564614,-0.72033,-0.514305,0,0,0,0;
0.42, 0.98517,-0.789489,-0.49143,0,0,0,0;
0.43, 0.853797,-0.837358,-0.531824,0,0,0,0;
0.44, 0.575012,-0.914694,-0.535896,0,0,0,0;
0.45, 0.721549,-1.04169,-0.471286,0,0,0,0;
0.46, 0.53563,-1.06963,-0.502756,0,0,0,0;
0.47, 0.363496,-1.18447,-0.527435,0,0,0,0;
0.48, 0.100247,-1.21738,-0.535343,0,0,0,0;
0.49, 0.527022,-1.21116,-0.471593,0,0,0,0;
0.5, 0.0534224,-1.12535,-0.512468,0,0,0,0;
0.51, 0.111086,-1.31269,-0.520888,0,0,0,0;
0.52, 0.239788,-1.26946,-0.399918,0,0,0,0;
0.53, 0.0605467,-1.10625,-0.471857,0,0,0,0;
0.54, -0.0153679,-1.4798,-0.418429,0,0,0,0;
0.55, -0.232348,-1.05583,-0.462188,0,0,0,0;
0.56, 0.643901,-1.27529,-0.300058,0,0,0,0;
0.57, -0.111071,-1.40066,-0.444161,0,0,0,0;
0.58, -0.184226,-1.16877,-0.454395,0,0,0,0;
0.59, -0.452644,-1.13771,-0.423374,0,0,0,0;
0.6, -0.65525,-0.99921,-0.563343,0,0,0,0;
0.61, 0.115367,-1.4096,-0.358302,0,0,0,0;
0.62, 0.297891,-0.947859,-0.129225,0,0,0,0;
0.63, -0.285448,-1.46112,0.0197681,0,0,0,0;
0.64, 0.176561,-0.998899,-0.0343389,0,0,0,0;
0.65, -0.256938,-0.708775,-0.362935,0,0,0,0;
0.66, -0.271946,-0.493108,-0.426018,0,0,0,0;
0.67, -0.287504,-0.841774,-0.717409,0,0,0,0;
0.68, 0.576877,-0.794521,-0.535145,0,0,0,0;
0.69, -1.61117,-1.13498,-0.320986,0,0,0,0;
0.7, -1.26623,-0.480397,-0.0619144,0,0,0,0;
0.71, -1.28368,-0.5437,0.166437,0,0,0,0;
0.72, -1.79991,-0.40027,-0.178045,0,0,0,0;
0.73, 0.183661,-0.245355,-0.0617972,0,0,0,0;
0.74, 0.646582,-0.419974,-0.142985,0,0,0,0;
0.75, 0.988309,-0.796131,-0.213903,0,0,0,0;
0.76, 0.29674,-0.032945,0.032756,0,0,0,0;
0.77, -0.973384,-0.392161,-0.0267235,0,0,0,0;
0.78, -1.38188,-0.233761,-0.0719021,0,0,0,0;
0.79, -0.738502,-0.145981,-0.225972,0,0,0,0;
0.8, -0.989954,0.268063,-0.361233,0,0,0,0;
0.81, -1.3903,0.241687,-0.0154733,0,0,0,0;
0.82, -0.367834,-0.34421,0.0045135,0,0,0,0;
0.83, -1.49223,-0.0446711,0.221464,0,0,0,0;
0.84, -0.503832,-0.459891,-0.000257142,0,0,0,0;
0.85, -0.377053,0.412761,0.0542136,0,0,0,0;
0.86, -1.38975,0.221004,-0.0477622,0,0,0,0;
0.87, -1.17964,0.0542192,-0.104255,0,0,0,0;
0.88, -0.696411,-0.138234,-0.0647441,0,0,0,0;
0.89, -1.31653,-0.203873,0.00180654,0,0,0,0;
0.9, -0.435515,0.17384,0.04332,0,0,0,0;
0.91, -1.19781,0.439947,0.198982,0,0,0,0;
0.92, -1.09992,0.165964,-0.00123131,0,0,0,0;
0.93, -1.14273,0.132978,-0.0283531,0,0,0,0;
0.94, -1.15285,0.246873,-0.102456,0,0,0,0;
0.95, -1.06394,0.421613,-0.0354288,0,0,0,0;
0.96, -0.959442,0.214722,0.00195942,0,0,0,0;
0.97, -1.39915,0.147278,0.0957546,0,0,0,0;
0.98, -1.41998,0.30289,0.0879702,0,0,0,0;
0.99, -0.592993,0.414312,0.000620246,0,0,0,0;
1, -1.00923,0.344194,0.0107173,0,0,0,0;
1.01, -1.12216,0.340912,0.0137899,0,0,0,0;
1.02, -1.27434,0.417785,0.0428962,0,0,0,0;
1.03, -0.994645,0.444362,0.0290898,0,0,0,0;
1.04, -1.3457,0.50008,0.0552901,0,0,0,0;
1.05, -1.09248,0.568395,0.0463034,0,0,0,0;
1.06, -1.3261,0.55065,0.0199932,0,0,0,0;
1.07, -1.53247,0.60156,0.0223577,0,0,0,0;
1.08, -0.568196,0.610223,-0.0861818,0,0,0,0;
1.09, -1.49892,0.657061,0.0840047,0,0,0,0;
1.1, -0.958548,0.896894,-0.0212554,0,0,0,0;
1.11, -2.21765,0.790474,0.276977,0,0,0,0;
1.12, -1.06084,0.949217,-0.0641808,0,0,0,0;
1.13, -0.819998,0.965854,-0.143635,0,0,0,0;
1.14, -0.312607,1.06096,-0.166956,0,0,0,0;
1.15, -1.07959,1.16945,0.100725,0,0,0,0;
1.16, -1.62362,1.01798,0.25618,0,0,0,0;
1.17, -1.17926,1.22331,0.116314,0,0,0,0;
1.18, -0.679164,1.2599,-0.00199903,0,0,0,0;
1.19, -0.409685,1.28708,-0.0876237,0,0,0,0;
1.2, -1.13031,1.25298,0.0820493,0,0,0,0;
1.21, -1.08803,1.29581,0.135994,0,0,0,0;
1.22, -0.055694,1.54395,0.0432277,0,0,0,0;
1.23, -0.342979,1.55643,-0.0216094,0,0,0,0;
1.24, -0.583989,1.517,0.0400913,0,0,0,0;
1.25, -1.09314,1.42695,0.143508,0,0,0,0;
1.26, -0.767612,1.51053,0.0239628,0,0,0,0;
1.27, 0.218861,1.61358,-0.0950532,0,0,0,0;
1.28, -0.330337,1.58519,-0.0281154,0,0,0,0;
1.29, -0.352399,1.63217,0.0767265,0,0,0,0;
1.3, -0.142316,1.67091,0.116601,0,0,0,0;
1.31, 0.737043,1.70945,-0.0192301,0,0,0,0;
1.32, 0.554308,1.60451,-0.0566296,0,0,0,0;
1.33, 0.330154,1.51858,-0.00722849,0,0,0,0;
1.34, 0.428842,1.48257,-0.00704385,0,0,0,0;
1.35, 0.749976,1.52964,0.0171789,0,0,0,0;
1.36, 0.508915,1.45041,0.0999016,0,0,0,0;
1.37, 0.681508,1.45811,0.00965127,0,0,0,0;
1.38, 1.21555,1.41915,-0.0930826,0,0,0,0;
1.39, 0.887898,1.3671,-0.103045,0,0,0,0;
1.4, 1.24245,1.35756,-0.18926,0,0,0,0;
1.41, 1.15341,1.29492,-0.113358,0,0,0,0;
1.42, 1.28777,1.34315,-0.0334799,0,0,0,0;
1.43, 1.31949,1.27289,-0.0274515,0,0,0,0;
1.44, 1.65183,1.19188,-0.12929,0,0,0,0;
1.45, 1.47426,1.13205,-0.202806,0,0,0,0;
1.46, 1.51329,0.967895,-0.137772,0,0,0,0;
1.47, 1.59773,1.02317,-0.155627,0,0,0,0;
1.48, 1.7384,0.975119,-0.322148,0,0,0,0;
1.49, 1.3243,0.936233,-0.299525,0,0,0,0;
1.5, 1.61839,0.856362,-0.29532,0,0,0,0;
1.51, 1.8028,0.929597,-0.256974,0,0,0,0;
1.52, 2.13766,0.690307,-0.181324,0,0,0,0;
1.53, 1.55405,0.659034,-0.240864,0,0,0,0;
1.54, 1.87609,0.536471,-0.29414,0,0,0,0;
1.55, 1.48974,0.463942,-0.41054,0,0,0,0;
1.56, 1.92203,0.518154,-0.390029,0,0,0,0;
1.57, 1.75304,0.354527,-0.397832,0,0,0,0;
1.58, 1.83249,0.184044,-0.352992,0,0,0,0;
1.59, 1.15941,0.0881978,-0.377454,0,0,0,0;
1.6, 1.6814,0.0482019,-0.399992,0,0,0,0;
1.61, 1.694,-0.313261,-0.4799,0,0,0,0;
1.62, 1.65264,0.10428,-0.355066,0,0,0,0;
1.63, 1.50457,-0.139835,-0.40492,0,0,0,0;
1.64, 1.48688,-0.238394,-0.456107,0,0,0,0;
1.65, 1.43559,-0.397979,-0.464231,0,0,0,0;
1.66, 1.2929,-0.514568,-0.493004,0,0,0,0;
1.67, 1.04918,-0.553633,-0.478873,0,0,0,0;
1.68, 1.36226,-0.795538,-0.419,0,0,0,0;
1.69, 0.807429,-0.6642,-0.529396,0,0,0,0;
1.7, 1.70204,-0.887921,-0.499292,0,0,0,0;
1.71, 1.21311,-0.844268,-0.504454,0,0,0,0;
1.72, 0.447384,-0.927729,-0.487949,0,0,0,0;
1.73, 1.32068,-1.09244,-0.403226,0,0,0,0;
1.74, 0.676326,-0.99627,-0.470537,0,0,0,0;
1.75, 0.757721,-1.02397,-0.459319,0,0,0,0;
1.76, 0.376272,-1.0031,-0.524671,0,0,0,0;
1.77, 0.631615,-0.993737,-0.481336,0,0,0,0;
1.78, 0.341613,-0.983427,-0.521464,0,0,0,0;
1.79, 0.61814,-1.05387,-0.462792,0,0,0,0;
1.8, 0.28471,-1.0569,-0.444447,0,0,0,0;
1.81, 0.535275,-1.09446,-0.381886,0,0,0,0;
1.82, 0.26655,-1.04629,-0.400307,0,0,0,0;
1.83, 0.398393,-0.984608,-0.380653,0,0,0,0;
1.84, 0.170096,-0.987497,-0.405604,0,0,0,0;
1.85, 0.286053,-0.892525,-0.439947,0,0,0,0;
1.86, 0.271833,-0.792005,-0.432092,0,0,0,0;
1.87, 0.13854,-0.932024,-0.470207,0,0,0,0;
1.88, 0.281473,-1.03118,-0.382573,0,0,0,0;
1.89, -0.346882,-0.917585,-0.381092,0,0,0,0;
1.9, -0.300655,-0.906926,-0.297966,0,0,0,0;
1.91, -0.226688,-0.8987,-0.261665,0,0,0,0;
1.92, -0.0684655,-0.905257,-0.307055,0,0,0,0;
1.93, -0.237922,-0.825709,-0.301497,0,0,0,0;
1.94, -0.0446639,-0.689304,-0.336597,0,0,0,0;
1.95, -0.0536807,-0.780262,-0.333341,0,0,0,0;
1.96, -0.408714,-0.566234,-0.216946,0,0,0,0;
1.97, -0.234848,-0.915409,-0.170472,0,0,0,0;
1.98, -0.0809843,-0.845705,-0.251797,0,0,0,0;
1.99, -0.276321,-0.602578,-0.134368,0,0,0,0;
2, -0.607127,-0.903815,-0.286577,0,0,0,0;
2.01, -0.135595,-0.813383,-0.1535,0,0,0,0;
2.02, -0.427273,-0.756909,-0.199452,0,0,0,0;
2.03, -0.776606,-0.695694,-0.282916,0,0,0,0;
2.04, -0.818087,-0.62041,-0.159638,0,0,0,0;
2.05, -0.338762,-0.33134,-0.00796378,0,0,0,0;
2.06, -0.120781,-0.471477,0.102311,0,0,0,0;
2.07, -0.0805225,-0.689811,-0.149963,0,0,0,0;
2.08, -0.111719,-0.488848,-0.150529,0,0,0,0;
2.09, -0.558243,-0.407476,-0.222932,0,0,0,0;
2.1, -1.81864,-0.664126,-0.14231,0,0,0,0;
2.11, -0.200795,-0.243632,-0.0474381,0,0,0,0;
2.12, -2.1378,-0.242752,-0.131069,0,0,0,0;
2.13, 0.703123,-0.25132,0.0240065,0,0,0,0;
2.14, -0.873229,-0.207486,-0.0990416,0,0,0,0;
2.15, -1.05752,-0.164084,0.0805813,0,0,0,0;
2.16, -0.105262,0.0457134,-0.0378028,0,0,0,0;
2.17, -1.09152,-0.103192,-0.0433404,0,0,0,0;
2.18, -0.909228,-0.22457,0.141282,0,0,0,0;
2.19, -0.492017,-0.0904634,0.0940226,0,0,0,0;
2.2, -1.61855,0.181868,0.0537297,0,0,0,0;
2.21, -1.11541,0.158938,0.0162763,0,0,0,0;
2.22, -0.409986,0.202289,-0.0792386,0,0,0,0;
2.23, -0.503184,-0.223111,-0.0875521,0,0,0,0;
2.24, -0.800152,0.100143,0.029935,0,0,0,0;
2.25, -1.04354,0.255757,0.175181,0,0,0,0;
2.26, -0.941208,0.31845,0.106917,0,0,0,0;
2.27, -1.58255,0.202725,0.157934,0,0,0,0;
2.28, -1.2999,0.39404,0.0926893,0,0,0,0;
2.29, -1.16357,0.233522,0.0331855,0,0,0,0;
2.3, -0.829746,0.143977,-0.0611833,0,0,0,0;
2.31, -1.32615,0.288548,0.000325568,0,0,0,0;
2.32, -0.604811,0.374139,0.012235,0,0,0,0;
2.33, -1.11601,0.343058,0.106807,0,0,0,0;
2.34, -1.01599,0.58104,0.17705,0,0,0,0;
2.35, -0.91662,0.45327,0.209628,0,0,0,0;
2.36, -1.3526,0.392083,0.135535,0,0,0,0;
2.37, -0.997007,0.430738,0.0260264,0,0,0,0;
2.38, -1.17482,0.469252,-0.00600031,0,0,0,0;
2.39, -1.26633,0.461034,0.00889823,0,0,0,0;
2.4, -0.953776,0.640026,0.0533354,0,0,0,0;
2.41, -0.914096,0.719698,0.101291,0,0,0,0;
2.42, -1.29459,0.722167,0.175578,0,0,0,0;
2.43, -0.995018,0.800433,0.117855,0,0,0,0;
2.44, -1.08131,0.824998,0.107093,0,0,0,0;
2.45, -1.32629,0.820776,0.0909346,0,0,0,0;
2.46, -1.09769,0.930681,0.0785723,0,0,0,0;
2.47, -0.733167,0.987292,0.0148852,0,0,0,0;
2.48, -0.893785,1.00525,0.0451241,0,0,0,0;
2.49, -0.855408,1.13436,0.11,0,0,0,0;
2.5, -0.381305,1.20191,0.0307865,0,0,0,0;
2.51, -0.876158,1.24836,0.161409,0,0,0,0;
2.52, -0.719567,1.26714,0.17144,0,0,0,0;
2.53, -0.798411,1.29619,0.150859,0,0,0,0;
2.54, 0.0102654,1.42994,-0.0547794,0,0,0,0;
2.55, -1.1447,1.2848,0.0446004,0,0,0,0;
2.56, -0.217697,1.4941,0.0955601,0,0,0,0;
2.57, -0.976993,1.46265,0.215989,0,0,0,0;
2.58, -0.449831,1.54804,0.14585,0,0,0,0;
2.59, -0.734713,1.63253,0.172451,0,0,0,0;
2.6, -0.30758,1.63068,0.0884819,0,0,0,0;
2.61, -0.0602869,1.62339,-0.00151829,0,0,0,0;
2.62, 0.70382,1.59491,-0.127501,0,0,0,0;
2.63, 0.395075,1.65769,-0.0335628,0,0,0,0;
2.64, -0.362463,1.57718,0.163776,0,0,0,0;
2.65, 0.200524,1.6047,0.199977,0,0,0,0;
2.66, 0.863925,1.62503,0.0929812,0,0,0,0;
2.67, 0.328617,1.52374,0.0913872,0,0,0,0;
2.68, 0.224469,1.40534,0.0484483,0,0,0,0;
2.69, 0.717919,1.4533,-0.00736775,0,0,0,0;
2.7, 0.930909,1.43248,-0.0429077,0,0,0,0;
2.71, 0.616142,1.40773,0.0483587,0,0,0,0;
2.72, 1.18608,1.36622,-0.0420767,0,0,0,0;
2.73, 1.03889,1.36375,-0.0428174,0,0,0,0;
2.74, 1.02711,1.23383,-0.0273739,0,0,0,0;
2.75, 1.15694,1.2625,0.0191563,0,0,0,0;
2.76, 1.14862,1.17964,0.0416314,0,0,0,0;
2.77, 1.30635,1.10159,-0.0349878,0,0,0,0;
2.78, 1.20273,1.07133,-0.158196,0,0,0,0;
2.79, 1.32918,1.05598,-0.103717,0,0,0,0;
2.8, 1.10982,1.00999,-0.163183,0,0,0,0;
2.81, 1.2719,0.943504,-0.105842,0,0,0,0;
2.82, 1.73125,0.923425,-0.131746,0,0,0,0;
2.83, 1.93036,0.813997,-0.227186,0,0,0,0;
2.84, 1.34008,0.758598,-0.203765,0,0,0,0;
2.85, 1.58083,0.702235,-0.151527,0,0,0,0;
2.86, 1.46846,0.580157,-0.169011,0,0,0,0;
2.87, 1.59647,0.514942,-0.172051,0,0,0,0;
2.88, 1.5362,0.482119,-0.229834,0,0,0,0;
2.89, 1.46208,0.452045,-0.266346,0,0,0,0;
2.9, 1.55649,0.418101,-0.289043,0,0,0,0;
2.91, 1.54441,0.31614,-0.329361,0,0,0,0;
2.92, 1.50615,0.209506,-0.344752,0,0,0,0;
2.93, 1.42543,0.115426,-0.286679,0,0,0,0;
2.94, 1.50183,0.0643386,-0.249594,0,0,0,0;
2.95, 1.27242,-0.112611,-0.270385,0,0,0,0;
2.96, 1.64511,-0.133983,-0.277919,0,0,0,0;
2.97, 1.25075,-0.152805,-0.296856,0,0,0,0;
2.98, 0.996571,-0.26752,-0.351022,0,0,0,0;
2.99, 1.342,-0.299233,-0.351216,0,0,0,0;
3, 1.12416,-0.390288,-0.379935,0,0,0,0;
3.01, 1.40536,-0.48541,-0.349571,0,0,0,0;
3.02, 0.851289,-0.626459,-0.385974,0,0,0,0;
3.03, 1.00628,-0.650859,-0.30687,0,0,0,0;
3.04, 0.934497,-0.736244,-0.304953,0,0,0,0;
3.05, 0.615104,-0.753914,-0.34189,0,0,0,0;
3.06, 0.709722,-0.825009,-0.332157,0,0,0,0;
3.07, 0.974151,-0.881473,-0.322212,0,0,0,0;
3.08, 0.578676,-0.900138,-0.373713,0,0,0,0;
3.09, 1.26679,-0.905422,-0.279063,0,0,0,0;
3.1, 0.377564,-0.942131,-0.349058,0,0,0,0;
3.11, 0.738872,-1.00138,-0.268945,0,0,0,0;
3.12, 0.34192,-1.05243,-0.338827,0,0,0,0;
3.13, 0.760024,-1.05752,-0.315224,0,0,0,0;
3.14, -0.160595,-0.968809,-0.417407,0,0,0,0;
3.15, 0.855907,-1.01187,-0.316432,0,0,0,0;
3.16, -0.162527,-1.13464,-0.38632,0,0,0,0;
3.17, 0.339972,-0.928554,-0.240346,0,0,0,0;
3.18, 0.416416,-0.953509,-0.213484,0,0,0,0;
3.19, 0.0515711,-1.10214,-0.303058,0,0,0,0;
3.2, 0.117448,-0.972427,-0.305603,0,0,0,0;
3.21, -0.0913131,-0.829258,-0.287777,0,0,0,0;
3.22, 0.0571088,-0.87033,-0.245023,0,0,0,0;
3.23, 0.0334705,-0.833801,-0.286182,0,0,0,0;
3.24, 0.000608042,-0.970536,-0.205225,0,0,0,0;
3.25, -0.0293254,-0.885694,-0.176875,0,0,0,0;
3.26, -0.370744,-0.555519,-0.316292,0,0,0,0;
3.27, 0.440905,-0.748262,-0.22907,0,0,0,0;
3.28, -0.461589,-0.753042,-0.14456,0,0,0,0;
3.29, -0.180567,-0.882068,-0.113814,0,0,0,0;
3.3, -0.305851,-0.459049,-0.0625124,0,0,0,0;
3.31, -0.423215,-0.867493,-0.213236,0,0,0,0;
3.32, -0.10229,-0.600027,-0.188803,0,0,0,0;
3.33, -0.167432,-0.743011,-0.271276,0,0,0,0;
3.34, -0.432424,-0.414789,-0.141257,0,0,0,0;
3.35, -0.135099,-0.552074,-0.00134356,0,0,0,0;
3.36, -0.715688,-0.675637,0.0431333,0,0,0,0;
3.37, -0.479144,-0.830464,-0.101588,0,0,0,0;
3.38, -0.903736,-0.257267,-0.0951979,0,0,0,0;
3.39, -0.494597,-0.41022,-0.0805965,0,0,0,0;
3.4, -0.504661,-0.411403,-0.0444977,0,0,0,0;
3.41, -0.118321,-0.64832,-0.0827412,0,0,0,0;
3.42, -0.458852,-0.0705073,-0.0182849,0,0,0,0;
3.43, -0.603518,-0.466619,0.0481037,0,0,0,0;
3.44, -0.5225,-0.299345,-0.0829539,0,0,0,0;
3.45, -0.56848,-0.372229,0.0161919,0,0,0,0;
3.46, 0.0854387,0.0831981,-0.00167149,0,0,0,0;
3.47, -2.04343,-0.189096,0.0558533,0,0,0,0;
3.48, -0.82153,-0.097866,0.0899854,0,0,0,0;
3.49, -0.328553,-0.223768,-0.0154777,0,0,0,0;
3.5, -0.651657,-0.250509,0.0846578,0,0,0,0;
3.51, -0.808458,-0.114798,0.00810833,0,0,0,0;
3.52, -1.38782,0.00509724,0.065922,0,0,0,0;
3.53, -0.552132,-0.140398,0.0282295,0,0,0,0;
3.54, -0.75163,-0.0296291,0.0281453,0,0,0,0;
3.55, -0.47266,0.0073795,-0.0265141,0,0,0,0;
3.56, -0.611895,0.212736,0.114174,0,0,0,0;
3.57, -1.36484,0.146112,0.268917,0,0,0,0;
3.58, -0.572833,0.286722,0.218079,0,0,0,0;
3.59, -1.35096,0.143658,0.14402,0,0,0,0;
3.6, -0.70238,0.0310478,-0.0453489,0,0,0,0;
3.61, -1.13257,0.14476,-0.0352056,0,0,0,0;
3.62, -0.954504,0.235143,0.0262487,0,0,0,0;
3.63, -1.01153,0.390533,0.0891859,0,0,0,0;
3.64, -1.19115,0.293809,0.149331,0,0,0,0;
3.65, -1.51483,0.357945,0.21611,0,0,0,0;
3.66, -1.04155,0.379846,0.155514,0,0,0,0;
3.67, -0.785371,0.376075,0.0684585,0,0,0,0;
3.68, -0.887399,0.373066,0.0439429,0,0,0,0;
3.69, -0.869983,0.433738,0.0480263,0,0,0,0;
3.7, -1.00744,0.450756,0.0935612,0,0,0,0;
3.71, -1.20408,0.469941,0.161275,0,0,0,0;
3.72, -1.00521,0.545084,0.13041,0,0,0,0;
3.73, -1.27863,0.603274,0.190278,0,0,0,0;
3.74, -0.755971,0.61931,0.0933308,0,0,0,0;
3.75, -0.653451,0.669274,0.0385467,0,0,0,0;
3.76, -0.84734,0.708037,0.054846,0,0,0,0;
3.77, -1.0667,0.681365,0.157966,0,0,0,0;
3.78, -1.09675,0.762423,0.209765,0,0,0,0;
3.79, -0.807849,0.857559,0.140401,0,0,0,0;
3.8, -1.17176,0.901773,0.175902,0,0,0,0;
3.81, -0.827527,0.9176,0.0579122,0,0,0,0;
3.82, -0.947194,0.942608,0.0555176,0,0,0,0;
3.83, -0.625039,1.04149,0.0660812,0,0,0,0;
3.84, -0.955002,1.08545,0.110503,0,0,0,0;
3.85, -0.917532,1.20463,0.213955,0,0,0,0;
3.86, -0.857043,1.18032,0.13529,0,0,0,0;
3.87, 0.0380297,1.2644,0.0340258,0,0,0,0;
3.88, -0.832579,1.20339,0.0888705,0,0,0,0;
3.89, 0.034425,1.3121,0.00967301,0,0,0,0;
3.9, -0.611011,1.35385,0.142168,0,0,0,0;
3.91, 0.0617163,1.38982,0.14657,0,0,0,0;
3.92, -0.393031,1.40148,0.212752,0,0,0,0;
3.93, -0.532897,1.35096,0.239978,0,0,0,0;
3.94, 0.388037,1.42028,0.12605,0,0,0,0;
3.95, -0.535886,1.32864,0.170475,0,0,0,0;
3.96, 0.441572,1.39294,0.022975,0,0,0,0;
3.97, 0.0306517,1.36937,0.0216711,0,0,0,0;
3.98, 0.480856,1.41574,0.0357646,0,0,0,0;
3.99, 0.105777,1.43371,0.154962,0,0,0,0;
4, 0.375701,1.43536,0.213227,0,0,0,0;
4.01, 0.405566,1.37274,0.142382,0,0,0,0;
4.02, 0.64389,1.36897,0.126132,0,0,0,0;
4.03, 0.662649,1.317,0.0190579,0,0,0,0;
4.04, 1.0017,1.26422,-0.0592693,0,0,0,0;
4.05, 0.652143,1.20459,-0.0255486,0,0,0,0;
4.06, 0.816362,1.14659,0.0623097,0,0,0,0;
4.07, 1.06673,1.23163,0.138868,0,0,0,0;
4.08, 1.09613,1.21926,0.123854,0,0,0,0;
4.09, 0.87951,1.07068,0.0748954,0,0,0,0;
4.1, 0.98316,1.05067,-0.0297176,0,0,0,0;
4.11, 0.990875,1.03474,-0.104287,0,0,0,0;
4.12, 1.22205,0.978682,-0.0904421,0,0,0,0;
4.13, 1.3414,0.944779,-0.0235352,0,0,0,0;
4.14, 1.37396,0.842599,-0.0967389,0,0,0,0;
4.15, 1.34528,0.857382,-0.00889245,0,0,0,0;
4.16, 1.51952,0.815833,-0.0316304,0,0,0,0;
4.17, 1.42753,0.740767,-0.133821,0,0,0,0;
4.18, 1.04372,0.707926,-0.121936,0,0,0,0;
4.19, 1.31402,0.638768,-0.173498,0,0,0,0;
4.2, 1.45889,0.592639,-0.150196,0,0,0,0;
4.21, 1.22521,0.533454,-0.169254,0,0,0,0;
4.22, 1.57729,0.489194,-0.174688,0,0,0,0;
4.23, 1.45475,0.416954,-0.192047,0,0,0,0;
4.24, 1.50821,0.376688,-0.195512,0,0,0,0;
4.25, 1.27405,0.272033,-0.183665,0,0,0,0;
4.26, 1.35882,0.184614,-0.219377,0,0,0,0;
4.27, 1.26476,0.131519,-0.239995,0,0,0,0;
4.28, 1.13331,0.0758138,-0.212376,0,0,0,0;
4.29, 1.15584,0.00269998,-0.269959,0,0,0,0;
4.3, 1.2637,-0.0679997,-0.240829,0,0,0,0;
4.31, 1.56178,-0.125023,-0.259954,0,0,0,0;
4.32, 0.768509,-0.199319,-0.296422,0,0,0,0;
4.33, 1.4972,-0.232219,-0.266342,0,0,0,0;
4.34, 1.22208,-0.36043,-0.271243,0,0,0,0;
4.35, 0.784554,-0.417197,-0.233799,0,0,0,0;
4.36, 0.787216,-0.454211,-0.256641,0,0,0,0;
4.37, 0.632117,-0.542087,-0.31856,0,0,0,0;
4.38, 1.16223,-0.584178,-0.277193,0,0,0,0;
4.39, 1.03861,-0.605641,-0.258404,0,0,0,0;
4.4, 0.911486,-0.619884,-0.243129,0,0,0,0;
4.41, 0.565799,-0.714744,-0.290436,0,0,0,0;
4.42, 0.662367,-0.733836,-0.307591,0,0,0,0;
4.43, 0.0423835,-0.763761,-0.354073,0,0,0,0;
4.44, 0.788433,-0.79377,-0.260158,0,0,0,0;
4.45, 0.827125,-0.828721,-0.245368,0,0,0,0;
4.46, 0.63129,-0.815758,-0.223343,0,0,0,0;
4.47, 0.365103,-0.877105,-0.237786,0,0,0,0;
4.48, 0.24115,-0.881184,-0.262366,0,0,0,0;
4.49, 0.216233,-0.840768,-0.272427,0,0,0,0;
4.5, 0.351104,-0.830144,-0.293646,0,0,0,0;
4.51, 0.223088,-0.898296,-0.27523,0,0,0,0;
4.52, 0.0147404,-0.776451,-0.278167,0,0,0,0;
4.53, 0.439782,-0.924712,-0.149981,0,0,0,0;
4.54, 0.183934,-0.839824,-0.255143,0,0,0,0;
4.55, 0.410922,-0.821643,-0.147718,0,0,0,0;
4.56, -0.358127,-1.08845,-0.129097,0,0,0,0;
4.57, -0.124726,-0.963876,-0.103772,0,0,0,0;
4.58, -0.065731,-0.744725,-0.282104,0,0,0,0;
4.59, 0.119234,-0.799178,-0.253527,0,0,0,0;
4.6, -0.0415828,-0.636532,-0.183302,0,0,0,0;
4.61, -0.0830827,-0.681119,-0.177064,0,0,0,0;
4.62, -0.182241,-0.644735,-0.224748,0,0,0,0;
4.63, 0.0489233,-0.9894,-0.020509,0,0,0,0;
4.64, -0.510322,-0.702923,-0.181488,0,0,0,0;
4.65, -0.509369,-0.718907,-0.109684,0,0,0,0;
4.66, -0.500322,-0.864246,-0.00820631,0,0,0,0;
4.67, 0.0244802,-0.688275,-0.00827745,0,0,0,0;
4.68, -0.389862,-0.556486,-0.0553077,0,0,0,0;
4.69, 0.11384,-0.513706,-0.101492,0,0,0,0;
4.7, -0.441932,-0.680617,-0.146006,0,0,0,0;
4.71, -0.549687,-0.575804,-0.0398678,0,0,0,0;
4.72, -0.471651,-0.454593,-0.0747561,0,0,0,0;
4.73, -0.78989,-0.533759,-0.0754145,0,0,0,0;
4.74, -0.499691,-0.545074,0.0177913,0,0,0,0;
4.75, -0.645107,-0.334492,0.00334004,0,0,0,0;
4.76, 0.0707611,-0.141803,0.00284702,0,0,0,0;
4.77, -0.576208,-0.11135,0.0391672,0,0,0,0;
4.78, -1.29077,-0.475875,0.0604184,0,0,0,0;
4.79, 0.227381,-0.477407,0.012484,0,0,0,0;
4.8, -0.415482,0.0603276,0.054443,0,0,0,0;
4.81, -1.21757,-0.29543,0.106562,0,0,0,0;
4.82, -0.75952,-0.326421,-0.00305471,0,0,0,0;
4.83, -0.553555,0.0502026,-0.0169499,0,0,0,0;
4.84, -1.27352,0.0241295,-0.0161166,0,0,0,0;
4.85, -0.665151,0.0150958,0.0439613,0,0,0,0;
4.86, -0.220744,-0.309987,0.144426,0,0,0,0;
4.87, -1.20065,0.0795436,0.225563,0,0,0,0;
4.88, -0.702015,-0.0458177,0.17275,0,0,0,0;
4.89, -0.0777928,0.138795,0.0849474,0,0,0,0;
4.9, -1.08984,-0.0131942,0.0599901,0,0,0,0;
4.91, -1.57668,0.174862,0.0687034,0,0,0,0;
4.92, -0.955662,0.142333,0.0619415,0,0,0,0;
4.93, -1.18779,0.0865026,0.0614581,0,0,0,0;
4.94, -0.693966,0.15772,0.0934115,0,0,0,0;
4.95, -1.33146,0.256064,0.137178,0,0,0,0;
4.96, -0.823156,0.314335,0.159304,0,0,0,0;
4.97, -0.886314,0.284104,0.122183,0,0,0,0;
4.98, -0.74994,0.257812,0.0805365,0,0,0,0;
4.99, -1.2567,0.247522,0.13693,0,0,0,0;
5, -0.976233,0.365244,0.126625,0,0,0,0;
5.01, -1.08233,0.397198,0.122723,0,0,0,0;
5.02, -0.93536,0.415291,0.0904101,0,0,0,0;
5.03, -0.924486,0.444759,0.126699,0,0,0,0;
5.04, -0.863961,0.502668,0.134236,0,0,0,0;
5.05, -1.16663,0.517317,0.16188,0,0,0,0;
5.06, -0.874871,0.551202,0.141455,0,0,0,0;
5.07, -0.880666,0.570098,0.14074,0,0,0,0;
5.08, -0.919285,0.595129,0.101982,0,0,0,0;
5.09, -1.0105,0.665938,0.15672,0,0,0,0;
5.1, -1.47184,0.662629,0.16578,0,0,0,0;
5.11, -0.787898,0.85744,0.10766,0,0,0,0;
5.12, -1.15829,0.782,0.090501,0,0,0,0;
5.13, -0.721238,0.906261,0.0675462,0,0,0,0;
5.14, -0.927521,0.946671,0.134656,0,0,0,0;
5.15, -0.891788,0.972298,0.158626,0,0,0,0;
5.16, -0.368713,0.986401,0.0746331,0,0,0,0;
5.17, -0.394903,1.18562,0.119844,0,0,0,0;
5.18, -0.910797,1.07146,0.215337,0,0,0,0;
5.19, -0.737444,1.10446,0.164397,0,0,0,0;
5.2, -0.691735,1.16794,0.175186,0,0,0,0;
5.21, -0.555292,1.19029,0.129018,0,0,0,0;
5.22, -0.9591,1.22136,0.123249,0,0,0,0;
5.23, -0.759556,1.26447,0.124542,0,0,0,0;
5.24, 0.00340968,1.3984,0.0307763,0,0,0,0;
5.25, 0.399214,1.42657,0.0189417,0,0,0,0;
5.26, -0.793379,1.36847,0.224456,0,0,0,0;
5.27, -0.32961,1.40216,0.248591,0,0,0,0;
5.28, -0.354433,1.34626,0.213501,0,0,0,0;
5.29, 0.201242,1.40153,0.0829307,0,0,0,0;
5.3, 0.584452,1.40084,0.0247664,0,0,0,0;
5.31, 0.221629,1.32606,0.0335744,0,0,0,0;
5.32, 0.544086,1.38514,0.0592742,0,0,0,0;
5.33, 0.0890388,1.36481,0.196699,0,0,0,0;
5.34, 0.477922,1.35297,0.135673,0,0,0,0;
5.35, 0.489406,1.29299,0.15737,0,0,0,0;
5.36, 0.391524,1.25746,0.109961,0,0,0,0;
5.37, 0.671369,1.26944,0.103102,0,0,0,0;
5.38, 0.777168,1.23868,0.0709002,0,0,0,0;
5.39, 0.823931,1.19559,-0.0364593,0,0,0,0;
5.4, 0.733795,1.17987,0.060335,0,0,0,0;
5.41, 0.993083,1.17557,0.0169614,0,0,0,0;
5.42, 0.971248,1.13952,0.105411,0,0,0,0;
5.43, 1.03974,1.03992,0.013192,0,0,0,0;
5.44, 1.26421,1.07834,0.0514101,0,0,0,0;
5.45, 1.08626,0.970218,0.0130985,0,0,0,0;
5.46, 0.98192,0.915053,-0.0772952,0,0,0,0;
5.47, 1.29101,0.972991,-0.0283932,0,0,0,0;
5.48, 1.28468,0.851026,-0.108617,0,0,0,0;
5.49, 1.40372,0.908289,-0.122037,0,0,0,0;
5.5, 1.32847,0.77315,-0.0344004,0,0,0,0;
5.51, 1.41956,0.703267,-0.031068,0,0,0,0;
5.52, 1.30285,0.688834,-0.0912647,0,0,0,0;
5.53, 1.43436,0.631536,-0.101815,0,0,0,0;
5.54, 1.1891,0.580472,-0.122056,0,0,0,0;
5.55, 1.60591,0.50962,-0.198356,0,0,0,0;
5.56, 1.15762,0.487859,-0.20101,0,0,0,0;
5.57, 1.47395,0.409473,-0.168401,0,0,0,0;
5.58, 1.28057,0.358069,-0.199381,0,0,0,0;
5.59, 1.34096,0.277624,-0.190609,0,0,0,0;
5.6, 1.22336,0.191417,-0.203777,0,0,0,0;
5.61, 1.61433,0.0889386,-0.216671,0,0,0,0;
5.62, 1.25889,0.0474676,-0.228208,0,0,0,0;
5.63, 1.07944,-0.0348858,-0.267405,0,0,0,0;
5.64, 0.654153,-0.105303,-0.282252,0,0,0,0;
5.65, 1.62267,-0.130026,-0.244278,0,0,0,0;
5.66, 1.34189,-0.172401,-0.24343,0,0,0,0;
5.67, 0.706224,-0.307829,-0.240681,0,0,0,0;
5.68, 1.08816,-0.409013,-0.228748,0,0,0,0;
5.69, 1.16485,-0.407158,-0.281315,0,0,0,0;
5.7, 1.35136,-0.444556,-0.266998,0,0,0,0;
5.71, 0.90929,-0.550128,-0.292663,0,0,0,0;
5.72, 0.714249,-0.58831,-0.291461,0,0,0,0;
5.73, 0.787301,-0.665903,-0.271361,0,0,0,0;
5.74, 0.166924,-0.715886,-0.343341,0,0,0,0;
5.75, 0.758724,-0.715158,-0.28322,0,0,0,0;
5.76, 0.640925,-0.6936,-0.261382,0,0,0,0;
5.77, 0.875282,-0.762038,-0.26072,0,0,0,0;
5.78, 0.851529,-0.834723,-0.244385,0,0,0,0;
5.79, 0.381704,-0.813785,-0.297389,0,0,0,0;
5.8, 0.550054,-0.796301,-0.281256,0,0,0,0;
5.81, 0.419468,-0.871346,-0.303444,0,0,0,0;
5.82, 0.318261,-0.796955,-0.248107,0,0,0,0;
5.83, 0.324449,-0.899659,-0.236927,0,0,0,0;
5.84, 0.22526,-0.906526,-0.277985,0,0,0,0;
5.85, 0.189309,-0.876924,-0.263691,0,0,0,0;
5.86, 0.264977,-0.752951,-0.224744,0,0,0,0;
5.87, 0.118837,-0.95233,-0.275249,0,0,0,0;
5.88, 0.207125,-0.880275,-0.259377,0,0,0,0;
5.89, 0.0352311,-0.703408,-0.232891,0,0,0,0;
5.9, -0.301461,-0.788423,-0.206407,0,0,0,0;
5.91, -0.191406,-1.01679,-0.255546,0,0,0,0;
5.92, 0.305587,-0.727087,-0.11234,0,0,0,0;
5.93, 0.190589,-1.06864,-0.0993797,0,0,0,0;
5.94, 0.186397,-0.621527,-0.14522,0,0,0,0;
5.95, -0.208021,-0.738001,-0.286323,0,0,0,0;
5.96, -0.587598,-0.944585,-0.213337,0,0,0,0;
5.97, -0.164852,-0.397071,-0.236258,0,0,0,0;
5.98, -0.173859,-1.007,-0.0391381,0,0,0,0;
5.99, -0.298569,-0.480166,-0.154243,0,0,0,0;
6, -0.228122,-0.956154,-0.0747972,0,0,0,0;
6.01, 0.0178452,-0.543896,-0.132481,0,0,0,0;
6.02, -0.353108,-0.755027,-0.0394168,0,0,0,0;
6.03, -0.816491,-0.59001,-0.0244508,0,0,0,0;
6.04, -0.654809,-0.477061,-0.0614865,0,0,0,0;
6.05, -0.356508,-0.545691,-0.122362,0,0,0,0;
6.06, -0.103832,-0.543806,-0.146306,0,0,0,0;
6.07, -0.573599,-0.484065,0.0574569,0,0,0,0;
6.08, -0.264627,-0.43894,0.0452448,0,0,0,0;
6.09, -0.00337851,-0.109044,-0.0967495,0,0,0,0;
6.1, -0.807901,-0.21566,-0.0404641,0,0,0,0;
6.11, -1.35018,-0.608099,0.0371125,0,0,0,0;
6.12, -0.305596,-0.338829,0.0617034,0,0,0,0;
6.13, -0.819719,-0.602996,0.170008,0,0,0,0;
6.14, 0.394701,-0.18012,-0.00416416,0,0,0,0;
6.15, -0.782399,-0.189466,-0.065225,0,0,0,0;
6.16, -2.14276,-0.0851836,-0.0994773,0,0,0,0;
6.17, -0.06766,-0.0236773,0.0230546,0,0,0,0;
6.18, -0.181942,-0.105302,0.0199394,0,0,0,0;
6.19, -1.07472,-0.17517,0.112452,0,0,0,0;
6.2, -0.0185284,0.0239199,0.0883176,0,0,0,0;
6.21, -1.44478,-0.00298445,0.205508,0,0,0,0;
6.22, -0.8557,-0.0520569,0.213442,0,0,0,0;
6.23, -1.80849,-0.026562,0.0344252,0,0,0,0;
6.24, -0.607987,0.0588195,-0.0585791,0,0,0,0;
6.25, -0.888441,0.0984381,-0.112571,0,0,0,0;
6.26, -1.23477,0.175374,0.0478329,0,0,0,0;
6.27, -0.660215,0.202812,0.0915312,0,0,0,0;
6.28, -0.698657,0.141671,0.143876,0,0,0,0;
6.29, -1.36417,0.345472,0.256051,0,0,0,0;
6.3, -1.13802,0.230383,0.218221,0,0,0,0;
6.31, -0.691106,0.264772,0.124088,0,0,0,0;
6.32, -0.982105,0.200823,0.0447703,0,0,0,0;
6.33, -0.970103,0.221279,-0.0308366,0,0,0,0;
6.34, -0.911689,0.281776,0.0346601,0,0,0,0;
6.35, -1.03725,0.363593,0.108304,0,0,0,0;
6.36, -1.05792,0.450597,0.191113,0,0,0,0;
6.37, -0.915201,0.4884,0.159459,0,0,0,0;
6.38, -1.32119,0.496129,0.197492,0,0,0,0;
6.39, -1.34676,0.48482,0.156542,0,0,0,0;
6.4, -0.886216,0.505513,0.0552167,0,0,0,0;
6.41, -0.776716,0.574907,-0.0179646,0,0,0,0;
6.42, -1.07433,0.604548,0.0731156,0,0,0,0;
6.43, -1.13774,0.737041,0.150385,0,0,0,0;
6.44, -0.686723,0.774333,0.15398,0,0,0,0;
6.45, -1.26331,0.801497,0.225831,0,0,0,0;
6.46, -0.874534,0.848875,0.126275,0,0,0,0;
6.47, -1.28279,0.857355,0.129107,0,0,0,0;
6.48, -1.13147,0.840624,0.113542,0,0,0,0;
6.49, -0.241441,1.04579,0.0035886,0,0,0,0;
6.5, -1.39302,0.991208,0.170958,0,0,0,0;
6.51, -0.54006,1.13386,0.113819,0,0,0,0;
6.52, -0.662062,1.19949,0.0961575,0,0,0,0;
6.53, -0.635379,1.2164,0.104805,0,0,0,0;
6.54, -1.17228,1.16786,0.182383,0,0,0,0;
6.55, 0.119576,1.32336,0.0738897,0,0,0,0;
6.56, -0.127807,1.37735,0.0882851,0,0,0,0;
6.57, -1.05419,1.26986,0.223023,0,0,0,0;
6.58, -0.497914,1.38573,0.168153,0,0,0,0;
6.59, 0.0891014,1.37639,0.0464314,0,0,0,0;
6.6, -0.203522,1.42471,0.0918026,0,0,0,0;
6.61, -0.918487,1.37327,0.194763,0,0,0,0;
6.62, -0.00877702,1.49923,0.132702,0,0,0,0;
6.63, 0.435672,1.5062,0.0446132,0,0,0,0;
6.64, -0.10586,1.47875,0.130041,0,0,0,0;
6.65, 0.512861,1.51881,0.0872939,0,0,0,0;
6.66, -0.206618,1.44253,0.12879,0,0,0,0;
6.67, 0.394508,1.46853,0.067215,0,0,0,0;
6.68, 0.443213,1.46515,0.120214,0,0,0,0;
6.69, 0.83858,1.37076,0.0434895,0,0,0,0;
6.7, 0.715582,1.40569,-0.00316717,0,0,0,0;
6.71, 1.06289,1.40127,0.0145063,0,0,0,0;
6.72, 0.817005,1.3334,0.0955504,0,0,0,0;
6.73, 0.630158,1.27334,0.108571,0,0,0,0;
6.74, 0.764724,1.24207,0.125299,0,0,0,0;
6.75, 0.840789,1.22059,-0.044593,0,0,0,0;
6.76, 1.15563,1.20943,-0.0198781,0,0,0,0;
6.77, 0.914545,1.17185,-0.118463,0,0,0,0;
6.78, 1.31574,1.15647,-0.0411948,0,0,0,0;
6.79, 1.39111,1.14833,-0.0603413,0,0,0,0;
6.8, 1.26971,1.01469,-0.139069,0,0,0,0;
6.81, 1.27355,1.0531,0.00903147,0,0,0,0;
6.82, 1.45755,0.958085,-0.0797836,0,0,0,0;
6.83, 1.29582,0.878883,-0.0983871,0,0,0,0;
6.84, 1.28401,0.801336,-0.144391,0,0,0,0;
6.85, 1.53656,0.820443,-0.119084,0,0,0,0;
6.86, 1.60817,0.723087,-0.177325,0,0,0,0;
6.87, 1.32976,0.684516,-0.188984,0,0,0,0;
6.88, 1.53079,0.690862,-0.217153,0,0,0,0;
6.89, 1.7461,0.595406,-0.227585,0,0,0,0;
6.9, 1.53467,0.46978,-0.254507,0,0,0,0;
6.91, 1.25545,0.428602,-0.266978,0,0,0,0;
6.92, 1.32926,0.289913,-0.250577,0,0,0,0;
6.93, 1.46788,0.259545,-0.247644,0,0,0,0;
6.94, 1.37521,0.174937,-0.255403,0,0,0,0;
6.95, 1.50479,0.100775,-0.260314,0,0,0,0;
6.96, 1.53202,0.0434425,-0.290924,0,0,0,0;
6.97, 1.02915,-0.0449202,-0.341468,0,0,0,0;
6.98, 1.39359,-0.0834659,-0.340757,0,0,0,0;
6.99, 1.25988,-0.221615,-0.341592,0,0,0,0;
7, 1.13256,-0.325675,-0.321578,0,0,0,0;
7.01, 1.13186,-0.390879,-0.315988,0,0,0,0;
7.02, 1.18887,-0.438971,-0.336066,0,0,0,0;
7.03, 0.771185,-0.522076,-0.352572,0,0,0,0;
7.04, 1.48599,-0.553187,-0.279038,0,0,0,0;
7.05, 0.478393,-0.591926,-0.394118,0,0,0,0;
7.06, 1.15155,-0.67915,-0.331321,0,0,0,0;
7.07, 1.06334,-0.726856,-0.33352,0,0,0,0;
7.08, 0.541932,-0.762807,-0.388428,0,0,0,0;
7.09, 0.888751,-0.843405,-0.392259,0,0,0,0;
7.1, 0.647281,-0.846866,-0.35348,0,0,0,0;
7.11, 0.666656,-0.948644,-0.362711,0,0,0,0;
7.12, 0.328569,-0.95118,-0.379326,0,0,0,0;
7.13, 0.381435,-0.927266,-0.362328,0,0,0,0;
7.14, 0.493844,-0.970527,-0.368395,0,0,0,0;
7.15, 0.522132,-0.930787,-0.311549,0,0,0,0;
7.16, 0.234082,-0.982897,-0.360899,0,0,0,0;
7.17, 0.327126,-0.91761,-0.294478,0,0,0,0;
7.18, 0.425895,-0.990471,-0.311321,0,0,0,0;
7.19, 0.312473,-0.990454,-0.29165,0,0,0,0;
7.2, 0.264647,-0.883364,-0.295392,0,0,0,0;
7.21, 0.120669,-0.94388,-0.296065,0,0,0,0;
7.22, -0.134214,-0.952516,-0.362454,0,0,0,0;
7.23, 0.235852,-1.04566,-0.294591,0,0,0,0;
7.24, -0.00458393,-0.762713,-0.261864,0,0,0,0;
7.25, -0.276817,-1.06555,-0.321323,0,0,0,0;
7.26, -0.132294,-0.998443,-0.356483,0,0,0,0;
7.27, 0.0705915,-0.775539,-0.211932,0,0,0,0;
7.28, -0.0714324,-0.889375,-0.215487,0,0,0,0;
7.29, -0.486818,-0.792237,-0.0935271,0,0,0,0;
7.3, -0.307935,-0.700467,-0.241108,0,0,0,0;
7.31, -0.0259456,-1.01729,-0.288209,0,0,0,0;
7.32, 0.208065,-0.673109,-0.171926,0,0,0,0;
7.33, -0.154085,-0.792778,-0.145596,0,0,0,0;
7.34, -0.654618,-0.631252,-0.157485,0,0,0,0;
7.35, 0.0859203,-0.830098,-0.199713,0,0,0,0;
7.36, -0.807035,-0.663851,-0.198612,0,0,0,0;
7.37, -0.548114,-0.648324,-0.211519,0,0,0,0;
7.38, -0.169189,-0.372508,-0.147408,0,0,0,0;
7.39, -0.536772,-0.457508,-0.129046,0,0,0,0;
7.4, -0.55124,-0.543763,-0.120616,0,0,0,0;
7.41, -0.493782,-0.410231,-0.0332952,0,0,0,0;
7.42, -1.40115,-0.675891,0.0366116,0,0,0,0;
7.43, -0.194405,-0.19722,0.165259,0,0,0,0;
7.44, -0.174101,-0.43461,-0.243531,0,0,0,0;
7.45, -0.396112,-0.483204,-0.210184,0,0,0,0;
7.46, 0.532185,-0.511363,-0.105738,0,0,0,0;
7.47, -1.64787,-0.147044,0.0556916,0,0,0,0;
7.48, -1.03284,-0.024648,0.135315,0,0,0,0;
7.49, -0.966975,-0.177442,0.0197039,0,0,0,0;
7.5, -0.514987,0.000163406,0.0386951,0,0,0,0;
7.51, -1.16793,-0.289724,-0.0388038,0,0,0,0;
7.52, -0.920337,-0.300299,-0.0879132,0,0,0,0;
7.53, -0.270184,0.170512,0.0498161,0,0,0,0;
7.54, -0.664215,-0.192827,0.0787424,0,0,0,0;
7.55, -0.852719,0.0194175,-0.0576769,0,0,0,0;
7.56, -0.699618,-0.0516598,0.113844,0,0,0,0;
7.57, -1.11569,0.0974779,0.056171,0,0,0,0;
7.58, -1.38285,0.0929721,0.0613734,0,0,0,0;
7.59, -0.803414,0.249979,0.00509483,0,0,0,0;
7.6, -0.864148,0.0314712,-0.0140282,0,0,0,0;
7.61, -1.3108,0.024554,0.106991,0,0,0,0;
7.62, -0.972556,0.278934,0.0737126,0,0,0,0;
7.63, -1.21699,0.222332,0.127543,0,0,0,0;
7.64, -0.650022,0.314537,0.0819587,0,0,0,0;
7.65, -0.927508,0.250132,0.0403505,0,0,0,0;
7.66, -1.03753,0.242799,0.0251338,0,0,0,0;
7.67, -1.19239,0.299075,0.046323,0,0,0,0;
7.68, -1.17831,0.269713,0.0894092,0,0,0,0;
7.69, -1.5317,0.351113,0.142862,0,0,0,0;
7.7, -1.11185,0.420995,0.103969,0,0,0,0;
7.71, -0.736941,0.480499,0.0215147,0,0,0,0;
7.72, -1.04408,0.472669,0.0392604,0,0,0,0;
7.73, -1.43356,0.474892,0.0817623,0,0,0,0;
7.74, -1.00736,0.605905,0.118391,0,0,0,0;
7.75, -1.5051,0.589271,0.122432,0,0,0,0;
7.76, -0.777891,0.680788,0.0450204,0,0,0,0;
7.77, -1.07957,0.674621,0.067825,0,0,0,0;
7.78, -0.909924,0.761367,0.0681577,0,0,0,0;
7.79, -1.5621,0.780757,0.145277,0,0,0,0;
7.8, -0.752574,0.927065,0.0383338,0,0,0,0;
7.81, -1.14294,0.909885,0.0692053,0,0,0,0;
7.82, -0.678562,1.02602,0.0315514,0,0,0,0;
7.83, -1.57839,0.97841,0.179957,0,0,0,0;
7.84, -1.0844,1.1299,0.111705,0,0,0,0;
7.85, -0.919262,1.17999,0.0800945,0,0,0,0;
7.86, -0.255154,1.24302,-0.0346859,0,0,0,0;
7.87, -0.70206,1.28099,0.0459324,0,0,0,0;
7.88, -0.965854,1.34219,0.131352,0,0,0,0;
7.89, -0.494107,1.36793,0.114571,0,0,0,0;
7.9, -1.00229,1.39223,0.17244,0,0,0,0;
7.91, -0.0795088,1.50648,0.0743533,0,0,0,0;
7.92, -0.335357,1.4868,0.0892747,0,0,0,0;
7.93, -0.873473,1.44704,0.141155,0,0,0,0;
7.94, 0.105811,1.56455,0.00472438,0,0,0,0;
7.95, 0.0533579,1.58528,-0.0292884,0,0,0,0;
7.96, 0.0637716,1.58321,0.0333527,0,0,0,0;
7.97, -0.380112,1.62116,0.149192,0,0,0,0;
7.98, 0.225181,1.64305,0.118945,0,0,0,0;
7.99, 0.301799,1.63662,0.0964501,0,0,0,0;
8, -0.0329935,1.54517,0.104354,0,0,0,0;
8.01, 0.241195,1.48441,0.0426177,0,0,0,0;
8.02, 0.0525805,1.59117,0.114635,0,0,0,0;
8.03, 0.725828,1.55125,-0.126173,0,0,0,0;
8.04, 1.30819,1.60661,-0.132014,0,0,0,0;
8.05, 0.983125,1.54288,-0.0991371,0,0,0,0;
8.06, 0.899456,1.58065,0.0568862,0,0,0,0;
8.07, 1.26716,1.52574,0.0681701,0,0,0,0;
8.08, 1.04387,1.41648,0.0853131,0,0,0,0;
8.09, 1.06966,1.29679,-0.057807,0,0,0,0;
8.1, 0.796691,1.27135,-0.0401718,0,0,0,0;
8.11, 1.40996,1.27589,-0.188733,0,0,0,0;
8.12, 1.46544,1.26353,-0.165675,0,0,0,0;
8.13, 1.39644,1.25127,-0.208104,0,0,0,0;
8.14, 1.36214,1.18188,-0.144389,0,0,0,0;
8.15, 1.51088,1.10287,-0.0713693,0,0,0,0;
8.16, 1.8017,1.04947,-0.174106,0,0,0,0;
8.17, 1.64129,0.994872,-0.279726,0,0,0,0;
8.18, 1.45825,0.918376,-0.209972,0,0,0,0;
8.19, 1.7415,0.885148,-0.292753,0,0,0,0;
8.2, 1.50699,0.797818,-0.313489,0,0,0,0;
8.21, 1.86486,0.741375,-0.288043,0,0,0,0;
8.22, 1.58287,0.643612,-0.323974,0,0,0,0;
8.23, 1.91826,0.592748,-0.337149,0,0,0,0;
8.24, 1.51548,0.475581,-0.33959,0,0,0,0;
8.25, 1.5034,0.344496,-0.349167,0,0,0,0;
8.26, 1.83632,0.312214,-0.387591,0,0,0,0;
8.27, 1.408,0.230934,-0.414574,0,0,0,0;
8.28, 1.81319,0.141372,-0.410104,0,0,0,0;
8.29, 1.31951,0.00284502,-0.43078,0,0,0,0;
8.3, 1.59528,-0.018565,-0.432874,0,0,0,0;
8.31, 1.65843,-0.166847,-0.441172,0,0,0,0;
8.32, 0.791503,-0.257081,-0.456204,0,0,0,0;
8.33, 1.47872,-0.374852,-0.44274,0,0,0,0;
8.34, 1.43822,-0.418335,-0.439986,0,0,0,0;
8.35, 1.6817,-0.526476,-0.471414,0,0,0,0;
8.36, 0.812918,-0.636045,-0.500473,0,0,0,0;
8.37, 1.41439,-0.661798,-0.48458,0,0,0,0;
8.38, 1.16018,-0.752675,-0.49385,0,0,0,0;
8.39, 0.907021,-0.837074,-0.471438,0,0,0,0;
8.4, 0.873949,-0.916139,-0.442318,0,0,0,0;
8.41, 0.931576,-0.966132,-0.463634,0,0,0,0;
8.42, 0.503823,-0.957692,-0.539559,0,0,0,0;
8.43, 0.793032,-1.05047,-0.506813,0,0,0,0;
8.44, 0.640033,-1.03947,-0.524397,0,0,0,0;
8.45, 0.461216,-1.11606,-0.473923,0,0,0,0;
8.46, 0.662695,-1.05871,-0.457915,0,0,0,0;
8.47, 0.643952,-1.12381,-0.435173,0,0,0,0;
8.48, 0.237325,-1.09438,-0.484525,0,0,0,0;
8.49, 0.295638,-1.17227,-0.442866,0,0,0,0;
8.5, 0.0967197,-1.11567,-0.516142,0,0,0,0;
8.51, 0.479861,-1.10689,-0.413393,0,0,0,0;
8.52, 0.396414,-1.08877,-0.386775,0,0,0,0;
8.53, 0.103644,-1.20468,-0.457727,0,0,0,0;
8.54, -0.117837,-0.969994,-0.435728,0,0,0,0;
8.55, 0.106237,-1.08167,-0.377326,0,0,0,0;
8.56, 0.132153,-1.03707,-0.383147,0,0,0,0;
8.57, 0.032416,-1.0353,-0.490167,0,0,0,0;
8.58, 0.037742,-0.942455,-0.336316,0,0,0,0;
8.59, -0.0482942,-0.860589,-0.325768,0,0,0,0;
8.6, -0.122096,-0.981715,-0.354814,0,0,0,0;
8.61, -0.162346,-1.02955,-0.413592,0,0,0,0;
8.62, -0.517709,-0.948614,-0.362312,0,0,0,0;
8.63, -0.690737,-1.16738,-0.419209,0,0,0,0;
8.64, -0.225183,-1.02217,-0.254096,0,0,0,0;
8.65, 0.353377,-0.686593,-0.145673,0,0,0,0;
8.66, -0.257952,-0.533725,-0.136592,0,0,0,0;
8.67, -0.273496,-0.825245,-0.118667,0,0,0,0;
8.68, -0.59381,-0.472074,-0.355522,0,0,0,0;
8.69, -0.121868,-0.641621,-0.327149,0,0,0,0;
8.7, -0.638734,-0.883689,-0.170903,0,0,0,0;
8.71, -0.767294,-0.511829,-0.296648,0,0,0,0;
8.72, -0.612144,-0.435733,-0.240356,0,0,0,0;
8.73, -0.446486,-0.604472,-0.0922907,0,0,0,0;
8.74, -0.332103,-0.463259,0.0278324,0,0,0,0;
8.75, -0.971094,-0.457115,0.0685584,0,0,0,0;
8.76, 0.193686,-0.696963,0.0206559,0,0,0,0;
8.77, -0.359404,-0.531167,-0.167761,0,0,0,0;
8.78, -0.251004,-0.33665,-0.230929,0,0,0,0;
8.79, -1.29006,-0.147813,-0.246169,0,0,0,0;
8.8, -0.0235998,-0.22871,-0.140268,0,0,0,0;
8.81, -0.560067,-0.410453,-0.193065,0,0,0,0;
8.82, -0.977957,-0.217671,0.138756,0,0,0,0;
8.83, -1.03815,-0.171275,0.159611,0,0,0,0;
8.84, -0.7835,0.0392943,0.0288548,0,0,0,0;
8.85, -1.41283,-0.00658047,-0.0623209,0,0,0,0;
8.86, -1.29136,-0.297415,-0.143945,0,0,0,0;
8.87, -0.957557,-0.156717,-0.106094,0,0,0,0;
8.88, -0.762573,0.27769,-0.209145,0,0,0,0;
8.89, -1.16843,0.102082,0.0152838,0,0,0,0;
8.9, -0.860466,0.168282,-0.0100419,0,0,0,0;
8.91, -0.41415,0.15313,0.123589,0,0,0,0;
8.92, -0.930255,-0.011719,0.124038,0,0,0,0;
8.93, -1.00472,0.281229,0.118668,0,0,0,0;
8.94, -0.816143,0.00456565,0.0930264,0,0,0,0;
8.95, -0.967533,0.150334,-0.0794136,0,0,0,0;
8.96, -1.04424,0.0669968,-0.0417486,0,0,0,0;
8.97, -1.29473,0.188012,-0.0042944,0,0,0,0;
8.98, -1.34308,0.227966,0.0658605,0,0,0,0;
8.99, -1.13931,0.340227,0.0448418,0,0,0,0;
9, -1.05463,0.377577,0.0673683,0,0,0,0;
9.01, -1.32636,0.364439,0.0730062,0,0,0,0;
9.02, -1.31755,0.348065,0.027518,0,0,0,0;
9.03, -1.1143,0.390656,-0.0137464,0,0,0,0;
9.04, -1.08063,0.390437,0.00325942,0,0,0,0;
9.05, -1.19125,0.44091,0.0234414,0,0,0,0;
9.06, -1.11767,0.524377,0.065083,0,0,0,0;
9.07, -1.46321,0.56969,0.0965467,0,0,0,0;
9.08, -0.79888,0.627976,0.00985526,0,0,0,0;
9.09, -1.25887,0.595854,0.0433898,0,0,0,0;
9.1, -1.26714,0.693501,0.0496357,0,0,0,0;
9.11, -1.48415,0.697492,0.0836338,0,0,0,0;
9.12, -0.64505,0.842304,0.0125341,0,0,0,0;
9.13, -0.856354,0.887178,-0.0210895,0,0,0,0;
9.14, -1.361,0.838412,0.0223558,0,0,0,0;
9.15, -1.16619,1.08535,0.12148,0,0,0,0;
9.16, -0.933282,1.09652,0.107309,0,0,0,0;
9.17, -1.21106,1.06831,0.038419,0,0,0,0;
9.18, -1.61539,1.13837,0.138107,0,0,0,0;
9.19, -1.01631,1.20854,0.0305954,0,0,0,0;
9.2, -1.06078,1.22475,-0.0126677,0,0,0,0;
9.21, -1.07455,1.34632,-0.0342548,0,0,0,0;
9.22, -0.845143,1.51253,-0.0351792,0,0,0,0;
9.23, 0.303216,1.68569,-0.0797868,0,0,0,0;
9.24, -0.870123,1.59825,0.0603704,0,0,0,0;
9.25, -0.211648,1.68048,0.0928773,0,0,0,0;
9.26, -0.729403,1.60751,0.168506,0,0,0,0;
9.27, -0.25588,1.63618,0.109292,0,0,0,0;
9.28, -0.61377,1.57534,0.104512,0,0,0,0;
9.29, -0.197257,1.64463,0.0090274,0,0,0,0;
9.3, 0.539371,1.72607,-0.120731,0,0,0,0;
9.31, 0.263559,1.73196,-0.108537,0,0,0,0;
9.32, 0.146836,1.71625,-0.0218123,0,0,0,0;
9.33, 0.374396,1.76175,0.0676269,0,0,0,0;
9.34, -0.154598,1.77137,0.205219,0,0,0,0;
9.35, 0.531185,1.72682,0.0425105,0,0,0,0;
9.36, 0.852915,1.68651,-0.037749,0,0,0,0;
9.37, 0.460423,1.61605,-0.124753,0,0,0,0;
9.38, 0.586434,1.63402,-0.0646537,0,0,0,0;
9.39, 1.4067,1.66779,-0.153558,0,0,0,0;
9.4, 1.12469,1.61516,-0.191664,0,0,0,0;
9.41, 1.23105,1.66976,-0.106036,0,0,0,0;
9.42, 1.11976,1.5411,0.0524672,0,0,0,0;
9.43, 1.47546,1.43196,-0.111878,0,0,0,0;
9.44, 1.2749,1.32626,-0.163156,0,0,0,0;
9.45, 1.5447,1.35508,-0.127893,0,0,0,0;
9.46, 1.50028,1.32795,-0.191002,0,0,0,0;
9.47, 1.63036,1.25115,-0.312606,0,0,0,0;
9.48, 1.76855,1.24919,-0.233318,0,0,0,0;
9.49, 1.28897,1.14474,-0.28368,0,0,0,0;
9.5, 1.86362,1.02984,-0.302801,0,0,0,0;
9.51, 1.87808,1.0363,-0.417159,0,0,0,0;
9.52, 1.967,1.00251,-0.298809,0,0,0,0;
9.53, 1.99595,0.822291,-0.362108,0,0,0,0;
9.54, 1.87693,0.709215,-0.361405,0,0,0,0;
9.55, 1.79154,0.637481,-0.365311,0,0,0,0;
9.56, 1.88208,0.575644,-0.423763,0,0,0,0;
9.57, 1.68141,0.489847,-0.46322,0,0,0,0;
9.58, 1.74364,0.361157,-0.480319,0,0,0,0;
9.59, 1.45955,0.363845,-0.463035,0,0,0,0;
9.6, 2.0283,0.230822,-0.488712,0,0,0,0;
9.61, 1.89291,0.225486,-0.482574,0,0,0,0;
9.62, 1.7473,-0.13458,-0.550452,0,0,0,0;
9.63, 1.81981,-0.165392,-0.544242,0,0,0,0;
9.64, 1.27121,-0.240614,-0.532909,0,0,0,0;
9.65, 1.18303,-0.344815,-0.571502,0,0,0,0;
9.66, 2.01387,-0.361291,-0.528142,0,0,0,0;
9.67, 1.16452,-0.560485,-0.578784,0,0,0,0;
9.68, 1.18684,-0.625432,-0.573018,0,0,0,0;
9.69, 1.43194,-0.788727,-0.563598,0,0,0,0;
9.7, 1.43298,-0.798322,-0.56514,0,0,0,0;
9.71, 0.894601,-0.932506,-0.575551,0,0,0,0;
9.72, 1.31473,-0.901092,-0.562628,0,0,0,0;
9.73, 0.925,-0.956934,-0.565735,0,0,0,0;
9.74, 0.561329,-1.08585,-0.619058,0,0,0,0;
9.75, 0.859944,-1.17697,-0.605057,0,0,0,0;
9.76, 0.891545,-1.18988,-0.564843,0,0,0,0;
9.77, 0.388082,-1.20423,-0.564102,0,0,0,0;
9.78, 0.536136,-1.22451,-0.529196,0,0,0,0;
9.79, 0.356027,-1.25398,-0.529998,0,0,0,0;
9.8, 0.623604,-1.22198,-0.52494,0,0,0,0;
9.81, 0.545166,-1.24301,-0.523745,0,0,0,0;
9.82, 0.664838,-1.24492,-0.51499,0,0,0,0;
9.83, 0.162582,-1.22467,-0.56449,0,0,0,0;
9.84, 0.16427,-1.18499,-0.584915,0,0,0,0;
9.85, 0.270201,-1.12055,-0.536706,0,0,0,0;
9.86, 0.0580596,-1.16145,-0.497851,0,0,0,0;
9.87, 0.10293,-1.30106,-0.439479,0,0,0,0;
9.88, -0.189396,-1.14417,-0.489029,0,0,0,0;
9.89, 0.159295,-1.14778,-0.457183,0,0,0,0;
9.9, -0.209197,-1.20563,-0.506655,0,0,0,0;
9.91, -0.00954929,-0.851209,-0.497187,0,0,0,0;
9.92, -0.199625,-1.02887,-0.455996,0,0,0,0;
9.93, -0.123265,-0.984856,-0.304281,0,0,0,0;
9.94, -0.497585,-1.1569,-0.250697,0,0,0,0;
9.95, -5.83529e-05,-0.963383,-0.350819,0,0,0,0;
9.96, -0.290443,-0.760162,-0.449051,0,0,0,0;
9.97, -0.151617,-0.592788,-0.364714,0,0,0,0;
9.98, 0.0637863,-0.80843,-0.314677,0,0,0,0;
9.99, -0.871215,-0.905259,-0.277679,0,0,0,0;
