0, 0.0530679,0.0151239,-0.115111,0,0,0,0;
0.01, 0.572462,-1.41048,0.0554647,0,0,0,0;
0.02, 3.99302,5.92733,-1.19552,0,0,0,0;
0.03, 6.45976,12.4067,-4.54038,0,0,0,0;
0.04, 8.29077,12.8095,-6.59662,0,0,0,0;
0.05, 6.81457,9.47232,-3.99744,0,0,0,0;
0.06, 4.5263,4.73066,1.47492,0,0,0,0;
0.07, 3.50472,0.714546,7.26295,0,0,0,0;
0.08, 2.48298,-2.4172,9.67159,0,0,0,0;
0.09, 1.13499,-6.02125,8.09273,0,0,0,0;
0.1, -0.814551,-9.83337,3.95412,0,0,0,0;
0.11, -3.37954,-12.2044,-1.10611,0,0,0,0;
0.12, -5.14617,-12.4758,-4.09757,0,0,0,0;
0.13, -4.50519,-10.4248,-4.71462,0,0,0,0;
0.14, -2.37576,-7.69525,-3.51,0,0,0,0;
0.15, -0.543846,-5.13503,-1.15798,0,0,0,0;
0.16, -0.117975,-3.33476,1.00932,0,0,0,0;
0.17, 0.151894,-2.63808,2.0843,0,0,0,0;
0.18, 0.35458,-2.59018,2.00856,0,0,0,0;
0.19, -1.09008,-2.60286,1.13821,0,0,0,0;
0.2, -3.08686,-2.49691,-0.0394356,0,0,0,0;
0.21, -1.91233,-2.36903,-0.589751,0,0,0,0;
0.22, -0.35797,-2.02203,-0.788054,0,0,0,0;
0.23, -3.50743,-1.98715,-0.329625,0,0,0,0;
0.24, -3.13186,-1.92341,0.48017,0,0,0,0;
0.25, -0.483339,-1.38183,0.803799,0,0,0,0;
0.26, -0.366863,-1.53345,0.910884,0,0,0,0;
0.27, -1.95832,-1.29217,1.02873,0,0,0,0;
0.28, -1.64846,-0.861674,1.02341,0,0,0,0;
0.29, -1.60311,-0.576506,0.341218,0,0,0,0;
0.3, -1.50976,-0.236577,0.193212,0,0,0,0;
0.31, -2.30563,-0.15262,0.502323,0,0,0,0;
0.32, -1.73454,-0.183963,0.400376,0,0,0,0;
0.33, 0.0281826,-0.165806,0.471231,0,0,0,0;
0.34, -1.1927,0.13857,0.893361,0,0,0,0;
0.35, -1.02203,-0.107562,1.17978,0,0,0,0;
0.36, -1.29788,0.160726,0.819631,0,0,0,0;
0.37, -1.44011,0.475029,0.77313,0,0,0,0;
0.38, -1.6664,0.873936,0.838747,0,0,0,0;
0.39, -1.22037,0.944429,0.700258,0,0,0,0;
0.4, -0.101204,0.837808,0.636224,0,0,0,0;
0.41, -0.414914,0.900687,0.673542,0,0,0,0;
0.42, -1.0806,1.02382,0.819441,0,0,0,0;
0.43, -0.562711,1.03878,0.873904,0,0,0,0;
0.44, -0.578191,1.16361,0.854079,0,0,0,0;
0.45, -0.779024,1.14621,0.80776,0,0,0,0;
0.46, -0.856469,1.2226,0.820742,0,0,0,0;
0.47, 0.167971,1.43047,0.765878,0,0,0,0;
0.48, -0.437025,1.59581,0.785561,0,0,0,0;
0.49, -0.404311,1.25559,0.7286,0,0,0,0;
0.5, 0.269428,1.44571,0.855476,0,0,0,0;
0.51, -0.0726474,1.76544,0.728241,0,0,0,0;
0.52, -0.114398,1.04999,0.745141,0,0,0,0;
0.53, -0.247563,1.71915,0.70689,0,0,0,0;
0.54, 1.38862,1.59035,0.601276,0,0,0,0;
0.55, 0.0454515,1.01746,0.654751,0,0,0,0;
0.56, -0.504705,1.53096,0.582064,0,0,0,0;
0.57, -0.141114,1.60088,0.713838,0,0,0,0;
0.58, -0.163774,1.52145,0.551501,0,0,0,0;
0.59, 1.61938,0.862331,0.583538,0,0,0,0;
0.6, 1.95619,1.69065,1.01257,0,0,0,0;
0.61, 0.268317,0.81381,1.11034,0,0,0,0;
0.62, 0.758902,1.29013,0.482028,0,0,0,0;
0.63, 0.0572841,1.76214,-0.180952,0,0,0,0;
0.64, 0.0426303,1.58675,-0.00513029,0,0,0,0;
0.65, 0.415196,0.67504,-0.217227,0,0,0,0;
0.66, 2.3306,0.85072,0.303971,0,0,0,0;
0.67, -1.15881,0.220247,1.57691,0,0,0,0;
0.68, -0.242427,1.43663,1.59921,0,0,0,0;
0.69, 1.54058,1.25115,1.16982,0,0,0,0;
0.7, 0.0794029,0.72406,0.0531859,0,0,0,0;
0.71, 3.80837,1.19611,-0.175033,0,0,0,0;
0.72, 4.0643,0.678074,-0.111533,0,0,0,0;
0.73, 2.26505,-0.1262,-0.180375,0,0,0,0;
0.74, 0.440362,1.2461,0.745326,0,0,0,0;
0.75, -1.90277,0.491291,0.624821,0,0,0,0;
0.76, -1.24507,0.256044,0.234687,0,0,0,0;
0.77, 1.67169,0.81497,-0.0389791,0,0,0,0;
0.78, 1.64588,1.30401,0.0830557,0,0,0,0;
0.79, 0.916876,0.66256,0.897382,0,0,0,0;
0.8, 3.0274,-0.618701,0.572331,0,0,0,0;
0.81, 0.860998,-0.0413307,0.690912,0,0,0,0;
0.82, 1.92964,-0.150131,0.014643,0,0,0,0;
0.83, 2.70619,1.25894,0.173174,0,0,0,0;
0.84, -0.206241,0.758604,0.067982,0,0,0,0;
0.85, 0.593507,-0.216362,-0.0311685,0,0,0,0;
0.86, 2.67599,-0.378452,0.215698,0,0,0,0;
0.87, 1.19657,-0.306698,0.303492,0,0,0,0;
0.88, 2.67711,0.485131,0.52009,0,0,0,0;
0.89, 1.32633,0.699829,0.611482,0,0,0,0;
0.9, 0.780314,-0.108469,-0.0861034,0,0,0,0;
0.91, 1.46307,-0.34587,-0.135309,0,0,0,0;
0.92, 1.5996,0.0289085,0.0513349,0,0,0,0;
0.93, 1.94755,0.174069,0.345503,0,0,0,0;
0.94, 2.09069,-0.422993,0.346021,0,0,0,0;
0.95, 1.07789,-0.670499,0.322992,0,0,0,0;
0.96, 1.15219,-0.215697,0.264945,0,0,0,0;
0.97, 3.14313,-0.0289614,0.157917,0,0,0,0;
0.98, 1.89277,-0.36568,0.0482061,0,0,0,0;
0.99, 1.01547,-0.522317,0.092905,0,0,0,0;
1, 1.22065,-0.438304,0.220871,0,0,0,0;
1.01, 2.02525,-0.491381,0.225488,0,0,0,0;
1.02, 1.37905,-0.497399,0.168674,0,0,0,0;
1.03, 1.77672,-0.546761,0.197555,0,0,0,0;
1.04, 1.52761,-0.684058,0.0801477,0,0,0,0;
1.05, 1.06412,-0.681006,0.0724947,0,0,0,0;
1.06, 3.20856,-0.856173,0.165527,0,0,0,0;
1.07, 1.14788,-0.846235,0.282016,0,0,0,0;
1.08, 1.56195,-0.51565,0.193066,0,0,0,0;
1.09, -0.102083,-1.00157,0.368805,0,0,0,0;
1.1, 2.23561,-0.937905,-0.00732684,0,0,0,0;
1.11, 3.29815,-0.895984,-0.147844,0,0,0,0;
1.12, 2.90338,-1.05151,0.207739,0,0,0,0;
1.13, 0.684992,-1.08403,0.53907,0,0,0,0;
1.14, -0.511851,-1.54729,0.482033,0,0,0,0;
1.15, 1.33773,-1.17592,0.0379376,0,0,0,0;
1.16, 2.66994,-1.12132,-0.0420945,0,0,0,0;
1.17, 2.40988,-1.33917,-0.00985932,0,0,0,0;
1.18, 0.280128,-1.5625,0.193087,0,0,0,0;
1.19, 0.327456,-1.61345,0.369249,0,0,0,0;
1.2, 2.75355,-1.29002,0.386766,0,0,0,0;
1.21, 1.64447,-1.30728,0.0428171,0,0,0,0;
1.22, 0.196174,-1.66844,0.0607159,0,0,0,0;
1.23, -0.468487,-1.98015,0.194506,0,0,0,0;
1.24, 0.644807,-1.78396,0.0784862,0,0,0,0;
1.25, 2.64988,-1.69422,0.194509,0,0,0,0;
1.26, 0.748534,-1.85063,0.20093,0,0,0,0;
1.27, -0.239872,-1.9148,0.373062,0,0,0,0;
1.28, 0.417154,-1.94222,0.487583,0,0,0,0;
1.29, 1.78186,-1.95396,0.352823,0,0,0,0;
1.3, 0.704252,-2.12691,0.109694,0,0,0,0;
1.31, -0.664794,-2.24975,0.187997,0,0,0,0;
1.32, -0.456899,-2.22974,0.322723,0,0,0,0;
1.33, 0.147797,-2.07189,0.414637,0,0,0,0;
1.34, -0.622874,-2.13838,0.465312,0,0,0,0;
1.35, -0.582067,-2.1157,0.277063,0,0,0,0;
1.36, 0.345007,-2.11315,0.206623,0,0,0,0;
1.37, -0.721196,-2.15824,0.171938,0,0,0,0;
1.38, -0.653708,-2.10882,0.275478,0,0,0,0;
1.39, -0.935053,-2.16646,0.545403,0,0,0,0;
1.4, -1.16623,-1.96853,0.790491,0,0,0,0;
1.41, -1.14836,-1.97263,0.583685,0,0,0,0;
1.42, -0.731895,-2.0853,0.322045,0,0,0,0;
1.43, -1.30107,-2.02533,0.27197,0,0,0,0;
1.44, -1.66817,-2.0848,0.595248,0,0,0,0;
1.45, -1.47211,-1.76135,0.634575,0,0,0,0;
1.46, -1.21596,-1.681,0.259641,0,0,0,0;
1.47, -2.15911,-1.66646,0.416249,0,0,0,0;
1.48, -1.73721,-1.60704,0.695791,0,0,0,0;
1.49, -1.24542,-1.27602,0.805671,0,0,0,0;
1.5, -1.13163,-1.44724,0.996286,0,0,0,0;
1.51, -2.36632,-1.39373,0.637804,0,0,0,0;
1.52, -1.86657,-1.27172,0.501997,0,0,0,0;
1.53, -2.0954,-1.22755,0.397046,0,0,0,0;
1.54, -1.4913,-0.810474,0.609187,0,0,0,0;
1.55, -1.67565,-0.821607,0.797271,0,0,0,0;
1.56, -1.84069,-0.873447,0.925278,0,0,0,0;
1.57, -2.75856,-0.711653,0.818963,0,0,0,0;
1.58, -1.5725,-0.458043,0.696453,0,0,0,0;
1.59, -1.12603,-0.784695,0.66804,0,0,0,0;
1.6, -1.61326,0.279918,0.796293,0,0,0,0;
1.61, -1.85276,0.147152,0.821502,0,0,0,0;
1.62, -1.69987,-0.208604,0.67503,0,0,0,0;
1.63, -1.56349,-0.107877,0.735093,0,0,0,0;
1.64, -1.66248,0.0178251,0.741094,0,0,0,0;
1.65, -1.83966,0.329838,0.811241,0,0,0,0;
1.66, -1.01226,0.26301,0.941983,0,0,0,0;
1.67, -1.70724,0.581646,0.694148,0,0,0,0;
1.68, -0.251954,0.495777,0.612256,0,0,0,0;
1.69, -0.911862,0.714926,0.773492,0,0,0,0;
1.7, -2.52128,0.903865,0.971186,0,0,0,0;
1.71, -0.364447,0.716588,0.85773,0,0,0,0;
1.72, -0.947635,0.984353,0.735879,0,0,0,0;
1.73, -1.15796,1.08309,0.66885,0,0,0,0;
1.74, -1.20323,1.07383,0.665833,0,0,0,0;
1.75, -0.547838,1.18322,0.69935,0,0,0,0;
1.76, -0.684263,1.19484,0.717033,0,0,0,0;
1.77, -0.22483,1.16026,0.75536,0,0,0,0;
1.78, -0.547245,1.21299,0.811202,0,0,0,0;
1.79, -0.160241,1.2632,0.778593,0,0,0,0;
1.8, -0.36582,1.32275,0.71945,0,0,0,0;
1.81, -0.20599,1.41887,0.574863,0,0,0,0;
1.82, -0.338815,1.34836,0.557713,0,0,0,0;
1.83, -0.0977041,1.44978,0.503955,0,0,0,0;
1.84, 0.0856701,1.60188,0.52986,0,0,0,0;
1.85, -0.0989785,1.22975,0.58989,0,0,0,0;
1.86, 0.28589,1.09598,0.65582,0,0,0,0;
1.87, -0.533724,1.43479,0.83347,0,0,0,0;
1.88, -0.197191,1.49426,0.791463,0,0,0,0;
1.89, 0.514191,1.37003,0.659222,0,0,0,0;
1.9, 0.712114,1.25641,0.352463,0,0,0,0;
1.91, 0.359158,1.37229,0.406579,0,0,0,0;
1.92, 0.607111,1.53221,0.344045,0,0,0,0;
1.93, 0.707817,1.22662,0.382071,0,0,0,0;
1.94, 0.159535,1.4491,0.758054,0,0,0,0;
1.95, 0.653599,0.80645,0.664729,0,0,0,0;
1.96, 1.02733,0.827084,0.217091,0,0,0,0;
1.97, 0.644532,1.44764,0.486036,0,0,0,0;
1.98, -0.000205003,0.69826,0.268736,0,0,0,0;
1.99, 1.25422,0.846057,0.369109,0,0,0,0;
2, 0.917568,1.07238,0.394102,0,0,0,0;
2.01, 0.0292358,0.952041,0.245692,0,0,0,0;
2.02, 0.60705,0.969141,0.548818,0,0,0,0;
2.03, 1.96935,1.33784,0.745885,0,0,0,0;
2.04, 2.09636,0.782367,0.558944,0,0,0,0;
2.05, 1.20829,0.133951,-0.224582,0,0,0,0;
2.06, 0.901331,0.694398,-0.140575,0,0,0,0;
2.07, 0.235627,0.802871,0.157188,0,0,0,0;
2.08, -1.39337,0.0711771,0.535024,0,0,0,0;
2.09, 2.74077,0.900572,0.570457,0,0,0,0;
2.1, -0.224399,0.711746,0.38339,0,0,0,0;
2.11, 4.35074,0.532657,0.314367,0,0,0,0;
2.12, 1.62649,0.363616,0.055903,0,0,0,0;
2.13, -0.453569,0.260898,0.39046,0,0,0,0;
2.14, 2.62457,0.658526,0.223742,0,0,0,0;
2.15, 0.613825,0.160154,-0.0399511,0,0,0,0;
2.16, 0.789235,-0.259661,0.418483,0,0,0,0;
2.17, 2.33281,0.169753,0.295188,0,0,0,0;
2.18, -0.113321,0.624761,0.0257804,0,0,0,0;
2.19, 1.09619,0.355472,0.0430391,0,0,0,0;
2.2, 3.27978,0.171841,-0.0283787,0,0,0,0;
2.21, 2.27161,-0.635471,-0.0602891,0,0,0,0;
2.22, 1.0521,-0.061442,0.356213,0,0,0,0;
2.23, 0.844099,0.324715,0.587605,0,0,0,0;
2.24, 1.37402,0.148174,0.205806,0,0,0,0;
2.25, 0.467392,-0.263749,0.0382526,0,0,0,0;
2.26, 1.36481,-0.00467518,0.0516071,0,0,0,0;
2.27, 2.17273,-0.291703,-0.0376027,0,0,0,0;
2.28, 2.45572,-0.545485,-0.128041,0,0,0,0;
2.29, 1.21349,-0.22101,0.0993483,0,0,0,0;
2.3, 2.46692,-0.166457,0.334339,0,0,0,0;
2.31, 1.54312,-0.422827,0.281501,0,0,0,0;
2.32, 1.26231,-0.202433,0.338848,0,0,0,0;
2.33, 1.81815,-0.549948,0.236761,0,0,0,0;
2.34, 0.838544,-0.724636,-0.136931,0,0,0,0;
2.35, 1.6573,-0.566364,-0.212972,0,0,0,0;
2.36, 1.65766,-0.535259,-0.10943,0,0,0,0;
2.37, 1.31471,-0.690718,0.0594559,0,0,0,0;
2.38, 2.10403,-0.587471,0.300302,0,0,0,0;
2.39, 2.04781,-0.609265,0.33204,0,0,0,0;
2.4, 0.933181,-0.827138,0.212558,0,0,0,0;
2.41, 1.55989,-0.839907,0.0746045,0,0,0,0;
2.42, 1.61802,-0.896775,-0.000782728,0,0,0,0;
2.43, 0.947067,-1.00738,-0.052752,0,0,0,0;
2.44, 1.55696,-0.965343,0.0521421,0,0,0,0;
2.45, 2.31074,-1.0218,0.0929086,0,0,0,0;
2.46, 1.53499,-1.16232,0.0685594,0,0,0,0;
2.47, 1.20593,-1.11158,0.232096,0,0,0,0;
2.48, 2.05897,-1.14994,0.157687,0,0,0,0;
2.49, 0.81785,-1.26125,0.186909,0,0,0,0;
2.5, 0.798188,-1.40113,0.192979,0,0,0,0;
2.51, 0.998571,-1.40286,0.0170484,0,0,0,0;
2.52, 2.30803,-1.24889,-0.136546,0,0,0,0;
2.53, -0.127045,-1.56242,-0.177265,0,0,0,0;
2.54, 1.1633,-1.55864,0.40711,0,0,0,0;
2.55, 0.37219,-1.56755,0.331105,0,0,0,0;
2.56, 0.802047,-1.5703,0.111511,0,0,0,0;
2.57, 0.644012,-1.49486,0.0558865,0,0,0,0;
2.58, 1.00242,-1.66997,0.0363176,0,0,0,0;
2.59, 1.33197,-1.80399,-0.0168996,0,0,0,0;
2.6, 1.95029,-1.8966,0.0466912,0,0,0,0;
2.61, 0.51159,-1.78782,0.249921,0,0,0,0;
2.62, -1.58476,-1.92759,0.42458,0,0,0,0;
2.63, -0.124624,-1.93701,0.478819,0,0,0,0;
2.64, 1.44722,-1.81648,0.250907,0,0,0,0;
2.65, -0.297013,-1.91209,-0.0454032,0,0,0,0;
2.66, -1.01249,-2.09374,-0.0460629,0,0,0,0;
2.67, 0.19356,-1.92156,0.149217,0,0,0,0;
2.68, 0.347926,-1.84919,0.215544,0,0,0,0;
2.69, -0.902746,-1.8927,0.329997,0,0,0,0;
2.7, -0.171812,-1.93175,0.320056,0,0,0,0;
2.71, -0.490731,-1.83769,0.199978,0,0,0,0;
2.72, -1.09184,-1.99111,0.319742,0,0,0,0;
2.73, -0.917067,-1.82918,0.483343,0,0,0,0;
2.74, -1.03717,-1.78969,0.470881,0,0,0,0;
2.75, -0.906607,-1.84274,0.266047,0,0,0,0;
2.76, -1.14535,-1.74445,0.00623345,0,0,0,0;
2.77, -1.19282,-1.61527,0.339454,0,0,0,0;
2.78, -1.57644,-1.58849,0.331103,0,0,0,0;
2.79, -1.40254,-1.56088,0.522278,0,0,0,0;
2.8, -0.600539,-1.44111,0.61508,0,0,0,0;
2.81, -0.626069,-1.48165,0.339968,0,0,0,0;
2.82, -2.20664,-1.39678,0.351362,0,0,0,0;
2.83, -1.85207,-1.2156,0.605561,0,0,0,0;
2.84, -1.59489,-1.21879,0.584205,0,0,0,0;
2.85, -1.4704,-1.11366,0.533595,0,0,0,0;
2.86, -1.51262,-0.93709,0.395854,0,0,0,0;
2.87, -1.70846,-0.814949,0.38608,0,0,0,0;
2.88, -1.47856,-0.718897,0.432859,0,0,0,0;
2.89, -1.46052,-0.726041,0.450897,0,0,0,0;
2.9, -1.59963,-0.666224,0.579656,0,0,0,0;
2.91, -1.69428,-0.506813,0.72873,0,0,0,0;
2.92, -1.44764,-0.312987,0.707758,0,0,0,0;
2.93, -1.70291,-0.384998,0.647507,0,0,0,0;
2.94, -1.01218,-0.216238,0.516435,0,0,0,0;
2.95, -1.56861,0.0344833,0.492203,0,0,0,0;
2.96, -2.04624,-0.0262062,0.493395,0,0,0,0;
2.97, -0.995137,0.104065,0.506808,0,0,0,0;
2.98, -1.16612,0.163745,0.514323,0,0,0,0;
2.99, -0.867502,0.232208,0.615479,0,0,0,0;
3, -1.63729,0.242465,0.654357,0,0,0,0;
3.01, -1.29661,0.481787,0.726821,0,0,0,0;
3.02, -0.919619,0.56116,0.674961,0,0,0,0;
3.03, -1.39027,0.602108,0.545855,0,0,0,0;
3.04, -0.966249,0.648006,0.518972,0,0,0,0;
3.05, -0.240683,0.677667,0.518925,0,0,0,0;
3.06, -0.97465,0.789408,0.510983,0,0,0,0;
3.07, 0.071172,0.959596,0.565174,0,0,0,0;
3.08, -1.23714,0.942408,0.614836,0,0,0,0;
3.09, -0.766764,0.930538,0.637973,0,0,0,0;
3.1, -0.743536,0.887987,0.533442,0,0,0,0;
3.11, -0.0998088,0.980933,0.40637,0,0,0,0;
3.12, -1.31399,1.17764,0.499992,0,0,0,0;
3.13, 0.416292,1.14792,0.413979,0,0,0,0;
3.14, -0.721604,0.914653,0.645632,0,0,0,0;
3.15, -0.218293,1.4248,0.717349,0,0,0,0;
3.16, 0.525115,1.3524,0.578472,0,0,0,0;
3.17, -0.41882,0.828831,0.377439,0,0,0,0;
3.18, -0.230185,1.1411,0.339244,0,0,0,0;
3.19, -0.163857,1.51093,0.511864,0,0,0,0;
3.2, 0.236417,1.27018,0.526055,0,0,0,0;
3.21, 0.318931,1.13777,0.334761,0,0,0,0;
3.22, 0.283462,0.93552,0.518243,0,0,0,0;
3.23, 0.308003,1.13288,0.554196,0,0,0,0;
3.24, -0.263501,1.61534,0.231964,0,0,0,0;
3.25, 1.30406,1.14515,0.150799,0,0,0,0;
3.26, 0.000386752,0.880295,0.68749,0,0,0,0;
3.27, 0.179928,0.790082,0.557913,0,0,0,0;
3.28, 0.619957,1.5211,0.489715,0,0,0,0;
3.29, 0.25815,0.668876,0.0626566,0,0,0,0;
3.3, 0.990276,0.972358,0.0595455,0,0,0,0;
3.31, 0.903789,0.93355,0.0892103,0,0,0,0;
3.32, 0.401151,1.29104,0.571266,0,0,0,0;
3.33, 1.15549,0.999691,0.70908,0,0,0,0;
3.34, 0.281083,0.413911,0.540116,0,0,0,0;
3.35, 0.554453,0.292436,-0.0596576,0,0,0,0;
3.36, 0.379628,1.42578,0.12444,0,0,0,0;
3.37, 1.26479,1.06128,0.255986,0,0,0,0;
3.38, 1.47567,0.537152,0.247059,0,0,0,0;
3.39, 1.71788,0.224656,0.0373917,0,0,0,0;
3.4, 0.981922,1.19481,0.343215,0,0,0,0;
3.41, 0.570483,0.426339,0.402194,0,0,0,0;
3.42, 0.983325,0.348269,0.0166736,0,0,0,0;
3.43, 1.1717,0.448377,0.163669,0,0,0,0;
3.44, 2.31671,1.08947,0.275424,0,0,0,0;
3.45, -1.67327,0.215248,0.343346,0,0,0,0;
3.46, 1.03748,0.154106,0.226701,0,0,0,0;
3.47, 3.33476,0.202291,-0.088196,0,0,0,0;
3.48, 1.52243,0.0435936,0.0862679,0,0,0,0;
3.49, 0.724256,0.354784,0.0366631,0,0,0,0;
3.5, 0.154188,0.441759,0.204799,0,0,0,0;
3.51, 2.21296,0.0513676,0.125702,0,0,0,0;
3.52, 1.99442,0.135546,-0.00618386,0,0,0,0;
3.53, 1.77416,0.233728,-0.00410771,0,0,0,0;
3.54, 1.56014,0.326934,0.34852,0,0,0,0;
3.55, 0.0618605,-0.0560013,0.488355,0,0,0,0;
3.56, 1.94297,0.0392869,0.18523,0,0,0,0;
3.57, 0.839181,-0.193957,-0.229934,0,0,0,0;
3.58, 1.7038,-0.393038,-0.449964,0,0,0,0;
3.59, 1.43647,-0.096956,-0.162735,0,0,0,0;
3.6, 1.53371,-0.0119725,0.241551,0,0,0,0;
3.61, 1.72307,0.0208412,0.361433,0,0,0,0;
3.62, 1.2401,-0.362033,0.257806,0,0,0,0;
3.63, 0.792854,-0.421503,0.192706,0,0,0,0;
3.64, 2.01186,-0.351573,0.0602887,0,0,0,0;
3.65, 2.51437,-0.409928,-0.140625,0,0,0,0;
3.66, 1.68273,-0.478711,-0.157908,0,0,0,0;
3.67, 1.444,-0.464008,-0.0139527,0,0,0,0;
3.68, 1.2723,-0.539137,0.106271,0,0,0,0;
3.69, 1.00163,-0.633386,0.165628,0,0,0,0;
3.7, 1.60096,-0.587373,0.0982926,0,0,0,0;
3.71, 1.22109,-0.587631,0.0709186,0,0,0,0;
3.72, 2.09543,-0.723594,-0.0174294,0,0,0,0;
3.73, 2.19721,-0.739102,-0.117141,0,0,0,0;
3.74, 1.22894,-0.761326,-0.0672061,0,0,0,0;
3.75, 0.772331,-0.99257,0.158545,0,0,0,0;
3.76, 1.01819,-0.967194,0.227997,0,0,0,0;
3.77, 1.7566,-0.842423,0.0245872,0,0,0,0;
3.78, 0.988359,-0.90092,-0.0606065,0,0,0,0;
3.79, 1.4768,-1.04847,-0.162354,0,0,0,0;
3.8, 1.39899,-1.14462,-0.0979867,0,0,0,0;
3.81, 1.65603,-1.13624,0.115589,0,0,0,0;
3.82, 0.914714,-1.1587,0.108934,0,0,0,0;
3.83, 0.767613,-1.17415,0.261661,0,0,0,0;
3.84, 1.10592,-1.30267,-0.013001,0,0,0,0;
3.85, 2.54056,-1.37138,-0.0249283,0,0,0,0;
3.86, 0.410147,-1.44217,-0.122332,0,0,0,0;
3.87, 1.33994,-1.41997,0.0368364,0,0,0,0;
3.88, 0.461799,-1.39882,0.171542,0,0,0,0;
3.89, 1.05667,-1.53224,0.307952,0,0,0,0;
3.9, 0.404417,-1.55899,0.137125,0,0,0,0;
3.91, -0.257402,-1.66165,0.0242269,0,0,0,0;
3.92, 1.68722,-1.6263,0.0462165,0,0,0,0;
3.93, -0.210616,-1.68443,-0.162473,0,0,0,0;
3.94, 0.922128,-1.66622,-0.0669651,0,0,0,0;
3.95, 0.453564,-1.67067,-0.0763388,0,0,0,0;
3.96, 0.392701,-1.68737,0.193365,0,0,0,0;
3.97, -0.311801,-1.67914,0.356905,0,0,0,0;
3.98, -0.181703,-1.72402,0.380769,0,0,0,0;
3.99, 0.0263543,-1.80311,0.0734534,0,0,0,0;
4, 0.0982285,-1.77863,0.0606539,0,0,0,0;
4.01, -0.103635,-1.7872,-0.0985487,0,0,0,0;
4.02, 0.0945757,-1.84968,-0.0280204,0,0,0,0;
4.03, -0.832456,-1.85167,0.123434,0,0,0,0;
4.04, -0.880261,-1.86033,0.444451,0,0,0,0;
4.05, -0.34505,-1.57532,0.556113,0,0,0,0;
4.06, -0.560494,-1.49407,0.29863,0,0,0,0;
4.07, -1.22273,-1.78004,0.0947347,0,0,0,0;
4.08, -1.01115,-1.72741,-0.0789018,0,0,0,0;
4.09, -0.893703,-1.57168,-0.0318022,0,0,0,0;
4.1, -0.721788,-1.57726,0.278987,0,0,0,0;
4.11, -0.7907,-1.50893,0.554748,0,0,0,0;
4.12, -1.03759,-1.52894,0.355895,0,0,0,0;
4.13, -1.30519,-1.3255,0.422184,0,0,0,0;
4.14, -1.086,-1.23831,0.395637,0,0,0,0;
4.15, -1.27047,-1.29579,0.120863,0,0,0,0;
4.16, -2.04501,-1.20613,0.200987,0,0,0,0;
4.17, -1.36996,-1.13472,0.322333,0,0,0,0;
4.18, -0.915192,-1.01447,0.460326,0,0,0,0;
4.19, -1.57189,-0.940827,0.4175,0,0,0,0;
4.2, -1.06333,-0.850525,0.394858,0,0,0,0;
4.21, -1.24043,-0.787125,0.418987,0,0,0,0;
4.22, -1.40513,-0.671055,0.431211,0,0,0,0;
4.23, -1.71731,-0.630535,0.488256,0,0,0,0;
4.24, -1.46737,-0.594615,0.441207,0,0,0,0;
4.25, -1.39933,-0.452613,0.387511,0,0,0,0;
4.26, -1.58558,-0.304429,0.473666,0,0,0,0;
4.27, -1.35519,-0.275691,0.385873,0,0,0,0;
4.28, -1.02662,-0.175003,0.478885,0,0,0,0;
4.29, -0.592249,-0.0724639,0.472655,0,0,0,0;
4.3, -2.05079,-0.0253695,0.453461,0,0,0,0;
4.31, -0.770871,0.114526,0.427596,0,0,0,0;
4.32, -0.803149,0.11505,0.506033,0,0,0,0;
4.33, -1.88881,0.226083,0.642552,0,0,0,0;
4.34, -1.42073,0.345924,0.522442,0,0,0,0;
4.35, -1.15016,0.29925,0.34657,0,0,0,0;
4.36, -0.138604,0.41308,0.401503,0,0,0,0;
4.37, -0.402226,0.599732,0.520675,0,0,0,0;
4.38, -0.985301,0.682726,0.513335,0,0,0,0;
4.39, -1.34943,0.584765,0.478806,0,0,0,0;
4.4, -0.84203,0.639834,0.407606,0,0,0,0;
4.41, -1.42441,0.735839,0.463672,0,0,0,0;
4.42, 0.0678514,0.829756,0.484037,0,0,0,0;
4.43, 0.384839,0.870072,0.498602,0,0,0,0;
4.44, -0.525555,0.963009,0.534072,0,0,0,0;
4.45, -0.919144,0.889411,0.504034,0,0,0,0;
4.46, -0.762042,0.892786,0.404727,0,0,0,0;
4.47, -0.408384,1.03174,0.352584,0,0,0,0;
4.48, 0.0219673,1.07829,0.322763,0,0,0,0;
4.49, -0.123307,0.9779,0.431397,0,0,0,0;
4.5, -0.45066,1.19217,0.485631,0,0,0,0;
4.51, 0.508077,1.02213,0.548738,0,0,0,0;
4.52, 0.0862706,1.01737,0.302577,0,0,0,0;
4.53, 0.259031,1.19601,0.402602,0,0,0,0;
4.54, -0.731291,0.702093,0.678342,0,0,0,0;
4.55, -0.17447,0.974579,0.438512,0,0,0,0;
4.56, 0.423911,1.4143,-0.0540118,0,0,0,0;
4.57, 0.661767,1.18764,0.0593724,0,0,0,0;
4.58, 0.399084,1.3114,0.524073,0,0,0,0;
4.59, 0.259647,1.13353,0.511082,0,0,0,0;
4.6, 0.230266,0.964311,0.262277,0,0,0,0;
4.61, 0.873086,0.480924,0.525714,0,0,0,0;
4.62, -0.111406,0.961111,0.290935,0,0,0,0;
4.63, 0.0234793,1.10805,0.260469,0,0,0,0;
4.64, 0.726153,0.667707,0.496312,0,0,0,0;
4.65, 1.6067,0.993184,0.249285,0,0,0,0;
4.66, 0.62351,1.16439,0.141308,0,0,0,0;
4.67, 1.13388,1.00455,-0.00941658,0,0,0,0;
4.68, 0.34471,0.475769,0.0644276,0,0,0,0;
4.69, 0.173022,0.669956,0.415143,0,0,0,0;
4.7, 0.868989,0.959016,0.282427,0,0,0,0;
4.71, 0.491866,0.604491,0.166448,0,0,0,0;
4.72, 1.21731,0.496054,0.313033,0,0,0,0;
4.73, 1.14117,0.855241,0.287451,0,0,0,0;
4.74, 2.14403,1.09957,0.134057,0,0,0,0;
4.75, 0.765075,0.68357,0.198719,0,0,0,0;
4.76, -0.774217,-0.247546,0.220037,0,0,0,0;
4.77, 2.81579,0.0644288,-0.0574028,0,0,0,0;
4.78, 1.75065,1.20134,0.179298,0,0,0,0;
4.79, -0.749649,0.229188,0.227265,0,0,0,0;
4.8, 0.952957,-0.0815809,-0.0818517,0,0,0,0;
4.81, 2.06759,0.833397,-0.00417066,0,0,0,0;
4.82, 0.397353,0.548608,0.133177,0,0,0,0;
4.83, 1.69353,0.153352,0.265352,0,0,0,0;
4.84, 2.87423,-0.425092,0.309733,0,0,0,0;
4.85, 0.267312,0.301114,0.286724,0,0,0,0;
4.86, 1.10667,0.228791,0.0522747,0,0,0,0;
4.87, 2.86447,0.285571,-0.161472,0,0,0,0;
4.88, 0.279457,-0.0394562,-0.242614,0,0,0,0;
4.89, -0.605558,0.10261,-0.0357277,0,0,0,0;
4.9, 1.95919,0.0550752,0.171284,0,0,0,0;
4.91, 1.86121,-0.23461,0.0897615,0,0,0,0;
4.92, 2.27658,-0.144591,0.155017,0,0,0,0;
4.93, 0.978948,0.0102294,0.144991,0,0,0,0;
4.94, 1.74119,-0.085712,0.170835,0,0,0,0;
4.95, 1.90435,-0.271291,-0.0142066,0,0,0,0;
4.96, 1.67561,-0.386358,-0.125272,0,0,0,0;
4.97, 0.727853,-0.434953,-0.0212145,0,0,0,0;
4.98, 1.41724,-0.270389,0.0632176,0,0,0,0;
4.99, 1.60195,-0.298467,0.0148764,0,0,0,0;
5, 1.68263,-0.437552,-0.0142698,0,0,0,0;
5.01, 1.70001,-0.518703,0.0617673,0,0,0,0;
5.02, 1.62733,-0.512345,0.0884936,0,0,0,0;
5.03, 0.990781,-0.572544,0.0157988,0,0,0,0;
5.04, 1.61443,-0.659099,0.0119886,0,0,0,0;
5.05, 1.73475,-0.705369,-0.0207727,0,0,0,0;
5.06, 1.36391,-0.730394,-0.0941043,0,0,0,0;
5.07, 1.19382,-0.734,0.0472174,0,0,0,0;
5.08, 0.462493,-0.807518,-0.0292206,0,0,0,0;
5.09, 2.03976,-0.683662,0.0300443,0,0,0,0;
5.1, 1.47723,-0.922434,-0.0913074,0,0,0,0;
5.11, 1.74473,-0.955884,0.00528932,0,0,0,0;
5.12, 1.39083,-0.980407,0.123845,0,0,0,0;
5.13, 1.08411,-1.09564,0.0985055,0,0,0,0;
5.14, 2.07445,-1.18333,-0.016607,0,0,0,0;
5.15, 1.64031,-0.926114,0.0475407,0,0,0,0;
5.16, 0.137991,-1.26226,0.0985625,0,0,0,0;
5.17, 0.647544,-1.38828,-0.0395894,0,0,0,0;
5.18, 1.14646,-1.25444,-0.0315149,0,0,0,0;
5.19, 1.20172,-1.30839,-0.0454011,0,0,0,0;
5.2, 0.319608,-1.33257,-0.152836,0,0,0,0;
5.21, 0.686355,-1.39797,-0.0117469,0,0,0,0;
5.22, 2.20808,-1.31284,0.0839486,0,0,0,0;
5.23, 2.17149,-1.42447,0.131394,0,0,0,0;
5.24, -1.01576,-1.61657,0.139722,0,0,0,0;
5.25, -0.192818,-1.64572,0.260491,0,0,0,0;
5.26, 0.658421,-1.69836,0.038151,0,0,0,0;
5.27, 1.25952,-1.58487,-0.155076,0,0,0,0;
5.28, 1.46741,-1.61076,-0.057842,0,0,0,0;
5.29, -0.0399232,-1.77234,-0.0228322,0,0,0,0;
5.3, 0.0855237,-1.68568,0.194084,0,0,0,0;
5.31, -0.641445,-1.678,0.299684,0,0,0,0;
5.32, -0.0819513,-1.72289,0.157631,0,0,0,0;
5.33, 0.0844214,-1.8009,0.123765,0,0,0,0;
5.34, -0.466955,-1.7801,-0.00228095,0,0,0,0;
5.35, -0.100609,-1.69771,0.085604,0,0,0,0;
5.36, -0.0624092,-1.7144,0.103769,0,0,0,0;
5.37, -0.352805,-1.74198,-0.0759759,0,0,0,0;
5.38, -0.824267,-1.72598,0.252034,0,0,0,0;
5.39, -0.492816,-1.65615,0.288923,0,0,0,0;
5.4, -0.675207,-1.64335,0.372225,0,0,0,0;
5.41, -0.823943,-1.75349,0.190668,0,0,0,0;
5.42, -0.572421,-1.55356,0.233464,0,0,0,0;
5.43, -1.10369,-1.59392,0.213165,0,0,0,0;
5.44, -1.41297,-1.61839,0.0100243,0,0,0,0;
5.45, -0.797799,-1.34628,0.257166,0,0,0,0;
5.46, -0.884045,-1.46407,0.243771,0,0,0,0;
5.47, -1.02538,-1.29267,0.266758,0,0,0,0;
5.48, -1.34036,-1.32294,0.532847,0,0,0,0;
5.49, -1.29458,-1.31712,0.517819,0,0,0,0;
5.5, -1.42548,-1.1339,0.248954,0,0,0,0;
5.51, -1.25464,-1.04303,0.294459,0,0,0,0;
5.52, -1.61892,-1.00533,0.299631,0,0,0,0;
5.53, -0.935302,-0.984568,0.256219,0,0,0,0;
5.54, -1.65892,-0.819078,0.324027,0,0,0,0;
5.55, -1.31922,-0.729701,0.48851,0,0,0,0;
5.56, -1.38167,-0.666977,0.44878,0,0,0,0;
5.57, -1.42515,-0.600448,0.478678,0,0,0,0;
5.58, -1.45991,-0.553886,0.452163,0,0,0,0;
5.59, -0.792242,-0.502859,0.421884,0,0,0,0;
5.6, -1.4277,-0.340303,0.414683,0,0,0,0;
5.61, -1.86261,-0.271234,0.401403,0,0,0,0;
5.62, -2.09355,-0.1818,0.438269,0,0,0,0;
5.63, -0.0911775,-0.007182,0.474524,0,0,0,0;
5.64, -0.562152,0.101308,0.48476,0,0,0,0;
5.65, -2.25429,0.0387089,0.582617,0,0,0,0;
5.66, -1.12454,0.0554995,0.553809,0,0,0,0;
5.67, -0.514389,0.238732,0.340218,0,0,0,0;
5.68, -0.511496,0.394132,0.392241,0,0,0,0;
5.69, -1.36764,0.340672,0.475155,0,0,0,0;
5.7, -1.57812,0.449908,0.547254,0,0,0,0;
5.71, -0.898517,0.499145,0.55318,0,0,0,0;
5.72, -1.5854,0.517969,0.492961,0,0,0,0;
5.73, -0.333012,0.696636,0.453302,0,0,0,0;
5.74, -0.175971,0.83574,0.474681,0,0,0,0;
5.75, -0.195703,0.773349,0.464647,0,0,0,0;
5.76, -0.26409,0.708383,0.491024,0,0,0,0;
5.77, -1.15803,0.847858,0.468618,0,0,0,0;
5.78, -0.624447,0.970815,0.388011,0,0,0,0;
5.79, -0.392944,0.865513,0.407195,0,0,0,0;
5.8, -0.496683,1.07913,0.573937,0,0,0,0;
5.81, -0.266075,0.962047,0.541058,0,0,0,0;
5.82, -0.292421,0.900455,0.36548,0,0,0,0;
5.83, -0.227329,1.0678,0.409656,0,0,0,0;
5.84, 0.0593508,1.31081,0.454736,0,0,0,0;
5.85, -0.112749,0.877191,0.377025,0,0,0,0;
5.86, 0.0823782,0.990148,0.387435,0,0,0,0;
5.87, -0.0354985,1.44612,0.506337,0,0,0,0;
5.88, -0.464063,1.16219,0.57296,0,0,0,0;
5.89, 0.0479088,0.592605,0.296154,0,0,0,0;
5.9, 1.20099,1.33275,0.403586,0,0,0,0;
5.91, 0.769285,0.827086,0.449876,0,0,0,0;
5.92, 0.253654,1.40173,0.22668,0,0,0,0;
5.93, -0.354279,1.18551,0.0385759,0,0,0,0;
5.94, -0.53386,0.555767,0.422144,0,0,0,0;
5.95, 0.77475,1.66332,0.388378,0,0,0,0;
5.96, 1.14429,0.602781,0.610441,0,0,0,0;
5.97, 0.485586,1.12808,0.339672,0,0,0,0;
5.98, 0.645924,0.602479,0.191294,0,0,0,0;
5.99, 1.13712,1.07203,0.13411,0,0,0,0;
6, 0.458426,0.860638,0.374015,0,0,0,0;
6.01, -0.284655,0.792055,0.521836,0,0,0,0;
6.02, 0.54286,1.04519,0.236365,0,0,0,0;
6.03, 1.44833,0.755191,-0.0566187,0,0,0,0;
6.04, 1.68571,0.649336,-0.0142398,0,0,0,0;
6.05, 0.666138,0.680286,0.615481,0,0,0,0;
6.06, 1.07069,0.719696,0.399189,0,0,0,0;
6.07, 1.6173,1.18507,-0.116422,0,0,0,0;
6.08, -0.0389,0.61204,0.151527,0,0,0,0;
6.09, -0.650381,-0.365341,0.399502,0,0,0,0;
6.1, 2.30129,0.453583,0.258826,0,0,0,0;
6.11, 1.55908,0.21544,0.31585,0,0,0,0;
6.12, 2.76811,0.892414,-0.108634,0,0,0,0;
6.13, 0.35391,0.748719,-0.210459,0,0,0,0;
6.14, -2.45103,0.384737,0.0487635,0,0,0,0;
6.15, 3.40178,0.522549,0.425511,0,0,0,0;
6.16, 3.54734,0.202773,0.238348,0,0,0,0;
6.17, -0.0907631,-0.0995961,0.193182,0,0,0,0;
6.18, 2.14514,0.36604,0.209652,0,0,0,0;
6.19, -0.0350885,0.208352,0.211142,0,0,0,0;
6.2, 0.869971,-0.0658553,0.171453,0,0,0,0;
6.21, 0.155324,0.0473703,-0.298578,0,0,0,0;
6.22, 2.54482,0.256208,-0.25292,0,0,0,0;
6.23, 2.39423,0.19481,-0.0704105,0,0,0,0;
6.24, 0.848283,0.0439153,0.342014,0,0,0,0;
6.25, 2.23646,-0.0762217,0.445616,0,0,0,0;
6.26, 2.1201,-0.282978,0.241069,0,0,0,0;
6.27, 0.334877,-0.00958338,0.269665,0,0,0,0;
6.28, 1.06885,-0.251231,0.0466533,0,0,0,0;
6.29, 2.44976,-0.306001,-0.179287,0,0,0,0;
6.3, 1.48779,-0.334358,-0.316547,0,0,0,0;
6.31, 1.21498,-0.33541,-0.23976,0,0,0,0;
6.32, 1.68103,-0.326941,0.119598,0,0,0,0;
6.33, 1.46635,-0.327979,0.300167,0,0,0,0;
6.34, 1.4063,-0.344923,0.299098,0,0,0,0;
6.35, 1.744,-0.434784,0.120232,0,0,0,0;
6.36, 0.941358,-0.549263,-0.00140905,0,0,0,0;
6.37, 0.991596,-0.64724,-0.0914166,0,0,0,0;
6.38, 2.2755,-0.679719,-0.151391,0,0,0,0;
6.39, 2.26766,-0.616036,-0.142613,0,0,0,0;
6.4, 1.16873,-0.713997,0.0839608,0,0,0,0;
6.41, 1.02995,-0.674447,0.26439,0,0,0,0;
6.42, 2.12637,-0.823705,0.240674,0,0,0,0;
6.43, 0.885938,-0.885486,0.0695832,0,0,0,0;
6.44, 1.39378,-0.900291,-0.106354,0,0,0,0;
6.45, 1.00958,-0.988482,-0.150536,0,0,0,0;
6.46, 1.17454,-1.14298,-0.0413017,0,0,0,0;
6.47, 3.00017,-0.953484,0.0677233,0,0,0,0;
6.48, 0.280911,-1.08677,0.0306723,0,0,0,0;
6.49, 1.39808,-1.16646,0.210106,0,0,0,0;
6.5, 1.74878,-1.10765,0.0547523,0,0,0,0;
6.51, 1.03488,-1.26978,-0.0137198,0,0,0,0;
6.52, 0.0682861,-1.47465,0.00785327,0,0,0,0;
6.53, 2.51274,-1.36411,0.182964,0,0,0,0;
6.54, 1.8333,-1.27796,0.053751,0,0,0,0;
6.55, -0.999332,-1.59835,0.00344944,0,0,0,0;
6.56, 0.509368,-1.52334,0.0813348,0,0,0,0;
6.57, 2.15721,-1.54606,-0.0113225,0,0,0,0;
6.58, 0.787092,-1.55324,-0.0153813,0,0,0,0;
6.59, -1.04066,-1.68052,0.0544002,0,0,0,0;
6.6, 1.03362,-1.60943,0.193024,0,0,0,0;
6.61, 1.98341,-1.64905,0.111889,0,0,0,0;
6.62, -0.127891,-1.7563,0.070847,0,0,0,0;
6.63, 0.499138,-1.75181,0.183517,0,0,0,0;
6.64, -0.620839,-1.84327,0.0215027,0,0,0,0;
6.65, 0.119064,-1.83807,0.103051,0,0,0,0;
6.66, 0.423916,-1.82708,0.253333,0,0,0,0;
6.67, 0.43403,-1.98291,0.200001,0,0,0,0;
6.68, -0.1579,-1.82092,-0.00610518,0,0,0,0;
6.69, -0.086559,-1.78421,0.220881,0,0,0,0;
6.7, -0.751116,-1.91285,0.373729,0,0,0,0;
6.71, -1.31843,-1.91451,0.258147,0,0,0,0;
6.72, -0.850906,-1.84618,0.264423,0,0,0,0;
6.73, -0.536097,-1.78427,-0.0735013,0,0,0,0;
6.74, -0.298888,-1.74548,0.182289,0,0,0,0;
6.75, -1.00444,-1.75138,0.0950565,0,0,0,0;
6.76, -0.716876,-1.6952,0.452319,0,0,0,0;
6.77, -0.678275,-1.61648,0.466424,0,0,0,0;
6.78, -1.29551,-1.75521,0.225782,0,0,0,0;
6.79, -1.48088,-1.51239,0.539382,0,0,0,0;
6.8, -1.07763,-1.50106,0.412984,0,0,0,0;
6.81, -1.42825,-1.54418,0.284101,0,0,0,0;
6.82, -1.57732,-1.46444,0.314673,0,0,0,0;
6.83, -1.0751,-1.21621,0.454767,0,0,0,0;
6.84, -1.0656,-1.23845,0.370267,0,0,0,0;
6.85, -1.82011,-1.16972,0.360267,0,0,0,0;
6.86, -1.46948,-0.960199,0.38989,0,0,0,0;
6.87, -0.984268,-0.95606,0.451716,0,0,0,0;
6.88, -1.62007,-1.01012,0.533594,0,0,0,0;
6.89, -2.17946,-0.827567,0.527055,0,0,0,0;
6.9, -1.71146,-0.760558,0.581487,0,0,0,0;
6.91, -1.19257,-0.58128,0.572301,0,0,0,0;
6.92, -1.41104,-0.482199,0.534964,0,0,0,0;
6.93, -1.27473,-0.423699,0.516114,0,0,0,0;
6.94, -1.20653,-0.307531,0.511455,0,0,0,0;
6.95, -2.09414,-0.261159,0.496247,0,0,0,0;
6.96, -1.26292,-0.104774,0.515929,0,0,0,0;
6.97, -1.13152,-0.0786477,0.596684,0,0,0,0;
6.98, -1.49926,-0.00969662,0.695606,0,0,0,0;
6.99, -1.29124,0.127624,0.603756,0,0,0,0;
7, -1.01561,0.2533,0.559662,0,0,0,0;
7.01, -1.61528,0.322062,0.609762,0,0,0,0;
7.02, -0.295312,0.469842,0.613508,0,0,0,0;
7.03, -1.77681,0.497182,0.547112,0,0,0,0;
7.04, -0.790581,0.52168,0.550922,0,0,0,0;
7.05, -0.337852,0.611165,0.575485,0,0,0,0;
7.06, -1.56204,0.709957,0.604177,0,0,0,0;
7.07, -0.695536,0.704487,0.542724,0,0,0,0;
7.08, -0.668309,0.871123,0.645725,0,0,0,0;
7.09, -0.710876,0.828788,0.632797,0,0,0,0;
7.1, -0.997439,0.887373,0.591846,0,0,0,0;
7.11, -0.677719,1.06996,0.576246,0,0,0,0;
7.12, -0.143275,1.05376,0.554069,0,0,0,0;
7.13, -0.0984718,1.16719,0.602233,0,0,0,0;
7.14, -0.620846,1.09093,0.575452,0,0,0,0;
7.15, -0.312311,1.23074,0.598896,0,0,0,0;
7.16, 0.0891146,1.08962,0.446162,0,0,0,0;
7.17, -0.107446,1.12787,0.544718,0,0,0,0;
7.18, -0.183588,1.37334,0.555061,0,0,0,0;
7.19, -0.226499,1.21636,0.553935,0,0,0,0;
7.2, -0.457074,1.09564,0.473671,0,0,0,0;
7.21, 0.461555,1.02741,0.407117,0,0,0,0;
7.22, 0.248007,1.57568,0.594167,0,0,0,0;
7.23, -0.330353,0.971895,0.528987,0,0,0,0;
7.24, 0.210258,0.932677,0.294258,0,0,0,0;
7.25, 0.902856,1.61654,0.577499,0,0,0,0;
7.26, 0.512289,1.2253,0.569609,0,0,0,0;
7.27, -0.180861,1.16674,0.780851,0,0,0,0;
7.28, 0.28351,1.24624,0.239544,0,0,0,0;
7.29, 1.06104,0.583402,-0.065825,0,0,0,0;
7.3, 1.40233,1.31161,0.434149,0,0,0,0;
7.31, 0.447402,1.13797,0.560584,0,0,0,0;
7.32, -0.452877,1.03002,0.538638,0,0,0,0;
7.33, 1.31047,0.772587,0.132143,0,0,0,0;
7.34, 0.0988094,0.87421,0.347131,0,0,0,0;
7.35, 0.425176,0.991636,0.381771,0,0,0,0;
7.36, 1.7961,1.31774,0.366684,0,0,0,0;
7.37, 0.866276,0.876385,0.4407,0,0,0,0;
7.38, 0.598745,0.460662,0.290677,0,0,0,0;
7.39, 1.12967,0.723922,0.414526,0,0,0,0;
7.4, -0.285843,0.18073,0.568201,0,0,0,0;
7.41, 2.29239,1.07939,0.531301,0,0,0,0;
7.42, 2.15553,0.706187,-0.550288,0,0,0,0;
7.43, 0.737284,0.258872,-0.341284,0,0,0,0;
7.44, 2.6475,0.422723,0.346625,0,0,0,0;
7.45, -1.35107,0.789633,0.862974,0,0,0,0;
7.46, -0.00287473,0.8652,0.641491,0,0,0,0;
7.47, 1.83466,0.290482,0.0193818,0,0,0,0;
7.48, 2.32114,0.451364,0.0810323,0,0,0,0;
7.49, 0.727783,-0.0606675,-0.0228992,0,0,0,0;
7.5, 1.09906,-0.0656054,-0.0269392,0,0,0,0;
7.51, 2.98438,0.925341,0.461574,0,0,0,0;
7.52, 1.5936,0.0435109,0.288655,0,0,0,0;
7.53, 0.569784,0.129081,-0.097574,0,0,0,0;
7.54, 1.52427,0.114394,0.325963,0,0,0,0;
7.55, 0.90247,0.210257,0.212313,0,0,0,0;
7.56, 0.525247,0.149941,0.049083,0,0,0,0;
7.57, 2.27872,0.247155,0.116652,0,0,0,0;
7.58, 2.16107,-0.231761,0.0191078,0,0,0,0;
7.59, 0.850522,-0.409199,0.244859,0,0,0,0;
7.6, 1.72495,0.174773,0.278664,0,0,0,0;
7.61, 1.55597,-0.0379073,0.195293,0,0,0,0;
7.62, 2.39835,-0.150415,0.136255,0,0,0,0;
7.63, 1.69965,-0.263629,-0.0661876,0,0,0,0;
7.64, 1.08181,-0.374081,-0.0440254,0,0,0,0;
7.65, 1.17695,-0.313098,0.113301,0,0,0,0;
7.66, 1.50776,-0.453945,0.206375,0,0,0,0;
7.67, 1.05504,-0.405374,0.212335,0,0,0,0;
7.68, 2.03135,-0.358119,0.144815,0,0,0,0;
7.69, 2.80729,-0.391692,0.0111668,0,0,0,0;
7.7, 1.55819,-0.529793,-0.00563431,0,0,0,0;
7.71, 0.570982,-0.673432,0.0890753,0,0,0,0;
7.72, 1.90721,-0.622003,0.286805,0,0,0,0;
7.73, 1.17767,-0.674074,0.0841534,0,0,0,0;
7.74, 2.359,-0.72408,0.0383685,0,0,0,0;
7.75, 1.84891,-0.81478,0.0526221,0,0,0,0;
7.76, 1.55321,-0.840488,0.118515,0,0,0,0;
7.77, 0.495501,-0.877718,0.104828,0,0,0,0;
7.78, 2.17494,-0.86122,0.118246,0,0,0,0;
7.79, 1.66003,-0.988799,0.0217764,0,0,0,0;
7.8, 1.87167,-1.03489,0.0985217,0,0,0,0;
7.81, 0.274807,-1.21868,0.172732,0,0,0,0;
7.82, 1.18439,-1.13245,0.129784,0,0,0,0;
7.83, 2.08095,-1.16785,0.060719,0,0,0,0;
7.84, 2.67004,-1.29108,0.0591676,0,0,0,0;
7.85, 1.15781,-1.31878,0.0495565,0,0,0,0;
7.86, 0.117074,-1.38833,0.227977,0,0,0,0;
7.87, 1.40782,-1.56488,0.271271,0,0,0,0;
7.88, 0.540304,-1.54881,0.111193,0,0,0,0;
7.89, 1.88937,-1.48079,0.172581,0,0,0,0;
7.9, 1.3174,-1.62007,0.0815265,0,0,0,0;
7.91, -0.450297,-1.75547,-0.0259988,0,0,0,0;
7.92, 1.59785,-1.68663,0.123705,0,0,0,0;
7.93, 1.47683,-1.67869,0.0602155,0,0,0,0;
7.94, 0.420229,-1.85927,0.209205,0,0,0,0;
7.95, -0.555649,-1.86567,0.32848,0,0,0,0;
7.96, 0.592807,-1.90735,0.357419,0,0,0,0;
7.97, 0.781712,-1.94769,0.208549,0,0,0,0;
7.98, -0.457738,-2.08231,0.0437927,0,0,0,0;
7.99, -0.072031,-2.18017,0.0962768,0,0,0,0;
8, -0.339281,-1.89821,0.271488,0,0,0,0;
8.01, 0.649248,-1.95145,0.0184655,0,0,0,0;
8.02, 1.2314,-2.01087,0.243278,0,0,0,0;
8.03, -0.48875,-2.09026,0.381791,0,0,0,0;
8.04, -1.35243,-2.02867,0.618234,0,0,0,0;
8.05, -0.557289,-2.04528,0.630205,0,0,0,0;
8.06, -1.00601,-2.16736,0.376754,0,0,0,0;
8.07, -1.1741,-2.21005,0.0858424,0,0,0,0;
8.08, -1.5473,-2.06106,0.172125,0,0,0,0;
8.09, -0.445469,-1.9104,0.219007,0,0,0,0;
8.1, -0.548633,-1.84562,0.41758,0,0,0,0;
8.11, -1.3595,-1.81343,0.422896,0,0,0,0;
8.12, -1.64757,-1.81461,0.597036,0,0,0,0;
8.13, -1.45451,-1.7742,0.831823,0,0,0,0;
8.14, -0.950767,-1.71197,0.53326,0,0,0,0;
8.15, -1.46347,-1.64996,0.238868,0,0,0,0;
8.16, -2.12003,-1.54887,0.52624,0,0,0,0;
8.17, -1.47376,-1.41375,0.568851,0,0,0,0;
8.18, -1.80747,-1.36441,0.545838,0,0,0,0;
8.19, -1.41237,-1.23516,0.707129,0,0,0,0;
8.2, -1.84395,-1.1841,0.641336,0,0,0,0;
8.21, -1.48107,-1.03098,0.637561,0,0,0,0;
8.22, -2.07864,-0.951246,0.715967,0,0,0,0;
8.23, -2.155,-0.927968,0.704548,0,0,0,0;
8.24, -1.22482,-0.712629,0.677307,0,0,0,0;
8.25, -1.98837,-0.552727,0.666672,0,0,0,0;
8.26, -1.42401,-0.4588,0.721889,0,0,0,0;
8.27, -1.99792,-0.465527,0.72405,0,0,0,0;
8.28, -1.60657,-0.214239,0.742687,0,0,0,0;
8.29, -1.17471,-0.164956,0.784654,0,0,0,0;
8.3, -2.71031,-0.0600206,0.851686,0,0,0,0;
8.31, -1.20785,0.0175838,0.7561,0,0,0,0;
8.32, -0.738803,0.217158,0.755949,0,0,0,0;
8.33, -0.846156,0.245671,0.697347,0,0,0,0;
8.34, -2.29457,0.333917,0.820816,0,0,0,0;
8.35, -1.10209,0.500122,0.702349,0,0,0,0;
8.36, -0.930327,0.598103,0.756624,0,0,0,0;
8.37, -1.5634,0.705069,0.917423,0,0,0,0;
8.38, -1.22748,0.762905,0.894457,0,0,0,0;
8.39, -0.795211,0.791824,0.73588,0,0,0,0;
8.4, -1.35628,0.942555,0.679262,0,0,0,0;
8.41, -0.663457,0.944085,0.722433,0,0,0,0;
8.42, -0.578497,1.07347,0.7481,0,0,0,0;
8.43, -0.902035,1.13257,0.848674,0,0,0,0;
8.44, -0.338609,1.2761,0.78092,0,0,0,0;
8.45, -0.216793,1.24405,0.762208,0,0,0,0;
8.46, -0.941694,1.26797,0.747142,0,0,0,0;
8.47, -0.572833,1.23349,0.763552,0,0,0,0;
8.48, -0.492855,1.29566,0.643126,0,0,0,0;
8.49, 0.282844,1.44401,0.678324,0,0,0,0;
8.5, 0.229111,1.46958,0.755762,0,0,0,0;
8.51, -0.489102,1.19314,0.668092,0,0,0,0;
8.52, -0.591414,1.61785,0.727787,0,0,0,0;
8.53, 0.254947,1.47911,0.740494,0,0,0,0;
8.54, 0.446667,1.33755,0.591211,0,0,0,0;
8.55, 0.0531864,1.29504,0.347084,0,0,0,0;
8.56, 0.279552,1.55871,0.765296,0,0,0,0;
8.57, 0.282287,1.59678,0.770694,0,0,0,0;
8.58, 0.187576,1.15271,0.522375,0,0,0,0;
8.59, 0.263974,1.01691,0.40802,0,0,0,0;
8.6, -0.0402672,1.29215,0.664972,0,0,0,0;
8.61, -0.0456743,0.894013,0.56154,0,0,0,0;
8.62, 1.30818,1.26868,0.674063,0,0,0,0;
8.63, 2.25981,1.95316,0.669162,0,0,0,0;
8.64, 0.480424,1.65643,0.661573,0,0,0,0;
8.65, 0.0940789,0.655503,0.470447,0,0,0,0;
8.66, -0.0535931,1.11571,0.0645804,0,0,0,0;
8.67, 1.13636,1.01105,0.0712905,0,0,0,0;
8.68, 0.728428,0.331861,0.704514,0,0,0,0;
8.69, 0.273695,1.10705,0.514971,0,0,0,0;
8.7, 1.1268,1.306,0.444227,0,0,0,0;
8.71, 1.69933,0.615525,0.655331,0,0,0,0;
8.72, 1.65802,0.726932,0.647397,0,0,0,0;
8.73, 0.23714,0.648289,0.554842,0,0,0,0;
8.74, 2.31115,0.285706,0.0489106,0,0,0,0;
8.75, 1.21212,0.617932,-0.226253,0,0,0,0;
8.76, 0.702857,1.02776,-0.0314963,0,0,0,0;
8.77, -0.533659,0.971483,0.339612,0,0,0,0;
8.78, 2.49209,0.618723,0.501342,0,0,0,0;
8.79, 1.82123,0.0605177,0.291728,0,0,0,0;
8.8, 0.428126,0.291381,0.893093,0,0,0,0;
8.81, 0.912668,0.464515,0.736618,0,0,0,0;
8.82, 1.62297,0.716055,0.0528135,0,0,0,0;
8.83, 0.459812,0.416335,-0.0942204,0,0,0,0;
8.84, 0.903329,-0.235562,-0.134159,0,0,0,0;
8.85, 2.36271,0.120073,0.207273,0,0,0,0;
8.86, 2.4692,1.01043,0.284675,0,0,0,0;
8.87, 1.31092,0.211883,0.555897,0,0,0,0;
8.88, 1.76938,-0.0705708,0.43707,0,0,0,0;
8.89, 2.80608,-0.0702978,0.478691,0,0,0,0;
8.9, 1.12568,-0.356815,0.192309,0,0,0,0;
8.91, 0.737732,0.212098,0.128905,0,0,0,0;
8.92, 1.70467,-0.24405,0.0710125,0,0,0,0;
8.93, 1.40262,-0.0582737,-0.205952,0,0,0,0;
8.94, 1.31804,-0.135518,0.00447583,0,0,0,0;
8.95, 1.19212,-0.11446,0.277692,0,0,0,0;
8.96, 1.42658,-0.139031,0.39556,0,0,0,0;
8.97, 2.09286,-0.0993632,0.293585,0,0,0,0;
8.98, 2.17849,-0.211941,0.245519,0,0,0,0;
8.99, 1.35876,-0.395884,0.184226,0,0,0,0;
9, 1.39096,-0.465839,0.0539951,0,0,0,0;
9.01, 2.09262,-0.440352,0.0803146,0,0,0,0;
9.02, 2.08138,-0.545512,0.179287,0,0,0,0;
9.03, 1.60436,-0.546002,0.217131,0,0,0,0;
9.04, 1.73064,-0.531541,0.285246,0,0,0,0;
9.05, 1.13629,-0.559657,0.219082,0,0,0,0;
9.06, 2.48807,-0.666015,0.153158,0,0,0,0;
9.07, 1.58699,-0.798455,0.0932977,0,0,0,0;
9.08, 1.14127,-0.768732,0.135305,0,0,0,0;
9.09, 1.19595,-0.844871,0.150223,0,0,0,0;
9.1, 2.92231,-0.845322,0.245729,0,0,0,0;
9.11, 2.19379,-0.846518,0.113944,0,0,0,0;
9.12, 0.453481,-1.09445,0.0351186,0,0,0,0;
9.13, 1.23999,-0.941801,0.387286,0,0,0,0;
9.14, 2.07957,-1.097,0.37263,0,0,0,0;
9.15, 1.23595,-1.24748,-0.0684121,0,0,0,0;
9.16, 0.393207,-1.25793,0.0790808,0,0,0,0;
9.17, 1.95612,-1.33037,0.191001,0,0,0,0;
9.18, 1.94737,-1.43245,0.073103,0,0,0,0;
9.19, 1.28138,-1.3526,0.0678716,0,0,0,0;
9.2, 1.58328,-1.26688,0.241815,0,0,0,0;
9.21, 3.3287,-1.41751,0.50887,0,0,0,0;
9.22, 0.230663,-1.67393,0.265625,0,0,0,0;
9.23, 0.631563,-1.80913,0.402516,0,0,0,0;
9.24, 0.390628,-1.90825,0.267939,0,0,0,0;
9.25, 0.892785,-1.9044,0.178539,0,0,0,0;
9.26, 0.430341,-1.96648,0.061728,0,0,0,0;
9.27, 0.851517,-1.87571,0.0461674,0,0,0,0;
9.28, 2.09219,-1.82478,0.150701,0,0,0,0;
9.29, 0.67088,-1.93814,0.179993,0,0,0,0;
9.3, -0.399014,-2.12573,0.363762,0,0,0,0;
9.31, 0.0241168,-2.15655,0.612491,0,0,0,0;
9.32, -0.942764,-2.08957,0.53976,0,0,0,0;
9.33, 0.2794,-2.18513,0.255867,0,0,0,0;
9.34, 0.900896,-2.27079,0.14204,0,0,0,0;
9.35, -0.621912,-2.27458,-0.0235324,0,0,0,0;
9.36, -0.854385,-2.25572,0.346931,0,0,0,0;
9.37, 0.613313,-2.18866,0.579191,0,0,0,0;
9.38, -0.419618,-2.22467,0.3368,0,0,0,0;
9.39, -1.16917,-2.12542,0.588775,0,0,0,0;
9.4, -1.48698,-2.28627,0.913805,0,0,0,0;
9.41, -0.824108,-2.37396,0.466155,0,0,0,0;
9.42, -1.23415,-2.3299,0.258102,0,0,0,0;
9.43, -1.19519,-2.04193,0.523198,0,0,0,0;
9.44, -1.29995,-1.93539,0.463787,0,0,0,0;
9.45, -1.33325,-2.0573,0.339581,0,0,0,0;
9.46, -1.4019,-1.86287,0.768822,0,0,0,0;
9.47, -2.42097,-1.85463,0.716346,0,0,0,0;
9.48, -1.39179,-1.92234,0.66169,0,0,0,0;
9.49, -1.19421,-1.68818,0.538378,0,0,0,0;
9.5, -1.73515,-1.41711,0.893646,0,0,0,0;
9.51, -1.84961,-1.55792,0.89098,0,0,0,0;
9.52, -2.11646,-1.52036,0.754606,0,0,0,0;
9.53, -2.23951,-1.25255,0.811054,0,0,0,0;
9.54, -1.89822,-1.1223,0.739791,0,0,0,0;
9.55, -2.14006,-1.02716,0.701809,0,0,0,0;
9.56, -2.02073,-0.947974,0.821749,0,0,0,0;
9.57, -2.29577,-0.631977,0.883905,0,0,0,0;
9.58, -1.24024,-0.591092,0.875121,0,0,0,0;
9.59, -1.45034,-0.393819,0.877117,0,0,0,0;
9.6, -2.0864,-0.701845,0.888348,0,0,0,0;
9.61, -1.79349,-0.414574,0.894465,0,0,0,0;
9.62, -2.47857,-0.0112191,0.952259,0,0,0,0;
9.63, -2.29492,0.0523159,0.93006,0,0,0,0;
9.64, -0.36557,0.214616,0.877358,0,0,0,0;
9.65, -1.8843,0.172418,0.957232,0,0,0,0;
9.66, -2.12576,0.332718,0.959644,0,0,0,0;
9.67, -0.970143,0.414894,0.958533,0,0,0,0;
9.68, -0.949746,0.606067,0.874555,0,0,0,0;
9.69, -1.91613,0.679133,0.943095,0,0,0,0;
9.7, -0.976529,0.874492,0.841107,0,0,0,0;
9.71, -1.19023,0.999811,0.92231,0,0,0,0;
9.72, -1.77972,0.885102,0.940204,0,0,0,0;
9.73, -0.732433,0.930287,0.906468,0,0,0,0;
9.74, -0.369645,1.14437,0.917254,0,0,0,0;
9.75, -1.28667,1.30204,1.00477,0,0,0,0;
9.76, -0.809481,1.3256,0.925843,0,0,0,0;
9.77, -0.619873,1.30055,0.869357,0,0,0,0;
9.78, -0.15554,1.39313,0.75621,0,0,0,0;
9.79, -0.184379,1.41091,0.764559,0,0,0,0;
9.8, -0.139715,1.42638,0.739752,0,0,0,0;
9.81, -0.837529,1.49325,0.841506,0,0,0,0;
9.82, -0.642386,1.53931,0.762186,0,0,0,0;
9.83, 0.0622082,1.67366,0.777369,0,0,0,0;
9.84, -0.116702,1.58666,0.934257,0,0,0,0;
9.85, 0.0385917,1.27883,0.891638,0,0,0,0;
9.86, -0.255436,1.52629,0.748247,0,0,0,0;
9.87, 0.430312,1.59475,0.57746,0,0,0,0;
9.88, 0.0492199,1.3471,0.662617,0,0,0,0;
9.89, 0.281042,1.93085,0.625198,0,0,0,0;
9.9, 0.322016,1.51656,0.735722,0,0,0,0;
9.91, 0.559374,1.38672,0.951936,0,0,0,0;
9.92, 0.151127,1.08175,0.95017,0,0,0,0;
9.93, 0.861902,1.35669,0.329845,0,0,0,0;
9.94, 0.487264,1.67142,0.235438,0,0,0,0;
9.95, 0.643562,1.74497,0.569176,0,0,0,0;
9.96, 1.24251,1.05616,0.604984,0,0,0,0;
9.97, -0.376525,0.643531,0.823816,0,0,0,0;
9.98, 0.635364,1.15859,0.707891,0,0,0,0;
9.99, 1.59631,0.91277,0.393504,0,0,0,0;
